         0         6   3.12173   3.12173   3.12173
         0         7   3.12173   3.12173   3.12173
         0         8   3.61894   4.69120   4.45142   3.19001
         0         9   4.72422   4.33687   2.97503   3.94579
         0        10   4.70801   2.14589   4.91950
         0        11   3.19001   4.45142   4.69120   3.61894
         0        12   3.94579   2.97503   4.33687   4.72422
         0        13   4.91950   2.14589   4.70801
         1         6   4.19971   4.19971   3.27046
         1         7   3.27046   4.19971   4.19971
         1         8   1.64864   4.72384   4.54120
         1         9   4.12164   3.91098   2.31043
         1        10   4.42809   3.15737   2.82102
         1        11   4.54120   4.72384   1.64864
         1        12   2.31043   3.91098   4.12164
         1        13   2.82102   3.15737   4.42809
         2         6   4.76504   4.76504   1.82099
         2         7   3.12717   3.12717   4.81047   4.43004
         2         8   3.63684   1.89411   4.48912
         2         9   3.90629   1.60871   4.67611
         2        10   2.14951   4.56796   4.92109   3.35071
         2        11   4.68116   3.64555   3.55337   4.71863
         2        12   3.92897   3.03765
         2        13   4.19328   3.93283   4.58584   4.01721
         3         6   2.54895   4.04268   4.04268
         3         7   4.76504   4.76504   1.82099
         3         8   4.98869   3.90487   1.60529   4.70888
         3         9   2.14695   4.60151   4.88747   3.34907
         3        10   3.63988   1.89992   4.45596
         3        11   4.21155   3.95027   4.56780   3.99460
         3        12   4.67381   3.65686   3.54368   4.74503
         3        13   3.93947   3.02631
         4         6   4.43004   4.81047   3.12717   3.12717
         4         7   1.82099   4.76504   4.76504
         4         8   4.71863   3.55337   3.64555   4.68116
         4         9   3.03765   3.92897
         4        10   4.01721   4.58584   3.93283   4.19328
         4        11   4.48912   1.89411   3.63684
         4        12   4.67611   1.60871   3.90629
         4        13   3.35071   4.92109   4.56796   2.14951
         5         6   1.82099   4.76504   4.76504
         5         7   4.04268   4.04268   2.54895
         5         8   3.99460   4.56780   3.95027   4.21155
         5         9   4.74503   3.54368   3.65686   4.67381
         5        10   3.02631   3.93947
         5        11   4.70888   1.60529   3.90487   4.98869
         5        12   3.34907   4.88747   4.60151   2.14695
         5        13   4.45596   1.89992   3.63988
         6         0   3.12173   3.12173   3.12173
         6         1   3.27046   4.19971   4.19971
         6         2   1.82099   4.76504   4.76504
         6         3   4.04268   4.04268   2.54895
         6         4   3.12717   3.12717   4.81047   4.43004
         6         5   4.76504   4.76504   1.82099
         7         0   3.12173   3.12173   3.12173
         7         1   4.19971   4.19971   3.27046
         7         2   4.43004   4.81047   3.12717   3.12717
         7         3   1.82099   4.76504   4.76504
         7         4   4.76504   4.76504   1.82099
         7         5   2.54895   4.04268   4.04268
         8         0   3.19001   4.45142   4.69120   3.61894
         8         1   4.54120   4.72384   1.64864
         8         2   4.48912   1.89411   3.63684
         8         3   4.70888   1.60529   3.90487   4.98869
         8         4   4.68116   3.64555   3.55337   4.71863
         8         5   4.21155   3.95027   4.56780   3.99460
         9         0   3.94579   2.97503   4.33687   4.72422
         9         1   2.31043   3.91098   4.12164
         9         2   4.67611   1.60871   3.90629
         9         3   3.34907   4.88747   4.60151   2.14695
         9         4   3.92897   3.03765
         9         5   4.67381   3.65686   3.54368   4.74503
        10         0   4.91950   2.14589   4.70801
        10         1   2.82102   3.15737   4.42809
        10         2   3.35071   4.92109   4.56796   2.14951
        10         3   4.45596   1.89992   3.63988
        10         4   4.19328   3.93283   4.58584   4.01721
        10         5   3.93947   3.02631
        11         0   3.61894   4.69120   4.45142   3.19001
        11         1   1.64864   4.72384   4.54120
        11         2   4.71863   3.55337   3.64555   4.68116
        11         3   3.99460   4.56780   3.95027   4.21155
        11         4   3.63684   1.89411   4.48912
        11         5   4.98869   3.90487   1.60529   4.70888
        12         0   4.72422   4.33687   2.97503   3.94579
        12         1   4.12164   3.91098   2.31043
        12         2   3.03765   3.92897
        12         3   4.74503   3.54368   3.65686   4.67381
        12         4   3.90629   1.60871   4.67611
        12         5   2.14695   4.60151   4.88747   3.34907
        13         0   4.70801   2.14589   4.91950
        13         1   4.42809   3.15737   2.82102
        13         2   4.01721   4.58584   3.93283   4.19328
        13         3   3.02631   3.93947
        13         4   2.14951   4.56796   4.92109   3.35071
        13         5   3.63988   1.89992   4.45596
