 5.672  0  0  4.3695397793577564e-16  7.136  0  3.292462919507659e-16  0.0  5.377 
5
0 8  -1.9851999999999999  -0.2497600000000001  -0.9140899999999998 
0 9  3.1195999999999997  5.459040000000001  1.77441 
0 10  0.28360000000000074  3.31824  1.77441 
0 11  0.8508  1.8910399999999998  -0.9140899999999998 
0 12  -0.11343999999999976  -0.07136000000000009  2.1508 
0 13  1.24784  5.28064  -0.5377000000000001 
0 14  -1.5881599999999998  3.4966399999999997  -0.5377000000000001 
0 15  2.722559999999999  1.71264  2.1508 
1 8  -3.1195999999999997  -5.45904  1.77441 
1 9  1.9851999999999999  0.2497600000000002  4.46291 
1 10  -0.8507999999999991  -1.8910400000000003  4.46291 
1 11  -0.28359999999999985  -3.3182400000000003  1.77441 
1 12  -1.2478399999999996  -5.28064  4.8393 
1 13  0.11344000000000021  0.07135999999999942  2.1508 
1 14  -2.7225599999999996  -1.7126400000000004  2.1508 
1 15  1.5881599999999993  -3.49664  4.8393 
2 8  -0.2836000000000001  -3.8177600000000003  1.77441 
2 9  4.821199999999999  1.8910400000000003  4.46291 
2 10  1.9852000000000007  -0.2497600000000002  4.46291 
2 11  2.5524  -1.6769600000000002  1.77441 
2 12  1.5881600000000002  -3.6393600000000004  4.8393 
2 13  2.94944  1.7126399999999995  2.1508 
2 14  0.11343999999999999  -0.07136000000000031  2.1508 
2 15  4.424159999999999  -1.8553600000000001  4.8393 
3 8  -4.8212  -1.8910399999999998  -0.9140899999999998 
3 9  0.28359999999999985  3.8177600000000007  1.77441 
3 10  -2.552399999999999  1.6769600000000002  1.77441 
3 11  -1.9851999999999999  0.2497600000000002  -0.9140899999999998 
3 12  -2.9494399999999996  -1.71264  2.1508 
3 13  -1.5881599999999998  3.63936  -0.5377000000000001 
3 14  -4.42416  1.8553600000000001  -0.5377000000000001 
3 15  -0.11344000000000065  0.07136000000000031  2.1508 
4 8  -0.14179999999999982  -0.19980799999999999  1.77441 
4 9  4.963  5.508992000000001  4.46291 
4 10  2.1270000000000007  3.368192  4.46291 
4 11  2.6942000000000004  1.940992  1.77441 
4 12  1.7299600000000004  -0.021407999999999983  4.8393 
4 13  3.09124  5.330591999999999  2.1508 
4 14  0.25524000000000024  3.546592  2.1508 
4 15  4.56596  1.7625920000000002  4.8393 
5 8  -4.963  -5.508991999999999  -0.9140899999999998 
5 9  0.14179999999999993  0.19980800000000087  1.77441 
5 10  -2.694199999999999  -1.9409919999999996  1.77441 
5 11  -2.127  -3.3681919999999996  -0.9140899999999998 
5 12  -3.0912399999999995  -5.330591999999999  2.1508 
5 13  -1.7299599999999997  0.021408000000000094  -0.5377000000000001 
5 14  -4.56596  -1.7625919999999997  -0.5377000000000001 
5 15  -0.2552400000000006  -3.5465919999999995  2.1508 
6 8  -2.127  -3.767808  -0.9140899999999998 
6 9  2.9778  1.9409920000000005  1.77441 
6 10  0.14180000000000081  -0.19980799999999999  1.77441 
6 11  0.7090000000000001  -1.627008  -0.9140899999999998 
6 12  -0.2552399999999997  -3.589408  2.1508 
6 13  1.1060400000000001  1.7625919999999997  -0.5377000000000001 
6 14  -1.7299599999999997  -0.021408000000000094  -0.5377000000000001 
6 15  2.5807599999999993  -1.805408  2.1508 
7 8  -2.9777999999999993  -1.940992  1.77441 
7 9  2.1270000000000002  3.7678080000000005  4.46291 
7 10  -0.7089999999999987  1.627008  4.46291 
7 11  -0.14179999999999948  0.19980799999999999  1.77441 
7 12  -1.1060399999999992  -1.7625920000000002  4.8393 
7 13  0.2552400000000006  3.5894079999999997  2.1508 
7 14  -2.5807599999999993  1.805408  2.1508 
7 15  1.7299599999999997  0.021408000000000094  4.8393 
8 0  1.9851999999999999  0.2497600000000001  0.9140899999999998 
8 1  3.1195999999999997  5.45904  -1.77441 
8 2  0.2836000000000001  3.8177600000000003  -1.77441 
8 3  4.8212  1.8910399999999998  0.9140899999999998 
8 4  0.14179999999999982  0.19980799999999999  -1.77441 
8 5  4.963  5.508991999999999  0.9140899999999998 
8 6  2.127  3.767808  0.9140899999999998 
8 7  2.9777999999999993  1.940992  -1.77441 
9 0  -3.1195999999999997  -5.459040000000001  -1.77441 
9 1  -1.9851999999999999  -0.2497600000000002  -4.46291 
9 2  -4.821199999999999  -1.8910400000000003  -4.46291 
9 3  -0.28359999999999985  -3.8177600000000007  -1.77441 
9 4  -4.963  -5.508992000000001  -4.46291 
9 5  -0.14179999999999993  -0.19980800000000087  -1.77441 
9 6  -2.9778  -1.9409920000000005  -1.77441 
9 7  -2.1270000000000002  -3.7678080000000005  -4.46291 
10 0  -0.28360000000000074  -3.31824  -1.77441 
10 1  0.8507999999999991  1.8910400000000003  -4.46291 
10 2  -1.9852000000000007  0.2497600000000002  -4.46291 
10 3  2.552399999999999  -1.6769600000000002  -1.77441 
10 4  -2.1270000000000007  -3.368192  -4.46291 
10 5  2.694199999999999  1.9409919999999996  -1.77441 
10 6  -0.14180000000000081  0.19980799999999999  -1.77441 
10 7  0.7089999999999987  -1.627008  -4.46291 
11 0  -0.8508  -1.8910399999999998  0.9140899999999998 
11 1  0.28359999999999985  3.3182400000000003  -1.77441 
11 2  -2.5524  1.6769600000000002  -1.77441 
11 3  1.9851999999999999  -0.2497600000000002  0.9140899999999998 
11 4  -2.6942000000000004  -1.940992  -1.77441 
11 5  2.127  3.3681919999999996  0.9140899999999998 
11 6  -0.7090000000000001  1.627008  0.9140899999999998 
11 7  0.14179999999999948  -0.19980799999999999  -1.77441 
12 0  0.11343999999999976  0.07136000000000009  -2.1508 
12 1  1.2478399999999996  5.28064  -4.8393 
12 2  -1.5881600000000002  3.6393600000000004  -4.8393 
12 3  2.9494399999999996  1.71264  -2.1508 
12 4  -1.7299600000000004  0.021407999999999983  -4.8393 
12 5  3.0912399999999995  5.330591999999999  -2.1508 
12 6  0.2552399999999997  3.589408  -2.1508 
12 7  1.1060399999999992  1.7625920000000002  -4.8393 
13 0  -1.24784  -5.28064  0.5377000000000001 
13 1  -0.11344000000000021  -0.07135999999999942  -2.1508 
13 2  -2.94944  -1.7126399999999995  -2.1508 
13 3  1.5881599999999998  -3.63936  0.5377000000000001 
13 4  -3.09124  -5.330591999999999  -2.1508 
13 5  1.7299599999999997  -0.021408000000000094  0.5377000000000001 
13 6  -1.1060400000000001  -1.7625919999999997  0.5377000000000001 
13 7  -0.2552400000000006  -3.5894079999999997  -2.1508 
14 0  1.5881599999999998  -3.4966399999999997  0.5377000000000001 
14 1  2.7225599999999996  1.7126400000000004  -2.1508 
14 2  -0.11343999999999999  0.07136000000000031  -2.1508 
14 3  4.42416  -1.8553600000000001  0.5377000000000001 
14 4  -0.25524000000000024  -3.546592  -2.1508 
14 5  4.56596  1.7625919999999997  0.5377000000000001 
14 6  1.7299599999999997  0.021408000000000094  0.5377000000000001 
14 7  2.5807599999999993  -1.805408  -2.1508 
15 0  -2.722559999999999  -1.71264  -2.1508 
15 1  -1.5881599999999993  3.49664  -4.8393 
15 2  -4.424159999999999  1.8553600000000001  -4.8393 
15 3  0.11344000000000065  -0.07136000000000031  -2.1508 
15 4  -4.56596  -1.7625920000000002  -4.8393 
15 5  0.2552400000000006  3.5465919999999995  -2.1508 
15 6  -2.5807599999999993  1.805408  -2.1508 
15 7  -1.7299599999999997  -0.021408000000000094  -4.8393 