 8.35  0  0  5.1129003864402e-16  8.35  0  5.1129003864402e-16  0.0  8.35 
5
0 24  3.1312500000000005  7.3062499999999995  7.3062499999999995 
0 25  3.1312499999999996  1.04375  1.04375 
0 26  1.0437500000000006  7.3062499999999995  5.21875 
0 27  1.0437500000000002  1.04375  3.1312499999999996 
0 28  3.13125  3.1312499999999996  7.3062499999999995 
0 29  3.13125  1.04375  5.21875 
0 30  1.0437500000000004  3.1312499999999996  5.21875 
0 31  1.0437500000000004  1.04375  7.3062499999999995 
0 32  3.1312499999999996  3.1312499999999996  3.1312499999999996 
0 33  3.1312500000000005  5.21875  5.21875 
0 34  1.0437500000000002  3.1312499999999996  1.04375 
0 35  1.0437500000000006  5.21875  7.3062499999999995 
0 36  3.13125  7.3062499999999995  3.1312499999999996 
0 37  3.13125  5.21875  1.04375 
0 38  1.0437500000000004  7.3062499999999995  1.04375 
0 39  1.0437500000000004  5.21875  3.1312499999999996 
0 40  7.30625  7.3062499999999995  3.1312499999999996 
0 41  7.3062499999999995  1.04375  5.21875 
0 42  5.218750000000001  7.3062499999999995  1.04375 
0 43  5.218750000000001  1.04375  7.3062499999999995 
0 44  7.3062499999999995  3.1312499999999996  3.1312499999999996 
0 45  7.3062499999999995  1.04375  1.04375 
0 46  5.21875  3.1312499999999996  1.04375 
0 47  5.21875  1.04375  3.1312499999999996 
0 48  7.30625  3.1312499999999996  7.3062499999999995 
0 49  7.3062499999999995  5.21875  1.04375 
0 50  5.21875  3.1312499999999996  5.21875 
0 51  5.21875  5.21875  3.1312499999999996 
0 52  7.306250000000001  7.3062499999999995  7.3062499999999995 
0 53  7.3062499999999995  5.21875  5.21875 
0 54  5.218750000000001  7.3062499999999995  5.21875 
0 55  5.218750000000001  5.21875  7.3062499999999995 
1 24  1.0437499999999997  1.0437500000000002  1.0437500000000002 
1 25  1.0437499999999988  -5.218749999999999  -5.218749999999999 
1 26  -1.0437500000000002  1.0437500000000002  -1.0437499999999993 
1 27  -1.0437500000000006  -5.218749999999999  -3.1312499999999996 
1 28  1.0437499999999993  -3.1312499999999996  1.0437500000000002 
1 29  1.0437499999999993  -5.218749999999999  -1.0437499999999993 
1 30  -1.0437500000000004  -3.1312499999999996  -1.0437499999999993 
1 31  -1.0437500000000004  -5.218749999999999  1.0437500000000002 
1 32  1.0437499999999988  -3.1312499999999996  -3.1312499999999996 
1 33  1.0437499999999997  -1.0437499999999993  -1.0437499999999993 
1 34  -1.0437500000000006  -3.1312499999999996  -5.218749999999999 
1 35  -1.0437500000000002  -1.0437499999999993  1.0437500000000002 
1 36  1.0437499999999993  1.0437500000000002  -3.1312499999999996 
1 37  1.0437499999999993  -1.0437499999999993  -5.218749999999999 
1 38  -1.0437500000000004  1.0437500000000002  -5.218749999999999 
1 39  -1.0437500000000004  -1.0437499999999993  -3.1312499999999996 
1 40  5.21875  1.0437500000000002  -3.1312499999999996 
1 41  5.218749999999998  -5.218749999999999  -1.0437499999999993 
1 42  3.13125  1.0437500000000002  -5.218749999999999 
1 43  3.13125  -5.218749999999999  1.0437500000000002 
1 44  5.218749999999998  -3.1312499999999996  -3.1312499999999996 
1 45  5.218749999999998  -5.218749999999999  -5.218749999999999 
1 46  3.131249999999999  -3.1312499999999996  -5.218749999999999 
1 47  3.131249999999999  -5.218749999999999  -3.1312499999999996 
1 48  5.21875  -3.1312499999999996  1.0437500000000002 
1 49  5.218749999999998  -1.0437499999999993  -5.218749999999999 
1 50  3.131249999999999  -3.1312499999999996  -1.0437499999999993 
1 51  3.131249999999999  -1.0437499999999993  -3.1312499999999996 
1 52  5.21875  1.0437500000000002  1.0437500000000002 
1 53  5.218749999999998  -1.0437499999999993  -1.0437499999999993 
1 54  3.13125  1.0437500000000002  -1.0437499999999993 
1 55  3.13125  -1.0437499999999993  1.0437500000000002 
2 24  3.13125  3.1312499999999996  3.1312499999999996 
2 25  3.131249999999999  -3.1312499999999996  -3.1312499999999996 
2 26  1.0437500000000002  3.1312499999999996  1.0437500000000002 
2 27  1.0437499999999997  -3.1312499999999996  -1.0437500000000002 
2 28  3.1312499999999996  -1.0437500000000002  3.1312499999999996 
2 29  3.1312499999999996  -3.1312499999999996  1.0437500000000002 
2 30  1.04375  -1.0437500000000002  1.0437500000000002 
2 31  1.04375  -3.1312499999999996  3.1312499999999996 
2 32  3.131249999999999  -1.0437500000000002  -1.0437500000000002 
2 33  3.13125  1.0437500000000002  1.0437500000000002 
2 34  1.0437499999999997  -1.0437500000000002  -3.1312499999999996 
2 35  1.0437500000000002  1.0437500000000002  3.1312499999999996 
2 36  3.1312499999999996  3.1312499999999996  -1.0437500000000002 
2 37  3.1312499999999996  1.0437500000000002  -3.1312499999999996 
2 38  1.04375  3.1312499999999996  -3.1312499999999996 
2 39  1.04375  1.0437500000000002  -1.0437500000000002 
2 40  7.3062499999999995  3.1312499999999996  -1.0437500000000002 
2 41  7.306249999999999  -3.1312499999999996  1.0437500000000002 
2 42  5.21875  3.1312499999999996  -3.1312499999999996 
2 43  5.21875  -3.1312499999999996  3.1312499999999996 
2 44  7.306249999999999  -1.0437500000000002  -1.0437500000000002 
2 45  7.306249999999999  -3.1312499999999996  -3.1312499999999996 
2 46  5.218749999999999  -1.0437500000000002  -3.1312499999999996 
2 47  5.218749999999999  -3.1312499999999996  -1.0437500000000002 
2 48  7.3062499999999995  -1.0437500000000002  3.1312499999999996 
2 49  7.306249999999999  1.0437500000000002  -3.1312499999999996 
2 50  5.218749999999999  -1.0437500000000002  1.0437500000000002 
2 51  5.218749999999999  1.0437500000000002  -1.0437500000000002 
2 52  7.30625  3.1312499999999996  3.1312499999999996 
2 53  7.306249999999999  1.0437500000000002  1.0437500000000002 
2 54  5.21875  3.1312499999999996  1.0437500000000002 
2 55  5.21875  1.0437500000000002  3.1312499999999996 
3 24  1.0437500000000006  5.21875  5.21875 
3 25  1.0437499999999997  -1.04375  -1.04375 
3 26  -1.0437499999999993  5.21875  3.13125 
3 27  -1.0437499999999997  -1.04375  1.0437499999999997 
3 28  1.0437500000000002  1.0437499999999997  5.21875 
3 29  1.0437500000000002  -1.04375  3.13125 
3 30  -1.0437499999999995  1.0437499999999997  3.13125 
3 31  -1.0437499999999995  -1.04375  5.21875 
3 32  1.0437499999999997  1.0437499999999997  1.0437499999999997 
3 33  1.0437500000000006  3.13125  3.13125 
3 34  -1.0437499999999997  1.0437499999999997  -1.04375 
3 35  -1.0437499999999993  3.13125  5.21875 
3 36  1.0437500000000002  5.21875  1.0437499999999997 
3 37  1.0437500000000002  3.13125  -1.04375 
3 38  -1.0437499999999995  5.21875  -1.04375 
3 39  -1.0437499999999995  3.13125  1.0437499999999997 
3 40  5.21875  5.21875  1.0437499999999997 
3 41  5.21875  -1.04375  3.13125 
3 42  3.131250000000001  5.21875  -1.04375 
3 43  3.131250000000001  -1.04375  5.21875 
3 44  5.21875  1.0437499999999997  1.0437499999999997 
3 45  5.21875  -1.04375  -1.04375 
3 46  3.13125  1.0437499999999997  -1.04375 
3 47  3.13125  -1.04375  1.0437499999999997 
3 48  5.21875  1.0437499999999997  5.21875 
3 49  5.21875  3.13125  -1.04375 
3 50  3.13125  1.0437499999999997  3.13125 
3 51  3.13125  3.13125  1.0437499999999997 
3 52  5.218750000000002  5.21875  5.21875 
3 53  5.21875  3.13125  3.13125 
3 54  3.131250000000001  5.21875  3.13125 
3 55  3.131250000000001  3.13125  5.21875 
4 24  -1.0437499999999993  7.3062499999999995  3.1312499999999996 
4 25  -1.0437500000000002  1.04375  -3.1312499999999996 
4 26  -3.131249999999999  7.3062499999999995  1.0437500000000002 
4 27  -3.1312499999999996  1.04375  -1.0437500000000002 
4 28  -1.0437499999999997  3.1312499999999996  3.1312499999999996 
4 29  -1.0437499999999997  1.04375  1.0437500000000002 
4 30  -3.1312499999999996  3.1312499999999996  1.0437500000000002 
4 31  -3.1312499999999996  1.04375  3.1312499999999996 
4 32  -1.0437500000000002  3.1312499999999996  -1.0437500000000002 
4 33  -1.0437499999999993  5.21875  1.0437500000000002 
4 34  -3.1312499999999996  3.1312499999999996  -3.1312499999999996 
4 35  -3.131249999999999  5.21875  3.1312499999999996 
4 36  -1.0437499999999997  7.3062499999999995  -1.0437500000000002 
4 37  -1.0437499999999997  5.21875  -3.1312499999999996 
4 38  -3.1312499999999996  7.3062499999999995  -3.1312499999999996 
4 39  -3.1312499999999996  5.21875  -1.0437500000000002 
4 40  3.1312500000000005  7.3062499999999995  -1.0437500000000002 
4 41  3.1312499999999996  1.04375  1.0437500000000002 
4 42  1.043750000000001  7.3062499999999995  -3.1312499999999996 
4 43  1.043750000000001  1.04375  3.1312499999999996 
4 44  3.1312499999999996  3.1312499999999996  -1.0437500000000002 
4 45  3.1312499999999996  1.04375  -3.1312499999999996 
4 46  1.0437500000000002  3.1312499999999996  -3.1312499999999996 
4 47  1.0437500000000002  1.04375  -1.0437500000000002 
4 48  3.1312500000000005  3.1312499999999996  3.1312499999999996 
4 49  3.1312499999999996  5.21875  -3.1312499999999996 
4 50  1.0437500000000002  3.1312499999999996  1.0437500000000002 
4 51  1.0437500000000002  5.21875  -1.0437500000000002 
4 52  3.1312500000000014  7.3062499999999995  3.1312499999999996 
4 53  3.1312499999999996  5.21875  1.0437500000000002 
4 54  1.043750000000001  7.3062499999999995  1.0437500000000002 
4 55  1.043750000000001  5.21875  3.1312499999999996 
5 24  -3.1312499999999988  1.0437500000000002  5.21875 
5 25  -3.1312499999999996  -5.218749999999999  -1.04375 
5 26  -5.218749999999998  1.0437500000000002  3.13125 
5 27  -5.218749999999999  -5.218749999999999  1.0437499999999997 
5 28  -3.131249999999999  -3.1312499999999996  5.21875 
5 29  -3.131249999999999  -5.218749999999999  3.13125 
5 30  -5.218749999999999  -3.1312499999999996  3.13125 
5 31  -5.218749999999999  -5.218749999999999  5.21875 
5 32  -3.1312499999999996  -3.1312499999999996  1.0437499999999997 
5 33  -3.1312499999999988  -1.0437499999999993  3.13125 
5 34  -5.218749999999999  -3.1312499999999996  -1.04375 
5 35  -5.218749999999998  -1.0437499999999993  5.21875 
5 36  -3.131249999999999  1.0437500000000002  1.0437499999999997 
5 37  -3.131249999999999  -1.0437499999999993  -1.04375 
5 38  -5.218749999999999  1.0437500000000002  -1.04375 
5 39  -5.218749999999999  -1.0437499999999993  1.0437499999999997 
5 40  1.043750000000001  1.0437500000000002  1.0437499999999997 
5 41  1.0437500000000002  -5.218749999999999  3.13125 
5 42  -1.0437499999999984  1.0437500000000002  -1.04375 
5 43  -1.0437499999999984  -5.218749999999999  5.21875 
5 44  1.0437500000000002  -3.1312499999999996  1.0437499999999997 
5 45  1.0437500000000002  -5.218749999999999  -1.04375 
5 46  -1.0437499999999993  -3.1312499999999996  -1.04375 
5 47  -1.0437499999999993  -5.218749999999999  1.0437499999999997 
5 48  1.043750000000001  -3.1312499999999996  5.21875 
5 49  1.0437500000000002  -1.0437499999999993  -1.04375 
5 50  -1.0437499999999993  -3.1312499999999996  3.13125 
5 51  -1.0437499999999993  -1.0437499999999993  1.0437499999999997 
5 52  1.043750000000002  1.0437500000000002  5.21875 
5 53  1.0437500000000002  -1.0437499999999993  3.13125 
5 54  -1.0437499999999984  1.0437500000000002  3.13125 
5 55  -1.0437499999999984  -1.0437499999999993  5.21875 
6 24  -1.0437499999999993  3.1312499999999996  7.3062499999999995 
6 25  -1.0437500000000002  -3.1312499999999996  1.04375 
6 26  -3.131249999999999  3.1312499999999996  5.21875 
6 27  -3.1312499999999996  -3.1312499999999996  3.1312499999999996 
6 28  -1.0437499999999997  -1.0437500000000002  7.3062499999999995 
6 29  -1.0437499999999997  -3.1312499999999996  5.21875 
6 30  -3.1312499999999996  -1.0437500000000002  5.21875 
6 31  -3.1312499999999996  -3.1312499999999996  7.3062499999999995 
6 32  -1.0437500000000002  -1.0437500000000002  3.1312499999999996 
6 33  -1.0437499999999993  1.0437500000000002  5.21875 
6 34  -3.1312499999999996  -1.0437500000000002  1.04375 
6 35  -3.131249999999999  1.0437500000000002  7.3062499999999995 
6 36  -1.0437499999999997  3.1312499999999996  3.1312499999999996 
6 37  -1.0437499999999997  1.0437500000000002  1.04375 
6 38  -3.1312499999999996  3.1312499999999996  1.04375 
6 39  -3.1312499999999996  1.0437500000000002  3.1312499999999996 
6 40  3.1312500000000005  3.1312499999999996  3.1312499999999996 
6 41  3.1312499999999996  -3.1312499999999996  5.21875 
6 42  1.043750000000001  3.1312499999999996  1.04375 
6 43  1.043750000000001  -3.1312499999999996  7.3062499999999995 
6 44  3.1312499999999996  -1.0437500000000002  3.1312499999999996 
6 45  3.1312499999999996  -3.1312499999999996  1.04375 
6 46  1.0437500000000002  -1.0437500000000002  1.04375 
6 47  1.0437500000000002  -3.1312499999999996  3.1312499999999996 
6 48  3.1312500000000005  -1.0437500000000002  7.3062499999999995 
6 49  3.1312499999999996  1.0437500000000002  1.04375 
6 50  1.0437500000000002  -1.0437500000000002  5.21875 
6 51  1.0437500000000002  1.0437500000000002  3.1312499999999996 
6 52  3.1312500000000014  3.1312499999999996  7.3062499999999995 
6 53  3.1312499999999996  1.0437500000000002  5.21875 
6 54  1.043750000000001  3.1312499999999996  5.21875 
6 55  1.043750000000001  1.0437500000000002  7.3062499999999995 
7 24  -3.1312499999999988  5.21875  1.0437500000000002 
7 25  -3.1312499999999996  -1.04375  -5.218749999999999 
7 26  -5.218749999999998  5.21875  -1.0437499999999993 
7 27  -5.218749999999999  -1.04375  -3.1312499999999996 
7 28  -3.131249999999999  1.0437499999999997  1.0437500000000002 
7 29  -3.131249999999999  -1.04375  -1.0437499999999993 
7 30  -5.218749999999999  1.0437499999999997  -1.0437499999999993 
7 31  -5.218749999999999  -1.04375  1.0437500000000002 
7 32  -3.1312499999999996  1.0437499999999997  -3.1312499999999996 
7 33  -3.1312499999999988  3.13125  -1.0437499999999993 
7 34  -5.218749999999999  1.0437499999999997  -5.218749999999999 
7 35  -5.218749999999998  3.13125  1.0437500000000002 
7 36  -3.131249999999999  5.21875  -3.1312499999999996 
7 37  -3.131249999999999  3.13125  -5.218749999999999 
7 38  -5.218749999999999  5.21875  -5.218749999999999 
7 39  -5.218749999999999  3.13125  -3.1312499999999996 
7 40  1.043750000000001  5.21875  -3.1312499999999996 
7 41  1.0437500000000002  -1.04375  -1.0437499999999993 
7 42  -1.0437499999999984  5.21875  -5.218749999999999 
7 43  -1.0437499999999984  -1.04375  1.0437500000000002 
7 44  1.0437500000000002  1.0437499999999997  -3.1312499999999996 
7 45  1.0437500000000002  -1.04375  -5.218749999999999 
7 46  -1.0437499999999993  1.0437499999999997  -5.218749999999999 
7 47  -1.0437499999999993  -1.04375  -3.1312499999999996 
7 48  1.043750000000001  1.0437499999999997  1.0437500000000002 
7 49  1.0437500000000002  3.13125  -5.218749999999999 
7 50  -1.0437499999999993  1.0437499999999997  -1.0437499999999993 
7 51  -1.0437499999999993  3.13125  -3.1312499999999996 
7 52  1.043750000000002  5.21875  1.0437500000000002 
7 53  1.0437500000000002  3.13125  -1.0437499999999993 
7 54  -1.0437499999999984  5.21875  -1.0437499999999993 
7 55  -1.0437499999999984  3.13125  1.0437500000000002 
8 24  2.0875000000000004  6.262499999999999  2.0874999999999995 
8 25  2.0874999999999995  0.0  -4.175 
8 26  4.440892098500626e-16  6.262499999999999  0.0 
8 27  0.0  0.0  -2.0875000000000004 
8 28  2.0875  2.0874999999999995  2.0874999999999995 
8 29  2.0875  0.0  0.0 
8 30  2.220446049250313e-16  2.0874999999999995  0.0 
8 31  2.220446049250313e-16  0.0  2.0874999999999995 
8 32  2.0874999999999995  2.0874999999999995  -2.0875000000000004 
8 33  2.0875000000000004  4.175  0.0 
8 34  0.0  2.0874999999999995  -4.175 
8 35  4.440892098500626e-16  4.175  2.0874999999999995 
8 36  2.0875  6.262499999999999  -2.0875000000000004 
8 37  2.0875  4.175  -4.175 
8 38  2.220446049250313e-16  6.262499999999999  -4.175 
8 39  2.220446049250313e-16  4.175  -2.0875000000000004 
8 40  6.2625  6.262499999999999  -2.0875000000000004 
8 41  6.262499999999999  0.0  0.0 
8 42  4.175000000000001  6.262499999999999  -4.175 
8 43  4.175000000000001  0.0  2.0874999999999995 
8 44  6.262499999999999  2.0874999999999995  -2.0875000000000004 
8 45  6.262499999999999  0.0  -4.175 
8 46  4.175  2.0874999999999995  -4.175 
8 47  4.175  0.0  -2.0875000000000004 
8 48  6.2625  2.0874999999999995  2.0874999999999995 
8 49  6.262499999999999  4.175  -4.175 
8 50  4.175  2.0874999999999995  0.0 
8 51  4.175  4.175  -2.0875000000000004 
8 52  6.262500000000001  6.262499999999999  2.0874999999999995 
8 53  6.262499999999999  4.175  0.0 
8 54  4.175000000000001  6.262499999999999  0.0 
8 55  4.175000000000001  4.175  2.0874999999999995 
9 24  2.0875  0.0  4.175 
9 25  2.087499999999999  -6.262499999999999  -2.0874999999999995 
9 26  0.0  0.0  2.0875000000000004 
9 27  -4.440892098500626e-16  -6.262499999999999  0.0 
9 28  2.0874999999999995  -4.175  4.175 
9 29  2.0874999999999995  -6.262499999999999  2.0875000000000004 
9 30  -2.220446049250313e-16  -4.175  2.0875000000000004 
9 31  -2.220446049250313e-16  -6.262499999999999  4.175 
9 32  2.087499999999999  -4.175  0.0 
9 33  2.0875  -2.0874999999999995  2.0875000000000004 
9 34  -4.440892098500626e-16  -4.175  -2.0874999999999995 
9 35  0.0  -2.0874999999999995  4.175 
9 36  2.0874999999999995  0.0  0.0 
9 37  2.0874999999999995  -2.0874999999999995  -2.0874999999999995 
9 38  -2.220446049250313e-16  0.0  -2.0874999999999995 
9 39  -2.220446049250313e-16  -2.0874999999999995  0.0 
9 40  6.262499999999999  0.0  0.0 
9 41  6.262499999999999  -6.262499999999999  2.0875000000000004 
9 42  4.175000000000001  0.0  -2.0874999999999995 
9 43  4.175000000000001  -6.262499999999999  4.175 
9 44  6.262499999999999  -4.175  0.0 
9 45  6.262499999999999  -6.262499999999999  -2.0874999999999995 
9 46  4.174999999999999  -4.175  -2.0874999999999995 
9 47  4.174999999999999  -6.262499999999999  0.0 
9 48  6.262499999999999  -4.175  4.175 
9 49  6.262499999999999  -2.0874999999999995  -2.0874999999999995 
9 50  4.174999999999999  -4.175  2.0875000000000004 
9 51  4.174999999999999  -2.0874999999999995  0.0 
9 52  6.262500000000001  0.0  4.175 
9 53  6.262499999999999  -2.0874999999999995  2.0875000000000004 
9 54  4.175000000000001  0.0  2.0875000000000004 
9 55  4.175000000000001  -2.0874999999999995  4.175 
10 24  4.440892098500626e-16  6.262499999999999  0.0 
10 25  -4.440892098500626e-16  0.0  -6.262499999999999 
10 26  -2.0874999999999995  6.262499999999999  -2.0874999999999995 
10 27  -2.0875  0.0  -4.175 
10 28  0.0  2.0874999999999995  0.0 
10 29  0.0  0.0  -2.0874999999999995 
10 30  -2.0874999999999995  2.0874999999999995  -2.0874999999999995 
10 31  -2.0874999999999995  0.0  0.0 
10 32  -4.440892098500626e-16  2.0874999999999995  -4.175 
10 33  4.440892098500626e-16  4.175  -2.0874999999999995 
10 34  -2.0875  2.0874999999999995  -6.262499999999999 
10 35  -2.0874999999999995  4.175  0.0 
10 36  0.0  6.262499999999999  -4.175 
10 37  0.0  4.175  -6.262499999999999 
10 38  -2.0874999999999995  6.262499999999999  -6.262499999999999 
10 39  -2.0874999999999995  4.175  -4.175 
10 40  4.175000000000001  6.262499999999999  -4.175 
10 41  4.174999999999999  0.0  -2.0874999999999995 
10 42  2.087500000000001  6.262499999999999  -6.262499999999999 
10 43  2.087500000000001  0.0  0.0 
10 44  4.174999999999999  2.0874999999999995  -4.175 
10 45  4.174999999999999  0.0  -6.262499999999999 
10 46  2.0875  2.0874999999999995  -6.262499999999999 
10 47  2.0875  0.0  -4.175 
10 48  4.175000000000001  2.0874999999999995  0.0 
10 49  4.174999999999999  4.175  -6.262499999999999 
10 50  2.0875  2.0874999999999995  -2.0874999999999995 
10 51  2.0875  4.175  -4.175 
10 52  4.175000000000001  6.262499999999999  0.0 
10 53  4.174999999999999  4.175  -2.0874999999999995 
10 54  2.087500000000001  6.262499999999999  -2.0874999999999995 
10 55  2.087500000000001  4.175  0.0 
11 24  4.440892098500626e-16  0.0  6.262499999999999 
11 25  -4.440892098500626e-16  -6.262499999999999  0.0 
11 26  -2.0874999999999995  0.0  4.175 
11 27  -2.0875  -6.262499999999999  2.0874999999999995 
11 28  0.0  -4.175  6.262499999999999 
11 29  0.0  -6.262499999999999  4.175 
11 30  -2.0874999999999995  -4.175  4.175 
11 31  -2.0874999999999995  -6.262499999999999  6.262499999999999 
11 32  -4.440892098500626e-16  -4.175  2.0874999999999995 
11 33  4.440892098500626e-16  -2.0874999999999995  4.175 
11 34  -2.0875  -4.175  0.0 
11 35  -2.0874999999999995  -2.0874999999999995  6.262499999999999 
11 36  0.0  0.0  2.0874999999999995 
11 37  0.0  -2.0874999999999995  0.0 
11 38  -2.0874999999999995  0.0  0.0 
11 39  -2.0874999999999995  -2.0874999999999995  2.0874999999999995 
11 40  4.175000000000001  0.0  2.0874999999999995 
11 41  4.174999999999999  -6.262499999999999  4.175 
11 42  2.087500000000001  0.0  0.0 
11 43  2.087500000000001  -6.262499999999999  6.262499999999999 
11 44  4.174999999999999  -4.175  2.0874999999999995 
11 45  4.174999999999999  -6.262499999999999  0.0 
11 46  2.0875  -4.175  0.0 
11 47  2.0875  -6.262499999999999  2.0874999999999995 
11 48  4.175000000000001  -4.175  6.262499999999999 
11 49  4.174999999999999  -2.0874999999999995  0.0 
11 50  2.0875  -4.175  4.175 
11 51  2.0875  -2.0874999999999995  2.0874999999999995 
11 52  4.175000000000001  0.0  6.262499999999999 
11 53  4.174999999999999  -2.0874999999999995  4.175 
11 54  2.087500000000001  0.0  4.175 
11 55  2.087500000000001  -2.0874999999999995  6.262499999999999 
12 24  2.0875000000000004  2.0874999999999995  6.262499999999999 
12 25  2.0874999999999995  -4.175  0.0 
12 26  4.440892098500626e-16  2.0874999999999995  4.175 
12 27  0.0  -4.175  2.0874999999999995 
12 28  2.0875  -2.0875000000000004  6.262499999999999 
12 29  2.0875  -4.175  4.175 
12 30  2.220446049250313e-16  -2.0875000000000004  4.175 
12 31  2.220446049250313e-16  -4.175  6.262499999999999 
12 32  2.0874999999999995  -2.0875000000000004  2.0874999999999995 
12 33  2.0875000000000004  0.0  4.175 
12 34  0.0  -2.0875000000000004  0.0 
12 35  4.440892098500626e-16  0.0  6.262499999999999 
12 36  2.0875  2.0874999999999995  2.0874999999999995 
12 37  2.0875  0.0  0.0 
12 38  2.220446049250313e-16  2.0874999999999995  0.0 
12 39  2.220446049250313e-16  0.0  2.0874999999999995 
12 40  6.2625  2.0874999999999995  2.0874999999999995 
12 41  6.262499999999999  -4.175  4.175 
12 42  4.175000000000001  2.0874999999999995  0.0 
12 43  4.175000000000001  -4.175  6.262499999999999 
12 44  6.262499999999999  -2.0875000000000004  2.0874999999999995 
12 45  6.262499999999999  -4.175  0.0 
12 46  4.175  -2.0875000000000004  0.0 
12 47  4.175  -4.175  2.0874999999999995 
12 48  6.2625  -2.0875000000000004  6.262499999999999 
12 49  6.262499999999999  0.0  0.0 
12 50  4.175  -2.0875000000000004  4.175 
12 51  4.175  0.0  2.0874999999999995 
12 52  6.262500000000001  2.0874999999999995  6.262499999999999 
12 53  6.262499999999999  0.0  4.175 
12 54  4.175000000000001  2.0874999999999995  4.175 
12 55  4.175000000000001  0.0  6.262499999999999 
13 24  2.0875  4.175  0.0 
13 25  2.087499999999999  -2.0874999999999995  -6.262499999999999 
13 26  0.0  4.175  -2.0874999999999995 
13 27  -4.440892098500626e-16  -2.0874999999999995  -4.175 
13 28  2.0874999999999995  0.0  0.0 
13 29  2.0874999999999995  -2.0874999999999995  -2.0874999999999995 
13 30  -2.220446049250313e-16  0.0  -2.0874999999999995 
13 31  -2.220446049250313e-16  -2.0874999999999995  0.0 
13 32  2.087499999999999  0.0  -4.175 
13 33  2.0875  2.0875000000000004  -2.0874999999999995 
13 34  -4.440892098500626e-16  0.0  -6.262499999999999 
13 35  0.0  2.0875000000000004  0.0 
13 36  2.0874999999999995  4.175  -4.175 
13 37  2.0874999999999995  2.0875000000000004  -6.262499999999999 
13 38  -2.220446049250313e-16  4.175  -6.262499999999999 
13 39  -2.220446049250313e-16  2.0875000000000004  -4.175 
13 40  6.262499999999999  4.175  -4.175 
13 41  6.262499999999999  -2.0874999999999995  -2.0874999999999995 
13 42  4.175000000000001  4.175  -6.262499999999999 
13 43  4.175000000000001  -2.0874999999999995  0.0 
13 44  6.262499999999999  0.0  -4.175 
13 45  6.262499999999999  -2.0874999999999995  -6.262499999999999 
13 46  4.174999999999999  0.0  -6.262499999999999 
13 47  4.174999999999999  -2.0874999999999995  -4.175 
13 48  6.262499999999999  0.0  0.0 
13 49  6.262499999999999  2.0875000000000004  -6.262499999999999 
13 50  4.174999999999999  0.0  -2.0874999999999995 
13 51  4.174999999999999  2.0875000000000004  -4.175 
13 52  6.262500000000001  4.175  0.0 
13 53  6.262499999999999  2.0875000000000004  -2.0874999999999995 
13 54  4.175000000000001  4.175  -2.0874999999999995 
13 55  4.175000000000001  2.0875000000000004  0.0 
14 24  4.440892098500626e-16  2.0874999999999995  4.175 
14 25  -4.440892098500626e-16  -4.175  -2.0874999999999995 
14 26  -2.0874999999999995  2.0874999999999995  2.0875000000000004 
14 27  -2.0875  -4.175  0.0 
14 28  0.0  -2.0875000000000004  4.175 
14 29  0.0  -4.175  2.0875000000000004 
14 30  -2.0874999999999995  -2.0875000000000004  2.0875000000000004 
14 31  -2.0874999999999995  -4.175  4.175 
14 32  -4.440892098500626e-16  -2.0875000000000004  0.0 
14 33  4.440892098500626e-16  0.0  2.0875000000000004 
14 34  -2.0875  -2.0875000000000004  -2.0874999999999995 
14 35  -2.0874999999999995  0.0  4.175 
14 36  0.0  2.0874999999999995  0.0 
14 37  0.0  0.0  -2.0874999999999995 
14 38  -2.0874999999999995  2.0874999999999995  -2.0874999999999995 
14 39  -2.0874999999999995  0.0  0.0 
14 40  4.175000000000001  2.0874999999999995  0.0 
14 41  4.174999999999999  -4.175  2.0875000000000004 
14 42  2.087500000000001  2.0874999999999995  -2.0874999999999995 
14 43  2.087500000000001  -4.175  4.175 
14 44  4.174999999999999  -2.0875000000000004  0.0 
14 45  4.174999999999999  -4.175  -2.0874999999999995 
14 46  2.0875  -2.0875000000000004  -2.0874999999999995 
14 47  2.0875  -4.175  0.0 
14 48  4.175000000000001  -2.0875000000000004  4.175 
14 49  4.174999999999999  0.0  -2.0874999999999995 
14 50  2.0875  -2.0875000000000004  2.0875000000000004 
14 51  2.0875  0.0  0.0 
14 52  4.175000000000001  2.0874999999999995  4.175 
14 53  4.174999999999999  0.0  2.0875000000000004 
14 54  2.087500000000001  2.0874999999999995  2.0875000000000004 
14 55  2.087500000000001  0.0  4.175 
15 24  4.440892098500626e-16  4.175  2.0874999999999995 
15 25  -4.440892098500626e-16  -2.0874999999999995  -4.175 
15 26  -2.0874999999999995  4.175  0.0 
15 27  -2.0875  -2.0874999999999995  -2.0875000000000004 
15 28  0.0  0.0  2.0874999999999995 
15 29  0.0  -2.0874999999999995  0.0 
15 30  -2.0874999999999995  0.0  0.0 
15 31  -2.0874999999999995  -2.0874999999999995  2.0874999999999995 
15 32  -4.440892098500626e-16  0.0  -2.0875000000000004 
15 33  4.440892098500626e-16  2.0875000000000004  0.0 
15 34  -2.0875  0.0  -4.175 
15 35  -2.0874999999999995  2.0875000000000004  2.0874999999999995 
15 36  0.0  4.175  -2.0875000000000004 
15 37  0.0  2.0875000000000004  -4.175 
15 38  -2.0874999999999995  4.175  -4.175 
15 39  -2.0874999999999995  2.0875000000000004  -2.0875000000000004 
15 40  4.175000000000001  4.175  -2.0875000000000004 
15 41  4.174999999999999  -2.0874999999999995  0.0 
15 42  2.087500000000001  4.175  -4.175 
15 43  2.087500000000001  -2.0874999999999995  2.0874999999999995 
15 44  4.174999999999999  0.0  -2.0875000000000004 
15 45  4.174999999999999  -2.0874999999999995  -4.175 
15 46  2.0875  0.0  -4.175 
15 47  2.0875  -2.0874999999999995  -2.0875000000000004 
15 48  4.175000000000001  0.0  2.0874999999999995 
15 49  4.174999999999999  2.0875000000000004  -4.175 
15 50  2.0875  0.0  0.0 
15 51  2.0875  2.0875000000000004  -2.0875000000000004 
15 52  4.175000000000001  4.175  2.0874999999999995 
15 53  4.174999999999999  2.0875000000000004  0.0 
15 54  2.087500000000001  4.175  0.0 
15 55  2.087500000000001  2.0875000000000004  2.0874999999999995 
16 24  -2.0874999999999995  6.262499999999999  6.262499999999999 
16 25  -2.0875000000000004  0.0  0.0 
16 26  -4.174999999999999  6.262499999999999  4.175 
16 27  -4.175  0.0  2.0874999999999995 
16 28  -2.0875  2.0874999999999995  6.262499999999999 
16 29  -2.0875  0.0  4.175 
16 30  -4.175  2.0874999999999995  4.175 
16 31  -4.175  0.0  6.262499999999999 
16 32  -2.0875000000000004  2.0874999999999995  2.0874999999999995 
16 33  -2.0874999999999995  4.175  4.175 
16 34  -4.175  2.0874999999999995  0.0 
16 35  -4.174999999999999  4.175  6.262499999999999 
16 36  -2.0875  6.262499999999999  2.0874999999999995 
16 37  -2.0875  4.175  0.0 
16 38  -4.175  6.262499999999999  0.0 
16 39  -4.175  4.175  2.0874999999999995 
16 40  2.0875000000000004  6.262499999999999  2.0874999999999995 
16 41  2.0874999999999995  0.0  4.175 
16 42  8.881784197001252e-16  6.262499999999999  0.0 
16 43  8.881784197001252e-16  0.0  6.262499999999999 
16 44  2.0874999999999995  2.0874999999999995  2.0874999999999995 
16 45  2.0874999999999995  0.0  0.0 
16 46  0.0  2.0874999999999995  0.0 
16 47  0.0  0.0  2.0874999999999995 
16 48  2.0875000000000004  2.0874999999999995  6.262499999999999 
16 49  2.0874999999999995  4.175  0.0 
16 50  0.0  2.0874999999999995  4.175 
16 51  0.0  4.175  2.0874999999999995 
16 52  2.0875000000000012  6.262499999999999  6.262499999999999 
16 53  2.0874999999999995  4.175  4.175 
16 54  8.881784197001252e-16  6.262499999999999  4.175 
16 55  8.881784197001252e-16  4.175  6.262499999999999 
17 24  -2.0875000000000012  0.0  0.0 
17 25  -2.087500000000002  -6.262499999999999  -6.262499999999999 
17 26  -4.175000000000001  0.0  -2.0874999999999995 
17 27  -4.175000000000002  -6.262499999999999  -4.175 
17 28  -2.0875000000000017  -4.175  0.0 
17 29  -2.0875000000000017  -6.262499999999999  -2.0874999999999995 
17 30  -4.175000000000002  -4.175  -2.0874999999999995 
17 31  -4.175000000000002  -6.262499999999999  0.0 
17 32  -2.087500000000002  -4.175  -4.175 
17 33  -2.0875000000000012  -2.0874999999999995  -2.0874999999999995 
17 34  -4.175000000000002  -4.175  -6.262499999999999 
17 35  -4.175000000000001  -2.0874999999999995  0.0 
17 36  -2.0875000000000017  0.0  -4.175 
17 37  -2.0875000000000017  -2.0874999999999995  -6.262499999999999 
17 38  -4.175000000000002  0.0  -6.262499999999999 
17 39  -4.175000000000002  -2.0874999999999995  -4.175 
17 40  2.0874999999999986  0.0  -4.175 
17 41  2.0874999999999977  -6.262499999999999  -2.0874999999999995 
17 42  -8.881784197001252e-16  0.0  -6.262499999999999 
17 43  -8.881784197001252e-16  -6.262499999999999  0.0 
17 44  2.0874999999999977  -4.175  -4.175 
17 45  2.0874999999999977  -6.262499999999999  -6.262499999999999 
17 46  -1.7763568394002505e-15  -4.175  -6.262499999999999 
17 47  -1.7763568394002505e-15  -6.262499999999999  -4.175 
17 48  2.0874999999999986  -4.175  0.0 
17 49  2.0874999999999977  -2.0874999999999995  -6.262499999999999 
17 50  -1.7763568394002505e-15  -4.175  -2.0874999999999995 
17 51  -1.7763568394002505e-15  -2.0874999999999995  -4.175 
17 52  2.0874999999999995  0.0  0.0 
17 53  2.0874999999999977  -2.0874999999999995  -2.0874999999999995 
17 54  -8.881784197001252e-16  0.0  -2.0874999999999995 
17 55  -8.881784197001252e-16  -2.0874999999999995  0.0 
18 24  -4.174999999999999  6.262499999999999  4.175 
18 25  -4.175  0.0  -2.0874999999999995 
18 26  -6.262499999999999  6.262499999999999  2.0875000000000004 
18 27  -6.262499999999999  0.0  0.0 
18 28  -4.174999999999999  2.0874999999999995  4.175 
18 29  -4.174999999999999  0.0  2.0875000000000004 
18 30  -6.262499999999999  2.0874999999999995  2.0875000000000004 
18 31  -6.262499999999999  0.0  4.175 
18 32  -4.175  2.0874999999999995  0.0 
18 33  -4.174999999999999  4.175  2.0875000000000004 
18 34  -6.262499999999999  2.0874999999999995  -2.0874999999999995 
18 35  -6.262499999999999  4.175  4.175 
18 36  -4.174999999999999  6.262499999999999  0.0 
18 37  -4.174999999999999  4.175  -2.0874999999999995 
18 38  -6.262499999999999  6.262499999999999  -2.0874999999999995 
18 39  -6.262499999999999  4.175  0.0 
18 40  8.881784197001252e-16  6.262499999999999  0.0 
18 41  0.0  0.0  2.0875000000000004 
18 42  -2.0874999999999986  6.262499999999999  -2.0874999999999995 
18 43  -2.0874999999999986  0.0  4.175 
18 44  0.0  2.0874999999999995  0.0 
18 45  0.0  0.0  -2.0874999999999995 
18 46  -2.0874999999999995  2.0874999999999995  -2.0874999999999995 
18 47  -2.0874999999999995  0.0  0.0 
18 48  8.881784197001252e-16  2.0874999999999995  4.175 
18 49  0.0  4.175  -2.0874999999999995 
18 50  -2.0874999999999995  2.0874999999999995  2.0875000000000004 
18 51  -2.0874999999999995  4.175  0.0 
18 52  1.7763568394002505e-15  6.262499999999999  4.175 
18 53  0.0  4.175  2.0875000000000004 
18 54  -2.0874999999999986  6.262499999999999  2.0875000000000004 
18 55  -2.0874999999999986  4.175  4.175 
19 24  -4.175  0.0  2.0874999999999995 
19 25  -4.175000000000001  -6.262499999999999  -4.175 
19 26  -6.262499999999999  0.0  0.0 
19 27  -6.2625  -6.262499999999999  -2.0875000000000004 
19 28  -4.175000000000001  -4.175  2.0874999999999995 
19 29  -4.175000000000001  -6.262499999999999  0.0 
19 30  -6.2625  -4.175  0.0 
19 31  -6.2625  -6.262499999999999  2.0874999999999995 
19 32  -4.175000000000001  -4.175  -2.0875000000000004 
19 33  -4.175  -2.0874999999999995  0.0 
19 34  -6.2625  -4.175  -4.175 
19 35  -6.262499999999999  -2.0874999999999995  2.0874999999999995 
19 36  -4.175000000000001  0.0  -2.0875000000000004 
19 37  -4.175000000000001  -2.0874999999999995  -4.175 
19 38  -6.2625  0.0  -4.175 
19 39  -6.2625  -2.0874999999999995  -2.0875000000000004 
19 40  0.0  0.0  -2.0875000000000004 
19 41  -8.881784197001252e-16  -6.262499999999999  0.0 
19 42  -2.0874999999999995  0.0  -4.175 
19 43  -2.0874999999999995  -6.262499999999999  2.0874999999999995 
19 44  -8.881784197001252e-16  -4.175  -2.0875000000000004 
19 45  -8.881784197001252e-16  -6.262499999999999  -4.175 
19 46  -2.0875000000000004  -4.175  -4.175 
19 47  -2.0875000000000004  -6.262499999999999  -2.0875000000000004 
19 48  0.0  -4.175  2.0874999999999995 
19 49  -8.881784197001252e-16  -2.0874999999999995  -4.175 
19 50  -2.0875000000000004  -4.175  0.0 
19 51  -2.0875000000000004  -2.0874999999999995  -2.0875000000000004 
19 52  8.881784197001252e-16  0.0  2.0874999999999995 
19 53  -8.881784197001252e-16  -2.0874999999999995  0.0 
19 54  -2.0874999999999995  0.0  0.0 
19 55  -2.0874999999999995  -2.0874999999999995  2.0874999999999995 
20 24  -2.0874999999999995  2.0874999999999995  2.0874999999999995 
20 25  -2.0875000000000004  -4.175  -4.175 
20 26  -4.174999999999999  2.0874999999999995  0.0 
20 27  -4.175  -4.175  -2.0875000000000004 
20 28  -2.0875  -2.0875000000000004  2.0874999999999995 
20 29  -2.0875  -4.175  0.0 
20 30  -4.175  -2.0875000000000004  0.0 
20 31  -4.175  -4.175  2.0874999999999995 
20 32  -2.0875000000000004  -2.0875000000000004  -2.0875000000000004 
20 33  -2.0874999999999995  0.0  0.0 
20 34  -4.175  -2.0875000000000004  -4.175 
20 35  -4.174999999999999  0.0  2.0874999999999995 
20 36  -2.0875  2.0874999999999995  -2.0875000000000004 
20 37  -2.0875  0.0  -4.175 
20 38  -4.175  2.0874999999999995  -4.175 
20 39  -4.175  0.0  -2.0875000000000004 
20 40  2.0875000000000004  2.0874999999999995  -2.0875000000000004 
20 41  2.0874999999999995  -4.175  0.0 
20 42  8.881784197001252e-16  2.0874999999999995  -4.175 
20 43  8.881784197001252e-16  -4.175  2.0874999999999995 
20 44  2.0874999999999995  -2.0875000000000004  -2.0875000000000004 
20 45  2.0874999999999995  -4.175  -4.175 
20 46  0.0  -2.0875000000000004  -4.175 
20 47  0.0  -4.175  -2.0875000000000004 
20 48  2.0875000000000004  -2.0875000000000004  2.0874999999999995 
20 49  2.0874999999999995  0.0  -4.175 
20 50  0.0  -2.0875000000000004  0.0 
20 51  0.0  0.0  -2.0875000000000004 
20 52  2.0875000000000012  2.0874999999999995  2.0874999999999995 
20 53  2.0874999999999995  0.0  0.0 
20 54  8.881784197001252e-16  2.0874999999999995  0.0 
20 55  8.881784197001252e-16  0.0  2.0874999999999995 
21 24  -2.0874999999999995  4.175  4.175 
21 25  -2.0875000000000004  -2.0874999999999995  -2.0874999999999995 
21 26  -4.174999999999999  4.175  2.0875000000000004 
21 27  -4.175  -2.0874999999999995  0.0 
21 28  -2.0875  0.0  4.175 
21 29  -2.0875  -2.0874999999999995  2.0875000000000004 
21 30  -4.175  0.0  2.0875000000000004 
21 31  -4.175  -2.0874999999999995  4.175 
21 32  -2.0875000000000004  0.0  0.0 
21 33  -2.0874999999999995  2.0875000000000004  2.0875000000000004 
21 34  -4.175  0.0  -2.0874999999999995 
21 35  -4.174999999999999  2.0875000000000004  4.175 
21 36  -2.0875  4.175  0.0 
21 37  -2.0875  2.0875000000000004  -2.0874999999999995 
21 38  -4.175  4.175  -2.0874999999999995 
21 39  -4.175  2.0875000000000004  0.0 
21 40  2.0875000000000004  4.175  0.0 
21 41  2.0874999999999995  -2.0874999999999995  2.0875000000000004 
21 42  8.881784197001252e-16  4.175  -2.0874999999999995 
21 43  8.881784197001252e-16  -2.0874999999999995  4.175 
21 44  2.0874999999999995  0.0  0.0 
21 45  2.0874999999999995  -2.0874999999999995  -2.0874999999999995 
21 46  0.0  0.0  -2.0874999999999995 
21 47  0.0  -2.0874999999999995  0.0 
21 48  2.0875000000000004  0.0  4.175 
21 49  2.0874999999999995  2.0875000000000004  -2.0874999999999995 
21 50  0.0  0.0  2.0875000000000004 
21 51  0.0  2.0875000000000004  0.0 
21 52  2.0875000000000012  4.175  4.175 
21 53  2.0874999999999995  2.0875000000000004  2.0875000000000004 
21 54  8.881784197001252e-16  4.175  2.0875000000000004 
21 55  8.881784197001252e-16  2.0875000000000004  4.175 
22 24  -4.175  2.0874999999999995  0.0 
22 25  -4.175000000000001  -4.175  -6.262499999999999 
22 26  -6.262499999999999  2.0874999999999995  -2.0874999999999995 
22 27  -6.2625  -4.175  -4.175 
22 28  -4.175000000000001  -2.0875000000000004  0.0 
22 29  -4.175000000000001  -4.175  -2.0874999999999995 
22 30  -6.2625  -2.0875000000000004  -2.0874999999999995 
22 31  -6.2625  -4.175  0.0 
22 32  -4.175000000000001  -2.0875000000000004  -4.175 
22 33  -4.175  0.0  -2.0874999999999995 
22 34  -6.2625  -2.0875000000000004  -6.262499999999999 
22 35  -6.262499999999999  0.0  0.0 
22 36  -4.175000000000001  2.0874999999999995  -4.175 
22 37  -4.175000000000001  0.0  -6.262499999999999 
22 38  -6.2625  2.0874999999999995  -6.262499999999999 
22 39  -6.2625  0.0  -4.175 
22 40  0.0  2.0874999999999995  -4.175 
22 41  -8.881784197001252e-16  -4.175  -2.0874999999999995 
22 42  -2.0874999999999995  2.0874999999999995  -6.262499999999999 
22 43  -2.0874999999999995  -4.175  0.0 
22 44  -8.881784197001252e-16  -2.0875000000000004  -4.175 
22 45  -8.881784197001252e-16  -4.175  -6.262499999999999 
22 46  -2.0875000000000004  -2.0875000000000004  -6.262499999999999 
22 47  -2.0875000000000004  -4.175  -4.175 
22 48  0.0  -2.0875000000000004  0.0 
22 49  -8.881784197001252e-16  0.0  -6.262499999999999 
22 50  -2.0875000000000004  -2.0875000000000004  -2.0874999999999995 
22 51  -2.0875000000000004  0.0  -4.175 
22 52  8.881784197001252e-16  2.0874999999999995  0.0 
22 53  -8.881784197001252e-16  0.0  -2.0874999999999995 
22 54  -2.0874999999999995  2.0874999999999995  -2.0874999999999995 
22 55  -2.0874999999999995  0.0  0.0 
23 24  -4.174999999999999  4.175  6.262499999999999 
23 25  -4.175  -2.0874999999999995  0.0 
23 26  -6.262499999999999  4.175  4.175 
23 27  -6.262499999999999  -2.0874999999999995  2.0874999999999995 
23 28  -4.174999999999999  0.0  6.262499999999999 
23 29  -4.174999999999999  -2.0874999999999995  4.175 
23 30  -6.262499999999999  0.0  4.175 
23 31  -6.262499999999999  -2.0874999999999995  6.262499999999999 
23 32  -4.175  0.0  2.0874999999999995 
23 33  -4.174999999999999  2.0875000000000004  4.175 
23 34  -6.262499999999999  0.0  0.0 
23 35  -6.262499999999999  2.0875000000000004  6.262499999999999 
23 36  -4.174999999999999  4.175  2.0874999999999995 
23 37  -4.174999999999999  2.0875000000000004  0.0 
23 38  -6.262499999999999  4.175  0.0 
23 39  -6.262499999999999  2.0875000000000004  2.0874999999999995 
23 40  8.881784197001252e-16  4.175  2.0874999999999995 
23 41  0.0  -2.0874999999999995  4.175 
23 42  -2.0874999999999986  4.175  0.0 
23 43  -2.0874999999999986  -2.0874999999999995  6.262499999999999 
23 44  0.0  0.0  2.0874999999999995 
23 45  0.0  -2.0874999999999995  0.0 
23 46  -2.0874999999999995  0.0  0.0 
23 47  -2.0874999999999995  -2.0874999999999995  2.0874999999999995 
23 48  8.881784197001252e-16  0.0  6.262499999999999 
23 49  0.0  2.0875000000000004  0.0 
23 50  -2.0874999999999995  0.0  4.175 
23 51  -2.0874999999999995  2.0875000000000004  2.0874999999999995 
23 52  1.7763568394002505e-15  4.175  6.262499999999999 
23 53  0.0  2.0875000000000004  4.175 
23 54  -2.0874999999999986  4.175  4.175 
23 55  -2.0874999999999986  2.0875000000000004  6.262499999999999 
24 0  -3.1312500000000005  -7.3062499999999995  -7.3062499999999995 
24 1  -1.0437499999999997  -1.0437500000000002  -1.0437500000000002 
24 2  -3.13125  -3.1312499999999996  -3.1312499999999996 
24 3  -1.0437500000000006  -5.21875  -5.21875 
24 4  1.0437499999999993  -7.3062499999999995  -3.1312499999999996 
24 5  3.1312499999999988  -1.0437500000000002  -5.21875 
24 6  1.0437499999999993  -3.1312499999999996  -7.3062499999999995 
24 7  3.1312499999999988  -5.21875  -1.0437500000000002 
24 8  -2.0875000000000004  -6.262499999999999  -2.0874999999999995 
24 9  -2.0875  0.0  -4.175 
24 10  -4.440892098500626e-16  -6.262499999999999  0.0 
24 11  -4.440892098500626e-16  0.0  -6.262499999999999 
24 12  -2.0875000000000004  -2.0874999999999995  -6.262499999999999 
24 13  -2.0875  -4.175  0.0 
24 14  -4.440892098500626e-16  -2.0874999999999995  -4.175 
24 15  -4.440892098500626e-16  -4.175  -2.0874999999999995 
24 16  2.0874999999999995  -6.262499999999999  -6.262499999999999 
24 17  2.0875000000000012  0.0  0.0 
24 18  4.174999999999999  -6.262499999999999  -4.175 
24 19  4.175  0.0  -2.0874999999999995 
24 20  2.0874999999999995  -2.0874999999999995  -2.0874999999999995 
24 21  2.0874999999999995  -4.175  -4.175 
24 22  4.175  -2.0874999999999995  0.0 
24 23  4.174999999999999  -4.175  -6.262499999999999 
25 0  -3.1312499999999996  -1.04375  -1.04375 
25 1  -1.0437499999999988  5.218749999999999  5.218749999999999 
25 2  -3.131249999999999  3.1312499999999996  3.1312499999999996 
25 3  -1.0437499999999997  1.04375  1.04375 
25 4  1.0437500000000002  -1.04375  3.1312499999999996 
25 5  3.1312499999999996  5.218749999999999  1.04375 
25 6  1.0437500000000002  3.1312499999999996  -1.04375 
25 7  3.1312499999999996  1.04375  5.218749999999999 
25 8  -2.0874999999999995  0.0  4.175 
25 9  -2.087499999999999  6.262499999999999  2.0874999999999995 
25 10  4.440892098500626e-16  0.0  6.262499999999999 
25 11  4.440892098500626e-16  6.262499999999999  0.0 
25 12  -2.0874999999999995  4.175  0.0 
25 13  -2.087499999999999  2.0874999999999995  6.262499999999999 
25 14  4.440892098500626e-16  4.175  2.0874999999999995 
25 15  4.440892098500626e-16  2.0874999999999995  4.175 
25 16  2.0875000000000004  0.0  0.0 
25 17  2.087500000000002  6.262499999999999  6.262499999999999 
25 18  4.175  0.0  2.0874999999999995 
25 19  4.175000000000001  6.262499999999999  4.175 
25 20  2.0875000000000004  4.175  4.175 
25 21  2.0875000000000004  2.0874999999999995  2.0874999999999995 
25 22  4.175000000000001  4.175  6.262499999999999 
25 23  4.175  2.0874999999999995  0.0 
26 0  -1.0437500000000006  -7.3062499999999995  -5.21875 
26 1  1.0437500000000002  -1.0437500000000002  1.0437499999999993 
26 2  -1.0437500000000002  -3.1312499999999996  -1.0437500000000002 
26 3  1.0437499999999993  -5.21875  -3.13125 
26 4  3.131249999999999  -7.3062499999999995  -1.0437500000000002 
26 5  5.218749999999998  -1.0437500000000002  -3.13125 
26 6  3.131249999999999  -3.1312499999999996  -5.21875 
26 7  5.218749999999998  -5.21875  1.0437499999999993 
26 8  -4.440892098500626e-16  -6.262499999999999  0.0 
26 9  0.0  0.0  -2.0875000000000004 
26 10  2.0874999999999995  -6.262499999999999  2.0874999999999995 
26 11  2.0874999999999995  0.0  -4.175 
26 12  -4.440892098500626e-16  -2.0874999999999995  -4.175 
26 13  0.0  -4.175  2.0874999999999995 
26 14  2.0874999999999995  -2.0874999999999995  -2.0875000000000004 
26 15  2.0874999999999995  -4.175  0.0 
26 16  4.174999999999999  -6.262499999999999  -4.175 
26 17  4.175000000000001  0.0  2.0874999999999995 
26 18  6.262499999999999  -6.262499999999999  -2.0875000000000004 
26 19  6.262499999999999  0.0  0.0 
26 20  4.174999999999999  -2.0874999999999995  0.0 
26 21  4.174999999999999  -4.175  -2.0875000000000004 
26 22  6.262499999999999  -2.0874999999999995  2.0874999999999995 
26 23  6.262499999999999  -4.175  -4.175 
27 0  -1.0437500000000002  -1.04375  -3.1312499999999996 
27 1  1.0437500000000006  5.218749999999999  3.1312499999999996 
27 2  -1.0437499999999997  3.1312499999999996  1.0437500000000002 
27 3  1.0437499999999997  1.04375  -1.0437499999999997 
27 4  3.1312499999999996  -1.04375  1.0437500000000002 
27 5  5.218749999999999  5.218749999999999  -1.0437499999999997 
27 6  3.1312499999999996  3.1312499999999996  -3.1312499999999996 
27 7  5.218749999999999  1.04375  3.1312499999999996 
27 8  0.0  0.0  2.0875000000000004 
27 9  4.440892098500626e-16  6.262499999999999  0.0 
27 10  2.0875  0.0  4.175 
27 11  2.0875  6.262499999999999  -2.0874999999999995 
27 12  0.0  4.175  -2.0874999999999995 
27 13  4.440892098500626e-16  2.0874999999999995  4.175 
27 14  2.0875  4.175  0.0 
27 15  2.0875  2.0874999999999995  2.0875000000000004 
27 16  4.175  0.0  -2.0874999999999995 
27 17  4.175000000000002  6.262499999999999  4.175 
27 18  6.262499999999999  0.0  0.0 
27 19  6.2625  6.262499999999999  2.0875000000000004 
27 20  4.175  4.175  2.0875000000000004 
27 21  4.175  2.0874999999999995  0.0 
27 22  6.2625  4.175  4.175 
27 23  6.262499999999999  2.0874999999999995  -2.0874999999999995 
28 0  -3.13125  -3.1312499999999996  -7.3062499999999995 
28 1  -1.0437499999999993  3.1312499999999996  -1.0437500000000002 
28 2  -3.1312499999999996  1.0437500000000002  -3.1312499999999996 
28 3  -1.0437500000000002  -1.0437499999999997  -5.21875 
28 4  1.0437499999999997  -3.1312499999999996  -3.1312499999999996 
28 5  3.131249999999999  3.1312499999999996  -5.21875 
28 6  1.0437499999999997  1.0437500000000002  -7.3062499999999995 
28 7  3.131249999999999  -1.0437499999999997  -1.0437500000000002 
28 8  -2.0875  -2.0874999999999995  -2.0874999999999995 
28 9  -2.0874999999999995  4.175  -4.175 
28 10  0.0  -2.0874999999999995  0.0 
28 11  0.0  4.175  -6.262499999999999 
28 12  -2.0875  2.0875000000000004  -6.262499999999999 
28 13  -2.0874999999999995  0.0  0.0 
28 14  0.0  2.0875000000000004  -4.175 
28 15  0.0  0.0  -2.0874999999999995 
28 16  2.0875  -2.0874999999999995  -6.262499999999999 
28 17  2.0875000000000017  4.175  0.0 
28 18  4.174999999999999  -2.0874999999999995  -4.175 
28 19  4.175000000000001  4.175  -2.0874999999999995 
28 20  2.0875  2.0875000000000004  -2.0874999999999995 
28 21  2.0875  0.0  -4.175 
28 22  4.175000000000001  2.0875000000000004  0.0 
28 23  4.174999999999999  0.0  -6.262499999999999 
29 0  -3.13125  -1.04375  -5.21875 
29 1  -1.0437499999999993  5.218749999999999  1.0437499999999993 
29 2  -3.1312499999999996  3.1312499999999996  -1.0437500000000002 
29 3  -1.0437500000000002  1.04375  -3.13125 
29 4  1.0437499999999997  -1.04375  -1.0437500000000002 
29 5  3.131249999999999  5.218749999999999  -3.13125 
29 6  1.0437499999999997  3.1312499999999996  -5.21875 
29 7  3.131249999999999  1.04375  1.0437499999999993 
29 8  -2.0875  0.0  0.0 
29 9  -2.0874999999999995  6.262499999999999  -2.0875000000000004 
29 10  0.0  0.0  2.0874999999999995 
29 11  0.0  6.262499999999999  -4.175 
29 12  -2.0875  4.175  -4.175 
29 13  -2.0874999999999995  2.0874999999999995  2.0874999999999995 
29 14  0.0  4.175  -2.0875000000000004 
29 15  0.0  2.0874999999999995  0.0 
29 16  2.0875  0.0  -4.175 
29 17  2.0875000000000017  6.262499999999999  2.0874999999999995 
29 18  4.174999999999999  0.0  -2.0875000000000004 
29 19  4.175000000000001  6.262499999999999  0.0 
29 20  2.0875  4.175  0.0 
29 21  2.0875  2.0874999999999995  -2.0875000000000004 
29 22  4.175000000000001  4.175  2.0874999999999995 
29 23  4.174999999999999  2.0874999999999995  -4.175 
30 0  -1.0437500000000004  -3.1312499999999996  -5.21875 
30 1  1.0437500000000004  3.1312499999999996  1.0437499999999993 
30 2  -1.04375  1.0437500000000002  -1.0437500000000002 
30 3  1.0437499999999995  -1.0437499999999997  -3.13125 
30 4  3.1312499999999996  -3.1312499999999996  -1.0437500000000002 
30 5  5.218749999999999  3.1312499999999996  -3.13125 
30 6  3.1312499999999996  1.0437500000000002  -5.21875 
30 7  5.218749999999999  -1.0437499999999997  1.0437499999999993 
30 8  -2.220446049250313e-16  -2.0874999999999995  0.0 
30 9  2.220446049250313e-16  4.175  -2.0875000000000004 
30 10  2.0874999999999995  -2.0874999999999995  2.0874999999999995 
30 11  2.0874999999999995  4.175  -4.175 
30 12  -2.220446049250313e-16  2.0875000000000004  -4.175 
30 13  2.220446049250313e-16  0.0  2.0874999999999995 
30 14  2.0874999999999995  2.0875000000000004  -2.0875000000000004 
30 15  2.0874999999999995  0.0  0.0 
30 16  4.175  -2.0874999999999995  -4.175 
30 17  4.175000000000002  4.175  2.0874999999999995 
30 18  6.262499999999999  -2.0874999999999995  -2.0875000000000004 
30 19  6.2625  4.175  0.0 
30 20  4.175  2.0875000000000004  0.0 
30 21  4.175  0.0  -2.0875000000000004 
30 22  6.2625  2.0875000000000004  2.0874999999999995 
30 23  6.262499999999999  0.0  -4.175 
31 0  -1.0437500000000004  -1.04375  -7.3062499999999995 
31 1  1.0437500000000004  5.218749999999999  -1.0437500000000002 
31 2  -1.04375  3.1312499999999996  -3.1312499999999996 
31 3  1.0437499999999995  1.04375  -5.21875 
31 4  3.1312499999999996  -1.04375  -3.1312499999999996 
31 5  5.218749999999999  5.218749999999999  -5.21875 
31 6  3.1312499999999996  3.1312499999999996  -7.3062499999999995 
31 7  5.218749999999999  1.04375  -1.0437500000000002 
31 8  -2.220446049250313e-16  0.0  -2.0874999999999995 
31 9  2.220446049250313e-16  6.262499999999999  -4.175 
31 10  2.0874999999999995  0.0  0.0 
31 11  2.0874999999999995  6.262499999999999  -6.262499999999999 
31 12  -2.220446049250313e-16  4.175  -6.262499999999999 
31 13  2.220446049250313e-16  2.0874999999999995  0.0 
31 14  2.0874999999999995  4.175  -4.175 
31 15  2.0874999999999995  2.0874999999999995  -2.0874999999999995 
31 16  4.175  0.0  -6.262499999999999 
31 17  4.175000000000002  6.262499999999999  0.0 
31 18  6.262499999999999  0.0  -4.175 
31 19  6.2625  6.262499999999999  -2.0874999999999995 
31 20  4.175  4.175  -2.0874999999999995 
31 21  4.175  2.0874999999999995  -4.175 
31 22  6.2625  4.175  0.0 
31 23  6.262499999999999  2.0874999999999995  -6.262499999999999 
32 0  -3.1312499999999996  -3.1312499999999996  -3.1312499999999996 
32 1  -1.0437499999999988  3.1312499999999996  3.1312499999999996 
32 2  -3.131249999999999  1.0437500000000002  1.0437500000000002 
32 3  -1.0437499999999997  -1.0437499999999997  -1.0437499999999997 
32 4  1.0437500000000002  -3.1312499999999996  1.0437500000000002 
32 5  3.1312499999999996  3.1312499999999996  -1.0437499999999997 
32 6  1.0437500000000002  1.0437500000000002  -3.1312499999999996 
32 7  3.1312499999999996  -1.0437499999999997  3.1312499999999996 
32 8  -2.0874999999999995  -2.0874999999999995  2.0875000000000004 
32 9  -2.087499999999999  4.175  0.0 
32 10  4.440892098500626e-16  -2.0874999999999995  4.175 
32 11  4.440892098500626e-16  4.175  -2.0874999999999995 
32 12  -2.0874999999999995  2.0875000000000004  -2.0874999999999995 
32 13  -2.087499999999999  0.0  4.175 
32 14  4.440892098500626e-16  2.0875000000000004  0.0 
32 15  4.440892098500626e-16  0.0  2.0875000000000004 
32 16  2.0875000000000004  -2.0874999999999995  -2.0874999999999995 
32 17  2.087500000000002  4.175  4.175 
32 18  4.175  -2.0874999999999995  0.0 
32 19  4.175000000000001  4.175  2.0875000000000004 
32 20  2.0875000000000004  2.0875000000000004  2.0875000000000004 
32 21  2.0875000000000004  0.0  0.0 
32 22  4.175000000000001  2.0875000000000004  4.175 
32 23  4.175  0.0  -2.0874999999999995 
33 0  -3.1312500000000005  -5.21875  -5.21875 
33 1  -1.0437499999999997  1.0437499999999993  1.0437499999999993 
33 2  -3.13125  -1.0437500000000002  -1.0437500000000002 
33 3  -1.0437500000000006  -3.13125  -3.13125 
33 4  1.0437499999999993  -5.21875  -1.0437500000000002 
33 5  3.1312499999999988  1.0437499999999993  -3.13125 
33 6  1.0437499999999993  -1.0437500000000002  -5.21875 
33 7  3.1312499999999988  -3.13125  1.0437499999999993 
33 8  -2.0875000000000004  -4.175  0.0 
33 9  -2.0875  2.0874999999999995  -2.0875000000000004 
33 10  -4.440892098500626e-16  -4.175  2.0874999999999995 
33 11  -4.440892098500626e-16  2.0874999999999995  -4.175 
33 12  -2.0875000000000004  0.0  -4.175 
33 13  -2.0875  -2.0875000000000004  2.0874999999999995 
33 14  -4.440892098500626e-16  0.0  -2.0875000000000004 
33 15  -4.440892098500626e-16  -2.0875000000000004  0.0 
33 16  2.0874999999999995  -4.175  -4.175 
33 17  2.0875000000000012  2.0874999999999995  2.0874999999999995 
33 18  4.174999999999999  -4.175  -2.0875000000000004 
33 19  4.175  2.0874999999999995  0.0 
33 20  2.0874999999999995  0.0  0.0 
33 21  2.0874999999999995  -2.0875000000000004  -2.0875000000000004 
33 22  4.175  0.0  2.0874999999999995 
33 23  4.174999999999999  -2.0875000000000004  -4.175 
34 0  -1.0437500000000002  -3.1312499999999996  -1.04375 
34 1  1.0437500000000006  3.1312499999999996  5.218749999999999 
34 2  -1.0437499999999997  1.0437500000000002  3.1312499999999996 
34 3  1.0437499999999997  -1.0437499999999997  1.04375 
34 4  3.1312499999999996  -3.1312499999999996  3.1312499999999996 
34 5  5.218749999999999  3.1312499999999996  1.04375 
34 6  3.1312499999999996  1.0437500000000002  -1.04375 
34 7  5.218749999999999  -1.0437499999999997  5.218749999999999 
34 8  0.0  -2.0874999999999995  4.175 
34 9  4.440892098500626e-16  4.175  2.0874999999999995 
34 10  2.0875  -2.0874999999999995  6.262499999999999 
34 11  2.0875  4.175  0.0 
34 12  0.0  2.0875000000000004  0.0 
34 13  4.440892098500626e-16  0.0  6.262499999999999 
34 14  2.0875  2.0875000000000004  2.0874999999999995 
34 15  2.0875  0.0  4.175 
34 16  4.175  -2.0874999999999995  0.0 
34 17  4.175000000000002  4.175  6.262499999999999 
34 18  6.262499999999999  -2.0874999999999995  2.0874999999999995 
34 19  6.2625  4.175  4.175 
34 20  4.175  2.0875000000000004  4.175 
34 21  4.175  0.0  2.0874999999999995 
34 22  6.2625  2.0875000000000004  6.262499999999999 
34 23  6.262499999999999  0.0  0.0 
35 0  -1.0437500000000006  -5.21875  -7.3062499999999995 
35 1  1.0437500000000002  1.0437499999999993  -1.0437500000000002 
35 2  -1.0437500000000002  -1.0437500000000002  -3.1312499999999996 
35 3  1.0437499999999993  -3.13125  -5.21875 
35 4  3.131249999999999  -5.21875  -3.1312499999999996 
35 5  5.218749999999998  1.0437499999999993  -5.21875 
35 6  3.131249999999999  -1.0437500000000002  -7.3062499999999995 
35 7  5.218749999999998  -3.13125  -1.0437500000000002 
35 8  -4.440892098500626e-16  -4.175  -2.0874999999999995 
35 9  0.0  2.0874999999999995  -4.175 
35 10  2.0874999999999995  -4.175  0.0 
35 11  2.0874999999999995  2.0874999999999995  -6.262499999999999 
35 12  -4.440892098500626e-16  0.0  -6.262499999999999 
35 13  0.0  -2.0875000000000004  0.0 
35 14  2.0874999999999995  0.0  -4.175 
35 15  2.0874999999999995  -2.0875000000000004  -2.0874999999999995 
35 16  4.174999999999999  -4.175  -6.262499999999999 
35 17  4.175000000000001  2.0874999999999995  0.0 
35 18  6.262499999999999  -4.175  -4.175 
35 19  6.262499999999999  2.0874999999999995  -2.0874999999999995 
35 20  4.174999999999999  0.0  -2.0874999999999995 
35 21  4.174999999999999  -2.0875000000000004  -4.175 
35 22  6.262499999999999  0.0  0.0 
35 23  6.262499999999999  -2.0875000000000004  -6.262499999999999 
36 0  -3.13125  -7.3062499999999995  -3.1312499999999996 
36 1  -1.0437499999999993  -1.0437500000000002  3.1312499999999996 
36 2  -3.1312499999999996  -3.1312499999999996  1.0437500000000002 
36 3  -1.0437500000000002  -5.21875  -1.0437499999999997 
36 4  1.0437499999999997  -7.3062499999999995  1.0437500000000002 
36 5  3.131249999999999  -1.0437500000000002  -1.0437499999999997 
36 6  1.0437499999999997  -3.1312499999999996  -3.1312499999999996 
36 7  3.131249999999999  -5.21875  3.1312499999999996 
36 8  -2.0875  -6.262499999999999  2.0875000000000004 
36 9  -2.0874999999999995  0.0  0.0 
36 10  0.0  -6.262499999999999  4.175 
36 11  0.0  0.0  -2.0874999999999995 
36 12  -2.0875  -2.0874999999999995  -2.0874999999999995 
36 13  -2.0874999999999995  -4.175  4.175 
36 14  0.0  -2.0874999999999995  0.0 
36 15  0.0  -4.175  2.0875000000000004 
36 16  2.0875  -6.262499999999999  -2.0874999999999995 
36 17  2.0875000000000017  0.0  4.175 
36 18  4.174999999999999  -6.262499999999999  0.0 
36 19  4.175000000000001  0.0  2.0875000000000004 
36 20  2.0875  -2.0874999999999995  2.0875000000000004 
36 21  2.0875  -4.175  0.0 
36 22  4.175000000000001  -2.0874999999999995  4.175 
36 23  4.174999999999999  -4.175  -2.0874999999999995 
37 0  -3.13125  -5.21875  -1.04375 
37 1  -1.0437499999999993  1.0437499999999993  5.218749999999999 
37 2  -3.1312499999999996  -1.0437500000000002  3.1312499999999996 
37 3  -1.0437500000000002  -3.13125  1.04375 
37 4  1.0437499999999997  -5.21875  3.1312499999999996 
37 5  3.131249999999999  1.0437499999999993  1.04375 
37 6  1.0437499999999997  -1.0437500000000002  -1.04375 
37 7  3.131249999999999  -3.13125  5.218749999999999 
37 8  -2.0875  -4.175  4.175 
37 9  -2.0874999999999995  2.0874999999999995  2.0874999999999995 
37 10  0.0  -4.175  6.262499999999999 
37 11  0.0  2.0874999999999995  0.0 
37 12  -2.0875  0.0  0.0 
37 13  -2.0874999999999995  -2.0875000000000004  6.262499999999999 
37 14  0.0  0.0  2.0874999999999995 
37 15  0.0  -2.0875000000000004  4.175 
37 16  2.0875  -4.175  0.0 
37 17  2.0875000000000017  2.0874999999999995  6.262499999999999 
37 18  4.174999999999999  -4.175  2.0874999999999995 
37 19  4.175000000000001  2.0874999999999995  4.175 
37 20  2.0875  0.0  4.175 
37 21  2.0875  -2.0875000000000004  2.0874999999999995 
37 22  4.175000000000001  0.0  6.262499999999999 
37 23  4.174999999999999  -2.0875000000000004  0.0 
38 0  -1.0437500000000004  -7.3062499999999995  -1.04375 
38 1  1.0437500000000004  -1.0437500000000002  5.218749999999999 
38 2  -1.04375  -3.1312499999999996  3.1312499999999996 
38 3  1.0437499999999995  -5.21875  1.04375 
38 4  3.1312499999999996  -7.3062499999999995  3.1312499999999996 
38 5  5.218749999999999  -1.0437500000000002  1.04375 
38 6  3.1312499999999996  -3.1312499999999996  -1.04375 
38 7  5.218749999999999  -5.21875  5.218749999999999 
38 8  -2.220446049250313e-16  -6.262499999999999  4.175 
38 9  2.220446049250313e-16  0.0  2.0874999999999995 
38 10  2.0874999999999995  -6.262499999999999  6.262499999999999 
38 11  2.0874999999999995  0.0  0.0 
38 12  -2.220446049250313e-16  -2.0874999999999995  0.0 
38 13  2.220446049250313e-16  -4.175  6.262499999999999 
38 14  2.0874999999999995  -2.0874999999999995  2.0874999999999995 
38 15  2.0874999999999995  -4.175  4.175 
38 16  4.175  -6.262499999999999  0.0 
38 17  4.175000000000002  0.0  6.262499999999999 
38 18  6.262499999999999  -6.262499999999999  2.0874999999999995 
38 19  6.2625  0.0  4.175 
38 20  4.175  -2.0874999999999995  4.175 
38 21  4.175  -4.175  2.0874999999999995 
38 22  6.2625  -2.0874999999999995  6.262499999999999 
38 23  6.262499999999999  -4.175  0.0 
39 0  -1.0437500000000004  -5.21875  -3.1312499999999996 
39 1  1.0437500000000004  1.0437499999999993  3.1312499999999996 
39 2  -1.04375  -1.0437500000000002  1.0437500000000002 
39 3  1.0437499999999995  -3.13125  -1.0437499999999997 
39 4  3.1312499999999996  -5.21875  1.0437500000000002 
39 5  5.218749999999999  1.0437499999999993  -1.0437499999999997 
39 6  3.1312499999999996  -1.0437500000000002  -3.1312499999999996 
39 7  5.218749999999999  -3.13125  3.1312499999999996 
39 8  -2.220446049250313e-16  -4.175  2.0875000000000004 
39 9  2.220446049250313e-16  2.0874999999999995  0.0 
39 10  2.0874999999999995  -4.175  4.175 
39 11  2.0874999999999995  2.0874999999999995  -2.0874999999999995 
39 12  -2.220446049250313e-16  0.0  -2.0874999999999995 
39 13  2.220446049250313e-16  -2.0875000000000004  4.175 
39 14  2.0874999999999995  0.0  0.0 
39 15  2.0874999999999995  -2.0875000000000004  2.0875000000000004 
39 16  4.175  -4.175  -2.0874999999999995 
39 17  4.175000000000002  2.0874999999999995  4.175 
39 18  6.262499999999999  -4.175  0.0 
39 19  6.2625  2.0874999999999995  2.0875000000000004 
39 20  4.175  0.0  2.0875000000000004 
39 21  4.175  -2.0875000000000004  0.0 
39 22  6.2625  0.0  4.175 
39 23  6.262499999999999  -2.0875000000000004  -2.0874999999999995 
40 0  -7.30625  -7.3062499999999995  -3.1312499999999996 
40 1  -5.21875  -1.0437500000000002  3.1312499999999996 
40 2  -7.3062499999999995  -3.1312499999999996  1.0437500000000002 
40 3  -5.21875  -5.21875  -1.0437499999999997 
40 4  -3.1312500000000005  -7.3062499999999995  1.0437500000000002 
40 5  -1.043750000000001  -1.0437500000000002  -1.0437499999999997 
40 6  -3.1312500000000005  -3.1312499999999996  -3.1312499999999996 
40 7  -1.043750000000001  -5.21875  3.1312499999999996 
40 8  -6.2625  -6.262499999999999  2.0875000000000004 
40 9  -6.262499999999999  0.0  0.0 
40 10  -4.175000000000001  -6.262499999999999  4.175 
40 11  -4.175000000000001  0.0  -2.0874999999999995 
40 12  -6.2625  -2.0874999999999995  -2.0874999999999995 
40 13  -6.262499999999999  -4.175  4.175 
40 14  -4.175000000000001  -2.0874999999999995  0.0 
40 15  -4.175000000000001  -4.175  2.0875000000000004 
40 16  -2.0875000000000004  -6.262499999999999  -2.0874999999999995 
40 17  -2.0874999999999986  0.0  4.175 
40 18  -8.881784197001252e-16  -6.262499999999999  0.0 
40 19  0.0  0.0  2.0875000000000004 
40 20  -2.0875000000000004  -2.0874999999999995  2.0875000000000004 
40 21  -2.0875000000000004  -4.175  0.0 
40 22  0.0  -2.0874999999999995  4.175 
40 23  -8.881784197001252e-16  -4.175  -2.0874999999999995 
41 0  -7.3062499999999995  -1.04375  -5.21875 
41 1  -5.218749999999998  5.218749999999999  1.0437499999999993 
41 2  -7.306249999999999  3.1312499999999996  -1.0437500000000002 
41 3  -5.21875  1.04375  -3.13125 
41 4  -3.1312499999999996  -1.04375  -1.0437500000000002 
41 5  -1.0437500000000002  5.218749999999999  -3.13125 
41 6  -3.1312499999999996  3.1312499999999996  -5.21875 
41 7  -1.0437500000000002  1.04375  1.0437499999999993 
41 8  -6.262499999999999  0.0  0.0 
41 9  -6.262499999999999  6.262499999999999  -2.0875000000000004 
41 10  -4.174999999999999  0.0  2.0874999999999995 
41 11  -4.174999999999999  6.262499999999999  -4.175 
41 12  -6.262499999999999  4.175  -4.175 
41 13  -6.262499999999999  2.0874999999999995  2.0874999999999995 
41 14  -4.174999999999999  4.175  -2.0875000000000004 
41 15  -4.174999999999999  2.0874999999999995  0.0 
41 16  -2.0874999999999995  0.0  -4.175 
41 17  -2.0874999999999977  6.262499999999999  2.0874999999999995 
41 18  0.0  0.0  -2.0875000000000004 
41 19  8.881784197001252e-16  6.262499999999999  0.0 
41 20  -2.0874999999999995  4.175  0.0 
41 21  -2.0874999999999995  2.0874999999999995  -2.0875000000000004 
41 22  8.881784197001252e-16  4.175  2.0874999999999995 
41 23  0.0  2.0874999999999995  -4.175 
42 0  -5.218750000000001  -7.3062499999999995  -1.04375 
42 1  -3.13125  -1.0437500000000002  5.218749999999999 
42 2  -5.21875  -3.1312499999999996  3.1312499999999996 
42 3  -3.131250000000001  -5.21875  1.04375 
42 4  -1.043750000000001  -7.3062499999999995  3.1312499999999996 
42 5  1.0437499999999984  -1.0437500000000002  1.04375 
42 6  -1.043750000000001  -3.1312499999999996  -1.04375 
42 7  1.0437499999999984  -5.21875  5.218749999999999 
42 8  -4.175000000000001  -6.262499999999999  4.175 
42 9  -4.175000000000001  0.0  2.0874999999999995 
42 10  -2.087500000000001  -6.262499999999999  6.262499999999999 
42 11  -2.087500000000001  0.0  0.0 
42 12  -4.175000000000001  -2.0874999999999995  0.0 
42 13  -4.175000000000001  -4.175  6.262499999999999 
42 14  -2.087500000000001  -2.0874999999999995  2.0874999999999995 
42 15  -2.087500000000001  -4.175  4.175 
42 16  -8.881784197001252e-16  -6.262499999999999  0.0 
42 17  8.881784197001252e-16  0.0  6.262499999999999 
42 18  2.0874999999999986  -6.262499999999999  2.0874999999999995 
42 19  2.0874999999999995  0.0  4.175 
42 20  -8.881784197001252e-16  -2.0874999999999995  4.175 
42 21  -8.881784197001252e-16  -4.175  2.0874999999999995 
42 22  2.0874999999999995  -2.0874999999999995  6.262499999999999 
42 23  2.0874999999999986  -4.175  0.0 
43 0  -5.218750000000001  -1.04375  -7.3062499999999995 
43 1  -3.13125  5.218749999999999  -1.0437500000000002 
43 2  -5.21875  3.1312499999999996  -3.1312499999999996 
43 3  -3.131250000000001  1.04375  -5.21875 
43 4  -1.043750000000001  -1.04375  -3.1312499999999996 
43 5  1.0437499999999984  5.218749999999999  -5.21875 
43 6  -1.043750000000001  3.1312499999999996  -7.3062499999999995 
43 7  1.0437499999999984  1.04375  -1.0437500000000002 
43 8  -4.175000000000001  0.0  -2.0874999999999995 
43 9  -4.175000000000001  6.262499999999999  -4.175 
43 10  -2.087500000000001  0.0  0.0 
43 11  -2.087500000000001  6.262499999999999  -6.262499999999999 
43 12  -4.175000000000001  4.175  -6.262499999999999 
43 13  -4.175000000000001  2.0874999999999995  0.0 
43 14  -2.087500000000001  4.175  -4.175 
43 15  -2.087500000000001  2.0874999999999995  -2.0874999999999995 
43 16  -8.881784197001252e-16  0.0  -6.262499999999999 
43 17  8.881784197001252e-16  6.262499999999999  0.0 
43 18  2.0874999999999986  0.0  -4.175 
43 19  2.0874999999999995  6.262499999999999  -2.0874999999999995 
43 20  -8.881784197001252e-16  4.175  -2.0874999999999995 
43 21  -8.881784197001252e-16  2.0874999999999995  -4.175 
43 22  2.0874999999999995  4.175  0.0 
43 23  2.0874999999999986  2.0874999999999995  -6.262499999999999 
44 0  -7.3062499999999995  -3.1312499999999996  -3.1312499999999996 
44 1  -5.218749999999998  3.1312499999999996  3.1312499999999996 
44 2  -7.306249999999999  1.0437500000000002  1.0437500000000002 
44 3  -5.21875  -1.0437499999999997  -1.0437499999999997 
44 4  -3.1312499999999996  -3.1312499999999996  1.0437500000000002 
44 5  -1.0437500000000002  3.1312499999999996  -1.0437499999999997 
44 6  -3.1312499999999996  1.0437500000000002  -3.1312499999999996 
44 7  -1.0437500000000002  -1.0437499999999997  3.1312499999999996 
44 8  -6.262499999999999  -2.0874999999999995  2.0875000000000004 
44 9  -6.262499999999999  4.175  0.0 
44 10  -4.174999999999999  -2.0874999999999995  4.175 
44 11  -4.174999999999999  4.175  -2.0874999999999995 
44 12  -6.262499999999999  2.0875000000000004  -2.0874999999999995 
44 13  -6.262499999999999  0.0  4.175 
44 14  -4.174999999999999  2.0875000000000004  0.0 
44 15  -4.174999999999999  0.0  2.0875000000000004 
44 16  -2.0874999999999995  -2.0874999999999995  -2.0874999999999995 
44 17  -2.0874999999999977  4.175  4.175 
44 18  0.0  -2.0874999999999995  0.0 
44 19  8.881784197001252e-16  4.175  2.0875000000000004 
44 20  -2.0874999999999995  2.0875000000000004  2.0875000000000004 
44 21  -2.0874999999999995  0.0  0.0 
44 22  8.881784197001252e-16  2.0875000000000004  4.175 
44 23  0.0  0.0  -2.0874999999999995 
45 0  -7.3062499999999995  -1.04375  -1.04375 
45 1  -5.218749999999998  5.218749999999999  5.218749999999999 
45 2  -7.306249999999999  3.1312499999999996  3.1312499999999996 
45 3  -5.21875  1.04375  1.04375 
45 4  -3.1312499999999996  -1.04375  3.1312499999999996 
45 5  -1.0437500000000002  5.218749999999999  1.04375 
45 6  -3.1312499999999996  3.1312499999999996  -1.04375 
45 7  -1.0437500000000002  1.04375  5.218749999999999 
45 8  -6.262499999999999  0.0  4.175 
45 9  -6.262499999999999  6.262499999999999  2.0874999999999995 
45 10  -4.174999999999999  0.0  6.262499999999999 
45 11  -4.174999999999999  6.262499999999999  0.0 
45 12  -6.262499999999999  4.175  0.0 
45 13  -6.262499999999999  2.0874999999999995  6.262499999999999 
45 14  -4.174999999999999  4.175  2.0874999999999995 
45 15  -4.174999999999999  2.0874999999999995  4.175 
45 16  -2.0874999999999995  0.0  0.0 
45 17  -2.0874999999999977  6.262499999999999  6.262499999999999 
45 18  0.0  0.0  2.0874999999999995 
45 19  8.881784197001252e-16  6.262499999999999  4.175 
45 20  -2.0874999999999995  4.175  4.175 
45 21  -2.0874999999999995  2.0874999999999995  2.0874999999999995 
45 22  8.881784197001252e-16  4.175  6.262499999999999 
45 23  0.0  2.0874999999999995  0.0 
46 0  -5.21875  -3.1312499999999996  -1.04375 
46 1  -3.131249999999999  3.1312499999999996  5.218749999999999 
46 2  -5.218749999999999  1.0437500000000002  3.1312499999999996 
46 3  -3.13125  -1.0437499999999997  1.04375 
46 4  -1.0437500000000002  -3.1312499999999996  3.1312499999999996 
46 5  1.0437499999999993  3.1312499999999996  1.04375 
46 6  -1.0437500000000002  1.0437500000000002  -1.04375 
46 7  1.0437499999999993  -1.0437499999999997  5.218749999999999 
46 8  -4.175  -2.0874999999999995  4.175 
46 9  -4.174999999999999  4.175  2.0874999999999995 
46 10  -2.0875  -2.0874999999999995  6.262499999999999 
46 11  -2.0875  4.175  0.0 
46 12  -4.175  2.0875000000000004  0.0 
46 13  -4.174999999999999  0.0  6.262499999999999 
46 14  -2.0875  2.0875000000000004  2.0874999999999995 
46 15  -2.0875  0.0  4.175 
46 16  0.0  -2.0874999999999995  0.0 
46 17  1.7763568394002505e-15  4.175  6.262499999999999 
46 18  2.0874999999999995  -2.0874999999999995  2.0874999999999995 
46 19  2.0875000000000004  4.175  4.175 
46 20  0.0  2.0875000000000004  4.175 
46 21  0.0  0.0  2.0874999999999995 
46 22  2.0875000000000004  2.0875000000000004  6.262499999999999 
46 23  2.0874999999999995  0.0  0.0 
47 0  -5.21875  -1.04375  -3.1312499999999996 
47 1  -3.131249999999999  5.218749999999999  3.1312499999999996 
47 2  -5.218749999999999  3.1312499999999996  1.0437500000000002 
47 3  -3.13125  1.04375  -1.0437499999999997 
47 4  -1.0437500000000002  -1.04375  1.0437500000000002 
47 5  1.0437499999999993  5.218749999999999  -1.0437499999999997 
47 6  -1.0437500000000002  3.1312499999999996  -3.1312499999999996 
47 7  1.0437499999999993  1.04375  3.1312499999999996 
47 8  -4.175  0.0  2.0875000000000004 
47 9  -4.174999999999999  6.262499999999999  0.0 
47 10  -2.0875  0.0  4.175 
47 11  -2.0875  6.262499999999999  -2.0874999999999995 
47 12  -4.175  4.175  -2.0874999999999995 
47 13  -4.174999999999999  2.0874999999999995  4.175 
47 14  -2.0875  4.175  0.0 
47 15  -2.0875  2.0874999999999995  2.0875000000000004 
47 16  0.0  0.0  -2.0874999999999995 
47 17  1.7763568394002505e-15  6.262499999999999  4.175 
47 18  2.0874999999999995  0.0  0.0 
47 19  2.0875000000000004  6.262499999999999  2.0875000000000004 
47 20  0.0  4.175  2.0875000000000004 
47 21  0.0  2.0874999999999995  0.0 
47 22  2.0875000000000004  4.175  4.175 
47 23  2.0874999999999995  2.0874999999999995  -2.0874999999999995 
48 0  -7.30625  -3.1312499999999996  -7.3062499999999995 
48 1  -5.21875  3.1312499999999996  -1.0437500000000002 
48 2  -7.3062499999999995  1.0437500000000002  -3.1312499999999996 
48 3  -5.21875  -1.0437499999999997  -5.21875 
48 4  -3.1312500000000005  -3.1312499999999996  -3.1312499999999996 
48 5  -1.043750000000001  3.1312499999999996  -5.21875 
48 6  -3.1312500000000005  1.0437500000000002  -7.3062499999999995 
48 7  -1.043750000000001  -1.0437499999999997  -1.0437500000000002 
48 8  -6.2625  -2.0874999999999995  -2.0874999999999995 
48 9  -6.262499999999999  4.175  -4.175 
48 10  -4.175000000000001  -2.0874999999999995  0.0 
48 11  -4.175000000000001  4.175  -6.262499999999999 
48 12  -6.2625  2.0875000000000004  -6.262499999999999 
48 13  -6.262499999999999  0.0  0.0 
48 14  -4.175000000000001  2.0875000000000004  -4.175 
48 15  -4.175000000000001  0.0  -2.0874999999999995 
48 16  -2.0875000000000004  -2.0874999999999995  -6.262499999999999 
48 17  -2.0874999999999986  4.175  0.0 
48 18  -8.881784197001252e-16  -2.0874999999999995  -4.175 
48 19  0.0  4.175  -2.0874999999999995 
48 20  -2.0875000000000004  2.0875000000000004  -2.0874999999999995 
48 21  -2.0875000000000004  0.0  -4.175 
48 22  0.0  2.0875000000000004  0.0 
48 23  -8.881784197001252e-16  0.0  -6.262499999999999 
49 0  -7.3062499999999995  -5.21875  -1.04375 
49 1  -5.218749999999998  1.0437499999999993  5.218749999999999 
49 2  -7.306249999999999  -1.0437500000000002  3.1312499999999996 
49 3  -5.21875  -3.13125  1.04375 
49 4  -3.1312499999999996  -5.21875  3.1312499999999996 
49 5  -1.0437500000000002  1.0437499999999993  1.04375 
49 6  -3.1312499999999996  -1.0437500000000002  -1.04375 
49 7  -1.0437500000000002  -3.13125  5.218749999999999 
49 8  -6.262499999999999  -4.175  4.175 
49 9  -6.262499999999999  2.0874999999999995  2.0874999999999995 
49 10  -4.174999999999999  -4.175  6.262499999999999 
49 11  -4.174999999999999  2.0874999999999995  0.0 
49 12  -6.262499999999999  0.0  0.0 
49 13  -6.262499999999999  -2.0875000000000004  6.262499999999999 
49 14  -4.174999999999999  0.0  2.0874999999999995 
49 15  -4.174999999999999  -2.0875000000000004  4.175 
49 16  -2.0874999999999995  -4.175  0.0 
49 17  -2.0874999999999977  2.0874999999999995  6.262499999999999 
49 18  0.0  -4.175  2.0874999999999995 
49 19  8.881784197001252e-16  2.0874999999999995  4.175 
49 20  -2.0874999999999995  0.0  4.175 
49 21  -2.0874999999999995  -2.0875000000000004  2.0874999999999995 
49 22  8.881784197001252e-16  0.0  6.262499999999999 
49 23  0.0  -2.0875000000000004  0.0 
50 0  -5.21875  -3.1312499999999996  -5.21875 
50 1  -3.131249999999999  3.1312499999999996  1.0437499999999993 
50 2  -5.218749999999999  1.0437500000000002  -1.0437500000000002 
50 3  -3.13125  -1.0437499999999997  -3.13125 
50 4  -1.0437500000000002  -3.1312499999999996  -1.0437500000000002 
50 5  1.0437499999999993  3.1312499999999996  -3.13125 
50 6  -1.0437500000000002  1.0437500000000002  -5.21875 
50 7  1.0437499999999993  -1.0437499999999997  1.0437499999999993 
50 8  -4.175  -2.0874999999999995  0.0 
50 9  -4.174999999999999  4.175  -2.0875000000000004 
50 10  -2.0875  -2.0874999999999995  2.0874999999999995 
50 11  -2.0875  4.175  -4.175 
50 12  -4.175  2.0875000000000004  -4.175 
50 13  -4.174999999999999  0.0  2.0874999999999995 
50 14  -2.0875  2.0875000000000004  -2.0875000000000004 
50 15  -2.0875  0.0  0.0 
50 16  0.0  -2.0874999999999995  -4.175 
50 17  1.7763568394002505e-15  4.175  2.0874999999999995 
50 18  2.0874999999999995  -2.0874999999999995  -2.0875000000000004 
50 19  2.0875000000000004  4.175  0.0 
50 20  0.0  2.0875000000000004  0.0 
50 21  0.0  0.0  -2.0875000000000004 
50 22  2.0875000000000004  2.0875000000000004  2.0874999999999995 
50 23  2.0874999999999995  0.0  -4.175 
51 0  -5.21875  -5.21875  -3.1312499999999996 
51 1  -3.131249999999999  1.0437499999999993  3.1312499999999996 
51 2  -5.218749999999999  -1.0437500000000002  1.0437500000000002 
51 3  -3.13125  -3.13125  -1.0437499999999997 
51 4  -1.0437500000000002  -5.21875  1.0437500000000002 
51 5  1.0437499999999993  1.0437499999999993  -1.0437499999999997 
51 6  -1.0437500000000002  -1.0437500000000002  -3.1312499999999996 
51 7  1.0437499999999993  -3.13125  3.1312499999999996 
51 8  -4.175  -4.175  2.0875000000000004 
51 9  -4.174999999999999  2.0874999999999995  0.0 
51 10  -2.0875  -4.175  4.175 
51 11  -2.0875  2.0874999999999995  -2.0874999999999995 
51 12  -4.175  0.0  -2.0874999999999995 
51 13  -4.174999999999999  -2.0875000000000004  4.175 
51 14  -2.0875  0.0  0.0 
51 15  -2.0875  -2.0875000000000004  2.0875000000000004 
51 16  0.0  -4.175  -2.0874999999999995 
51 17  1.7763568394002505e-15  2.0874999999999995  4.175 
51 18  2.0874999999999995  -4.175  0.0 
51 19  2.0875000000000004  2.0874999999999995  2.0875000000000004 
51 20  0.0  0.0  2.0875000000000004 
51 21  0.0  -2.0875000000000004  0.0 
51 22  2.0875000000000004  0.0  4.175 
51 23  2.0874999999999995  -2.0875000000000004  -2.0874999999999995 
52 0  -7.306250000000001  -7.3062499999999995  -7.3062499999999995 
52 1  -5.21875  -1.0437500000000002  -1.0437500000000002 
52 2  -7.30625  -3.1312499999999996  -3.1312499999999996 
52 3  -5.218750000000002  -5.21875  -5.21875 
52 4  -3.1312500000000014  -7.3062499999999995  -3.1312499999999996 
52 5  -1.043750000000002  -1.0437500000000002  -5.21875 
52 6  -3.1312500000000014  -3.1312499999999996  -7.3062499999999995 
52 7  -1.043750000000002  -5.21875  -1.0437500000000002 
52 8  -6.262500000000001  -6.262499999999999  -2.0874999999999995 
52 9  -6.262500000000001  0.0  -4.175 
52 10  -4.175000000000001  -6.262499999999999  0.0 
52 11  -4.175000000000001  0.0  -6.262499999999999 
52 12  -6.262500000000001  -2.0874999999999995  -6.262499999999999 
52 13  -6.262500000000001  -4.175  0.0 
52 14  -4.175000000000001  -2.0874999999999995  -4.175 
52 15  -4.175000000000001  -4.175  -2.0874999999999995 
52 16  -2.0875000000000012  -6.262499999999999  -6.262499999999999 
52 17  -2.0874999999999995  0.0  0.0 
52 18  -1.7763568394002505e-15  -6.262499999999999  -4.175 
52 19  -8.881784197001252e-16  0.0  -2.0874999999999995 
52 20  -2.0875000000000012  -2.0874999999999995  -2.0874999999999995 
52 21  -2.0875000000000012  -4.175  -4.175 
52 22  -8.881784197001252e-16  -2.0874999999999995  0.0 
52 23  -1.7763568394002505e-15  -4.175  -6.262499999999999 
53 0  -7.3062499999999995  -5.21875  -5.21875 
53 1  -5.218749999999998  1.0437499999999993  1.0437499999999993 
53 2  -7.306249999999999  -1.0437500000000002  -1.0437500000000002 
53 3  -5.21875  -3.13125  -3.13125 
53 4  -3.1312499999999996  -5.21875  -1.0437500000000002 
53 5  -1.0437500000000002  1.0437499999999993  -3.13125 
53 6  -3.1312499999999996  -1.0437500000000002  -5.21875 
53 7  -1.0437500000000002  -3.13125  1.0437499999999993 
53 8  -6.262499999999999  -4.175  0.0 
53 9  -6.262499999999999  2.0874999999999995  -2.0875000000000004 
53 10  -4.174999999999999  -4.175  2.0874999999999995 
53 11  -4.174999999999999  2.0874999999999995  -4.175 
53 12  -6.262499999999999  0.0  -4.175 
53 13  -6.262499999999999  -2.0875000000000004  2.0874999999999995 
53 14  -4.174999999999999  0.0  -2.0875000000000004 
53 15  -4.174999999999999  -2.0875000000000004  0.0 
53 16  -2.0874999999999995  -4.175  -4.175 
53 17  -2.0874999999999977  2.0874999999999995  2.0874999999999995 
53 18  0.0  -4.175  -2.0875000000000004 
53 19  8.881784197001252e-16  2.0874999999999995  0.0 
53 20  -2.0874999999999995  0.0  0.0 
53 21  -2.0874999999999995  -2.0875000000000004  -2.0875000000000004 
53 22  8.881784197001252e-16  0.0  2.0874999999999995 
53 23  0.0  -2.0875000000000004  -4.175 
54 0  -5.218750000000001  -7.3062499999999995  -5.21875 
54 1  -3.13125  -1.0437500000000002  1.0437499999999993 
54 2  -5.21875  -3.1312499999999996  -1.0437500000000002 
54 3  -3.131250000000001  -5.21875  -3.13125 
54 4  -1.043750000000001  -7.3062499999999995  -1.0437500000000002 
54 5  1.0437499999999984  -1.0437500000000002  -3.13125 
54 6  -1.043750000000001  -3.1312499999999996  -5.21875 
54 7  1.0437499999999984  -5.21875  1.0437499999999993 
54 8  -4.175000000000001  -6.262499999999999  0.0 
54 9  -4.175000000000001  0.0  -2.0875000000000004 
54 10  -2.087500000000001  -6.262499999999999  2.0874999999999995 
54 11  -2.087500000000001  0.0  -4.175 
54 12  -4.175000000000001  -2.0874999999999995  -4.175 
54 13  -4.175000000000001  -4.175  2.0874999999999995 
54 14  -2.087500000000001  -2.0874999999999995  -2.0875000000000004 
54 15  -2.087500000000001  -4.175  0.0 
54 16  -8.881784197001252e-16  -6.262499999999999  -4.175 
54 17  8.881784197001252e-16  0.0  2.0874999999999995 
54 18  2.0874999999999986  -6.262499999999999  -2.0875000000000004 
54 19  2.0874999999999995  0.0  0.0 
54 20  -8.881784197001252e-16  -2.0874999999999995  0.0 
54 21  -8.881784197001252e-16  -4.175  -2.0875000000000004 
54 22  2.0874999999999995  -2.0874999999999995  2.0874999999999995 
54 23  2.0874999999999986  -4.175  -4.175 
55 0  -5.218750000000001  -5.21875  -7.3062499999999995 
55 1  -3.13125  1.0437499999999993  -1.0437500000000002 
55 2  -5.21875  -1.0437500000000002  -3.1312499999999996 
55 3  -3.131250000000001  -3.13125  -5.21875 
55 4  -1.043750000000001  -5.21875  -3.1312499999999996 
55 5  1.0437499999999984  1.0437499999999993  -5.21875 
55 6  -1.043750000000001  -1.0437500000000002  -7.3062499999999995 
55 7  1.0437499999999984  -3.13125  -1.0437500000000002 
55 8  -4.175000000000001  -4.175  -2.0874999999999995 
55 9  -4.175000000000001  2.0874999999999995  -4.175 
55 10  -2.087500000000001  -4.175  0.0 
55 11  -2.087500000000001  2.0874999999999995  -6.262499999999999 
55 12  -4.175000000000001  0.0  -6.262499999999999 
55 13  -4.175000000000001  -2.0875000000000004  0.0 
55 14  -2.087500000000001  0.0  -4.175 
55 15  -2.087500000000001  -2.0875000000000004  -2.0874999999999995 
55 16  -8.881784197001252e-16  -4.175  -6.262499999999999 
55 17  8.881784197001252e-16  2.0874999999999995  0.0 
55 18  2.0874999999999986  -4.175  -4.175 
55 19  2.0874999999999995  2.0874999999999995  -2.0874999999999995 
55 20  -8.881784197001252e-16  0.0  -2.0874999999999995 
55 21  -8.881784197001252e-16  -2.0875000000000004  -4.175 
55 22  2.0874999999999995  0.0  0.0 
55 23  2.0874999999999986  -2.0875000000000004  -6.262499999999999 