         0        24   3.46173
         0        25   3.46173
         0        26   3.46173
         0        27   3.46173
         0        28   4.54960
         0        29   4.54960
         0        30   4.54960
         0        31   1.80783
         0        32
         0        33
         0        34   3.46173
         0        35   3.46173
         0        36   4.54960
         0        37   4.54960
         0        38   1.80783
         0        39   4.54960
         0        40   3.46173
         0        41   3.46173
         0        42   3.46173
         0        43   3.46173
         0        44   4.54960
         0        45   1.80783
         0        46   4.54960
         0        47   4.54960
         0        48   3.46173
         0        49   3.46173
         0        50
         0        51
         0        52   1.80783
         0        53   4.54960
         0        54   4.54960
         0        55   4.54960
         1        24   1.80783
         1        25   4.54960
         1        26   1.80783
         1        27   4.54960
         1        28   3.46173
         1        29   3.46173
         1        30   3.46173
         1        31   3.46173
         1        32   4.54960
         1        33   1.80783
         1        34   4.54960
         1        35   1.80783
         1        36   3.46173
         1        37   3.46173
         1        38   3.46173
         1        39   3.46173
         1        40   4.54960
         1        41   4.54960
         1        42   4.54960
         1        43   4.54960
         1        44
         1        45
         1        46
         1        47
         1        48   4.54960
         1        49   4.54960
         1        50   4.54960
         1        51   4.54960
         1        52   3.46173
         1        53   3.46173
         1        54   3.46173
         1        55   3.46173
         2        24
         2        25
         2        26   3.46173
         2        27   3.46173
         2        28   4.54960
         2        29   4.54960
         2        30   1.80783
         2        31   4.54960
         2        32   3.46173
         2        33   3.46173
         2        34   3.46173
         2        35   3.46173
         2        36   4.54960
         2        37   4.54960
         2        38   4.54960
         2        39   1.80783
         2        40   3.46173
         2        41   3.46173
         2        42
         2        43
         2        44   1.80783
         2        45   4.54960
         2        46   4.54960
         2        47   4.54960
         2        48   3.46173
         2        49   3.46173
         2        50   3.46173
         2        51   3.46173
         2        52   4.54960
         2        53   1.80783
         2        54   4.54960
         2        55   4.54960
         3        24   4.54960
         3        25   1.80783
         3        26   4.54960
         3        27   1.80783
         3        28   3.46173
         3        29   3.46173
         3        30   3.46173
         3        31   3.46173
         3        32   1.80783
         3        33   4.54960
         3        34   1.80783
         3        35   4.54960
         3        36   3.46173
         3        37   3.46173
         3        38   3.46173
         3        39   3.46173
         3        40   4.54960
         3        41   4.54960
         3        42   4.54960
         3        43   4.54960
         3        44   3.46173
         3        45   3.46173
         3        46   3.46173
         3        47   3.46173
         3        48   4.54960
         3        49   4.54960
         3        50   4.54960
         3        51   4.54960
         3        52
         3        53
         3        54
         3        55
         4        24   3.46173
         4        25   3.46173
         4        26   3.46173
         4        27   3.46173
         4        28   4.54960
         4        29   1.80783
         4        30   4.54960
         4        31   4.54960
         4        32   3.46173
         4        33   3.46173
         4        34
         4        35
         4        36   1.80783
         4        37   4.54960
         4        38   4.54960
         4        39   4.54960
         4        40   3.46173
         4        41   3.46173
         4        42   3.46173
         4        43   3.46173
         4        44   4.54960
         4        45   4.54960
         4        46   4.54960
         4        47   1.80783
         4        48
         4        49
         4        50   3.46173
         4        51   3.46173
         4        52   4.54960
         4        53   4.54960
         4        54   1.80783
         4        55   4.54960
         5        24   4.54960
         5        25   4.54960
         5        26   4.54960
         5        27   4.54960
         5        28
         5        29
         5        30
         5        31
         5        32   4.54960
         5        33   4.54960
         5        34   4.54960
         5        35   4.54960
         5        36   3.46173
         5        37   3.46173
         5        38   3.46173
         5        39   3.46173
         5        40   1.80783
         5        41   4.54960
         5        42   1.80783
         5        43   4.54960
         5        44   3.46173
         5        45   3.46173
         5        46   3.46173
         5        47   3.46173
         5        48   4.54960
         5        49   1.80783
         5        50   4.54960
         5        51   1.80783
         5        52   3.46173
         5        53   3.46173
         5        54   3.46173
         5        55   3.46173
         6        24   3.46173
         6        25   3.46173
         6        26
         6        27
         6        28   1.80783
         6        29   4.54960
         6        30   4.54960
         6        31   4.54960
         6        32   3.46173
         6        33   3.46173
         6        34   3.46173
         6        35   3.46173
         6        36   4.54960
         6        37   1.80783
         6        38   4.54960
         6        39   4.54960
         6        40
         6        41
         6        42   3.46173
         6        43   3.46173
         6        44   4.54960
         6        45   4.54960
         6        46   1.80783
         6        47   4.54960
         6        48   3.46173
         6        49   3.46173
         6        50   3.46173
         6        51   3.46173
         6        52   4.54960
         6        53   4.54960
         6        54   4.54960
         6        55   1.80783
         7        24   4.54960
         7        25   4.54960
         7        26   4.54960
         7        27   4.54960
         7        28   3.46173
         7        29   3.46173
         7        30   3.46173
         7        31   3.46173
         7        32   4.54960
         7        33   4.54960
         7        34   4.54960
         7        35   4.54960
         7        36
         7        37
         7        38
         7        39
         7        40   4.54960
         7        41   1.80783
         7        42   4.54960
         7        43   1.80783
         7        44   3.46173
         7        45   3.46173
         7        46   3.46173
         7        47   3.46173
         7        48   1.80783
         7        49   4.54960
         7        50   1.80783
         7        51   4.54960
         7        52   3.46173
         7        53   3.46173
         7        54   3.46173
         7        55   3.46173
         8        24   3.61566
         8        25   4.66779   4.66779
         8        26   2.08750
         8        27   2.08750
         8        28   3.61566
         8        29   2.08750
         8        30   2.08750
         8        31   2.08750
         8        32   3.61566
         8        33   4.66779   4.66779
         8        34   4.66779   4.66779
         8        35   4.66779   4.66779
         8        36   3.61566
         8        37
         8        38   4.66779   4.66779
         8        39   4.66779   4.66779
         8        40   3.61566
         8        41   2.08750
         8        42
         8        43   4.66779   4.66779
         8        44   3.61566
         8        45   4.66779   4.66779
         8        46
         8        47   4.66779   4.66779
         8        48   3.61566
         8        49
         8        50   4.66779   4.66779
         8        51
         8        52   3.61566
         8        53   4.66779   4.66779
         8        54   4.66779   4.66779
         8        55
         9        24   4.66779   4.66779
         9        25   3.61566
         9        26   2.08750
         9        27   2.08750
         9        28
         9        29   3.61566
         9        30   4.66779   4.66779
         9        31   4.66779   4.66779
         9        32   4.66779   4.66779
         9        33   3.61566
         9        34   4.66779   4.66779
         9        35   4.66779   4.66779
         9        36   2.08750
         9        37   3.61566
         9        38   2.08750
         9        39   2.08750
         9        40   2.08750
         9        41   3.61566
         9        42   4.66779   4.66779
         9        43
         9        44   4.66779   4.66779
         9        45   3.61566
         9        46
         9        47   4.66779   4.66779
         9        48
         9        49   3.61566
         9        50
         9        51   4.66779   4.66779
         9        52   4.66779   4.66779
         9        53   3.61566
         9        54   4.66779   4.66779
         9        55
        10        24   2.08750
        10        25   2.08750
        10        26   3.61566
        10        27   4.66779   4.66779
        10        28   2.08750
        10        29   2.08750
        10        30   3.61566
        10        31   2.08750
        10        32   4.66779   4.66779
        10        33   4.66779   4.66779
        10        34   3.61566
        10        35   4.66779   4.66779
        10        36   4.66779   4.66779
        10        37   4.66779   4.66779
        10        38   3.61566
        10        39
        10        40
        10        41   4.66779   4.66779
        10        42   3.61566
        10        43   2.08750
        10        44
        10        45   4.66779   4.66779
        10        46   3.61566
        10        47   4.66779   4.66779
        10        48   4.66779   4.66779
        10        49
        10        50   3.61566
        10        51
        10        52   4.66779   4.66779
        10        53
        10        54   3.61566
        10        55   4.66779   4.66779
        11        24   2.08750
        11        25   2.08750
        11        26   4.66779   4.66779
        11        27   3.61566
        11        28   4.66779   4.66779
        11        29   4.66779   4.66779
        11        30
        11        31   3.61566
        11        32   4.66779   4.66779
        11        33   4.66779   4.66779
        11        34   4.66779   4.66779
        11        35   3.61566
        11        36   2.08750
        11        37   2.08750
        11        38   2.08750
        11        39   3.61566
        11        40   4.66779   4.66779
        11        41
        11        42   2.08750
        11        43   3.61566
        11        44
        11        45   4.66779   4.66779
        11        46   4.66779   4.66779
        11        47   3.61566
        11        48
        11        49   4.66779   4.66779
        11        50
        11        51   3.61566
        11        52   4.66779   4.66779
        11        53
        11        54   4.66779   4.66779
        11        55   3.61566
        12        24   3.61566
        12        25   4.66779   4.66779
        12        26   4.66779   4.66779
        12        27   4.66779   4.66779
        12        28   3.61566
        12        29
        12        30   4.66779   4.66779
        12        31   4.66779   4.66779
        12        32   3.61566
        12        33   4.66779   4.66779
        12        34   2.08750
        12        35   2.08750
        12        36   3.61566
        12        37   2.08750
        12        38   2.08750
        12        39   2.08750
        12        40   3.61566
        12        41
        12        42   4.66779   4.66779
        12        43
        12        44   3.61566
        12        45   4.66779   4.66779
        12        46   4.66779   4.66779
        12        47
        12        48   3.61566
        12        49   2.08750
        12        50
        12        51   4.66779   4.66779
        12        52   3.61566
        12        53   4.66779   4.66779
        12        54
        12        55   4.66779   4.66779
        13        24   4.66779   4.66779
        13        25   3.61566
        13        26   4.66779   4.66779
        13        27   4.66779   4.66779
        13        28   2.08750
        13        29   3.61566
        13        30   2.08750
        13        31   2.08750
        13        32   4.66779   4.66779
        13        33   3.61566
        13        34   2.08750
        13        35   2.08750
        13        36
        13        37   3.61566
        13        38   4.66779   4.66779
        13        39   4.66779   4.66779
        13        40
        13        41   3.61566
        13        42
        13        43   4.66779   4.66779
        13        44   4.66779   4.66779
        13        45   3.61566
        13        46   4.66779   4.66779
        13        47
        13        48   2.08750
        13        49   3.61566
        13        50   4.66779   4.66779
        13        51
        13        52   4.66779   4.66779
        13        53   3.61566
        13        54
        13        55   4.66779   4.66779
        14        24   4.66779   4.66779
        14        25   4.66779   4.66779
        14        26   3.61566
        14        27   4.66779   4.66779
        14        28   4.66779   4.66779
        14        29   4.66779   4.66779
        14        30   3.61566
        14        31
        14        32   2.08750
        14        33   2.08750
        14        34   3.61566
        14        35   4.66779   4.66779
        14        36   2.08750
        14        37   2.08750
        14        38   3.61566
        14        39   2.08750
        14        40   4.66779   4.66779
        14        41
        14        42   3.61566
        14        43
        14        44   4.66779   4.66779
        14        45
        14        46   3.61566
        14        47   4.66779   4.66779
        14        48
        14        49   4.66779   4.66779
        14        50   3.61566
        14        51   2.08750
        14        52
        14        53   4.66779   4.66779
        14        54   3.61566
        14        55   4.66779   4.66779
        15        24   4.66779   4.66779
        15        25   4.66779   4.66779
        15        26   4.66779   4.66779
        15        27   3.61566
        15        28   2.08750
        15        29   2.08750
        15        30   2.08750
        15        31   3.61566
        15        32   2.08750
        15        33   2.08750
        15        34   4.66779   4.66779
        15        35   3.61566
        15        36   4.66779   4.66779
        15        37   4.66779   4.66779
        15        38
        15        39   3.61566
        15        40
        15        41   4.66779   4.66779
        15        42
        15        43   3.61566
        15        44   4.66779   4.66779
        15        45
        15        46   4.66779   4.66779
        15        47   3.61566
        15        48   4.66779   4.66779
        15        49
        15        50   2.08750
        15        51   3.61566
        15        52
        15        53   4.66779   4.66779
        15        54   4.66779   4.66779
        15        55   3.61566
        16        24   3.61566
        16        25   2.08750
        16        26
        16        27   4.66779   4.66779
        16        28   3.61566
        16        29   4.66779   4.66779
        16        30
        16        31   4.66779   4.66779
        16        32   3.61566
        16        33
        16        34   4.66779   4.66779
        16        35
        16        36   3.61566
        16        37   4.66779   4.66779
        16        38   4.66779   4.66779
        16        39
        16        40   3.61566
        16        41   4.66779   4.66779
        16        42   2.08750
        16        43   2.08750
        16        44   3.61566
        16        45   2.08750
        16        46   2.08750
        16        47   2.08750
        16        48   3.61566
        16        49   4.66779   4.66779
        16        50   4.66779   4.66779
        16        51   4.66779   4.66779
        16        52   3.61566
        16        53
        16        54   4.66779   4.66779
        16        55   4.66779   4.66779
        17        24   2.08750
        17        25   3.61566
        17        26   4.66779   4.66779
        17        27
        17        28   4.66779   4.66779
        17        29   3.61566
        17        30
        17        31   4.66779   4.66779
        17        32
        17        33   3.61566
        17        34
        17        35   4.66779   4.66779
        17        36   4.66779   4.66779
        17        37   3.61566
        17        38   4.66779   4.66779
        17        39
        17        40   4.66779   4.66779
        17        41   3.61566
        17        42   2.08750
        17        43   2.08750
        17        44
        17        45   3.61566
        17        46   4.66779   4.66779
        17        47   4.66779   4.66779
        17        48   4.66779   4.66779
        17        49   3.61566
        17        50   4.66779   4.66779
        17        51   4.66779   4.66779
        17        52   2.08750
        17        53   3.61566
        17        54   2.08750
        17        55   2.08750
        18        24
        18        25   4.66779   4.66779
        18        26   3.61566
        18        27   2.08750
        18        28
        18        29   4.66779   4.66779
        18        30   3.61566
        18        31   4.66779   4.66779
        18        32   4.66779   4.66779
        18        33
        18        34   3.61566
        18        35
        18        36   4.66779   4.66779
        18        37
        18        38   3.61566
        18        39   4.66779   4.66779
        18        40   2.08750
        18        41   2.08750
        18        42   3.61566
        18        43   4.66779   4.66779
        18        44   2.08750
        18        45   2.08750
        18        46   3.61566
        18        47   2.08750
        18        48   4.66779   4.66779
        18        49   4.66779   4.66779
        18        50   3.61566
        18        51   4.66779   4.66779
        18        52   4.66779   4.66779
        18        53   4.66779   4.66779
        18        54   3.61566
        18        55
        19        24   4.66779   4.66779
        19        25
        19        26   2.08750
        19        27   3.61566
        19        28
        19        29   4.66779   4.66779
        19        30   4.66779   4.66779
        19        31   3.61566
        19        32
        19        33   4.66779   4.66779
        19        34
        19        35   3.61566
        19        36   4.66779   4.66779
        19        37
        19        38   4.66779   4.66779
        19        39   3.61566
        19        40   2.08750
        19        41   2.08750
        19        42   4.66779   4.66779
        19        43   3.61566
        19        44   4.66779   4.66779
        19        45   4.66779   4.66779
        19        46
        19        47   3.61566
        19        48   4.66779   4.66779
        19        49   4.66779   4.66779
        19        50   4.66779   4.66779
        19        51   3.61566
        19        52   2.08750
        19        53   2.08750
        19        54   2.08750
        19        55   3.61566
        20        24   3.61566
        20        25
        20        26   4.66779   4.66779
        20        27
        20        28   3.61566
        20        29   4.66779   4.66779
        20        30   4.66779   4.66779
        20        31
        20        32   3.61566
        20        33   2.08750
        20        34
        20        35   4.66779   4.66779
        20        36   3.61566
        20        37   4.66779   4.66779
        20        38
        20        39   4.66779   4.66779
        20        40   3.61566
        20        41   4.66779   4.66779
        20        42   4.66779   4.66779
        20        43   4.66779   4.66779
        20        44   3.61566
        20        45
        20        46   4.66779   4.66779
        20        47   4.66779   4.66779
        20        48   3.61566
        20        49   4.66779   4.66779
        20        50   2.08750
        20        51   2.08750
        20        52   3.61566
        20        53   2.08750
        20        54   2.08750
        20        55   2.08750
        21        24
        21        25   3.61566
        21        26
        21        27   4.66779   4.66779
        21        28   4.66779   4.66779
        21        29   3.61566
        21        30   4.66779   4.66779
        21        31
        21        32   2.08750
        21        33   3.61566
        21        34   4.66779   4.66779
        21        35
        21        36   4.66779   4.66779
        21        37   3.61566
        21        38
        21        39   4.66779   4.66779
        21        40   4.66779   4.66779
        21        41   3.61566
        21        42   4.66779   4.66779
        21        43   4.66779   4.66779
        21        44   2.08750
        21        45   3.61566
        21        46   2.08750
        21        47   2.08750
        21        48   4.66779   4.66779
        21        49   3.61566
        21        50   2.08750
        21        51   2.08750
        21        52
        21        53   3.61566
        21        54   4.66779   4.66779
        21        55   4.66779   4.66779
        22        24   4.66779   4.66779
        22        25
        22        26   3.61566
        22        27
        22        28   4.66779   4.66779
        22        29
        22        30   3.61566
        22        31   4.66779   4.66779
        22        32
        22        33   4.66779   4.66779
        22        34   3.61566
        22        35   2.08750
        22        36
        22        37   4.66779   4.66779
        22        38   3.61566
        22        39   4.66779   4.66779
        22        40   4.66779   4.66779
        22        41   4.66779   4.66779
        22        42   3.61566
        22        43   4.66779   4.66779
        22        44   4.66779   4.66779
        22        45   4.66779   4.66779
        22        46   3.61566
        22        47
        22        48   2.08750
        22        49   2.08750
        22        50   3.61566
        22        51   4.66779   4.66779
        22        52   2.08750
        22        53   2.08750
        22        54   3.61566
        22        55   2.08750
        23        24
        23        25   4.66779   4.66779
        23        26
        23        27   3.61566
        23        28   4.66779   4.66779
        23        29
        23        30   4.66779   4.66779
        23        31   3.61566
        23        32   4.66779   4.66779
        23        33
        23        34   2.08750
        23        35   3.61566
        23        36
        23        37   4.66779   4.66779
        23        38   4.66779   4.66779
        23        39   3.61566
        23        40   4.66779   4.66779
        23        41   4.66779   4.66779
        23        42   4.66779   4.66779
        23        43   3.61566
        23        44   2.08750
        23        45   2.08750
        23        46   2.08750
        23        47   3.61566
        23        48   2.08750
        23        49   2.08750
        23        50   4.66779   4.66779
        23        51   3.61566
        23        52   4.66779   4.66779
        23        53   4.66779   4.66779
        23        54
        23        55   3.61566
        24         0   3.46173
        24         1   1.80783
        24         2
        24         3   4.54960
        24         4   3.46173
        24         5   4.54960
        24         6   3.46173
        24         7   4.54960
        24         8   3.61566
        24         9   4.66779   4.66779
        24        10   2.08750
        24        11   2.08750
        24        12   3.61566
        24        13   4.66779   4.66779
        24        14   4.66779   4.66779
        24        15   4.66779   4.66779
        24        16   3.61566
        24        17   2.08750
        24        18
        24        19   4.66779   4.66779
        24        20   3.61566
        24        21
        24        22   4.66779   4.66779
        24        23
        25         0   3.46173
        25         1   4.54960
        25         2
        25         3   1.80783
        25         4   3.46173
        25         5   4.54960
        25         6   3.46173
        25         7   4.54960
        25         8   4.66779   4.66779
        25         9   3.61566
        25        10   2.08750
        25        11   2.08750
        25        12   4.66779   4.66779
        25        13   3.61566
        25        14   4.66779   4.66779
        25        15   4.66779   4.66779
        25        16   2.08750
        25        17   3.61566
        25        18   4.66779   4.66779
        25        19
        25        20
        25        21   3.61566
        25        22
        25        23   4.66779   4.66779
        26         0   3.46173
        26         1   1.80783
        26         2   3.46173
        26         3   4.54960
        26         4   3.46173
        26         5   4.54960
        26         6
        26         7   4.54960
        26         8   2.08750
        26         9   2.08750
        26        10   3.61566
        26        11   4.66779   4.66779
        26        12   4.66779   4.66779
        26        13   4.66779   4.66779
        26        14   3.61566
        26        15   4.66779   4.66779
        26        16
        26        17   4.66779   4.66779
        26        18   3.61566
        26        19   2.08750
        26        20   4.66779   4.66779
        26        21
        26        22   3.61566
        26        23
        27         0   3.46173
        27         1   4.54960
        27         2   3.46173
        27         3   1.80783
        27         4   3.46173
        27         5   4.54960
        27         6
        27         7   4.54960
        27         8   2.08750
        27         9   2.08750
        27        10   4.66779   4.66779
        27        11   3.61566
        27        12   4.66779   4.66779
        27        13   4.66779   4.66779
        27        14   4.66779   4.66779
        27        15   3.61566
        27        16   4.66779   4.66779
        27        17
        27        18   2.08750
        27        19   3.61566
        27        20
        27        21   4.66779   4.66779
        27        22
        27        23   3.61566
        28         0   4.54960
        28         1   3.46173
        28         2   4.54960
        28         3   3.46173
        28         4   4.54960
        28         5
        28         6   1.80783
        28         7   3.46173
        28         8   3.61566
        28         9
        28        10   2.08750
        28        11   4.66779   4.66779
        28        12   3.61566
        28        13   2.08750
        28        14   4.66779   4.66779
        28        15   2.08750
        28        16   3.61566
        28        17   4.66779   4.66779
        28        18
        28        19
        28        20   3.61566
        28        21   4.66779   4.66779
        28        22   4.66779   4.66779
        28        23   4.66779   4.66779
        29         0   4.54960
        29         1   3.46173
        29         2   4.54960
        29         3   3.46173
        29         4   1.80783
        29         5
        29         6   4.54960
        29         7   3.46173
        29         8   2.08750
        29         9   3.61566
        29        10   2.08750
        29        11   4.66779   4.66779
        29        12
        29        13   3.61566
        29        14   4.66779   4.66779
        29        15   2.08750
        29        16   4.66779   4.66779
        29        17   3.61566
        29        18   4.66779   4.66779
        29        19   4.66779   4.66779
        29        20   4.66779   4.66779
        29        21   3.61566
        29        22
        29        23
        30         0   4.54960
        30         1   3.46173
        30         2   1.80783
        30         3   3.46173
        30         4   4.54960
        30         5
        30         6   4.54960
        30         7   3.46173
        30         8   2.08750
        30         9   4.66779   4.66779
        30        10   3.61566
        30        11
        30        12   4.66779   4.66779
        30        13   2.08750
        30        14   3.61566
        30        15   2.08750
        30        16
        30        17
        30        18   3.61566
        30        19   4.66779   4.66779
        30        20   4.66779   4.66779
        30        21   4.66779   4.66779
        30        22   3.61566
        30        23   4.66779   4.66779
        31         0   1.80783
        31         1   3.46173
        31         2   4.54960
        31         3   3.46173
        31         4   4.54960
        31         5
        31         6   4.54960
        31         7   3.46173
        31         8   2.08750
        31         9   4.66779   4.66779
        31        10   2.08750
        31        11   3.61566
        31        12   4.66779   4.66779
        31        13   2.08750
        31        14
        31        15   3.61566
        31        16   4.66779   4.66779
        31        17   4.66779   4.66779
        31        18   4.66779   4.66779
        31        19   3.61566
        31        20
        31        21
        31        22   4.66779   4.66779
        31        23   3.61566
        32         0
        32         1   4.54960
        32         2   3.46173
        32         3   1.80783
        32         4   3.46173
        32         5   4.54960
        32         6   3.46173
        32         7   4.54960
        32         8   3.61566
        32         9   4.66779   4.66779
        32        10   4.66779   4.66779
        32        11   4.66779   4.66779
        32        12   3.61566
        32        13   4.66779   4.66779
        32        14   2.08750
        32        15   2.08750
        32        16   3.61566
        32        17
        32        18   4.66779   4.66779
        32        19
        32        20   3.61566
        32        21   2.08750
        32        22
        32        23   4.66779   4.66779
        33         0
        33         1   1.80783
        33         2   3.46173
        33         3   4.54960
        33         4   3.46173
        33         5   4.54960
        33         6   3.46173
        33         7   4.54960
        33         8   4.66779   4.66779
        33         9   3.61566
        33        10   4.66779   4.66779
        33        11   4.66779   4.66779
        33        12   4.66779   4.66779
        33        13   3.61566
        33        14   2.08750
        33        15   2.08750
        33        16
        33        17   3.61566
        33        18
        33        19   4.66779   4.66779
        33        20   2.08750
        33        21   3.61566
        33        22   4.66779   4.66779
        33        23
        34         0   3.46173
        34         1   4.54960
        34         2   3.46173
        34         3   1.80783
        34         4
        34         5   4.54960
        34         6   3.46173
        34         7   4.54960
        34         8   4.66779   4.66779
        34         9   4.66779   4.66779
        34        10   3.61566
        34        11   4.66779   4.66779
        34        12   2.08750
        34        13   2.08750
        34        14   3.61566
        34        15   4.66779   4.66779
        34        16   4.66779   4.66779
        34        17
        34        18   3.61566
        34        19
        34        20
        34        21   4.66779   4.66779
        34        22   3.61566
        34        23   2.08750
        35         0   3.46173
        35         1   1.80783
        35         2   3.46173
        35         3   4.54960
        35         4
        35         5   4.54960
        35         6   3.46173
        35         7   4.54960
        35         8   4.66779   4.66779
        35         9   4.66779   4.66779
        35        10   4.66779   4.66779
        35        11   3.61566
        35        12   2.08750
        35        13   2.08750
        35        14   4.66779   4.66779
        35        15   3.61566
        35        16
        35        17   4.66779   4.66779
        35        18
        35        19   3.61566
        35        20   4.66779   4.66779
        35        21
        35        22   2.08750
        35        23   3.61566
        36         0   4.54960
        36         1   3.46173
        36         2   4.54960
        36         3   3.46173
        36         4   1.80783
        36         5   3.46173
        36         6   4.54960
        36         7
        36         8   3.61566
        36         9   2.08750
        36        10   4.66779   4.66779
        36        11   2.08750
        36        12   3.61566
        36        13
        36        14   2.08750
        36        15   4.66779   4.66779
        36        16   3.61566
        36        17   4.66779   4.66779
        36        18   4.66779   4.66779
        36        19   4.66779   4.66779
        36        20   3.61566
        36        21   4.66779   4.66779
        36        22
        36        23
        37         0   4.54960
        37         1   3.46173
        37         2   4.54960
        37         3   3.46173
        37         4   4.54960
        37         5   3.46173
        37         6   1.80783
        37         7
        37         8
        37         9   3.61566
        37        10   4.66779   4.66779
        37        11   2.08750
        37        12   2.08750
        37        13   3.61566
        37        14   2.08750
        37        15   4.66779   4.66779
        37        16   4.66779   4.66779
        37        17   3.61566
        37        18
        37        19
        37        20   4.66779   4.66779
        37        21   3.61566
        37        22   4.66779   4.66779
        37        23   4.66779   4.66779
        38         0   1.80783
        38         1   3.46173
        38         2   4.54960
        38         3   3.46173
        38         4   4.54960
        38         5   3.46173
        38         6   4.54960
        38         7
        38         8   4.66779   4.66779
        38         9   2.08750
        38        10   3.61566
        38        11   2.08750
        38        12   2.08750
        38        13   4.66779   4.66779
        38        14   3.61566
        38        15
        38        16   4.66779   4.66779
        38        17   4.66779   4.66779
        38        18   3.61566
        38        19   4.66779   4.66779
        38        20
        38        21
        38        22   3.61566
        38        23   4.66779   4.66779
        39         0   4.54960
        39         1   3.46173
        39         2   1.80783
        39         3   3.46173
        39         4   4.54960
        39         5   3.46173
        39         6   4.54960
        39         7
        39         8   4.66779   4.66779
        39         9   2.08750
        39        10
        39        11   3.61566
        39        12   2.08750
        39        13   4.66779   4.66779
        39        14   2.08750
        39        15   3.61566
        39        16
        39        17
        39        18   4.66779   4.66779
        39        19   3.61566
        39        20   4.66779   4.66779
        39        21   4.66779   4.66779
        39        22   4.66779   4.66779
        39        23   3.61566
        40         0   3.46173
        40         1   4.54960
        40         2   3.46173
        40         3   4.54960
        40         4   3.46173
        40         5   1.80783
        40         6
        40         7   4.54960
        40         8   3.61566
        40         9   2.08750
        40        10
        40        11   4.66779   4.66779
        40        12   3.61566
        40        13
        40        14   4.66779   4.66779
        40        15
        40        16   3.61566
        40        17   4.66779   4.66779
        40        18   2.08750
        40        19   2.08750
        40        20   3.61566
        40        21   4.66779   4.66779
        40        22   4.66779   4.66779
        40        23   4.66779   4.66779
        41         0   3.46173
        41         1   4.54960
        41         2   3.46173
        41         3   4.54960
        41         4   3.46173
        41         5   4.54960
        41         6
        41         7   1.80783
        41         8   2.08750
        41         9   3.61566
        41        10   4.66779   4.66779
        41        11
        41        12
        41        13   3.61566
        41        14
        41        15   4.66779   4.66779
        41        16   4.66779   4.66779
        41        17   3.61566
        41        18   2.08750
        41        19   2.08750
        41        20   4.66779   4.66779
        41        21   3.61566
        41        22   4.66779   4.66779
        41        23   4.66779   4.66779
        42         0   3.46173
        42         1   4.54960
        42         2
        42         3   4.54960
        42         4   3.46173
        42         5   1.80783
        42         6   3.46173
        42         7   4.54960
        42         8
        42         9   4.66779   4.66779
        42        10   3.61566
        42        11   2.08750
        42        12   4.66779   4.66779
        42        13
        42        14   3.61566
        42        15
        42        16   2.08750
        42        17   2.08750
        42        18   3.61566
        42        19   4.66779   4.66779
        42        20   4.66779   4.66779
        42        21   4.66779   4.66779
        42        22   3.61566
        42        23   4.66779   4.66779
        43         0   3.46173
        43         1   4.54960
        43         2
        43         3   4.54960
        43         4   3.46173
        43         5   4.54960
        43         6   3.46173
        43         7   1.80783
        43         8   4.66779   4.66779
        43         9
        43        10   2.08750
        43        11   3.61566
        43        12
        43        13   4.66779   4.66779
        43        14
        43        15   3.61566
        43        16   2.08750
        43        17   2.08750
        43        18   4.66779   4.66779
        43        19   3.61566
        43        20   4.66779   4.66779
        43        21   4.66779   4.66779
        43        22   4.66779   4.66779
        43        23   3.61566
        44         0   4.54960
        44         1
        44         2   1.80783
        44         3   3.46173
        44         4   4.54960
        44         5   3.46173
        44         6   4.54960
        44         7   3.46173
        44         8   3.61566
        44         9   4.66779   4.66779
        44        10
        44        11
        44        12   3.61566
        44        13   4.66779   4.66779
        44        14   4.66779   4.66779
        44        15   4.66779   4.66779
        44        16   3.61566
        44        17
        44        18   2.08750
        44        19   4.66779   4.66779
        44        20   3.61566
        44        21   2.08750
        44        22   4.66779   4.66779
        44        23   2.08750
        45         0   1.80783
        45         1
        45         2   4.54960
        45         3   3.46173
        45         4   4.54960
        45         5   3.46173
        45         6   4.54960
        45         7   3.46173
        45         8   4.66779   4.66779
        45         9   3.61566
        45        10   4.66779   4.66779
        45        11   4.66779   4.66779
        45        12   4.66779   4.66779
        45        13   3.61566
        45        14
        45        15
        45        16   2.08750
        45        17   3.61566
        45        18   2.08750
        45        19   4.66779   4.66779
        45        20
        45        21   3.61566
        45        22   4.66779   4.66779
        45        23   2.08750
        46         0   4.54960
        46         1
        46         2   4.54960
        46         3   3.46173
        46         4   4.54960
        46         5   3.46173
        46         6   1.80783
        46         7   3.46173
        46         8
        46         9
        46        10   3.61566
        46        11   4.66779   4.66779
        46        12   4.66779   4.66779
        46        13   4.66779   4.66779
        46        14   3.61566
        46        15   4.66779   4.66779
        46        16   2.08750
        46        17   4.66779   4.66779
        46        18   3.61566
        46        19
        46        20   4.66779   4.66779
        46        21   2.08750
        46        22   3.61566
        46        23   2.08750
        47         0   4.54960
        47         1
        47         2   4.54960
        47         3   3.46173
        47         4   1.80783
        47         5   3.46173
        47         6   4.54960
        47         7   3.46173
        47         8   4.66779   4.66779
        47         9   4.66779   4.66779
        47        10   4.66779   4.66779
        47        11   3.61566
        47        12
        47        13
        47        14   4.66779   4.66779
        47        15   3.61566
        47        16   2.08750
        47        17   4.66779   4.66779
        47        18   2.08750
        47        19   3.61566
        47        20   4.66779   4.66779
        47        21   2.08750
        47        22
        47        23   3.61566
        48         0   3.46173
        48         1   4.54960
        48         2   3.46173
        48         3   4.54960
        48         4
        48         5   4.54960
        48         6   3.46173
        48         7   1.80783
        48         8   3.61566
        48         9
        48        10   4.66779   4.66779
        48        11
        48        12   3.61566
        48        13   2.08750
        48        14
        48        15   4.66779   4.66779
        48        16   3.61566
        48        17   4.66779   4.66779
        48        18   4.66779   4.66779
        48        19   4.66779   4.66779
        48        20   3.61566
        48        21   4.66779   4.66779
        48        22   2.08750
        48        23   2.08750
        49         0   3.46173
        49         1   4.54960
        49         2   3.46173
        49         3   4.54960
        49         4
        49         5   1.80783
        49         6   3.46173
        49         7   4.54960
        49         8
        49         9   3.61566
        49        10
        49        11   4.66779   4.66779
        49        12   2.08750
        49        13   3.61566
        49        14   4.66779   4.66779
        49        15
        49        16   4.66779   4.66779
        49        17   3.61566
        49        18   4.66779   4.66779
        49        19   4.66779   4.66779
        49        20   4.66779   4.66779
        49        21   3.61566
        49        22   2.08750
        49        23   2.08750
        50         0
        50         1   4.54960
        50         2   3.46173
        50         3   4.54960
        50         4   3.46173
        50         5   4.54960
        50         6   3.46173
        50         7   1.80783
        50         8   4.66779   4.66779
        50         9
        50        10   3.61566
        50        11
        50        12
        50        13   4.66779   4.66779
        50        14   3.61566
        50        15   2.08750
        50        16   4.66779   4.66779
        50        17   4.66779   4.66779
        50        18   3.61566
        50        19   4.66779   4.66779
        50        20   2.08750
        50        21   2.08750
        50        22   3.61566
        50        23   4.66779   4.66779
        51         0
        51         1   4.54960
        51         2   3.46173
        51         3   4.54960
        51         4   3.46173
        51         5   1.80783
        51         6   3.46173
        51         7   4.54960
        51         8
        51         9   4.66779   4.66779
        51        10
        51        11   3.61566
        51        12   4.66779   4.66779
        51        13
        51        14   2.08750
        51        15   3.61566
        51        16   4.66779   4.66779
        51        17   4.66779   4.66779
        51        18   4.66779   4.66779
        51        19   3.61566
        51        20   2.08750
        51        21   2.08750
        51        22   4.66779   4.66779
        51        23   3.61566
        52         0   1.80783
        52         1   3.46173
        52         2   4.54960
        52         3
        52         4   4.54960
        52         5   3.46173
        52         6   4.54960
        52         7   3.46173
        52         8   3.61566
        52         9   4.66779   4.66779
        52        10   4.66779   4.66779
        52        11   4.66779   4.66779
        52        12   3.61566
        52        13   4.66779   4.66779
        52        14
        52        15
        52        16   3.61566
        52        17   2.08750
        52        18   4.66779   4.66779
        52        19   2.08750
        52        20   3.61566
        52        21
        52        22   2.08750
        52        23   4.66779   4.66779
        53         0   4.54960
        53         1   3.46173
        53         2   1.80783
        53         3
        53         4   4.54960
        53         5   3.46173
        53         6   4.54960
        53         7   3.46173
        53         8   4.66779   4.66779
        53         9   3.61566
        53        10
        53        11
        53        12   4.66779   4.66779
        53        13   3.61566
        53        14   4.66779   4.66779
        53        15   4.66779   4.66779
        53        16
        53        17   3.61566
        53        18   4.66779   4.66779
        53        19   2.08750
        53        20   2.08750
        53        21   3.61566
        53        22   2.08750
        53        23   4.66779   4.66779
        54         0   4.54960
        54         1   3.46173
        54         2   4.54960
        54         3
        54         4   1.80783
        54         5   3.46173
        54         6   4.54960
        54         7   3.46173
        54         8   4.66779   4.66779
        54         9   4.66779   4.66779
        54        10   3.61566
        54        11   4.66779   4.66779
        54        12
        54        13
        54        14   3.61566
        54        15   4.66779   4.66779
        54        16   4.66779   4.66779
        54        17   2.08750
        54        18   3.61566
        54        19   2.08750
        54        20   2.08750
        54        21   4.66779   4.66779
        54        22   3.61566
        54        23
        55         0   4.54960
        55         1   3.46173
        55         2   4.54960
        55         3
        55         4   4.54960
        55         5   3.46173
        55         6   1.80783
        55         7   3.46173
        55         8
        55         9
        55        10   4.66779   4.66779
        55        11   3.61566
        55        12   4.66779   4.66779
        55        13   4.66779   4.66779
        55        14   4.66779   4.66779
        55        15   3.61566
        55        16   4.66779   4.66779
        55        17   2.08750
        55        18
        55        19   3.61566
        55        20   2.08750
        55        21   4.66779   4.66779
        55        22   2.08750
        55        23   3.61566
