 5.034841  0  0  -2.5174204999999987  4.360300210015447  0  8.4272465196018235e-16  7.945920489086288  11.237228521204093 
5
0 12  2.26567845  1.191888073362943  1.6855842781806145 
0 13  3.902001774999999  -0.7702470211440078  1.6855842781806145 
0 14  1.3845812749999995  -1.2062770421455524  1.6855842781806145 
0 15  2.769165067420499  -3.0393029169019696  -0.18729088776290848 
0 16  1.1328417424205  -1.077167822395018  -0.18729088776290848 
0 17  -1.3845787575795003  -0.641137801393473  -0.18729088776290848 
0 18  2.2656809674204994  0.9336573276411748  5.431323372839138 
0 19  1.3845837924205004  3.3318224431496706  5.431323372839138 
0 20  -1.1328367075794998  2.8957924221481264  5.431323372839138 
0 21  0.251747084841  1.0627665473917096  3.558448206895615 
0 22  -1.3845762401589994  3.0249016418986603  3.558448206895615 
0 23  1.1328442598410005  3.4609316629002063  3.558448206895615 
0 24  -0.25173701515900054  -2.910193697151435  -2.060166053706431 
0 25  -1.132834190159  -0.5120285816429382  -2.060166053706431 
0 26  1.3845863098410003  -0.9480586026444833  -2.060166053706431 
0 27  2.7691625500000003  5.1648483179060865  7.304198538782661 
0 28  3.6502597249999997  2.7666832023975916  7.304198538782661 
0 29  1.132839225  3.2027132233991367  7.304198538782661 
1 12  2.2656759325795006  3.0393029169019687  0.18729088776290848 
1 13  3.9019992575795  1.077167822395018  0.18729088776290848 
1 14  1.3845787575795  0.6411378013934734  0.18729088776290848 
1 15  2.76916255  -1.1918880733629436  -1.6855842781806145 
1 16  1.1328392250000006  0.7702470211440078  -1.6855842781806145 
1 17  -1.3845812749999997  1.2062770421455529  -1.6855842781806145 
1 18  2.2656784500000002  2.7810721711802007  3.9330299824214316 
1 19  1.384581275000001  5.179237286688696  3.9330299824214316 
1 20  -1.1328392249999992  4.743207265687152  3.9330299824214316 
1 21  0.2517445674205007  2.9101813909307355  2.060154816477909 
1 22  -1.3845787575794988  4.872316485437686  2.060154816477909 
1 23  1.132841742420501  5.308346506439232  2.060154816477909 
1 24  -0.2517395325794998  -1.062778853612409  -3.558459444124137 
1 25  -1.1328367075794994  1.3353862618960877  -3.558459444124137 
1 26  1.384583792420501  0.8993562408945426  -3.558459444124137 
1 27  2.769160032579501  7.012263161445112  5.805905148364954 
1 28  3.6502572075795006  4.614098045936617  5.805905148364954 
1 29  1.1328367075795005  5.0501280669381625  5.805905148364954 
2 12  -0.25174708484099995  1.321009599334177  -0.18727965053438744 
2 13  1.3845762401589994  -0.6411254951727736  -0.18727965053438744 
2 14  -1.1328442598410005  -1.0771555161743183  -0.18727965053438744 
2 15  0.2517395325794993  -2.9101813909307355  -2.0601548164779104 
2 16  -1.3845837924205  -0.9480462964237839  -2.0601548164779104 
2 17  -3.9020042924205  -0.5120162754222388  -2.0601548164779104 
2 18  -0.25174456742050033  1.062778853612409  3.5584594441241357 
2 19  -1.1328417424204995  3.4609439691209047  3.5584594441241357 
2 20  -3.6502622424205  3.0249139481193605  3.5584594441241357 
2 21  -2.26567845  1.1918880733629438  1.6855842781806132 
2 22  -3.9020017749999996  3.1540231678698945  1.6855842781806132 
2 23  -1.3845812749999995  3.5900531888714404  1.6855842781806132 
2 24  -2.7691625500000003  -2.7810721711802007  -3.933029982421433 
2 25  -3.6502597249999997  -0.382907055671704  -3.933029982421433 
2 26  -1.1328392249999997  -0.8189370766732491  -3.933029982421433 
2 27  0.2517370151590006  5.293969843877321  5.431334610067658 
2 28  1.132834190159  2.8958047283688257  5.431334610067658 
2 29  -1.384586309841  3.331834749370371  5.431334610067658 
3 12  -0.2517470848409995  2.9101936971514344  2.0601660537064315 
3 13  1.3845762401589998  0.9480586026444837  2.0601660537064315 
3 14  -1.132844259841  0.5120285816429391  2.0601660537064315 
3 15  0.25173953257949977  -1.320997293113478  0.18729088776290848 
3 16  -1.3845837924204996  0.6411378013934734  0.18729088776290848 
3 17  -3.9020042924205  1.0771678223950185  0.18729088776290848 
3 18  -0.2517445674204999  2.6519629514296663  5.805905148364955 
3 19  -1.132841742420499  5.0501280669381625  5.805905148364955 
3 20  -3.6502622424204993  4.614098045936618  5.805905148364955 
3 21  -2.2656784499999993  2.781072171180201  3.933029982421432 
3 22  -3.9020017749999987  4.743207265687152  3.933029982421432 
3 23  -1.384581274999999  5.179237286688698  3.933029982421432 
3 24  -2.76916255  -1.1918880733629433  -1.685584278180614 
3 25  -3.6502597249999997  1.2062770421455533  -1.685584278180614 
3 26  -1.1328392249999992  0.7702470211440082  -1.685584278180614 
3 27  0.25173701515900104  6.883153941694578  7.678780314308478 
3 28  1.1328341901590004  4.484988826186083  7.678780314308478 
3 29  -1.3845863098409996  4.921018847187629  7.678780314308478 
4 12  2.2656759325795006  1.4501188190847119  -2.060154816477909 
4 13  3.9019992575795  -0.5120162754222388  -2.060154816477909 
4 14  1.3845787575795  -0.9480462964237835  -2.060154816477909 
4 15  2.76916255  -2.7810721711802007  -3.933029982421432 
4 16  1.1328392250000006  -0.8189370766732491  -3.933029982421432 
4 17  -1.3845812749999997  -0.382907055671704  -3.933029982421432 
4 18  2.2656784500000002  1.1918880733629438  1.685584278180614 
4 19  1.384581275000001  3.5900531888714395  1.685584278180614 
4 20  -1.1328392249999992  3.1540231678698953  1.685584278180614 
4 21  0.25174456742050055  1.3209972931134786  -0.18729088776290848 
4 22  -1.3845787575794988  3.2831323876204292  -0.18729088776290848 
4 23  1.132841742420501  3.7191624086219752  -0.18729088776290848 
4 24  -0.2517395325795  -2.651962951429666  -5.805905148364955 
4 25  -1.1328367075794994  -0.2537978359211692  -5.805905148364955 
4 26  1.384583792420501  -0.6898278569227143  -5.805905148364955 
4 27  2.769160032579501  5.423079063627855  3.5584594441241366 
4 28  3.6502572075795006  3.0249139481193605  3.5584594441241366 
4 29  1.1328367075795005  3.4609439691209056  3.5584594441241366 
5 12  -0.25174708484099995  -1.0627665473917096  -3.5584482068956156 
5 13  1.3845762401589994  -3.0249016418986603  -3.5584482068956156 
5 14  -1.1328442598410005  -3.460931662900205  -3.5584482068956156 
5 15  0.2517395325794993  -5.293957537656622  -5.431323372839138 
5 16  -1.3845837924205  -3.3318224431496706  -5.431323372839138 
5 17  -3.9020042924205  -2.8957924221481255  -5.431323372839138 
5 18  -0.25174456742050033  -1.3209972931134777  0.1872908877629076 
5 19  -1.1328417424204995  1.077167822395018  0.1872908877629076 
5 20  -3.6502622424205  0.6411378013934739  0.1872908877629076 
5 21  -2.26567845  -1.191888073362943  -1.685584278180615 
5 22  -3.9020017749999996  0.7702470211440078  -1.685584278180615 
5 23  -1.3845812749999995  1.2062770421455538  -1.685584278180615 
5 24  -2.7691625500000003  -5.164848317906087  -7.304198538782661 
5 25  -3.6502597249999997  -2.7666832023975907  -7.304198538782661 
5 26  -1.1328392249999997  -3.2027132233991358  -7.304198538782661 
5 27  0.2517370151590006  2.910193697151434  2.06016605370643 
5 28  1.132834190159  0.5120285816429391  2.06016605370643 
5 29  -1.384586309841  0.9480586026444842  2.06016605370643 
6 12  2.26567845  -2.7810721711802007  -3.9330299824214325 
6 13  3.902001774999999  -4.743207265687151  -3.9330299824214325 
6 14  1.384581274999999  -5.179237286688696  -3.9330299824214325 
6 15  2.769165067420499  -7.012263161445113  -5.805905148364955 
6 16  1.1328417424204995  -5.050128066938162  -5.805905148364955 
6 17  -1.3845787575795008  -4.6140980459366165  -5.805905148364955 
6 18  2.2656809674204994  -3.0393029169019687  -0.18729088776290936 
6 19  1.3845837924205  -0.641137801393473  -0.18729088776290936 
6 20  -1.1328367075795003  -1.0771678223950172  -0.18729088776290936 
6 21  0.25174708484099956  -2.910193697151434  -2.060166053706432 
6 22  -1.3845762401589998  -0.9480586026444833  -2.060166053706432 
6 23  1.132844259841  -0.5120285816429373  -2.060166053706432 
6 24  -0.251737015159001  -6.883153941694578  -7.678780314308478 
6 25  -1.1328341901590004  -4.484988826186082  -7.678780314308478 
6 26  1.3845863098409998  -4.921018847187627  -7.678780314308478 
6 27  2.7691625500000003  1.191888073362943  1.6855842781806132 
6 28  3.6502597249999997  -1.206277042145552  1.6855842781806132 
6 29  1.1328392249999995  -0.7702470211440069  1.6855842781806132 
7 12  2.26567845  -1.1918880733629438  -1.685584278180614 
7 13  3.902001774999999  -3.1540231678698945  -1.685584278180614 
7 14  1.3845812749999993  -3.590053188871439  -1.685584278180614 
7 15  2.769165067420499  -5.423079063627856  -3.558459444124137 
7 16  1.1328417424204997  -3.4609439691209047  -3.558459444124137 
7 17  -1.3845787575795006  -3.0249139481193597  -3.558459444124137 
7 18  2.2656809674204994  -1.4501188190847119  2.060154816477909 
7 19  1.3845837924205002  0.9480462964237839  2.060154816477909 
7 20  -1.1328367075795  0.5120162754222397  2.060154816477909 
7 21  0.2517470848409997  -1.321009599334177  0.18727965053438655 
7 22  -1.3845762401589996  0.6411254951727736  0.18727965053438655 
7 23  1.1328442598410002  1.0771555161743196  0.18727965053438655 
7 24  -0.2517370151590008  -5.2939698438773215  -5.43133461006766 
7 25  -1.1328341901590002  -2.895804728368825  -5.43133461006766 
7 26  1.384586309841  -3.33183474937037  -5.43133461006766 
7 27  2.7691625500000003  2.7810721711802  3.9330299824214316 
7 28  3.6502597249999997  0.3829070556717049  3.9330299824214316 
7 29  1.1328392249999997  0.81893707667325  3.9330299824214316 
8 12  -0.2517470848410004  -2.6519506452089665  -5.805893911136433 
8 13  1.384576240158999  -4.614085739715917  -5.805893911136433 
8 14  -1.132844259841001  -5.050115760717462  -5.805893911136433 
8 15  0.2517395325794989  -6.883141635473879  -7.678769077079956 
8 16  -1.3845837924205004  -4.9210065409669275  -7.678769077079956 
8 17  -3.902004292420501  -4.484976519965382  -7.678769077079956 
8 18  -0.2517445674205008  -2.9101813909307346  -2.06015481647791 
8 19  -1.1328417424205  -0.5120162754222388  -2.06015481647791 
8 20  -3.6502622424205002  -0.948046296423783  -2.06015481647791 
8 21  -2.2656784500000002  -2.7810721711802  -3.9330299824214325 
8 22  -3.9020017749999996  -0.8189370766732491  -3.9330299824214325 
8 23  -1.384581275  -0.38290705567170313  -3.9330299824214325 
8 24  -2.7691625500000008  -6.754032415723344  -9.551644243023478 
8 25  -3.6502597250000006  -4.355867300214848  -9.551644243023478 
8 26  -1.1328392250000001  -4.791897321216393  -9.551644243023478 
8 27  0.25173701515900015  1.321009599334177  -0.18727965053438744 
8 28  1.1328341901589996  -1.0771555161743178  -0.18727965053438744 
8 29  -1.3845863098410005  -0.6411254951727727  -0.18727965053438744 
9 12  2.2656784500000002  2.7810721711802007  3.933029982421433 
9 13  3.9020017749999996  0.81893707667325  3.933029982421433 
9 14  1.3845812749999997  0.38290705567170535  3.933029982421433 
9 15  2.7691650674204995  -1.4501188190847116  2.06015481647791 
9 16  1.1328417424205002  0.5120162754222397  2.06015481647791 
9 17  -1.3845787575795  0.9480462964237848  2.06015481647791 
9 18  2.2656809674205  2.5228414254584326  7.678769077079956 
9 19  1.3845837924205007  4.921006540966928  7.678769077079956 
9 20  -1.1328367075794996  4.484976519965384  7.678769077079956 
9 21  0.25174708484100017  2.6519506452089674  5.805893911136433 
9 22  -1.3845762401589992  4.614085739715918  5.805893911136433 
9 23  1.1328442598410007  5.050115760717464  5.805893911136433 
9 24  -0.2517370151590004  -1.321009599334177  0.18727965053438744 
9 25  -1.1328341901589998  1.0771555161743196  0.18727965053438744 
9 26  1.3845863098410005  0.6411254951727745  0.18727965053438744 
9 27  2.7691625500000008  6.754032415723344  9.551644243023478 
9 28  3.650259725  4.355867300214849  9.551644243023478 
9 29  1.1328392250000001  4.7918973212163944  9.551644243023478 
10 12  2.265675932579501  5.423079063627855  3.5584594441241366 
10 13  3.9019992575795004  3.4609439691209047  3.5584594441241366 
10 14  1.3845787575795006  3.02491394811936  3.5584594441241366 
10 15  2.7691625500000003  1.1918880733629431  1.6855842781806138 
10 16  1.132839225000001  3.1540231678698945  1.6855842781806138 
10 17  -1.3845812749999993  3.5900531888714395  1.6855842781806138 
10 18  2.2656784500000007  5.164848317906087  7.30419853878266 
10 19  1.3845812750000015  7.563013433414583  7.30419853878266 
10 20  -1.1328392249999988  7.126983412413039  7.30419853878266 
10 21  0.25174456742050094  5.293957537656622  5.431323372839137 
10 22  -1.3845787575794983  7.256092632163573  5.431323372839137 
10 23  1.1328417424205015  7.692122653165119  5.431323372839137 
10 24  -0.2517395325794996  1.3209972931134777  -0.1872908877629087 
10 25  -1.132836707579499  3.7191624086219743  -0.1872908877629087 
10 26  1.3845837924205013  3.2831323876204292  -0.1872908877629087 
10 27  2.7691600325795016  9.396039308170998  9.177073704726183 
10 28  3.650257207579501  6.997874192662504  9.177073704726183 
10 29  1.132836707579501  7.433904213664049  9.177073704726183 
11 12  2.2656759325795  -0.9336573276411748  -5.431323372839138 
11 13  3.9019992575794995  -2.8957924221481255  -5.431323372839138 
11 14  1.3845787575794999  -3.33182244314967  -5.431323372839138 
11 15  2.7691625499999994  -5.164848317906087  -7.304198538782661 
11 16  1.1328392250000003  -3.2027132233991358  -7.304198538782661 
11 17  -1.384581275  -2.7666832023975907  -7.304198538782661 
11 18  2.26567845  -1.191888073362943  -1.685584278180615 
11 19  1.3845812750000008  1.2062770421455529  -1.685584278180615 
11 20  -1.1328392249999995  0.7702470211440087  -1.685584278180615 
11 21  0.2517445674205003  -1.062778853612408  -3.5584594441241375 
11 22  -1.384578757579499  0.8993562408945426  -3.5584594441241375 
11 23  1.1328417424205008  1.3353862618960886  -3.5584594441241375 
11 24  -0.25173953257950027  -5.0357390981555525  -9.177073704726183 
11 25  -1.1328367075794996  -2.637573982647056  -9.177073704726183 
11 26  1.3845837924205007  -3.073604003648601  -9.177073704726183 
11 27  2.7691600325795007  3.0393029169019687  0.1872908877629076 
11 28  3.6502572075795  0.6411378013934739  0.1872908877629076 
11 29  1.1328367075795003  1.077167822395019  0.1872908877629076 
12 0  -2.26567845  -1.191888073362943  -1.6855842781806145 
12 1  -2.2656759325795006  -3.0393029169019687  -0.18729088776290848 
12 2  0.25174708484099995  -1.321009599334177  0.18727965053438744 
12 3  0.2517470848409995  -2.9101936971514344  -2.0601660537064315 
12 4  -2.2656759325795006  -1.4501188190847119  2.060154816477909 
12 5  0.25174708484099995  1.0627665473917096  3.5584482068956156 
12 6  -2.26567845  2.7810721711802007  3.9330299824214325 
12 7  -2.26567845  1.1918880733629438  1.685584278180614 
12 8  0.2517470848410004  2.6519506452089665  5.805893911136433 
12 9  -2.2656784500000002  -2.7810721711802007  -3.933029982421433 
12 10  -2.265675932579501  -5.423079063627855  -3.5584594441241366 
12 11  -2.2656759325795  0.9336573276411748  5.431323372839138 
13 0  -3.902001774999999  0.7702470211440078  -1.6855842781806145 
13 1  -3.9019992575795  -1.077167822395018  -0.18729088776290848 
13 2  -1.3845762401589994  0.6411254951727736  0.18727965053438744 
13 3  -1.3845762401589998  -0.9480586026444837  -2.0601660537064315 
13 4  -3.9019992575795  0.5120162754222388  2.060154816477909 
13 5  -1.3845762401589994  3.0249016418986603  3.5584482068956156 
13 6  -3.902001774999999  4.743207265687151  3.9330299824214325 
13 7  -3.902001774999999  3.1540231678698945  1.685584278180614 
13 8  -1.384576240158999  4.614085739715917  5.805893911136433 
13 9  -3.9020017749999996  -0.81893707667325  -3.933029982421433 
13 10  -3.9019992575795004  -3.4609439691209047  -3.5584594441241366 
13 11  -3.9019992575794995  2.8957924221481255  5.431323372839138 
14 0  -1.3845812749999995  1.2062770421455524  -1.6855842781806145 
14 1  -1.3845787575795  -0.6411378013934734  -0.18729088776290848 
14 2  1.1328442598410005  1.0771555161743183  0.18727965053438744 
14 3  1.132844259841  -0.5120285816429391  -2.0601660537064315 
14 4  -1.3845787575795  0.9480462964237835  2.060154816477909 
14 5  1.1328442598410005  3.460931662900205  3.5584482068956156 
14 6  -1.384581274999999  5.179237286688696  3.9330299824214325 
14 7  -1.3845812749999993  3.590053188871439  1.685584278180614 
14 8  1.132844259841001  5.050115760717462  5.805893911136433 
14 9  -1.3845812749999997  -0.38290705567170535  -3.933029982421433 
14 10  -1.3845787575795006  -3.02491394811936  -3.5584594441241366 
14 11  -1.3845787575794999  3.33182244314967  5.431323372839138 
15 0  -2.769165067420499  3.0393029169019696  0.18729088776290848 
15 1  -2.76916255  1.1918880733629436  1.6855842781806145 
15 2  -0.2517395325794993  2.9101813909307355  2.0601548164779104 
15 3  -0.25173953257949977  1.320997293113478  -0.18729088776290848 
15 4  -2.76916255  2.7810721711802007  3.933029982421432 
15 5  -0.2517395325794993  5.293957537656622  5.431323372839138 
15 6  -2.769165067420499  7.012263161445113  5.805905148364955 
15 7  -2.769165067420499  5.423079063627856  3.558459444124137 
15 8  -0.2517395325794989  6.883141635473879  7.678769077079956 
15 9  -2.7691650674204995  1.4501188190847116  -2.06015481647791 
15 10  -2.7691625500000003  -1.1918880733629431  -1.6855842781806138 
15 11  -2.7691625499999994  5.164848317906087  7.304198538782661 
16 0  -1.1328417424205  1.077167822395018  0.18729088776290848 
16 1  -1.1328392250000006  -0.7702470211440078  1.6855842781806145 
16 2  1.3845837924205  0.9480462964237839  2.0601548164779104 
16 3  1.3845837924204996  -0.6411378013934734  -0.18729088776290848 
16 4  -1.1328392250000006  0.8189370766732491  3.933029982421432 
16 5  1.3845837924205  3.3318224431496706  5.431323372839138 
16 6  -1.1328417424204995  5.050128066938162  5.805905148364955 
16 7  -1.1328417424204997  3.4609439691209047  3.558459444124137 
16 8  1.3845837924205004  4.9210065409669275  7.678769077079956 
16 9  -1.1328417424205002  -0.5120162754222397  -2.06015481647791 
16 10  -1.132839225000001  -3.1540231678698945  -1.6855842781806138 
16 11  -1.1328392250000003  3.2027132233991358  7.304198538782661 
17 0  1.3845787575795003  0.641137801393473  0.18729088776290848 
17 1  1.3845812749999997  -1.2062770421455529  1.6855842781806145 
17 2  3.9020042924205  0.5120162754222388  2.0601548164779104 
17 3  3.9020042924205  -1.0771678223950185  -0.18729088776290848 
17 4  1.3845812749999997  0.382907055671704  3.933029982421432 
17 5  3.9020042924205  2.8957924221481255  5.431323372839138 
17 6  1.3845787575795008  4.6140980459366165  5.805905148364955 
17 7  1.3845787575795006  3.0249139481193597  3.558459444124137 
17 8  3.902004292420501  4.484976519965382  7.678769077079956 
17 9  1.3845787575795  -0.9480462964237848  -2.06015481647791 
17 10  1.3845812749999993  -3.5900531888714395  -1.6855842781806138 
17 11  1.384581275  2.7666832023975907  7.304198538782661 
18 0  -2.2656809674204994  -0.9336573276411748  -5.431323372839138 
18 1  -2.2656784500000002  -2.7810721711802007  -3.9330299824214316 
18 2  0.25174456742050033  -1.062778853612409  -3.5584594441241357 
18 3  0.2517445674204999  -2.6519629514296663  -5.805905148364955 
18 4  -2.2656784500000002  -1.1918880733629438  -1.685584278180614 
18 5  0.25174456742050033  1.3209972931134777  -0.1872908877629076 
18 6  -2.2656809674204994  3.0393029169019687  0.18729088776290936 
18 7  -2.2656809674204994  1.4501188190847119  -2.060154816477909 
18 8  0.2517445674205008  2.9101813909307346  2.06015481647791 
18 9  -2.2656809674205  -2.5228414254584326  -7.678769077079956 
18 10  -2.2656784500000007  -5.164848317906087  -7.30419853878266 
18 11  -2.26567845  1.191888073362943  1.685584278180615 
19 0  -1.3845837924205004  -3.3318224431496706  -5.431323372839138 
19 1  -1.384581275000001  -5.179237286688696  -3.9330299824214316 
19 2  1.1328417424204995  -3.4609439691209047  -3.5584594441241357 
19 3  1.132841742420499  -5.0501280669381625  -5.805905148364955 
19 4  -1.384581275000001  -3.5900531888714395  -1.685584278180614 
19 5  1.1328417424204995  -1.077167822395018  -0.1872908877629076 
19 6  -1.3845837924205  0.641137801393473  0.18729088776290936 
19 7  -1.3845837924205002  -0.9480462964237839  -2.060154816477909 
19 8  1.1328417424205  0.5120162754222388  2.06015481647791 
19 9  -1.3845837924205007  -4.921006540966928  -7.678769077079956 
19 10  -1.3845812750000015  -7.563013433414583  -7.30419853878266 
19 11  -1.3845812750000008  -1.2062770421455529  1.685584278180615 
20 0  1.1328367075794998  -2.8957924221481264  -5.431323372839138 
20 1  1.1328392249999992  -4.743207265687152  -3.9330299824214316 
20 2  3.6502622424205  -3.0249139481193605  -3.5584594441241357 
20 3  3.6502622424204993  -4.614098045936618  -5.805905148364955 
20 4  1.1328392249999992  -3.1540231678698953  -1.685584278180614 
20 5  3.6502622424205  -0.6411378013934739  -0.1872908877629076 
20 6  1.1328367075795003  1.0771678223950172  0.18729088776290936 
20 7  1.1328367075795  -0.5120162754222397  -2.060154816477909 
20 8  3.6502622424205002  0.948046296423783  2.06015481647791 
20 9  1.1328367075794996  -4.484976519965384  -7.678769077079956 
20 10  1.1328392249999988  -7.126983412413039  -7.30419853878266 
20 11  1.1328392249999995  -0.7702470211440087  1.685584278180615 
21 0  -0.251747084841  -1.0627665473917096  -3.558448206895615 
21 1  -0.2517445674205007  -2.9101813909307355  -2.060154816477909 
21 2  2.26567845  -1.1918880733629438  -1.6855842781806132 
21 3  2.2656784499999993  -2.781072171180201  -3.933029982421432 
21 4  -0.25174456742050055  -1.3209972931134786  0.18729088776290848 
21 5  2.26567845  1.191888073362943  1.685584278180615 
21 6  -0.25174708484099956  2.910193697151434  2.060166053706432 
21 7  -0.2517470848409997  1.321009599334177  -0.18727965053438655 
21 8  2.2656784500000002  2.7810721711802  3.9330299824214325 
21 9  -0.25174708484100017  -2.6519506452089674  -5.805893911136433 
21 10  -0.25174456742050094  -5.293957537656622  -5.431323372839137 
21 11  -0.2517445674205003  1.062778853612408  3.5584594441241375 
22 0  1.3845762401589994  -3.0249016418986603  -3.558448206895615 
22 1  1.3845787575794988  -4.872316485437686  -2.060154816477909 
22 2  3.9020017749999996  -3.1540231678698945  -1.6855842781806132 
22 3  3.9020017749999987  -4.743207265687152  -3.933029982421432 
22 4  1.3845787575794988  -3.2831323876204292  0.18729088776290848 
22 5  3.9020017749999996  -0.7702470211440078  1.685584278180615 
22 6  1.3845762401589998  0.9480586026444833  2.060166053706432 
22 7  1.3845762401589996  -0.6411254951727736  -0.18727965053438655 
22 8  3.9020017749999996  0.8189370766732491  3.9330299824214325 
22 9  1.3845762401589992  -4.614085739715918  -5.805893911136433 
22 10  1.3845787575794983  -7.256092632163573  -5.431323372839137 
22 11  1.384578757579499  -0.8993562408945426  3.5584594441241375 
23 0  -1.1328442598410005  -3.4609316629002063  -3.558448206895615 
23 1  -1.132841742420501  -5.308346506439232  -2.060154816477909 
23 2  1.3845812749999995  -3.5900531888714404  -1.6855842781806132 
23 3  1.384581274999999  -5.179237286688698  -3.933029982421432 
23 4  -1.132841742420501  -3.7191624086219752  0.18729088776290848 
23 5  1.3845812749999995  -1.2062770421455538  1.685584278180615 
23 6  -1.132844259841  0.5120285816429373  2.060166053706432 
23 7  -1.1328442598410002  -1.0771555161743196  -0.18727965053438655 
23 8  1.384581275  0.38290705567170313  3.9330299824214325 
23 9  -1.1328442598410007  -5.050115760717464  -5.805893911136433 
23 10  -1.1328417424205015  -7.692122653165119  -5.431323372839137 
23 11  -1.1328417424205008  -1.3353862618960886  3.5584594441241375 
24 0  0.25173701515900054  2.910193697151435  2.060166053706431 
24 1  0.2517395325794998  1.062778853612409  3.558459444124137 
24 2  2.7691625500000003  2.7810721711802007  3.933029982421433 
24 3  2.76916255  1.1918880733629433  1.685584278180614 
24 4  0.2517395325795  2.651962951429666  5.805905148364955 
24 5  2.7691625500000003  5.164848317906087  7.304198538782661 
24 6  0.251737015159001  6.883153941694578  7.678780314308478 
24 7  0.2517370151590008  5.2939698438773215  5.43133461006766 
24 8  2.7691625500000008  6.754032415723344  9.551644243023478 
24 9  0.2517370151590004  1.321009599334177  -0.18727965053438744 
24 10  0.2517395325794996  -1.3209972931134777  0.1872908877629087 
24 11  0.25173953257950027  5.0357390981555525  9.177073704726183 
25 0  1.132834190159  0.5120285816429382  2.060166053706431 
25 1  1.1328367075794994  -1.3353862618960877  3.558459444124137 
25 2  3.6502597249999997  0.382907055671704  3.933029982421433 
25 3  3.6502597249999997  -1.2062770421455533  1.685584278180614 
25 4  1.1328367075794994  0.2537978359211692  5.805905148364955 
25 5  3.6502597249999997  2.7666832023975907  7.304198538782661 
25 6  1.1328341901590004  4.484988826186082  7.678780314308478 
25 7  1.1328341901590002  2.895804728368825  5.43133461006766 
25 8  3.6502597250000006  4.355867300214848  9.551644243023478 
25 9  1.1328341901589998  -1.0771555161743196  -0.18727965053438744 
25 10  1.132836707579499  -3.7191624086219743  0.1872908877629087 
25 11  1.1328367075794996  2.637573982647056  9.177073704726183 
26 0  -1.3845863098410003  0.9480586026444833  2.060166053706431 
26 1  -1.384583792420501  -0.8993562408945426  3.558459444124137 
26 2  1.1328392249999997  0.8189370766732491  3.933029982421433 
26 3  1.1328392249999992  -0.7702470211440082  1.685584278180614 
26 4  -1.384583792420501  0.6898278569227143  5.805905148364955 
26 5  1.1328392249999997  3.2027132233991358  7.304198538782661 
26 6  -1.3845863098409998  4.921018847187627  7.678780314308478 
26 7  -1.384586309841  3.33183474937037  5.43133461006766 
26 8  1.1328392250000001  4.791897321216393  9.551644243023478 
26 9  -1.3845863098410005  -0.6411254951727745  -0.18727965053438744 
26 10  -1.3845837924205013  -3.2831323876204292  0.1872908877629087 
26 11  -1.3845837924205007  3.073604003648601  9.177073704726183 
27 0  -2.7691625500000003  -5.1648483179060865  -7.304198538782661 
27 1  -2.769160032579501  -7.012263161445112  -5.805905148364954 
27 2  -0.2517370151590006  -5.293969843877321  -5.431334610067658 
27 3  -0.25173701515900104  -6.883153941694578  -7.678780314308478 
27 4  -2.769160032579501  -5.423079063627855  -3.5584594441241366 
27 5  -0.2517370151590006  -2.910193697151434  -2.06016605370643 
27 6  -2.7691625500000003  -1.191888073362943  -1.6855842781806132 
27 7  -2.7691625500000003  -2.7810721711802  -3.9330299824214316 
27 8  -0.25173701515900015  -1.321009599334177  0.18727965053438744 
27 9  -2.7691625500000008  -6.754032415723344  -9.551644243023478 
27 10  -2.7691600325795016  -9.396039308170998  -9.177073704726183 
27 11  -2.7691600325795007  -3.0393029169019687  -0.1872908877629076 
28 0  -3.6502597249999997  -2.7666832023975916  -7.304198538782661 
28 1  -3.6502572075795006  -4.614098045936617  -5.805905148364954 
28 2  -1.132834190159  -2.8958047283688257  -5.431334610067658 
28 3  -1.1328341901590004  -4.484988826186083  -7.678780314308478 
28 4  -3.6502572075795006  -3.0249139481193605  -3.5584594441241366 
28 5  -1.132834190159  -0.5120285816429391  -2.06016605370643 
28 6  -3.6502597249999997  1.206277042145552  -1.6855842781806132 
28 7  -3.6502597249999997  -0.3829070556717049  -3.9330299824214316 
28 8  -1.1328341901589996  1.0771555161743178  0.18727965053438744 
28 9  -3.650259725  -4.355867300214849  -9.551644243023478 
28 10  -3.650257207579501  -6.997874192662504  -9.177073704726183 
28 11  -3.6502572075795  -0.6411378013934739  -0.1872908877629076 
29 0  -1.132839225  -3.2027132233991367  -7.304198538782661 
29 1  -1.1328367075795005  -5.0501280669381625  -5.805905148364954 
29 2  1.384586309841  -3.331834749370371  -5.431334610067658 
29 3  1.3845863098409996  -4.921018847187629  -7.678780314308478 
29 4  -1.1328367075795005  -3.4609439691209056  -3.5584594441241366 
29 5  1.384586309841  -0.9480586026444842  -2.06016605370643 
29 6  -1.1328392249999995  0.7702470211440069  -1.6855842781806132 
29 7  -1.1328392249999997  -0.81893707667325  -3.9330299824214316 
29 8  1.3845863098410005  0.6411254951727727  0.18727965053438744 
29 9  -1.1328392250000001  -4.7918973212163944  -9.551644243023478 
29 10  -1.132836707579501  -7.433904213664049  -9.177073704726183 
29 11  -1.1328367075795003  -1.077167822395019  -0.1872908877629076 