 4.2816  0  0  2.6217238676146536e-16  4.2816  0  2.6217238676146536e-16  0.0  4.2816 
5
0 4  1.3108619338073268e-16  0.0  2.1408 
0 5  1.3108619338073268e-16  2.1408  0.0 
0 6  2.1408  0.0  0.0 
0 7  2.1408  2.1408  2.1408 
1 4  -1.3108619338073268e-16  -2.1408  0.0 
1 5  -1.3108619338073268e-16  0.0  -2.1408 
1 6  2.1407999999999996  -2.1408  -2.1408 
1 7  2.1407999999999996  0.0  0.0 
2 4  -2.1408  0.0  0.0 
2 5  -2.1408  2.1408  -2.1408 
2 6  0.0  0.0  -2.1408 
2 7  0.0  2.1408  0.0 
3 4  -2.1408  -2.1408  2.1408 
3 5  -2.1408  0.0  0.0 
3 6  0.0  -2.1408  0.0 
3 7  0.0  0.0  2.1408 
4 0  -1.3108619338073268e-16  0.0  -2.1408 
4 1  1.3108619338073268e-16  2.1408  0.0 
4 2  2.1408  0.0  0.0 
4 3  2.1408  2.1408  -2.1408 
5 0  -1.3108619338073268e-16  -2.1408  0.0 
5 1  1.3108619338073268e-16  0.0  2.1408 
5 2  2.1408  -2.1408  2.1408 
5 3  2.1408  0.0  0.0 
6 0  -2.1408  0.0  0.0 
6 1  -2.1407999999999996  2.1408  2.1408 
6 2  0.0  0.0  2.1408 
6 3  0.0  2.1408  0.0 
7 0  -2.1408  -2.1408  -2.1408 
7 1  -2.1407999999999996  0.0  0.0 
7 2  0.0  -2.1408  0.0 
7 3  0.0  0.0  -2.1408 