         0        12   1.90322   1.90322
         0        13
         0        14   4.22178   1.98690   4.22178
         0        15   4.79362   4.79362
         0        16   4.22178   1.98690   4.22178
         0        17   4.79362   4.79362
         0        18   4.19819   1.93627   4.19819
         0        19   3.89940   3.89940
         0        20   4.19819   1.93627   4.19819
         0        21   3.89940   3.89940
         0        22   4.50340
         0        23
         0        24   4.18095   4.18095
         0        25   4.25114
         0        26   4.18095   4.18095
         0        27   4.25114
         0        28   4.43596   4.43596
         0        29
         0        30   4.43596   4.43596
         0        31
         1        12
         1        13   1.90322   1.90322
         1        14   4.79362   4.79362
         1        15   4.22178   1.98690   4.22178
         1        16   4.79362   4.79362
         1        17   4.22178   1.98690   4.22178
         1        18   3.89940   3.89940
         1        19   4.19819   1.93627   4.19819
         1        20   3.89940   3.89940
         1        21   4.19819   1.93627   4.19819
         1        22
         1        23   4.50340
         1        24   4.25114
         1        25   4.18095   4.18095
         1        26   4.25114
         1        27   4.18095   4.18095
         1        28
         1        29   4.43596   4.43596
         1        30
         1        31   4.43596   4.43596
         2        12   4.50340
         2        13
         2        14   4.18095   4.18095
         2        15   4.25114
         2        16   4.18095   4.18095
         2        17   4.25114
         2        18   4.43596   4.43596
         2        19
         2        20   4.43596   4.43596
         2        21
         2        22   1.90322   1.90322
         2        23
         2        24   4.22178   1.98690   4.22178
         2        25   4.79362   4.79362
         2        26   4.22178   1.98690   4.22178
         2        27   4.79362   4.79362
         2        28   4.19819   1.93627   4.19819
         2        29   3.89940   3.89940
         2        30   4.19819   1.93627   4.19819
         2        31   3.89940   3.89940
         3        12
         3        13   4.50340
         3        14   4.25114
         3        15   4.18095   4.18095
         3        16   4.25114
         3        17   4.18095   4.18095
         3        18
         3        19   4.43596   4.43596
         3        20
         3        21   4.43596   4.43596
         3        22
         3        23   1.90322   1.90322
         3        24   4.79362   4.79362
         3        25   4.22178   1.98690   4.22178
         3        26   4.79362   4.79362
         3        27   4.22178   1.98690   4.22178
         3        28   3.89940   3.89940
         3        29   4.19819   1.93627   4.19819
         3        30   3.89940   3.89940
         3        31   4.19819   1.93627   4.19819
         4        12   3.71616   3.71616
         4        13   4.37973   2.30356   4.37973
         4        14   4.55454
         4        15   4.90116   4.90116
         4        16   4.18350   1.90421   4.18350
         4        17   3.67830   3.67830
         4        18   4.92505
         4        19   3.93640   3.93640
         4        20   4.37948   2.30309   4.37948
         4        21   1.96968   1.96968
         4        22
         4        23   4.44942   4.44942
         4        24
         4        25   3.72067
         4        26   4.73603   4.73603
         4        27   4.15060   1.83081   4.15060
         4        28
         4        29
         4        30   3.99517   3.99517
         4        31   4.37039
         5        12   4.37973   2.30356   4.37973
         5        13   3.71616   3.71616
         5        14   4.90116   4.90116
         5        15   4.55454
         5        16   3.67830   3.67830
         5        17   4.18350   1.90421   4.18350
         5        18   3.93640   3.93640
         5        19   4.92505
         5        20   1.96968   1.96968
         5        21   4.37948   2.30309   4.37948
         5        22   4.44942   4.44942
         5        23
         5        24   3.72067
         5        25
         5        26   4.15060   1.83081   4.15060
         5        27   4.73603   4.73603
         5        28
         5        29
         5        30   4.37039
         5        31   3.99517   3.99517
         6        12   3.71616   3.71616
         6        13   4.37973   2.30356   4.37973
         6        14   4.18350   1.90421   4.18350
         6        15   3.67830   3.67830
         6        16   4.55454
         6        17   4.90116   4.90116
         6        18   4.37948   2.30309   4.37948
         6        19   1.96968   1.96968
         6        20   4.92505
         6        21   3.93640   3.93640
         6        22
         6        23   4.44942   4.44942
         6        24   4.73603   4.73603
         6        25   4.15060   1.83081   4.15060
         6        26
         6        27   3.72067
         6        28   3.99517   3.99517
         6        29   4.37039
         6        30
         6        31
         7        12   4.37973   2.30356   4.37973
         7        13   3.71616   3.71616
         7        14   3.67830   3.67830
         7        15   4.18350   1.90421   4.18350
         7        16   4.90116   4.90116
         7        17   4.55454
         7        18   1.96968   1.96968
         7        19   4.37948   2.30309   4.37948
         7        20   3.93640   3.93640
         7        21   4.92505
         7        22   4.44942   4.44942
         7        23
         7        24   4.15060   1.83081   4.15060
         7        25   4.73603   4.73603
         7        26   3.72067
         7        27
         7        28   4.37039
         7        29   3.99517   3.99517
         7        30
         7        31
         8        12
         8        13   4.44942   4.44942
         8        14
         8        15   3.72067
         8        16   4.73603   4.73603
         8        17   4.15060   1.83081   4.15060
         8        18
         8        19
         8        20   3.99517   3.99517
         8        21   4.37039
         8        22   3.71616   3.71616
         8        23   4.37973   2.30356   4.37973
         8        24   4.55454
         8        25   4.90116   4.90116
         8        26   4.18350   1.90421   4.18350
         8        27   3.67830   3.67830
         8        28   4.92505
         8        29   3.93640   3.93640
         8        30   4.37948   2.30309   4.37948
         8        31   1.96968   1.96968
         9        12   4.44942   4.44942
         9        13
         9        14   3.72067
         9        15
         9        16   4.15060   1.83081   4.15060
         9        17   4.73603   4.73603
         9        18
         9        19
         9        20   4.37039
         9        21   3.99517   3.99517
         9        22   4.37973   2.30356   4.37973
         9        23   3.71616   3.71616
         9        24   4.90116   4.90116
         9        25   4.55454
         9        26   3.67830   3.67830
         9        27   4.18350   1.90421   4.18350
         9        28   3.93640   3.93640
         9        29   4.92505
         9        30   1.96968   1.96968
         9        31   4.37948   2.30309   4.37948
        10        12
        10        13   4.44942   4.44942
        10        14   4.73603   4.73603
        10        15   4.15060   1.83081   4.15060
        10        16
        10        17   3.72067
        10        18   3.99517   3.99517
        10        19   4.37039
        10        20
        10        21
        10        22   3.71616   3.71616
        10        23   4.37973   2.30356   4.37973
        10        24   4.18350   1.90421   4.18350
        10        25   3.67830   3.67830
        10        26   4.55454
        10        27   4.90116   4.90116
        10        28   4.37948   2.30309   4.37948
        10        29   1.96968   1.96968
        10        30   4.92505
        10        31   3.93640   3.93640
        11        12   4.44942   4.44942
        11        13
        11        14   4.15060   1.83081   4.15060
        11        15   4.73603   4.73603
        11        16   3.72067
        11        17
        11        18   4.37039
        11        19   3.99517   3.99517
        11        20
        11        21
        11        22   4.37973   2.30356   4.37973
        11        23   3.71616   3.71616
        11        24   3.67830   3.67830
        11        25   4.18350   1.90421   4.18350
        11        26   4.90116   4.90116
        11        27   4.55454
        11        28   1.96968   1.96968
        11        29   4.37948   2.30309   4.37948
        11        30   3.93640   3.93640
        11        31   4.92505
        12         0   1.90322   1.90322
        12         1
        12         2   4.50340
        12         3
        12         4   3.71616   3.71616
        12         5   4.37973   2.30356   4.37973
        12         6   3.71616   3.71616
        12         7   4.37973   2.30356   4.37973
        12         8
        12         9   4.44942   4.44942
        12        10
        12        11   4.44942   4.44942
        13         0
        13         1   1.90322   1.90322
        13         2
        13         3   4.50340
        13         4   4.37973   2.30356   4.37973
        13         5   3.71616   3.71616
        13         6   4.37973   2.30356   4.37973
        13         7   3.71616   3.71616
        13         8   4.44942   4.44942
        13         9
        13        10   4.44942   4.44942
        13        11
        14         0   4.22178   1.98690   4.22178
        14         1   4.79362   4.79362
        14         2   4.18095   4.18095
        14         3   4.25114
        14         4   4.55454
        14         5   4.90116   4.90116
        14         6   4.18350   1.90421   4.18350
        14         7   3.67830   3.67830
        14         8
        14         9   3.72067
        14        10   4.73603   4.73603
        14        11   4.15060   1.83081   4.15060
        15         0   4.79362   4.79362
        15         1   4.22178   1.98690   4.22178
        15         2   4.25114
        15         3   4.18095   4.18095
        15         4   4.90116   4.90116
        15         5   4.55454
        15         6   3.67830   3.67830
        15         7   4.18350   1.90421   4.18350
        15         8   3.72067
        15         9
        15        10   4.15060   1.83081   4.15060
        15        11   4.73603   4.73603
        16         0   4.22178   1.98690   4.22178
        16         1   4.79362   4.79362
        16         2   4.18095   4.18095
        16         3   4.25114
        16         4   4.18350   1.90421   4.18350
        16         5   3.67830   3.67830
        16         6   4.55454
        16         7   4.90116   4.90116
        16         8   4.73603   4.73603
        16         9   4.15060   1.83081   4.15060
        16        10
        16        11   3.72067
        17         0   4.79362   4.79362
        17         1   4.22178   1.98690   4.22178
        17         2   4.25114
        17         3   4.18095   4.18095
        17         4   3.67830   3.67830
        17         5   4.18350   1.90421   4.18350
        17         6   4.90116   4.90116
        17         7   4.55454
        17         8   4.15060   1.83081   4.15060
        17         9   4.73603   4.73603
        17        10   3.72067
        17        11
        18         0   4.19819   1.93627   4.19819
        18         1   3.89940   3.89940
        18         2   4.43596   4.43596
        18         3
        18         4   4.92505
        18         5   3.93640   3.93640
        18         6   4.37948   2.30309   4.37948
        18         7   1.96968   1.96968
        18         8
        18         9
        18        10   3.99517   3.99517
        18        11   4.37039
        19         0   3.89940   3.89940
        19         1   4.19819   1.93627   4.19819
        19         2
        19         3   4.43596   4.43596
        19         4   3.93640   3.93640
        19         5   4.92505
        19         6   1.96968   1.96968
        19         7   4.37948   2.30309   4.37948
        19         8
        19         9
        19        10   4.37039
        19        11   3.99517   3.99517
        20         0   4.19819   1.93627   4.19819
        20         1   3.89940   3.89940
        20         2   4.43596   4.43596
        20         3
        20         4   4.37948   2.30309   4.37948
        20         5   1.96968   1.96968
        20         6   4.92505
        20         7   3.93640   3.93640
        20         8   3.99517   3.99517
        20         9   4.37039
        20        10
        20        11
        21         0   3.89940   3.89940
        21         1   4.19819   1.93627   4.19819
        21         2
        21         3   4.43596   4.43596
        21         4   1.96968   1.96968
        21         5   4.37948   2.30309   4.37948
        21         6   3.93640   3.93640
        21         7   4.92505
        21         8   4.37039
        21         9   3.99517   3.99517
        21        10
        21        11
        22         0   4.50340
        22         1
        22         2   1.90322   1.90322
        22         3
        22         4
        22         5   4.44942   4.44942
        22         6
        22         7   4.44942   4.44942
        22         8   3.71616   3.71616
        22         9   4.37973   2.30356   4.37973
        22        10   3.71616   3.71616
        22        11   4.37973   2.30356   4.37973
        23         0
        23         1   4.50340
        23         2
        23         3   1.90322   1.90322
        23         4   4.44942   4.44942
        23         5
        23         6   4.44942   4.44942
        23         7
        23         8   4.37973   2.30356   4.37973
        23         9   3.71616   3.71616
        23        10   4.37973   2.30356   4.37973
        23        11   3.71616   3.71616
        24         0   4.18095   4.18095
        24         1   4.25114
        24         2   4.22178   1.98690   4.22178
        24         3   4.79362   4.79362
        24         4
        24         5   3.72067
        24         6   4.73603   4.73603
        24         7   4.15060   1.83081   4.15060
        24         8   4.55454
        24         9   4.90116   4.90116
        24        10   4.18350   1.90421   4.18350
        24        11   3.67830   3.67830
        25         0   4.25114
        25         1   4.18095   4.18095
        25         2   4.79362   4.79362
        25         3   4.22178   1.98690   4.22178
        25         4   3.72067
        25         5
        25         6   4.15060   1.83081   4.15060
        25         7   4.73603   4.73603
        25         8   4.90116   4.90116
        25         9   4.55454
        25        10   3.67830   3.67830
        25        11   4.18350   1.90421   4.18350
        26         0   4.18095   4.18095
        26         1   4.25114
        26         2   4.22178   1.98690   4.22178
        26         3   4.79362   4.79362
        26         4   4.73603   4.73603
        26         5   4.15060   1.83081   4.15060
        26         6
        26         7   3.72067
        26         8   4.18350   1.90421   4.18350
        26         9   3.67830   3.67830
        26        10   4.55454
        26        11   4.90116   4.90116
        27         0   4.25114
        27         1   4.18095   4.18095
        27         2   4.79362   4.79362
        27         3   4.22178   1.98690   4.22178
        27         4   4.15060   1.83081   4.15060
        27         5   4.73603   4.73603
        27         6   3.72067
        27         7
        27         8   3.67830   3.67830
        27         9   4.18350   1.90421   4.18350
        27        10   4.90116   4.90116
        27        11   4.55454
        28         0   4.43596   4.43596
        28         1
        28         2   4.19819   1.93627   4.19819
        28         3   3.89940   3.89940
        28         4
        28         5
        28         6   3.99517   3.99517
        28         7   4.37039
        28         8   4.92505
        28         9   3.93640   3.93640
        28        10   4.37948   2.30309   4.37948
        28        11   1.96968   1.96968
        29         0
        29         1   4.43596   4.43596
        29         2   3.89940   3.89940
        29         3   4.19819   1.93627   4.19819
        29         4
        29         5
        29         6   4.37039
        29         7   3.99517   3.99517
        29         8   3.93640   3.93640
        29         9   4.92505
        29        10   1.96968   1.96968
        29        11   4.37948   2.30309   4.37948
        30         0   4.43596   4.43596
        30         1
        30         2   4.19819   1.93627   4.19819
        30         3   3.89940   3.89940
        30         4   3.99517   3.99517
        30         5   4.37039
        30         6
        30         7
        30         8   4.37948   2.30309   4.37948
        30         9   1.96968   1.96968
        30        10   4.92505
        30        11   3.93640   3.93640
        31         0
        31         1   4.43596   4.43596
        31         2   3.89940   3.89940
        31         3   4.19819   1.93627   4.19819
        31         4   4.37039
        31         5   3.99517   3.99517
        31         6
        31         7
        31         8   1.96968   1.96968
        31         9   4.37948   2.30309   4.37948
        31        10   3.93640   3.93640
        31        11   4.92505
