         0        12   3.86732   2.16752   3.84385
         0        13   4.50639   1.53288   4.48627
         0        14   3.06983   4.15988   2.65454
         0        15   4.95571   3.80553   1.55518   4.26382
         0        16   2.30771   4.11150   4.82529   3.00394
         0        17   4.86194   3.40221   1.92206   4.17965
         0        18   4.29875   3.20856   4.51353
         0        19   2.70443
         0        20   3.68501   4.63251   3.64360
         0        21   4.75841
         0        22   4.91000
         0        23   4.82552
         0        24
         0        25
         0        26
         0        27   3.38363
         0        28   3.97457   4.17392
         0        29   4.60847   3.65475
         1        12   4.26382   1.55518   3.80553   4.95571
         1        13   3.00394   4.82529   4.11150   2.30771
         1        14   4.17965   1.92206   3.40221   4.86194
         1        15   3.84385   2.16752   3.86732
         1        16   4.48627   1.53288   4.50639
         1        17   2.65454   4.15988   3.06983
         1        18   3.38365
         1        19   4.17393   3.97458
         1        20   3.65476   4.60848
         1        21
         1        22
         1        23
         1        24   4.75841
         1        25   4.91000
         1        26   4.82552
         1        27   4.51352   3.20856   4.29873
         1        28   2.70442
         1        29   3.64360   4.63249   3.68500
         2        12
         2        13
         2        14
         2        15   3.38365
         2        16   3.97458   4.17393
         2        17   4.60848   3.65476
         2        18   3.86732   2.16752   3.84385
         2        19   4.50639   1.53288   4.48627
         2        20   3.06983   4.15988   2.65454
         2        21   4.95571   3.80551   1.55519   4.26381
         2        22   2.30770   4.11151   4.82527   3.00394
         2        23   4.86193   3.40222   1.92204   4.17966
         2        24   4.29873   3.20856   4.51352
         2        25   2.70442
         2        26   3.68500   4.63249   3.64360
         2        27   4.75841
         2        28   4.91000
         2        29   4.82552
         3        12   4.75841
         3        13   4.91000
         3        14   4.82552
         3        15   4.51352   3.20856   4.29873
         3        16   2.70442
         3        17   3.64360   4.63249   3.68500
         3        18   4.26381   1.55519   3.80551   4.95571
         3        19   3.00394   4.82527   4.11151   2.30770
         3        20   4.17966   1.92204   3.40222   4.86193
         3        21   3.84385   2.16752   3.86732
         3        22   4.48627   1.53288   4.50639
         3        23   2.65454   4.15988   3.06983
         3        24   3.38365
         3        25   4.17393   3.97458
         3        26   3.65476   4.60848
         3        27
         3        28
         3        29
         4        12   4.29873   3.20856   4.51352
         4        13   2.70442
         4        14   3.68500   4.63249   3.64360
         4        15   4.75841
         4        16   4.91000
         4        17   4.82552
         4        18
         4        19
         4        20
         4        21   3.38365
         4        22   3.97458   4.17393
         4        23   4.60848   3.65476
         4        24   3.86732   2.16752   3.84385
         4        25   4.50639   1.53288   4.48627
         4        26   3.06983   4.15988   2.65454
         4        27   4.95571   3.80553   1.55518   4.26382
         4        28   2.30771   4.11150   4.82529   3.00394
         4        29   4.86194   3.40221   1.92206   4.17965
         5        12   3.38363
         5        13   4.17392   3.97457
         5        14   3.65475   4.60847
         5        15
         5        16
         5        17
         5        18   4.75841
         5        19   4.91000
         5        20   4.82552
         5        21   4.51353   3.20856   4.29875
         5        22   2.70443
         5        23   3.64360   4.63251   3.68501
         5        24   4.26382   1.55518   3.80553   4.95571
         5        25   3.00394   4.82529   4.11150   2.30771
         5        26   4.17965   1.92206   3.40221   4.86194
         5        27   3.84385   2.16752   3.86732
         5        28   4.48627   1.53288   4.50639
         5        29   2.65454   4.15988   3.06983
         6        12   3.20856   4.51352   4.29874
         6        13   3.64359   3.68502   4.63250
         6        14   2.70443
         6        15   1.55518   4.95571   4.26382   3.80552
         6        16   4.17965   3.40222   1.92205   4.86195
         6        17   4.11150   3.00394   2.30771   4.82528
         6        18   2.16752   3.84385   3.86732
         6        19   2.65454   3.06983   4.15988
         6        20   4.48627   4.50639   1.53288
         6        21   3.38364
         6        22   4.60847   3.65475
         6        23   4.17391   3.97457
         6        24
         6        25
         6        26
         6        27   4.75841
         6        28   4.82552
         6        29   4.91000
         7        12   3.80551   4.26382   4.95570   1.55518
         7        13   4.86193   1.92205   3.40221   4.17966
         7        14   4.82528   2.30769   3.00395   4.11150
         7        15   4.29873   4.51353   3.20856
         7        16   4.63250   3.68500   3.64360
         7        17   2.70442
         7        18   4.75841
         7        19   4.82552
         7        20   4.91000
         7        21
         7        22
         7        23
         7        24   3.38365
         7        25   3.65476   4.60847
         7        26   3.97457   4.17393
         7        27   3.86732   3.84385   2.16752
         7        28   4.15988   3.06983   2.65454
         7        29   1.53288   4.50639   4.48627
         8        12
         8        13
         8        14
         8        15   4.75841
         8        16   4.82552
         8        17   4.91000
         8        18   3.20856   4.51353   4.29873
         8        19   3.64360   3.68500   4.63250
         8        20   2.70442
         8        21   1.55518   4.95571   4.26382   3.80552
         8        22   4.17965   3.40222   1.92205   4.86195
         8        23   4.11150   3.00394   2.30771   4.82528
         8        24   2.16752   3.84385   3.86732
         8        25   2.65454   3.06983   4.15988
         8        26   4.48627   4.50639   1.53288
         8        27   3.38365
         8        28   4.60847   3.65476
         8        29   4.17393   3.97457
         9        12   3.38365
         9        13   3.65476   4.60847
         9        14   3.97457   4.17393
         9        15   3.86732   3.84385   2.16752
         9        16   4.15988   3.06983   2.65454
         9        17   1.53288   4.50639   4.48627
         9        18   3.80552   4.26382   4.95571   1.55518
         9        19   4.86195   1.92205   3.40222   4.17965
         9        20   4.82528   2.30771   3.00394   4.11150
         9        21   4.29873   4.51353   3.20856
         9        22   4.63250   3.68500   3.64360
         9        23   2.70442
         9        24   4.75841
         9        25   4.82552
         9        26   4.91000
         9        27
         9        28
         9        29
        10        12   2.16752   3.84385   3.86732
        10        13   2.65454   3.06983   4.15988
        10        14   4.48627   4.50639   1.53288
        10        15   3.38365
        10        16   4.60847   3.65476
        10        17   4.17393   3.97457
        10        18
        10        19
        10        20
        10        21   4.75841
        10        22   4.82552
        10        23   4.91000
        10        24   3.20856   4.51353   4.29873
        10        25   3.64360   3.68500   4.63250
        10        26   2.70442
        10        27   1.55518   4.95570   4.26382   3.80551
        10        28   4.17966   3.40221   1.92205   4.86193
        10        29   4.11150   3.00395   2.30769   4.82528
        11        12   4.75841
        11        13   4.82552
        11        14   4.91000
        11        15
        11        16
        11        17
        11        18   3.38364
        11        19   3.65475   4.60847
        11        20   3.97457   4.17391
        11        21   3.86732   3.84385   2.16752
        11        22   4.15988   3.06983   2.65454
        11        23   1.53288   4.50639   4.48627
        11        24   3.80552   4.26382   4.95571   1.55518
        11        25   4.86195   1.92205   3.40222   4.17965
        11        26   4.82528   2.30771   3.00394   4.11150
        11        27   4.29874   4.51352   3.20856
        11        28   4.63250   3.68502   3.64359
        11        29   2.70443
        12         0   3.84385   2.16752   3.86732
        12         1   4.95571   3.80553   1.55518   4.26382
        12         2
        12         3   4.75841
        12         4   4.51352   3.20856   4.29873
        12         5   3.38363
        12         6   4.29874   4.51352   3.20856
        12         7   1.55518   4.95570   4.26382   3.80551
        12         8
        12         9   3.38365
        12        10   3.86732   3.84385   2.16752
        12        11   4.75841
        13         0   4.48627   1.53288   4.50639
        13         1   2.30771   4.11150   4.82529   3.00394
        13         2
        13         3   4.91000
        13         4   2.70442
        13         5   3.97457   4.17392
        13         6   4.63250   3.68502   3.64359
        13         7   4.17966   3.40221   1.92205   4.86193
        13         8
        13         9   4.60847   3.65476
        13        10   4.15988   3.06983   2.65454
        13        11   4.82552
        14         0   2.65454   4.15988   3.06983
        14         1   4.86194   3.40221   1.92206   4.17965
        14         2
        14         3   4.82552
        14         4   3.64360   4.63249   3.68500
        14         5   4.60847   3.65475
        14         6   2.70443
        14         7   4.11150   3.00395   2.30769   4.82528
        14         8
        14         9   4.17393   3.97457
        14        10   1.53288   4.50639   4.48627
        14        11   4.91000
        15         0   4.26382   1.55518   3.80553   4.95571
        15         1   3.86732   2.16752   3.84385
        15         2   3.38365
        15         3   4.29873   3.20856   4.51352
        15         4   4.75841
        15         5
        15         6   3.80552   4.26382   4.95571   1.55518
        15         7   3.20856   4.51353   4.29873
        15         8   4.75841
        15         9   2.16752   3.84385   3.86732
        15        10   3.38365
        15        11
        16         0   3.00394   4.82529   4.11150   2.30771
        16         1   4.50639   1.53288   4.48627
        16         2   4.17393   3.97458
        16         3   2.70442
        16         4   4.91000
        16         5
        16         6   4.86195   1.92205   3.40222   4.17965
        16         7   3.64360   3.68500   4.63250
        16         8   4.82552
        16         9   2.65454   3.06983   4.15988
        16        10   3.65476   4.60847
        16        11
        17         0   4.17965   1.92206   3.40221   4.86194
        17         1   3.06983   4.15988   2.65454
        17         2   3.65476   4.60848
        17         3   3.68500   4.63249   3.64360
        17         4   4.82552
        17         5
        17         6   4.82528   2.30771   3.00394   4.11150
        17         7   2.70442
        17         8   4.91000
        17         9   4.48627   4.50639   1.53288
        17        10   3.97457   4.17393
        17        11
        18         0   4.51353   3.20856   4.29875
        18         1   3.38365
        18         2   3.84385   2.16752   3.86732
        18         3   4.95571   3.80551   1.55519   4.26381
        18         4
        18         5   4.75841
        18         6   3.86732   3.84385   2.16752
        18         7   4.75841
        18         8   4.29873   4.51353   3.20856
        18         9   1.55518   4.95571   4.26382   3.80552
        18        10
        18        11   3.38364
        19         0   2.70443
        19         1   3.97458   4.17393
        19         2   4.48627   1.53288   4.50639
        19         3   2.30770   4.11151   4.82527   3.00394
        19         4
        19         5   4.91000
        19         6   4.15988   3.06983   2.65454
        19         7   4.82552
        19         8   4.63250   3.68500   3.64360
        19         9   4.17965   3.40222   1.92205   4.86195
        19        10
        19        11   4.60847   3.65475
        20         0   3.64360   4.63251   3.68501
        20         1   4.60848   3.65476
        20         2   2.65454   4.15988   3.06983
        20         3   4.86193   3.40222   1.92204   4.17966
        20         4
        20         5   4.82552
        20         6   1.53288   4.50639   4.48627
        20         7   4.91000
        20         8   2.70442
        20         9   4.11150   3.00394   2.30771   4.82528
        20        10
        20        11   4.17391   3.97457
        21         0   4.75841
        21         1
        21         2   4.26381   1.55519   3.80551   4.95571
        21         3   3.86732   2.16752   3.84385
        21         4   3.38365
        21         5   4.29875   3.20856   4.51353
        21         6   3.38364
        21         7
        21         8   3.80552   4.26382   4.95571   1.55518
        21         9   3.20856   4.51353   4.29873
        21        10   4.75841
        21        11   2.16752   3.84385   3.86732
        22         0   4.91000
        22         1
        22         2   3.00394   4.82527   4.11151   2.30770
        22         3   4.50639   1.53288   4.48627
        22         4   4.17393   3.97458
        22         5   2.70443
        22         6   3.65475   4.60847
        22         7
        22         8   4.86195   1.92205   3.40222   4.17965
        22         9   3.64360   3.68500   4.63250
        22        10   4.82552
        22        11   2.65454   3.06983   4.15988
        23         0   4.82552
        23         1
        23         2   4.17966   1.92204   3.40222   4.86193
        23         3   3.06983   4.15988   2.65454
        23         4   3.65476   4.60848
        23         5   3.68501   4.63251   3.64360
        23         6   3.97457   4.17391
        23         7
        23         8   4.82528   2.30771   3.00394   4.11150
        23         9   2.70442
        23        10   4.91000
        23        11   4.48627   4.50639   1.53288
        24         0
        24         1   4.75841
        24         2   4.51352   3.20856   4.29873
        24         3   3.38365
        24         4   3.84385   2.16752   3.86732
        24         5   4.95571   3.80553   1.55518   4.26382
        24         6
        24         7   3.38365
        24         8   3.86732   3.84385   2.16752
        24         9   4.75841
        24        10   4.29873   4.51353   3.20856
        24        11   1.55518   4.95571   4.26382   3.80552
        25         0
        25         1   4.91000
        25         2   2.70442
        25         3   3.97458   4.17393
        25         4   4.48627   1.53288   4.50639
        25         5   2.30771   4.11150   4.82529   3.00394
        25         6
        25         7   4.60847   3.65476
        25         8   4.15988   3.06983   2.65454
        25         9   4.82552
        25        10   4.63250   3.68500   3.64360
        25        11   4.17965   3.40222   1.92205   4.86195
        26         0
        26         1   4.82552
        26         2   3.64360   4.63249   3.68500
        26         3   4.60848   3.65476
        26         4   2.65454   4.15988   3.06983
        26         5   4.86194   3.40221   1.92206   4.17965
        26         6
        26         7   4.17393   3.97457
        26         8   1.53288   4.50639   4.48627
        26         9   4.91000
        26        10   2.70442
        26        11   4.11150   3.00394   2.30771   4.82528
        27         0   3.38363
        27         1   4.29873   3.20856   4.51352
        27         2   4.75841
        27         3
        27         4   4.26382   1.55518   3.80553   4.95571
        27         5   3.86732   2.16752   3.84385
        27         6   4.75841
        27         7   2.16752   3.84385   3.86732
        27         8   3.38365
        27         9
        27        10   3.80551   4.26382   4.95570   1.55518
        27        11   3.20856   4.51352   4.29874
        28         0   4.17392   3.97457
        28         1   2.70442
        28         2   4.91000
        28         3
        28         4   3.00394   4.82529   4.11150   2.30771
        28         5   4.50639   1.53288   4.48627
        28         6   4.82552
        28         7   2.65454   3.06983   4.15988
        28         8   3.65476   4.60847
        28         9
        28        10   4.86193   1.92205   3.40221   4.17966
        28        11   3.64359   3.68502   4.63250
        29         0   3.65475   4.60847
        29         1   3.68500   4.63249   3.64360
        29         2   4.82552
        29         3
        29         4   4.17965   1.92206   3.40221   4.86194
        29         5   3.06983   4.15988   2.65454
        29         6   4.91000
        29         7   4.48627   4.50639   1.53288
        29         8   3.97457   4.17393
        29         9
        29        10   4.82528   2.30769   3.00395   4.11150
        29        11   2.70443
