 3.725  0  0  5.994646081826294e-16  9.79  0  6.080371357766608e-16  0.0  9.93 
5
0 12  1.8625000000000003  0.39160000000000017  0.0 
0 13  3.519757365429407e-16  0.7832000000000001  4.965 
0 14  -1.7204756719521378e-16  -1.4195499999999999  -1.3901999999999999 
0 15  1.8625000000000005  2.5943499999999995  6.3552 
0 16  -1.797169177748749e-18  -1.4195499999999999  1.3902 
0 17  1.8625000000000005  2.5943499999999995  3.5747999999999998 
0 18  -2.2310003063466888e-17  1.1748  -1.5391499999999998 
0 19  1.8625000000000005  0.0  6.504149999999999 
0 20  1.6618150902729796e-16  1.1748  1.5391500000000002 
0 21  1.8625000000000005  0.0  3.4258499999999996 
0 22  3.237108884186199e-16  5.286599999999999  0.0 
0 23  1.8625000000000007  5.6781999999999995  4.965 
0 24  1.8625  3.4754499999999995  -1.3901999999999999 
0 25  8.477341921567744e-16  7.489349999999999  6.3552 
0 26  1.8625000000000003  3.4754499999999995  1.3902 
0 27  6.774837941393094e-16  7.489349999999999  3.5747999999999998 
0 28  1.8625000000000003  6.0698  -1.5391499999999998 
0 29  6.979966280250277e-16  4.894999999999999  6.504149999999999 
0 30  1.8625000000000005  6.0698  1.5391500000000002 
0 31  5.095051159342627e-16  4.894999999999999  3.4258499999999996 
1 12  -2.220446049250313e-16  -0.7831999999999999  -4.965 
1 13  -1.8625  -0.39159999999999995  0.0 
1 14  -1.8625000000000007  -2.59435  -6.3552 
1 15  0.0  1.4195499999999996  1.3902 
1 16  -1.8625000000000005  -2.59435  -3.5747999999999998 
1 17  0.0  1.4195499999999996  -1.3902 
1 18  -1.8625000000000005  0.0  -6.50415 
1 19  0.0  -1.1748  1.5391499999999994 
1 20  -1.8625000000000003  0.0  -3.4258499999999996 
1 21  0.0  -1.1748  -1.5391500000000002 
1 22  -1.8625  4.111799999999999  -4.965 
1 23  2.220446049250313e-16  4.503399999999999  0.0 
1 24  -4.440892098500626e-16  2.3006499999999996  -6.3552 
1 25  -1.8624999999999996  6.314549999999999  1.3902 
1 26  -2.220446049250313e-16  2.3006499999999996  -3.5747999999999998 
1 27  -1.8624999999999998  6.314549999999999  -1.3902 
1 28  -2.220446049250313e-16  4.895  -6.50415 
1 29  -1.8624999999999998  3.720199999999999  1.5391499999999994 
1 30  0.0  4.895  -3.4258499999999996 
1 31  -1.8625  3.720199999999999  -1.5391500000000002 
2 12  -2.220446049250313e-16  -4.503399999999999  0.0 
2 13  -1.8625  -4.111799999999999  4.965 
2 14  -1.8625000000000007  -6.314549999999999  -1.3901999999999999 
2 15  0.0  -2.300649999999999  6.3552 
2 16  -1.8625000000000005  -6.314549999999999  1.3902 
2 17  0.0  -2.300649999999999  3.5747999999999998 
2 18  -1.8625000000000005  -3.720199999999999  -1.5391499999999998 
2 19  0.0  -4.894999999999999  6.504149999999999 
2 20  -1.8625000000000003  -3.720199999999999  1.5391500000000002 
2 21  0.0  -4.894999999999999  3.4258499999999996 
2 22  -1.8625  0.3916000000000004  0.0 
2 23  2.220446049250313e-16  0.7832000000000008  4.965 
2 24  -4.440892098500626e-16  -1.4195499999999992  -1.3901999999999999 
2 25  -1.8624999999999996  2.5943500000000004  6.3552 
2 26  -2.220446049250313e-16  -1.4195499999999992  1.3902 
2 27  -1.8624999999999998  2.5943500000000004  3.5747999999999998 
2 28  -2.220446049250313e-16  1.1748000000000012  -1.5391499999999998 
2 29  -1.8624999999999998  0.0  6.504149999999999 
2 30  0.0  1.1748000000000012  1.5391500000000002 
2 31  -1.8625  0.0  3.4258499999999996 
3 12  1.8624999999999996  -5.6782  -4.965 
3 13  -3.2371088841861997e-16  -5.2866  0.0 
3 14  -8.477341921567744e-16  -7.48935  -6.3552 
3 15  1.8624999999999998  -3.4754500000000004  1.3902 
3 16  -6.774837941393094e-16  -7.48935  -3.5747999999999998 
3 17  1.8624999999999998  -3.4754500000000004  -1.3902 
3 18  -6.979966280250276e-16  -4.895  -6.50415 
3 19  1.8624999999999998  -6.0698  1.5391499999999994 
3 20  -5.095051159342627e-16  -4.895  -3.4258499999999996 
3 21  1.8624999999999998  -6.0698  -1.5391500000000002 
3 22  -3.5197573654294077e-16  -0.7832000000000008  -4.965 
3 23  1.8625  -0.3916000000000004  0.0 
3 24  1.8624999999999994  -2.5943500000000004  -6.3552 
3 25  1.7204756719521368e-16  1.4195499999999992  1.3902 
3 26  1.8624999999999996  -2.5943500000000004  -3.5747999999999998 
3 27  1.7971691777486503e-18  1.4195499999999992  -1.3902 
3 28  1.8624999999999996  0.0  -6.50415 
3 29  2.2310003063466937e-17  -1.1748000000000012  1.5391499999999994 
3 30  1.8624999999999998  0.0  -3.4258499999999996 
3 31  -1.6618150902729801e-16  -1.1748000000000012  -1.5391500000000002 
4 12  1.8625  0.93005  -3.0783000000000005 
4 13  1.9645477790222045e-16  1.32165  1.8866999999999994 
4 14  -3.2756852583593405e-16  -0.8811  -4.468500000000001 
4 15  1.8625000000000003  3.1327999999999996  3.2768999999999995 
4 16  -1.5731812781846902e-16  -0.8811  -1.6881000000000004 
4 17  1.8625000000000003  3.1327999999999996  0.4964999999999993 
4 18  -1.7783096170418716e-16  1.71325  -4.617450000000001 
4 19  1.8625000000000003  0.5384499999999999  3.4258499999999987 
4 20  1.0660550386577697e-17  1.71325  -1.5391500000000002 
4 21  1.8625000000000003  0.5384499999999999  0.34754999999999914 
4 22  1.6818992977789965e-16  5.825049999999999  -3.0783000000000005 
4 23  1.8625000000000005  6.21665  1.8866999999999994 
4 24  1.8624999999999998  4.0139  -4.468500000000001 
4 25  6.922132335160541e-16  8.0278  3.2768999999999995 
4 26  1.8625  4.0139  -1.6881000000000004 
4 27  5.219628354985891e-16  8.0278  0.4964999999999993 
4 28  1.8625  6.60825  -4.617450000000001 
4 29  5.424756693843074e-16  5.433449999999999  3.4258499999999987 
4 30  1.8625000000000003  6.60825  -1.5391500000000002 
4 31  3.539841572935424e-16  5.433449999999999  0.34754999999999914 
5 12  0.0  -1.3216499999999995  -1.8867000000000003 
5 13  -1.8624999999999998  -0.9300499999999996  3.0782999999999996 
5 14  -1.8625000000000005  -3.1327999999999996  -3.2769000000000004 
5 15  2.220446049250313e-16  0.8811  4.4685 
5 16  -1.8625000000000003  -3.1327999999999996  -0.49650000000000016 
5 17  2.220446049250313e-16  0.8811  1.6880999999999995 
5 18  -1.8625000000000003  -0.5384499999999997  -3.42585 
5 19  2.220446049250313e-16  -1.7132499999999997  4.617449999999999 
5 20  -1.8625  -0.5384499999999997  -0.34755 
5 21  2.220446049250313e-16  -1.7132499999999997  1.5391499999999994 
5 22  -1.8624999999999998  3.5733499999999996  -1.8867000000000003 
5 23  4.440892098500626e-16  3.96495  3.0782999999999996 
5 24  -2.220446049250313e-16  1.7622  -3.2769000000000004 
5 25  -1.8624999999999994  5.7761  4.4685 
5 26  0.0  1.7622  -0.49650000000000016 
5 27  -1.8624999999999996  5.7761  1.6880999999999995 
5 28  0.0  4.35655  -3.42585 
5 29  -1.8624999999999996  3.181749999999999  4.617449999999999 
5 30  2.220446049250313e-16  4.35655  -0.34755 
5 31  -1.8624999999999998  3.181749999999999  1.5391499999999994 
6 12  1.8624999999999998  0.93005  -6.851699999999999 
6 13  -3.459933369291066e-17  1.32165  -1.8866999999999994 
6 14  -5.586226374310651e-16  -0.8811  -8.2419 
6 15  1.8625  3.1327999999999996  -0.4964999999999993 
6 16  -3.8837223941360013e-16  -0.8811  -5.461499999999999 
6 17  1.8625  3.1327999999999996  -3.2768999999999995 
6 18  -4.0888507329931827e-16  1.71325  -8.390849999999999 
6 19  1.8625  0.5384499999999999  -0.34755 
6 20  -2.2039356120855341e-16  1.71325  -5.312549999999999 
6 21  1.8625  0.5384499999999999  -3.4258499999999996 
6 22  -6.286418181723146e-17  5.825049999999999  -6.851699999999999 
6 23  1.8625000000000003  6.21665  -1.8866999999999994 
6 24  1.8624999999999996  4.0139  -8.2419 
6 25  4.61159121920923e-16  8.0278  -0.4964999999999993 
6 26  1.8624999999999998  4.0139  -5.461499999999999 
6 27  2.9090872390345796e-16  8.0278  -3.2768999999999995 
6 28  1.8624999999999998  6.60825  -8.390849999999999 
6 29  3.1142155778917625e-16  5.433449999999999  -0.34755 
6 30  1.8625  6.60825  -5.312549999999999 
6 31  1.229300456984113e-16  5.433449999999999  -3.4258499999999996 
7 12  2.220446049250313e-16  -1.3216499999999995  1.8866999999999998 
7 13  -1.8624999999999996  -0.9300499999999996  6.8517 
7 14  -1.8625000000000003  -3.1327999999999996  0.49650000000000005 
7 15  4.440892098500626e-16  0.8811  8.2419 
7 16  -1.8625  -3.1327999999999996  3.2769 
7 17  4.440892098500626e-16  0.8811  5.4615 
7 18  -1.8625  -0.5384499999999997  0.34755 
7 19  4.440892098500626e-16  -1.7132499999999997  8.390849999999999 
7 20  -1.8624999999999998  -0.5384499999999997  3.42585 
7 21  4.440892098500626e-16  -1.7132499999999997  5.31255 
7 22  -1.8624999999999996  3.5733499999999996  1.8866999999999998 
7 23  6.661338147750939e-16  3.96495  6.8517 
7 24  0.0  1.7622  0.49650000000000005 
7 25  -1.8624999999999992  5.7761  8.2419 
7 26  2.220446049250313e-16  1.7622  3.2769 
7 27  -1.8624999999999994  5.7761  5.4615 
7 28  2.220446049250313e-16  4.35655  0.34755 
7 29  -1.8624999999999994  3.181749999999999  8.390849999999999 
7 30  4.440892098500626e-16  4.35655  3.42585 
7 31  -1.8624999999999996  3.181749999999999  5.31255 
8 12  -4.440892098500626e-16  -3.9649499999999995  -3.0783000000000005 
8 13  -1.8625000000000003  -3.5733499999999996  1.8866999999999994 
8 14  -1.862500000000001  -5.7761  -4.468500000000001 
8 15  -2.220446049250313e-16  -1.7622  3.2768999999999995 
8 16  -1.8625000000000007  -5.7761  -1.6881000000000004 
8 17  -2.220446049250313e-16  -1.7622  0.4964999999999993 
8 18  -1.8625000000000007  -3.1817499999999996  -4.617450000000001 
8 19  -2.220446049250313e-16  -4.3565499999999995  3.4258499999999987 
8 20  -1.8625000000000005  -3.1817499999999996  -1.5391500000000002 
8 21  -2.220446049250313e-16  -4.3565499999999995  0.34754999999999914 
8 22  -1.8625000000000003  0.9300499999999996  -3.0783000000000005 
8 23  0.0  1.32165  1.8866999999999994 
8 24  -6.661338147750939e-16  -0.8811  -4.468500000000001 
8 25  -1.8624999999999998  3.1327999999999996  3.2768999999999995 
8 26  -4.440892098500626e-16  -0.8811  -1.6881000000000004 
8 27  -1.8625  3.1327999999999996  0.4964999999999993 
8 28  -4.440892098500626e-16  1.7132500000000004  -4.617450000000001 
8 29  -1.8625  0.5384499999999992  3.4258499999999987 
8 30  -2.220446049250313e-16  1.7132500000000004  -1.5391500000000002 
8 31  -1.8625000000000003  0.5384499999999992  0.34754999999999914 
9 12  1.8624999999999996  -6.21665  -1.8867000000000003 
9 13  -1.6818992977789965e-16  -5.825049999999999  3.0782999999999996 
9 14  -6.922132335160541e-16  -8.0278  -3.2769000000000004 
9 15  1.8624999999999998  -4.0139  4.4685 
9 16  -5.219628354985891e-16  -8.0278  -0.49650000000000016 
9 17  1.8624999999999998  -4.0139  1.6880999999999995 
9 18  -5.424756693843073e-16  -5.433449999999999  -3.42585 
9 19  1.8624999999999998  -6.608249999999999  4.617449999999999 
9 20  -3.539841572935424e-16  -5.433449999999999  -0.34755 
9 21  1.8624999999999998  -6.608249999999999  1.5391499999999994 
9 22  -1.9645477790222045e-16  -1.32165  -1.8867000000000003 
9 23  1.8625  -0.9300499999999996  3.0782999999999996 
9 24  1.8624999999999994  -3.1327999999999996  -3.2769000000000004 
9 25  3.27568525835934e-16  0.8811  4.4685 
9 26  1.8624999999999996  -3.1327999999999996  -0.49650000000000016 
9 27  1.5731812781846897e-16  0.8811  1.6880999999999995 
9 28  1.8624999999999996  -0.5384499999999992  -3.42585 
9 29  1.7783096170418725e-16  -1.7132500000000004  4.617449999999999 
9 30  1.8624999999999998  -0.5384499999999992  -0.34755 
9 31  -1.0660550386577697e-17  -1.7132500000000004  1.5391499999999994 
10 12  -6.661338147750939e-16  -3.9649499999999995  -6.851699999999999 
10 13  -1.8625000000000005  -3.5733499999999996  -1.8866999999999994 
10 14  -1.8625000000000012  -5.7761  -8.2419 
10 15  -4.440892098500626e-16  -1.7622  -0.4964999999999993 
10 16  -1.862500000000001  -5.7761  -5.461499999999999 
10 17  -4.440892098500626e-16  -1.7622  -3.2768999999999995 
10 18  -1.862500000000001  -3.1817499999999996  -8.390849999999999 
10 19  -4.440892098500626e-16  -4.3565499999999995  -0.34755 
10 20  -1.8625000000000007  -3.1817499999999996  -5.312549999999999 
10 21  -4.440892098500626e-16  -4.3565499999999995  -3.4258499999999996 
10 22  -1.8625000000000005  0.9300499999999996  -6.851699999999999 
10 23  -2.220446049250313e-16  1.32165  -1.8866999999999994 
10 24  -8.881784197001252e-16  -0.8811  -8.2419 
10 25  -1.8625  3.1327999999999996  -0.4964999999999993 
10 26  -6.661338147750939e-16  -0.8811  -5.461499999999999 
10 27  -1.8625000000000003  3.1327999999999996  -3.2768999999999995 
10 28  -6.661338147750939e-16  1.7132500000000004  -8.390849999999999 
10 29  -1.8625000000000003  0.5384499999999992  -0.34755 
10 30  -4.440892098500626e-16  1.7132500000000004  -5.312549999999999 
10 31  -1.8625000000000005  0.5384499999999992  -3.4258499999999996 
11 12  1.8625  -6.21665  1.8866999999999998 
11 13  6.286418181723146e-17  -5.825049999999999  6.8517 
11 14  -4.61159121920923e-16  -8.0278  0.49650000000000005 
11 15  1.8625000000000003  -4.0139  8.2419 
11 16  -2.90908723903458e-16  -8.0278  3.2769 
11 17  1.8625000000000003  -4.0139  5.4615 
11 18  -3.1142155778917615e-16  -5.433449999999999  0.34755 
11 19  1.8625000000000003  -6.608249999999999  8.390849999999999 
11 20  -1.229300456984113e-16  -5.433449999999999  3.42585 
11 21  1.8625000000000003  -6.608249999999999  5.31255 
11 22  3.459933369291066e-17  -1.32165  1.8866999999999998 
11 23  1.8625000000000005  -0.9300499999999996  6.8517 
11 24  1.8624999999999998  -3.1327999999999996  0.49650000000000005 
11 25  5.586226374310651e-16  0.8811  8.2419 
11 26  1.8625  -3.1327999999999996  3.2769 
11 27  3.883722394136001e-16  0.8811  5.4615 
11 28  1.8625  -0.5384499999999992  0.34755 
11 29  4.0888507329931836e-16  -1.7132500000000004  8.390849999999999 
11 30  1.8625000000000003  -0.5384499999999992  3.42585 
11 31  2.2039356120855341e-16  -1.7132500000000004  5.31255 
12 0  -1.8625000000000003  -0.39160000000000017  0.0 
12 1  2.220446049250313e-16  0.7831999999999999  4.965 
12 2  2.220446049250313e-16  4.503399999999999  0.0 
12 3  -1.8624999999999996  5.6782  4.965 
12 4  -1.8625  -0.93005  3.0783000000000005 
12 5  0.0  1.3216499999999995  1.8867000000000003 
12 6  -1.8624999999999998  -0.93005  6.851699999999999 
12 7  -2.220446049250313e-16  1.3216499999999995  -1.8866999999999998 
12 8  4.440892098500626e-16  3.9649499999999995  3.0783000000000005 
12 9  -1.8624999999999996  6.21665  1.8867000000000003 
12 10  6.661338147750939e-16  3.9649499999999995  6.851699999999999 
12 11  -1.8625  6.21665  -1.8866999999999998 
13 0  -3.519757365429407e-16  -0.7832000000000001  -4.965 
13 1  1.8625  0.39159999999999995  0.0 
13 2  1.8625  4.111799999999999  -4.965 
13 3  3.2371088841861997e-16  5.2866  0.0 
13 4  -1.9645477790222045e-16  -1.32165  -1.8866999999999994 
13 5  1.8624999999999998  0.9300499999999996  -3.0782999999999996 
13 6  3.459933369291066e-17  -1.32165  1.8866999999999994 
13 7  1.8624999999999996  0.9300499999999996  -6.8517 
13 8  1.8625000000000003  3.5733499999999996  -1.8866999999999994 
13 9  1.6818992977789965e-16  5.825049999999999  -3.0782999999999996 
13 10  1.8625000000000005  3.5733499999999996  1.8866999999999994 
13 11  -6.286418181723146e-17  5.825049999999999  -6.8517 
14 0  1.7204756719521378e-16  1.4195499999999999  1.3901999999999999 
14 1  1.8625000000000007  2.59435  6.3552 
14 2  1.8625000000000007  6.314549999999999  1.3901999999999999 
14 3  8.477341921567744e-16  7.48935  6.3552 
14 4  3.2756852583593405e-16  0.8811  4.468500000000001 
14 5  1.8625000000000005  3.1327999999999996  3.2769000000000004 
14 6  5.586226374310651e-16  0.8811  8.2419 
14 7  1.8625000000000003  3.1327999999999996  -0.49650000000000005 
14 8  1.862500000000001  5.7761  4.468500000000001 
14 9  6.922132335160541e-16  8.0278  3.2769000000000004 
14 10  1.8625000000000012  5.7761  8.2419 
14 11  4.61159121920923e-16  8.0278  -0.49650000000000005 
15 0  -1.8625000000000005  -2.5943499999999995  -6.3552 
15 1  0.0  -1.4195499999999996  -1.3902 
15 2  0.0  2.300649999999999  -6.3552 
15 3  -1.8624999999999998  3.4754500000000004  -1.3902 
15 4  -1.8625000000000003  -3.1327999999999996  -3.2768999999999995 
15 5  -2.220446049250313e-16  -0.8811  -4.4685 
15 6  -1.8625  -3.1327999999999996  0.4964999999999993 
15 7  -4.440892098500626e-16  -0.8811  -8.2419 
15 8  2.220446049250313e-16  1.7622  -3.2768999999999995 
15 9  -1.8624999999999998  4.0139  -4.4685 
15 10  4.440892098500626e-16  1.7622  0.4964999999999993 
15 11  -1.8625000000000003  4.0139  -8.2419 
16 0  1.797169177748749e-18  1.4195499999999999  -1.3902 
16 1  1.8625000000000005  2.59435  3.5747999999999998 
16 2  1.8625000000000005  6.314549999999999  -1.3902 
16 3  6.774837941393094e-16  7.48935  3.5747999999999998 
16 4  1.5731812781846902e-16  0.8811  1.6881000000000004 
16 5  1.8625000000000003  3.1327999999999996  0.49650000000000016 
16 6  3.8837223941360013e-16  0.8811  5.461499999999999 
16 7  1.8625  3.1327999999999996  -3.2769 
16 8  1.8625000000000007  5.7761  1.6881000000000004 
16 9  5.219628354985891e-16  8.0278  0.49650000000000016 
16 10  1.862500000000001  5.7761  5.461499999999999 
16 11  2.90908723903458e-16  8.0278  -3.2769 
17 0  -1.8625000000000005  -2.5943499999999995  -3.5747999999999998 
17 1  0.0  -1.4195499999999996  1.3902 
17 2  0.0  2.300649999999999  -3.5747999999999998 
17 3  -1.8624999999999998  3.4754500000000004  1.3902 
17 4  -1.8625000000000003  -3.1327999999999996  -0.4964999999999993 
17 5  -2.220446049250313e-16  -0.8811  -1.6880999999999995 
17 6  -1.8625  -3.1327999999999996  3.2768999999999995 
17 7  -4.440892098500626e-16  -0.8811  -5.4615 
17 8  2.220446049250313e-16  1.7622  -0.4964999999999993 
17 9  -1.8624999999999998  4.0139  -1.6880999999999995 
17 10  4.440892098500626e-16  1.7622  3.2768999999999995 
17 11  -1.8625000000000003  4.0139  -5.4615 
18 0  2.2310003063466888e-17  -1.1748  1.5391499999999998 
18 1  1.8625000000000005  0.0  6.50415 
18 2  1.8625000000000005  3.720199999999999  1.5391499999999998 
18 3  6.979966280250276e-16  4.895  6.50415 
18 4  1.7783096170418716e-16  -1.71325  4.617450000000001 
18 5  1.8625000000000003  0.5384499999999997  3.42585 
18 6  4.0888507329931827e-16  -1.71325  8.390849999999999 
18 7  1.8625  0.5384499999999997  -0.34755 
18 8  1.8625000000000007  3.1817499999999996  4.617450000000001 
18 9  5.424756693843073e-16  5.433449999999999  3.42585 
18 10  1.862500000000001  3.1817499999999996  8.390849999999999 
18 11  3.1142155778917615e-16  5.433449999999999  -0.34755 
19 0  -1.8625000000000005  0.0  -6.504149999999999 
19 1  0.0  1.1748  -1.5391499999999994 
19 2  0.0  4.894999999999999  -6.504149999999999 
19 3  -1.8624999999999998  6.0698  -1.5391499999999994 
19 4  -1.8625000000000003  -0.5384499999999999  -3.4258499999999987 
19 5  -2.220446049250313e-16  1.7132499999999997  -4.617449999999999 
19 6  -1.8625  -0.5384499999999999  0.34755 
19 7  -4.440892098500626e-16  1.7132499999999997  -8.390849999999999 
19 8  2.220446049250313e-16  4.3565499999999995  -3.4258499999999987 
19 9  -1.8624999999999998  6.608249999999999  -4.617449999999999 
19 10  4.440892098500626e-16  4.3565499999999995  0.34755 
19 11  -1.8625000000000003  6.608249999999999  -8.390849999999999 
20 0  -1.6618150902729796e-16  -1.1748  -1.5391500000000002 
20 1  1.8625000000000003  0.0  3.4258499999999996 
20 2  1.8625000000000003  3.720199999999999  -1.5391500000000002 
20 3  5.095051159342627e-16  4.895  3.4258499999999996 
20 4  -1.0660550386577697e-17  -1.71325  1.5391500000000002 
20 5  1.8625  0.5384499999999997  0.34755 
20 6  2.2039356120855341e-16  -1.71325  5.312549999999999 
20 7  1.8624999999999998  0.5384499999999997  -3.42585 
20 8  1.8625000000000005  3.1817499999999996  1.5391500000000002 
20 9  3.539841572935424e-16  5.433449999999999  0.34755 
20 10  1.8625000000000007  3.1817499999999996  5.312549999999999 
20 11  1.229300456984113e-16  5.433449999999999  -3.42585 
21 0  -1.8625000000000005  0.0  -3.4258499999999996 
21 1  0.0  1.1748  1.5391500000000002 
21 2  0.0  4.894999999999999  -3.4258499999999996 
21 3  -1.8624999999999998  6.0698  1.5391500000000002 
21 4  -1.8625000000000003  -0.5384499999999999  -0.34754999999999914 
21 5  -2.220446049250313e-16  1.7132499999999997  -1.5391499999999994 
21 6  -1.8625  -0.5384499999999999  3.4258499999999996 
21 7  -4.440892098500626e-16  1.7132499999999997  -5.31255 
21 8  2.220446049250313e-16  4.3565499999999995  -0.34754999999999914 
21 9  -1.8624999999999998  6.608249999999999  -1.5391499999999994 
21 10  4.440892098500626e-16  4.3565499999999995  3.4258499999999996 
21 11  -1.8625000000000003  6.608249999999999  -5.31255 
22 0  -3.237108884186199e-16  -5.286599999999999  0.0 
22 1  1.8625  -4.111799999999999  4.965 
22 2  1.8625  -0.3916000000000004  0.0 
22 3  3.5197573654294077e-16  0.7832000000000008  4.965 
22 4  -1.6818992977789965e-16  -5.825049999999999  3.0783000000000005 
22 5  1.8624999999999998  -3.5733499999999996  1.8867000000000003 
22 6  6.286418181723146e-17  -5.825049999999999  6.851699999999999 
22 7  1.8624999999999996  -3.5733499999999996  -1.8866999999999998 
22 8  1.8625000000000003  -0.9300499999999996  3.0783000000000005 
22 9  1.9645477790222045e-16  1.32165  1.8867000000000003 
22 10  1.8625000000000005  -0.9300499999999996  6.851699999999999 
22 11  -3.459933369291066e-17  1.32165  -1.8866999999999998 
23 0  -1.8625000000000007  -5.6781999999999995  -4.965 
23 1  -2.220446049250313e-16  -4.503399999999999  0.0 
23 2  -2.220446049250313e-16  -0.7832000000000008  -4.965 
23 3  -1.8625  0.3916000000000004  0.0 
23 4  -1.8625000000000005  -6.21665  -1.8866999999999994 
23 5  -4.440892098500626e-16  -3.96495  -3.0782999999999996 
23 6  -1.8625000000000003  -6.21665  1.8866999999999994 
23 7  -6.661338147750939e-16  -3.96495  -6.8517 
23 8  0.0  -1.32165  -1.8866999999999994 
23 9  -1.8625  0.9300499999999996  -3.0782999999999996 
23 10  2.220446049250313e-16  -1.32165  1.8866999999999994 
23 11  -1.8625000000000005  0.9300499999999996  -6.8517 
24 0  -1.8625  -3.4754499999999995  1.3901999999999999 
24 1  4.440892098500626e-16  -2.3006499999999996  6.3552 
24 2  4.440892098500626e-16  1.4195499999999992  1.3901999999999999 
24 3  -1.8624999999999994  2.5943500000000004  6.3552 
24 4  -1.8624999999999998  -4.0139  4.468500000000001 
24 5  2.220446049250313e-16  -1.7622  3.2769000000000004 
24 6  -1.8624999999999996  -4.0139  8.2419 
24 7  0.0  -1.7622  -0.49650000000000005 
24 8  6.661338147750939e-16  0.8811  4.468500000000001 
24 9  -1.8624999999999994  3.1327999999999996  3.2769000000000004 
24 10  8.881784197001252e-16  0.8811  8.2419 
24 11  -1.8624999999999998  3.1327999999999996  -0.49650000000000005 
25 0  -8.477341921567744e-16  -7.489349999999999  -6.3552 
25 1  1.8624999999999996  -6.314549999999999  -1.3902 
25 2  1.8624999999999996  -2.5943500000000004  -6.3552 
25 3  -1.7204756719521368e-16  -1.4195499999999992  -1.3902 
25 4  -6.922132335160541e-16  -8.0278  -3.2768999999999995 
25 5  1.8624999999999994  -5.7761  -4.4685 
25 6  -4.61159121920923e-16  -8.0278  0.4964999999999993 
25 7  1.8624999999999992  -5.7761  -8.2419 
25 8  1.8624999999999998  -3.1327999999999996  -3.2768999999999995 
25 9  -3.27568525835934e-16  -0.8811  -4.4685 
25 10  1.8625  -3.1327999999999996  0.4964999999999993 
25 11  -5.586226374310651e-16  -0.8811  -8.2419 
26 0  -1.8625000000000003  -3.4754499999999995  -1.3902 
26 1  2.220446049250313e-16  -2.3006499999999996  3.5747999999999998 
26 2  2.220446049250313e-16  1.4195499999999992  -1.3902 
26 3  -1.8624999999999996  2.5943500000000004  3.5747999999999998 
26 4  -1.8625  -4.0139  1.6881000000000004 
26 5  0.0  -1.7622  0.49650000000000016 
26 6  -1.8624999999999998  -4.0139  5.461499999999999 
26 7  -2.220446049250313e-16  -1.7622  -3.2769 
26 8  4.440892098500626e-16  0.8811  1.6881000000000004 
26 9  -1.8624999999999996  3.1327999999999996  0.49650000000000016 
26 10  6.661338147750939e-16  0.8811  5.461499999999999 
26 11  -1.8625  3.1327999999999996  -3.2769 
27 0  -6.774837941393094e-16  -7.489349999999999  -3.5747999999999998 
27 1  1.8624999999999998  -6.314549999999999  1.3902 
27 2  1.8624999999999998  -2.5943500000000004  -3.5747999999999998 
27 3  -1.7971691777486503e-18  -1.4195499999999992  1.3902 
27 4  -5.219628354985891e-16  -8.0278  -0.4964999999999993 
27 5  1.8624999999999996  -5.7761  -1.6880999999999995 
27 6  -2.9090872390345796e-16  -8.0278  3.2768999999999995 
27 7  1.8624999999999994  -5.7761  -5.4615 
27 8  1.8625  -3.1327999999999996  -0.4964999999999993 
27 9  -1.5731812781846897e-16  -0.8811  -1.6880999999999995 
27 10  1.8625000000000003  -3.1327999999999996  3.2768999999999995 
27 11  -3.883722394136001e-16  -0.8811  -5.4615 
28 0  -1.8625000000000003  -6.0698  1.5391499999999998 
28 1  2.220446049250313e-16  -4.895  6.50415 
28 2  2.220446049250313e-16  -1.1748000000000012  1.5391499999999998 
28 3  -1.8624999999999996  0.0  6.50415 
28 4  -1.8625  -6.60825  4.617450000000001 
28 5  0.0  -4.35655  3.42585 
28 6  -1.8624999999999998  -6.60825  8.390849999999999 
28 7  -2.220446049250313e-16  -4.35655  -0.34755 
28 8  4.440892098500626e-16  -1.7132500000000004  4.617450000000001 
28 9  -1.8624999999999996  0.5384499999999992  3.42585 
28 10  6.661338147750939e-16  -1.7132500000000004  8.390849999999999 
28 11  -1.8625  0.5384499999999992  -0.34755 
29 0  -6.979966280250277e-16  -4.894999999999999  -6.504149999999999 
29 1  1.8624999999999998  -3.720199999999999  -1.5391499999999994 
29 2  1.8624999999999998  0.0  -6.504149999999999 
29 3  -2.2310003063466937e-17  1.1748000000000012  -1.5391499999999994 
29 4  -5.424756693843074e-16  -5.433449999999999  -3.4258499999999987 
29 5  1.8624999999999996  -3.181749999999999  -4.617449999999999 
29 6  -3.1142155778917625e-16  -5.433449999999999  0.34755 
29 7  1.8624999999999994  -3.181749999999999  -8.390849999999999 
29 8  1.8625  -0.5384499999999992  -3.4258499999999987 
29 9  -1.7783096170418725e-16  1.7132500000000004  -4.617449999999999 
29 10  1.8625000000000003  -0.5384499999999992  0.34755 
29 11  -4.0888507329931836e-16  1.7132500000000004  -8.390849999999999 
30 0  -1.8625000000000005  -6.0698  -1.5391500000000002 
30 1  0.0  -4.895  3.4258499999999996 
30 2  0.0  -1.1748000000000012  -1.5391500000000002 
30 3  -1.8624999999999998  0.0  3.4258499999999996 
30 4  -1.8625000000000003  -6.60825  1.5391500000000002 
30 5  -2.220446049250313e-16  -4.35655  0.34755 
30 6  -1.8625  -6.60825  5.312549999999999 
30 7  -4.440892098500626e-16  -4.35655  -3.42585 
30 8  2.220446049250313e-16  -1.7132500000000004  1.5391500000000002 
30 9  -1.8624999999999998  0.5384499999999992  0.34755 
30 10  4.440892098500626e-16  -1.7132500000000004  5.312549999999999 
30 11  -1.8625000000000003  0.5384499999999992  -3.42585 
31 0  -5.095051159342627e-16  -4.894999999999999  -3.4258499999999996 
31 1  1.8625  -3.720199999999999  1.5391500000000002 
31 2  1.8625  0.0  -3.4258499999999996 
31 3  1.6618150902729801e-16  1.1748000000000012  1.5391500000000002 
31 4  -3.539841572935424e-16  -5.433449999999999  -0.34754999999999914 
31 5  1.8624999999999998  -3.181749999999999  -1.5391499999999994 
31 6  -1.229300456984113e-16  -5.433449999999999  3.4258499999999996 
31 7  1.8624999999999996  -3.181749999999999  -5.31255 
31 8  1.8625000000000003  -0.5384499999999992  -0.34754999999999914 
31 9  1.0660550386577697e-17  1.7132500000000004  -1.5391499999999994 
31 10  1.8625000000000005  -0.5384499999999992  3.4258499999999996 
31 11  -2.2039356120855341e-16  1.7132500000000004  -5.31255 