         0        24   3.44929
         0        25   3.44929
         0        26   3.44929
         0        27   3.44929
         0        28   4.53325
         0        29   4.53325
         0        30   4.53325
         0        31   1.80133
         0        32
         0        33
         0        34   3.44929
         0        35   3.44929
         0        36   4.53325
         0        37   4.53325
         0        38   1.80133
         0        39   4.53325
         0        40   3.44929
         0        41   3.44929
         0        42   3.44929
         0        43   3.44929
         0        44   4.53325
         0        45   1.80133
         0        46   4.53325
         0        47   4.53325
         0        48   3.44929
         0        49   3.44929
         0        50
         0        51
         0        52   1.80133
         0        53   4.53325
         0        54   4.53325
         0        55   4.53325
         1        24   1.80133
         1        25   4.53325
         1        26   1.80133
         1        27   4.53325
         1        28   3.44929
         1        29   3.44929
         1        30   3.44929
         1        31   3.44929
         1        32   4.53325
         1        33   1.80133
         1        34   4.53325
         1        35   1.80133
         1        36   3.44929
         1        37   3.44929
         1        38   3.44929
         1        39   3.44929
         1        40   4.53325
         1        41   4.53325
         1        42   4.53325
         1        43   4.53325
         1        44
         1        45
         1        46
         1        47
         1        48   4.53325
         1        49   4.53325
         1        50   4.53325
         1        51   4.53325
         1        52   3.44929
         1        53   3.44929
         1        54   3.44929
         1        55   3.44929
         2        24
         2        25
         2        26   3.44929
         2        27   3.44929
         2        28   4.53325
         2        29   4.53325
         2        30   1.80133
         2        31   4.53325
         2        32   3.44929
         2        33   3.44929
         2        34   3.44929
         2        35   3.44929
         2        36   4.53325
         2        37   4.53325
         2        38   4.53325
         2        39   1.80133
         2        40   3.44929
         2        41   3.44929
         2        42
         2        43
         2        44   1.80133
         2        45   4.53325
         2        46   4.53325
         2        47   4.53325
         2        48   3.44929
         2        49   3.44929
         2        50   3.44929
         2        51   3.44929
         2        52   4.53325
         2        53   1.80133
         2        54   4.53325
         2        55   4.53325
         3        24   4.53325
         3        25   1.80133
         3        26   4.53325
         3        27   1.80133
         3        28   3.44929
         3        29   3.44929
         3        30   3.44929
         3        31   3.44929
         3        32   1.80133
         3        33   4.53325
         3        34   1.80133
         3        35   4.53325
         3        36   3.44929
         3        37   3.44929
         3        38   3.44929
         3        39   3.44929
         3        40   4.53325
         3        41   4.53325
         3        42   4.53325
         3        43   4.53325
         3        44   3.44929
         3        45   3.44929
         3        46   3.44929
         3        47   3.44929
         3        48   4.53325
         3        49   4.53325
         3        50   4.53325
         3        51   4.53325
         3        52
         3        53
         3        54
         3        55
         4        24   3.44929
         4        25   3.44929
         4        26   3.44929
         4        27   3.44929
         4        28   4.53325
         4        29   1.80133
         4        30   4.53325
         4        31   4.53325
         4        32   3.44929
         4        33   3.44929
         4        34
         4        35
         4        36   1.80133
         4        37   4.53325
         4        38   4.53325
         4        39   4.53325
         4        40   3.44929
         4        41   3.44929
         4        42   3.44929
         4        43   3.44929
         4        44   4.53325
         4        45   4.53325
         4        46   4.53325
         4        47   1.80133
         4        48
         4        49
         4        50   3.44929
         4        51   3.44929
         4        52   4.53325
         4        53   4.53325
         4        54   1.80133
         4        55   4.53325
         5        24   4.53325
         5        25   4.53325
         5        26   4.53325
         5        27   4.53325
         5        28
         5        29
         5        30
         5        31
         5        32   4.53325
         5        33   4.53325
         5        34   4.53325
         5        35   4.53325
         5        36   3.44929
         5        37   3.44929
         5        38   3.44929
         5        39   3.44929
         5        40   1.80133
         5        41   4.53325
         5        42   1.80133
         5        43   4.53325
         5        44   3.44929
         5        45   3.44929
         5        46   3.44929
         5        47   3.44929
         5        48   4.53325
         5        49   1.80133
         5        50   4.53325
         5        51   1.80133
         5        52   3.44929
         5        53   3.44929
         5        54   3.44929
         5        55   3.44929
         6        24   3.44929
         6        25   3.44929
         6        26
         6        27
         6        28   1.80133
         6        29   4.53325
         6        30   4.53325
         6        31   4.53325
         6        32   3.44929
         6        33   3.44929
         6        34   3.44929
         6        35   3.44929
         6        36   4.53325
         6        37   1.80133
         6        38   4.53325
         6        39   4.53325
         6        40
         6        41
         6        42   3.44929
         6        43   3.44929
         6        44   4.53325
         6        45   4.53325
         6        46   1.80133
         6        47   4.53325
         6        48   3.44929
         6        49   3.44929
         6        50   3.44929
         6        51   3.44929
         6        52   4.53325
         6        53   4.53325
         6        54   4.53325
         6        55   1.80133
         7        24   4.53325
         7        25   4.53325
         7        26   4.53325
         7        27   4.53325
         7        28   3.44929
         7        29   3.44929
         7        30   3.44929
         7        31   3.44929
         7        32   4.53325
         7        33   4.53325
         7        34   4.53325
         7        35   4.53325
         7        36
         7        37
         7        38
         7        39
         7        40   4.53325
         7        41   1.80133
         7        42   4.53325
         7        43   1.80133
         7        44   3.44929
         7        45   3.44929
         7        46   3.44929
         7        47   3.44929
         7        48   1.80133
         7        49   4.53325
         7        50   1.80133
         7        51   4.53325
         7        52   3.44929
         7        53   3.44929
         7        54   3.44929
         7        55   3.44929
         8        24   3.60267
         8        25   4.65102   4.65102
         8        26   2.08000
         8        27   2.08000
         8        28   3.60267
         8        29   2.08000
         8        30   2.08000
         8        31   2.08000
         8        32   3.60267
         8        33   4.65102   4.65102
         8        34   4.65102   4.65102
         8        35   4.65102   4.65102
         8        36   3.60267
         8        37
         8        38   4.65102   4.65102
         8        39   4.65102   4.65102
         8        40   3.60267
         8        41   2.08000
         8        42
         8        43   4.65102   4.65102
         8        44   3.60267
         8        45   4.65102   4.65102
         8        46
         8        47   4.65102   4.65102
         8        48   3.60267
         8        49
         8        50   4.65102   4.65102
         8        51
         8        52   3.60267
         8        53   4.65102   4.65102
         8        54   4.65102   4.65102
         8        55
         9        24   4.65102   4.65102
         9        25   3.60267
         9        26   2.08000
         9        27   2.08000
         9        28
         9        29   3.60267
         9        30   4.65102   4.65102
         9        31   4.65102   4.65102
         9        32   4.65102   4.65102
         9        33   3.60267
         9        34   4.65102   4.65102
         9        35   4.65102   4.65102
         9        36   2.08000
         9        37   3.60267
         9        38   2.08000
         9        39   2.08000
         9        40   2.08000
         9        41   3.60267
         9        42   4.65102   4.65102
         9        43
         9        44   4.65102   4.65102
         9        45   3.60267
         9        46
         9        47   4.65102   4.65102
         9        48
         9        49   3.60267
         9        50
         9        51   4.65102   4.65102
         9        52   4.65102   4.65102
         9        53   3.60267
         9        54   4.65102   4.65102
         9        55
        10        24   2.08000
        10        25   2.08000
        10        26   3.60267
        10        27   4.65102   4.65102
        10        28   2.08000
        10        29   2.08000
        10        30   3.60267
        10        31   2.08000
        10        32   4.65102   4.65102
        10        33   4.65102   4.65102
        10        34   3.60267
        10        35   4.65102   4.65102
        10        36   4.65102   4.65102
        10        37   4.65102   4.65102
        10        38   3.60267
        10        39
        10        40
        10        41   4.65102   4.65102
        10        42   3.60267
        10        43   2.08000
        10        44
        10        45   4.65102   4.65102
        10        46   3.60267
        10        47   4.65102   4.65102
        10        48   4.65102   4.65102
        10        49
        10        50   3.60267
        10        51
        10        52   4.65102   4.65102
        10        53
        10        54   3.60267
        10        55   4.65102   4.65102
        11        24   2.08000
        11        25   2.08000
        11        26   4.65102   4.65102
        11        27   3.60267
        11        28   4.65102   4.65102
        11        29   4.65102   4.65102
        11        30
        11        31   3.60267
        11        32   4.65102   4.65102
        11        33   4.65102   4.65102
        11        34   4.65102   4.65102
        11        35   3.60267
        11        36   2.08000
        11        37   2.08000
        11        38   2.08000
        11        39   3.60267
        11        40   4.65102   4.65102
        11        41
        11        42   2.08000
        11        43   3.60267
        11        44
        11        45   4.65102   4.65102
        11        46   4.65102   4.65102
        11        47   3.60267
        11        48
        11        49   4.65102   4.65102
        11        50
        11        51   3.60267
        11        52   4.65102   4.65102
        11        53
        11        54   4.65102   4.65102
        11        55   3.60267
        12        24   3.60267
        12        25   4.65102   4.65102
        12        26   4.65102   4.65102
        12        27   4.65102   4.65102
        12        28   3.60267
        12        29
        12        30   4.65102   4.65102
        12        31   4.65102   4.65102
        12        32   3.60267
        12        33   4.65102   4.65102
        12        34   2.08000
        12        35   2.08000
        12        36   3.60267
        12        37   2.08000
        12        38   2.08000
        12        39   2.08000
        12        40   3.60267
        12        41
        12        42   4.65102   4.65102
        12        43
        12        44   3.60267
        12        45   4.65102   4.65102
        12        46   4.65102   4.65102
        12        47
        12        48   3.60267
        12        49   2.08000
        12        50
        12        51   4.65102   4.65102
        12        52   3.60267
        12        53   4.65102   4.65102
        12        54
        12        55   4.65102   4.65102
        13        24   4.65102   4.65102
        13        25   3.60267
        13        26   4.65102   4.65102
        13        27   4.65102   4.65102
        13        28   2.08000
        13        29   3.60267
        13        30   2.08000
        13        31   2.08000
        13        32   4.65102   4.65102
        13        33   3.60267
        13        34   2.08000
        13        35   2.08000
        13        36
        13        37   3.60267
        13        38   4.65102   4.65102
        13        39   4.65102   4.65102
        13        40
        13        41   3.60267
        13        42
        13        43   4.65102   4.65102
        13        44   4.65102   4.65102
        13        45   3.60267
        13        46   4.65102   4.65102
        13        47
        13        48   2.08000
        13        49   3.60267
        13        50   4.65102   4.65102
        13        51
        13        52   4.65102   4.65102
        13        53   3.60267
        13        54
        13        55   4.65102   4.65102
        14        24   4.65102   4.65102
        14        25   4.65102   4.65102
        14        26   3.60267
        14        27   4.65102   4.65102
        14        28   4.65102   4.65102
        14        29   4.65102   4.65102
        14        30   3.60267
        14        31
        14        32   2.08000
        14        33   2.08000
        14        34   3.60267
        14        35   4.65102   4.65102
        14        36   2.08000
        14        37   2.08000
        14        38   3.60267
        14        39   2.08000
        14        40   4.65102   4.65102
        14        41
        14        42   3.60267
        14        43
        14        44   4.65102   4.65102
        14        45
        14        46   3.60267
        14        47   4.65102   4.65102
        14        48
        14        49   4.65102   4.65102
        14        50   3.60267
        14        51   2.08000
        14        52
        14        53   4.65102   4.65102
        14        54   3.60267
        14        55   4.65102   4.65102
        15        24   4.65102   4.65102
        15        25   4.65102   4.65102
        15        26   4.65102   4.65102
        15        27   3.60267
        15        28   2.08000
        15        29   2.08000
        15        30   2.08000
        15        31   3.60267
        15        32   2.08000
        15        33   2.08000
        15        34   4.65102   4.65102
        15        35   3.60267
        15        36   4.65102   4.65102
        15        37   4.65102   4.65102
        15        38
        15        39   3.60267
        15        40
        15        41   4.65102   4.65102
        15        42
        15        43   3.60267
        15        44   4.65102   4.65102
        15        45
        15        46   4.65102   4.65102
        15        47   3.60267
        15        48   4.65102   4.65102
        15        49
        15        50   2.08000
        15        51   3.60267
        15        52
        15        53   4.65102   4.65102
        15        54   4.65102   4.65102
        15        55   3.60267
        16        24   3.60267
        16        25   2.08000
        16        26
        16        27   4.65102   4.65102
        16        28   3.60267
        16        29   4.65102   4.65102
        16        30
        16        31   4.65102   4.65102
        16        32   3.60267
        16        33
        16        34   4.65102   4.65102
        16        35
        16        36   3.60267
        16        37   4.65102   4.65102
        16        38   4.65102   4.65102
        16        39
        16        40   3.60267
        16        41   4.65102   4.65102
        16        42   2.08000
        16        43   2.08000
        16        44   3.60267
        16        45   2.08000
        16        46   2.08000
        16        47   2.08000
        16        48   3.60267
        16        49   4.65102   4.65102
        16        50   4.65102   4.65102
        16        51   4.65102   4.65102
        16        52   3.60267
        16        53
        16        54   4.65102   4.65102
        16        55   4.65102   4.65102
        17        24   2.08000
        17        25   3.60267
        17        26   4.65102   4.65102
        17        27
        17        28   4.65102   4.65102
        17        29   3.60267
        17        30
        17        31   4.65102   4.65102
        17        32
        17        33   3.60267
        17        34
        17        35   4.65102   4.65102
        17        36   4.65102   4.65102
        17        37   3.60267
        17        38   4.65102   4.65102
        17        39
        17        40   4.65102   4.65102
        17        41   3.60267
        17        42   2.08000
        17        43   2.08000
        17        44
        17        45   3.60267
        17        46   4.65102   4.65102
        17        47   4.65102   4.65102
        17        48   4.65102   4.65102
        17        49   3.60267
        17        50   4.65102   4.65102
        17        51   4.65102   4.65102
        17        52   2.08000
        17        53   3.60267
        17        54   2.08000
        17        55   2.08000
        18        24
        18        25   4.65102   4.65102
        18        26   3.60267
        18        27   2.08000
        18        28
        18        29   4.65102   4.65102
        18        30   3.60267
        18        31   4.65102   4.65102
        18        32   4.65102   4.65102
        18        33
        18        34   3.60267
        18        35
        18        36   4.65102   4.65102
        18        37
        18        38   3.60267
        18        39   4.65102   4.65102
        18        40   2.08000
        18        41   2.08000
        18        42   3.60267
        18        43   4.65102   4.65102
        18        44   2.08000
        18        45   2.08000
        18        46   3.60267
        18        47   2.08000
        18        48   4.65102   4.65102
        18        49   4.65102   4.65102
        18        50   3.60267
        18        51   4.65102   4.65102
        18        52   4.65102   4.65102
        18        53   4.65102   4.65102
        18        54   3.60267
        18        55
        19        24   4.65102   4.65102
        19        25
        19        26   2.08000
        19        27   3.60267
        19        28
        19        29   4.65102   4.65102
        19        30   4.65102   4.65102
        19        31   3.60267
        19        32
        19        33   4.65102   4.65102
        19        34
        19        35   3.60267
        19        36   4.65102   4.65102
        19        37
        19        38   4.65102   4.65102
        19        39   3.60267
        19        40   2.08000
        19        41   2.08000
        19        42   4.65102   4.65102
        19        43   3.60267
        19        44   4.65102   4.65102
        19        45   4.65102   4.65102
        19        46
        19        47   3.60267
        19        48   4.65102   4.65102
        19        49   4.65102   4.65102
        19        50   4.65102   4.65102
        19        51   3.60267
        19        52   2.08000
        19        53   2.08000
        19        54   2.08000
        19        55   3.60267
        20        24   3.60267
        20        25
        20        26   4.65102   4.65102
        20        27
        20        28   3.60267
        20        29   4.65102   4.65102
        20        30   4.65102   4.65102
        20        31
        20        32   3.60267
        20        33   2.08000
        20        34
        20        35   4.65102   4.65102
        20        36   3.60267
        20        37   4.65102   4.65102
        20        38
        20        39   4.65102   4.65102
        20        40   3.60267
        20        41   4.65102   4.65102
        20        42   4.65102   4.65102
        20        43   4.65102   4.65102
        20        44   3.60267
        20        45
        20        46   4.65102   4.65102
        20        47   4.65102   4.65102
        20        48   3.60267
        20        49   4.65102   4.65102
        20        50   2.08000
        20        51   2.08000
        20        52   3.60267
        20        53   2.08000
        20        54   2.08000
        20        55   2.08000
        21        24
        21        25   3.60267
        21        26
        21        27   4.65102   4.65102
        21        28   4.65102   4.65102
        21        29   3.60267
        21        30   4.65102   4.65102
        21        31
        21        32   2.08000
        21        33   3.60267
        21        34   4.65102   4.65102
        21        35
        21        36   4.65102   4.65102
        21        37   3.60267
        21        38
        21        39   4.65102   4.65102
        21        40   4.65102   4.65102
        21        41   3.60267
        21        42   4.65102   4.65102
        21        43   4.65102   4.65102
        21        44   2.08000
        21        45   3.60267
        21        46   2.08000
        21        47   2.08000
        21        48   4.65102   4.65102
        21        49   3.60267
        21        50   2.08000
        21        51   2.08000
        21        52
        21        53   3.60267
        21        54   4.65102   4.65102
        21        55   4.65102   4.65102
        22        24   4.65102   4.65102
        22        25
        22        26   3.60267
        22        27
        22        28   4.65102   4.65102
        22        29
        22        30   3.60267
        22        31   4.65102   4.65102
        22        32
        22        33   4.65102   4.65102
        22        34   3.60267
        22        35   2.08000
        22        36
        22        37   4.65102   4.65102
        22        38   3.60267
        22        39   4.65102   4.65102
        22        40   4.65102   4.65102
        22        41   4.65102   4.65102
        22        42   3.60267
        22        43   4.65102   4.65102
        22        44   4.65102   4.65102
        22        45   4.65102   4.65102
        22        46   3.60267
        22        47
        22        48   2.08000
        22        49   2.08000
        22        50   3.60267
        22        51   4.65102   4.65102
        22        52   2.08000
        22        53   2.08000
        22        54   3.60267
        22        55   2.08000
        23        24
        23        25   4.65102   4.65102
        23        26
        23        27   3.60267
        23        28   4.65102   4.65102
        23        29
        23        30   4.65102   4.65102
        23        31   3.60267
        23        32   4.65102   4.65102
        23        33
        23        34   2.08000
        23        35   3.60267
        23        36
        23        37   4.65102   4.65102
        23        38   4.65102   4.65102
        23        39   3.60267
        23        40   4.65102   4.65102
        23        41   4.65102   4.65102
        23        42   4.65102   4.65102
        23        43   3.60267
        23        44   2.08000
        23        45   2.08000
        23        46   2.08000
        23        47   3.60267
        23        48   2.08000
        23        49   2.08000
        23        50   4.65102   4.65102
        23        51   3.60267
        23        52   4.65102   4.65102
        23        53   4.65102   4.65102
        23        54
        23        55   3.60267
        24         0   3.44929
        24         1   1.80133
        24         2
        24         3   4.53325
        24         4   3.44929
        24         5   4.53325
        24         6   3.44929
        24         7   4.53325
        24         8   3.60267
        24         9   4.65102   4.65102
        24        10   2.08000
        24        11   2.08000
        24        12   3.60267
        24        13   4.65102   4.65102
        24        14   4.65102   4.65102
        24        15   4.65102   4.65102
        24        16   3.60267
        24        17   2.08000
        24        18
        24        19   4.65102   4.65102
        24        20   3.60267
        24        21
        24        22   4.65102   4.65102
        24        23
        25         0   3.44929
        25         1   4.53325
        25         2
        25         3   1.80133
        25         4   3.44929
        25         5   4.53325
        25         6   3.44929
        25         7   4.53325
        25         8   4.65102   4.65102
        25         9   3.60267
        25        10   2.08000
        25        11   2.08000
        25        12   4.65102   4.65102
        25        13   3.60267
        25        14   4.65102   4.65102
        25        15   4.65102   4.65102
        25        16   2.08000
        25        17   3.60267
        25        18   4.65102   4.65102
        25        19
        25        20
        25        21   3.60267
        25        22
        25        23   4.65102   4.65102
        26         0   3.44929
        26         1   1.80133
        26         2   3.44929
        26         3   4.53325
        26         4   3.44929
        26         5   4.53325
        26         6
        26         7   4.53325
        26         8   2.08000
        26         9   2.08000
        26        10   3.60267
        26        11   4.65102   4.65102
        26        12   4.65102   4.65102
        26        13   4.65102   4.65102
        26        14   3.60267
        26        15   4.65102   4.65102
        26        16
        26        17   4.65102   4.65102
        26        18   3.60267
        26        19   2.08000
        26        20   4.65102   4.65102
        26        21
        26        22   3.60267
        26        23
        27         0   3.44929
        27         1   4.53325
        27         2   3.44929
        27         3   1.80133
        27         4   3.44929
        27         5   4.53325
        27         6
        27         7   4.53325
        27         8   2.08000
        27         9   2.08000
        27        10   4.65102   4.65102
        27        11   3.60267
        27        12   4.65102   4.65102
        27        13   4.65102   4.65102
        27        14   4.65102   4.65102
        27        15   3.60267
        27        16   4.65102   4.65102
        27        17
        27        18   2.08000
        27        19   3.60267
        27        20
        27        21   4.65102   4.65102
        27        22
        27        23   3.60267
        28         0   4.53325
        28         1   3.44929
        28         2   4.53325
        28         3   3.44929
        28         4   4.53325
        28         5
        28         6   1.80133
        28         7   3.44929
        28         8   3.60267
        28         9
        28        10   2.08000
        28        11   4.65102   4.65102
        28        12   3.60267
        28        13   2.08000
        28        14   4.65102   4.65102
        28        15   2.08000
        28        16   3.60267
        28        17   4.65102   4.65102
        28        18
        28        19
        28        20   3.60267
        28        21   4.65102   4.65102
        28        22   4.65102   4.65102
        28        23   4.65102   4.65102
        29         0   4.53325
        29         1   3.44929
        29         2   4.53325
        29         3   3.44929
        29         4   1.80133
        29         5
        29         6   4.53325
        29         7   3.44929
        29         8   2.08000
        29         9   3.60267
        29        10   2.08000
        29        11   4.65102   4.65102
        29        12
        29        13   3.60267
        29        14   4.65102   4.65102
        29        15   2.08000
        29        16   4.65102   4.65102
        29        17   3.60267
        29        18   4.65102   4.65102
        29        19   4.65102   4.65102
        29        20   4.65102   4.65102
        29        21   3.60267
        29        22
        29        23
        30         0   4.53325
        30         1   3.44929
        30         2   1.80133
        30         3   3.44929
        30         4   4.53325
        30         5
        30         6   4.53325
        30         7   3.44929
        30         8   2.08000
        30         9   4.65102   4.65102
        30        10   3.60267
        30        11
        30        12   4.65102   4.65102
        30        13   2.08000
        30        14   3.60267
        30        15   2.08000
        30        16
        30        17
        30        18   3.60267
        30        19   4.65102   4.65102
        30        20   4.65102   4.65102
        30        21   4.65102   4.65102
        30        22   3.60267
        30        23   4.65102   4.65102
        31         0   1.80133
        31         1   3.44929
        31         2   4.53325
        31         3   3.44929
        31         4   4.53325
        31         5
        31         6   4.53325
        31         7   3.44929
        31         8   2.08000
        31         9   4.65102   4.65102
        31        10   2.08000
        31        11   3.60267
        31        12   4.65102   4.65102
        31        13   2.08000
        31        14
        31        15   3.60267
        31        16   4.65102   4.65102
        31        17   4.65102   4.65102
        31        18   4.65102   4.65102
        31        19   3.60267
        31        20
        31        21
        31        22   4.65102   4.65102
        31        23   3.60267
        32         0
        32         1   4.53325
        32         2   3.44929
        32         3   1.80133
        32         4   3.44929
        32         5   4.53325
        32         6   3.44929
        32         7   4.53325
        32         8   3.60267
        32         9   4.65102   4.65102
        32        10   4.65102   4.65102
        32        11   4.65102   4.65102
        32        12   3.60267
        32        13   4.65102   4.65102
        32        14   2.08000
        32        15   2.08000
        32        16   3.60267
        32        17
        32        18   4.65102   4.65102
        32        19
        32        20   3.60267
        32        21   2.08000
        32        22
        32        23   4.65102   4.65102
        33         0
        33         1   1.80133
        33         2   3.44929
        33         3   4.53325
        33         4   3.44929
        33         5   4.53325
        33         6   3.44929
        33         7   4.53325
        33         8   4.65102   4.65102
        33         9   3.60267
        33        10   4.65102   4.65102
        33        11   4.65102   4.65102
        33        12   4.65102   4.65102
        33        13   3.60267
        33        14   2.08000
        33        15   2.08000
        33        16
        33        17   3.60267
        33        18
        33        19   4.65102   4.65102
        33        20   2.08000
        33        21   3.60267
        33        22   4.65102   4.65102
        33        23
        34         0   3.44929
        34         1   4.53325
        34         2   3.44929
        34         3   1.80133
        34         4
        34         5   4.53325
        34         6   3.44929
        34         7   4.53325
        34         8   4.65102   4.65102
        34         9   4.65102   4.65102
        34        10   3.60267
        34        11   4.65102   4.65102
        34        12   2.08000
        34        13   2.08000
        34        14   3.60267
        34        15   4.65102   4.65102
        34        16   4.65102   4.65102
        34        17
        34        18   3.60267
        34        19
        34        20
        34        21   4.65102   4.65102
        34        22   3.60267
        34        23   2.08000
        35         0   3.44929
        35         1   1.80133
        35         2   3.44929
        35         3   4.53325
        35         4
        35         5   4.53325
        35         6   3.44929
        35         7   4.53325
        35         8   4.65102   4.65102
        35         9   4.65102   4.65102
        35        10   4.65102   4.65102
        35        11   3.60267
        35        12   2.08000
        35        13   2.08000
        35        14   4.65102   4.65102
        35        15   3.60267
        35        16
        35        17   4.65102   4.65102
        35        18
        35        19   3.60267
        35        20   4.65102   4.65102
        35        21
        35        22   2.08000
        35        23   3.60267
        36         0   4.53325
        36         1   3.44929
        36         2   4.53325
        36         3   3.44929
        36         4   1.80133
        36         5   3.44929
        36         6   4.53325
        36         7
        36         8   3.60267
        36         9   2.08000
        36        10   4.65102   4.65102
        36        11   2.08000
        36        12   3.60267
        36        13
        36        14   2.08000
        36        15   4.65102   4.65102
        36        16   3.60267
        36        17   4.65102   4.65102
        36        18   4.65102   4.65102
        36        19   4.65102   4.65102
        36        20   3.60267
        36        21   4.65102   4.65102
        36        22
        36        23
        37         0   4.53325
        37         1   3.44929
        37         2   4.53325
        37         3   3.44929
        37         4   4.53325
        37         5   3.44929
        37         6   1.80133
        37         7
        37         8
        37         9   3.60267
        37        10   4.65102   4.65102
        37        11   2.08000
        37        12   2.08000
        37        13   3.60267
        37        14   2.08000
        37        15   4.65102   4.65102
        37        16   4.65102   4.65102
        37        17   3.60267
        37        18
        37        19
        37        20   4.65102   4.65102
        37        21   3.60267
        37        22   4.65102   4.65102
        37        23   4.65102   4.65102
        38         0   1.80133
        38         1   3.44929
        38         2   4.53325
        38         3   3.44929
        38         4   4.53325
        38         5   3.44929
        38         6   4.53325
        38         7
        38         8   4.65102   4.65102
        38         9   2.08000
        38        10   3.60267
        38        11   2.08000
        38        12   2.08000
        38        13   4.65102   4.65102
        38        14   3.60267
        38        15
        38        16   4.65102   4.65102
        38        17   4.65102   4.65102
        38        18   3.60267
        38        19   4.65102   4.65102
        38        20
        38        21
        38        22   3.60267
        38        23   4.65102   4.65102
        39         0   4.53325
        39         1   3.44929
        39         2   1.80133
        39         3   3.44929
        39         4   4.53325
        39         5   3.44929
        39         6   4.53325
        39         7
        39         8   4.65102   4.65102
        39         9   2.08000
        39        10
        39        11   3.60267
        39        12   2.08000
        39        13   4.65102   4.65102
        39        14   2.08000
        39        15   3.60267
        39        16
        39        17
        39        18   4.65102   4.65102
        39        19   3.60267
        39        20   4.65102   4.65102
        39        21   4.65102   4.65102
        39        22   4.65102   4.65102
        39        23   3.60267
        40         0   3.44929
        40         1   4.53325
        40         2   3.44929
        40         3   4.53325
        40         4   3.44929
        40         5   1.80133
        40         6
        40         7   4.53325
        40         8   3.60267
        40         9   2.08000
        40        10
        40        11   4.65102   4.65102
        40        12   3.60267
        40        13
        40        14   4.65102   4.65102
        40        15
        40        16   3.60267
        40        17   4.65102   4.65102
        40        18   2.08000
        40        19   2.08000
        40        20   3.60267
        40        21   4.65102   4.65102
        40        22   4.65102   4.65102
        40        23   4.65102   4.65102
        41         0   3.44929
        41         1   4.53325
        41         2   3.44929
        41         3   4.53325
        41         4   3.44929
        41         5   4.53325
        41         6
        41         7   1.80133
        41         8   2.08000
        41         9   3.60267
        41        10   4.65102   4.65102
        41        11
        41        12
        41        13   3.60267
        41        14
        41        15   4.65102   4.65102
        41        16   4.65102   4.65102
        41        17   3.60267
        41        18   2.08000
        41        19   2.08000
        41        20   4.65102   4.65102
        41        21   3.60267
        41        22   4.65102   4.65102
        41        23   4.65102   4.65102
        42         0   3.44929
        42         1   4.53325
        42         2
        42         3   4.53325
        42         4   3.44929
        42         5   1.80133
        42         6   3.44929
        42         7   4.53325
        42         8
        42         9   4.65102   4.65102
        42        10   3.60267
        42        11   2.08000
        42        12   4.65102   4.65102
        42        13
        42        14   3.60267
        42        15
        42        16   2.08000
        42        17   2.08000
        42        18   3.60267
        42        19   4.65102   4.65102
        42        20   4.65102   4.65102
        42        21   4.65102   4.65102
        42        22   3.60267
        42        23   4.65102   4.65102
        43         0   3.44929
        43         1   4.53325
        43         2
        43         3   4.53325
        43         4   3.44929
        43         5   4.53325
        43         6   3.44929
        43         7   1.80133
        43         8   4.65102   4.65102
        43         9
        43        10   2.08000
        43        11   3.60267
        43        12
        43        13   4.65102   4.65102
        43        14
        43        15   3.60267
        43        16   2.08000
        43        17   2.08000
        43        18   4.65102   4.65102
        43        19   3.60267
        43        20   4.65102   4.65102
        43        21   4.65102   4.65102
        43        22   4.65102   4.65102
        43        23   3.60267
        44         0   4.53325
        44         1
        44         2   1.80133
        44         3   3.44929
        44         4   4.53325
        44         5   3.44929
        44         6   4.53325
        44         7   3.44929
        44         8   3.60267
        44         9   4.65102   4.65102
        44        10
        44        11
        44        12   3.60267
        44        13   4.65102   4.65102
        44        14   4.65102   4.65102
        44        15   4.65102   4.65102
        44        16   3.60267
        44        17
        44        18   2.08000
        44        19   4.65102   4.65102
        44        20   3.60267
        44        21   2.08000
        44        22   4.65102   4.65102
        44        23   2.08000
        45         0   1.80133
        45         1
        45         2   4.53325
        45         3   3.44929
        45         4   4.53325
        45         5   3.44929
        45         6   4.53325
        45         7   3.44929
        45         8   4.65102   4.65102
        45         9   3.60267
        45        10   4.65102   4.65102
        45        11   4.65102   4.65102
        45        12   4.65102   4.65102
        45        13   3.60267
        45        14
        45        15
        45        16   2.08000
        45        17   3.60267
        45        18   2.08000
        45        19   4.65102   4.65102
        45        20
        45        21   3.60267
        45        22   4.65102   4.65102
        45        23   2.08000
        46         0   4.53325
        46         1
        46         2   4.53325
        46         3   3.44929
        46         4   4.53325
        46         5   3.44929
        46         6   1.80133
        46         7   3.44929
        46         8
        46         9
        46        10   3.60267
        46        11   4.65102   4.65102
        46        12   4.65102   4.65102
        46        13   4.65102   4.65102
        46        14   3.60267
        46        15   4.65102   4.65102
        46        16   2.08000
        46        17   4.65102   4.65102
        46        18   3.60267
        46        19
        46        20   4.65102   4.65102
        46        21   2.08000
        46        22   3.60267
        46        23   2.08000
        47         0   4.53325
        47         1
        47         2   4.53325
        47         3   3.44929
        47         4   1.80133
        47         5   3.44929
        47         6   4.53325
        47         7   3.44929
        47         8   4.65102   4.65102
        47         9   4.65102   4.65102
        47        10   4.65102   4.65102
        47        11   3.60267
        47        12
        47        13
        47        14   4.65102   4.65102
        47        15   3.60267
        47        16   2.08000
        47        17   4.65102   4.65102
        47        18   2.08000
        47        19   3.60267
        47        20   4.65102   4.65102
        47        21   2.08000
        47        22
        47        23   3.60267
        48         0   3.44929
        48         1   4.53325
        48         2   3.44929
        48         3   4.53325
        48         4
        48         5   4.53325
        48         6   3.44929
        48         7   1.80133
        48         8   3.60267
        48         9
        48        10   4.65102   4.65102
        48        11
        48        12   3.60267
        48        13   2.08000
        48        14
        48        15   4.65102   4.65102
        48        16   3.60267
        48        17   4.65102   4.65102
        48        18   4.65102   4.65102
        48        19   4.65102   4.65102
        48        20   3.60267
        48        21   4.65102   4.65102
        48        22   2.08000
        48        23   2.08000
        49         0   3.44929
        49         1   4.53325
        49         2   3.44929
        49         3   4.53325
        49         4
        49         5   1.80133
        49         6   3.44929
        49         7   4.53325
        49         8
        49         9   3.60267
        49        10
        49        11   4.65102   4.65102
        49        12   2.08000
        49        13   3.60267
        49        14   4.65102   4.65102
        49        15
        49        16   4.65102   4.65102
        49        17   3.60267
        49        18   4.65102   4.65102
        49        19   4.65102   4.65102
        49        20   4.65102   4.65102
        49        21   3.60267
        49        22   2.08000
        49        23   2.08000
        50         0
        50         1   4.53325
        50         2   3.44929
        50         3   4.53325
        50         4   3.44929
        50         5   4.53325
        50         6   3.44929
        50         7   1.80133
        50         8   4.65102   4.65102
        50         9
        50        10   3.60267
        50        11
        50        12
        50        13   4.65102   4.65102
        50        14   3.60267
        50        15   2.08000
        50        16   4.65102   4.65102
        50        17   4.65102   4.65102
        50        18   3.60267
        50        19   4.65102   4.65102
        50        20   2.08000
        50        21   2.08000
        50        22   3.60267
        50        23   4.65102   4.65102
        51         0
        51         1   4.53325
        51         2   3.44929
        51         3   4.53325
        51         4   3.44929
        51         5   1.80133
        51         6   3.44929
        51         7   4.53325
        51         8
        51         9   4.65102   4.65102
        51        10
        51        11   3.60267
        51        12   4.65102   4.65102
        51        13
        51        14   2.08000
        51        15   3.60267
        51        16   4.65102   4.65102
        51        17   4.65102   4.65102
        51        18   4.65102   4.65102
        51        19   3.60267
        51        20   2.08000
        51        21   2.08000
        51        22   4.65102   4.65102
        51        23   3.60267
        52         0   1.80133
        52         1   3.44929
        52         2   4.53325
        52         3
        52         4   4.53325
        52         5   3.44929
        52         6   4.53325
        52         7   3.44929
        52         8   3.60267
        52         9   4.65102   4.65102
        52        10   4.65102   4.65102
        52        11   4.65102   4.65102
        52        12   3.60267
        52        13   4.65102   4.65102
        52        14
        52        15
        52        16   3.60267
        52        17   2.08000
        52        18   4.65102   4.65102
        52        19   2.08000
        52        20   3.60267
        52        21
        52        22   2.08000
        52        23   4.65102   4.65102
        53         0   4.53325
        53         1   3.44929
        53         2   1.80133
        53         3
        53         4   4.53325
        53         5   3.44929
        53         6   4.53325
        53         7   3.44929
        53         8   4.65102   4.65102
        53         9   3.60267
        53        10
        53        11
        53        12   4.65102   4.65102
        53        13   3.60267
        53        14   4.65102   4.65102
        53        15   4.65102   4.65102
        53        16
        53        17   3.60267
        53        18   4.65102   4.65102
        53        19   2.08000
        53        20   2.08000
        53        21   3.60267
        53        22   2.08000
        53        23   4.65102   4.65102
        54         0   4.53325
        54         1   3.44929
        54         2   4.53325
        54         3
        54         4   1.80133
        54         5   3.44929
        54         6   4.53325
        54         7   3.44929
        54         8   4.65102   4.65102
        54         9   4.65102   4.65102
        54        10   3.60267
        54        11   4.65102   4.65102
        54        12
        54        13
        54        14   3.60267
        54        15   4.65102   4.65102
        54        16   4.65102   4.65102
        54        17   2.08000
        54        18   3.60267
        54        19   2.08000
        54        20   2.08000
        54        21   4.65102   4.65102
        54        22   3.60267
        54        23
        55         0   4.53325
        55         1   3.44929
        55         2   4.53325
        55         3
        55         4   4.53325
        55         5   3.44929
        55         6   1.80133
        55         7   3.44929
        55         8
        55         9
        55        10   4.65102   4.65102
        55        11   3.60267
        55        12   4.65102   4.65102
        55        13   4.65102   4.65102
        55        14   4.65102   4.65102
        55        15   3.60267
        55        16   4.65102   4.65102
        55        17   2.08000
        55        18
        55        19   3.60267
        55        20   2.08000
        55        21   4.65102   4.65102
        55        22   2.08000
        55        23   3.60267
