         0        12   2.60172   4.32842   3.92558   2.44472
         0        13   3.38862   2.07633   3.26963   4.99187
         0        14   4.13227   1.43357   3.74452   4.51672
         0        15   3.64541   4.86527   3.87680
         0        16   4.27616   3.45054   4.47505
         0        17   4.58815   3.16751
         0        18   3.87680   4.86527   3.64541
         0        19   4.47505   3.45054   4.27616
         0        20   3.16751   4.58815
         0        21   2.44472   3.92558   4.32842   2.60172
         0        22   4.99187   3.26963   2.07633   3.38862
         0        23   4.51672   3.74452   1.43357   4.13227
         0        24
         0        25
         0        26
         0        27
         0        28
         0        29
         1        12   4.32843   2.44473   2.60171   3.92558
         1        13   3.74453   4.13227   4.51673   1.43357
         1        14   4.99188   2.07634   3.26964   3.38861
         1        15   3.92558   2.60172   2.44472   4.32843
         1        16   1.43357   4.51672   4.13228   3.74452
         1        17   3.38862   3.26962   2.07633   4.99187
         1        18
         1        19
         1        20
         1        21   4.86527   3.87680   3.64541
         1        22   3.16751   4.58815
         1        23   4.47505   4.27616   3.45054
         1        24   3.64541   3.87680   4.86527
         1        25   4.58815   3.16751
         1        26   3.45054   4.27616   4.47505
         1        27
         1        28
         1        29
         2        12
         2        13
         2        14
         2        15
         2        16
         2        17
         2        18   2.60172   4.32842   3.92558   2.44472
         2        19   3.38862   2.07633   3.26963   4.99187
         2        20   4.13227   1.43357   3.74452   4.51672
         2        21   3.64541   4.86527   3.87680
         2        22   4.27616   3.45054   4.47505
         2        23   4.58815   3.16751
         2        24   3.87680   4.86527   3.64541
         2        25   4.47505   3.45054   4.27616
         2        26   3.16751   4.58815
         2        27   2.44473   3.92558   4.32844   2.60171
         2        28   4.99188   3.26963   2.07635   3.38861
         2        29   4.51673   3.74454   1.43357   4.13228
         3        12   3.64541   3.87680   4.86527
         3        13   4.58815   3.16751
         3        14   3.45054   4.27616   4.47505
         3        15
         3        16
         3        17
         3        18   4.32843   2.44472   2.60172   3.92558
         3        19   3.74452   4.13228   4.51672   1.43357
         3        20   4.99187   2.07633   3.26962   3.38862
         3        21   3.92558   2.60171   2.44473   4.32843
         3        22   1.43357   4.51673   4.13227   3.74453
         3        23   3.38861   3.26964   2.07634   4.99188
         3        24
         3        25
         3        26
         3        27   4.86527   3.87680   3.64541
         3        28   3.16751   4.58815
         3        29   4.47505   4.27616   3.45054
         4        12   3.87680   4.86527   3.64541
         4        13   4.47505   3.45054   4.27616
         4        14   3.16751   4.58815
         4        15   2.44472   3.92558   4.32842   2.60172
         4        16   4.99187   3.26963   2.07633   3.38862
         4        17   4.51672   3.74452   1.43357   4.13227
         4        18
         4        19
         4        20
         4        21
         4        22
         4        23
         4        24   2.60171   4.32844   3.92558   2.44473
         4        25   3.38861   2.07635   3.26963   4.99188
         4        26   4.13228   1.43357   3.74454   4.51673
         4        27   3.64541   4.86527   3.87680
         4        28   4.27616   3.45054   4.47505
         4        29   4.58815   3.16751
         5        12
         5        13
         5        14
         5        15   4.86527   3.87680   3.64541
         5        16   3.16751   4.58815
         5        17   4.47505   4.27616   3.45054
         5        18   3.64541   3.87680   4.86527
         5        19   4.58815   3.16751
         5        20   3.45054   4.27616   4.47505
         5        21
         5        22
         5        23
         5        24   4.32843   2.44472   2.60172   3.92558
         5        25   3.74452   4.13228   4.51672   1.43357
         5        26   4.99187   2.07633   3.26962   3.38862
         5        27   3.92558   2.60172   2.44472   4.32843
         5        28   1.43357   4.51672   4.13228   3.74452
         5        29   3.38862   3.26962   2.07633   4.99187
         6        12   4.11367   1.37901   3.24699   4.11367
         6        13   4.11367   1.37901   3.24699   4.11367
         6        14   3.24699   4.11367   4.11367   1.37901
         6        15   4.62284   2.18303   4.18619   4.72430
         6        16   3.45587   3.80473   2.84546
         6        17   3.76739   2.79534   3.55088
         6        18   4.18027
         6        19   4.21395
         6        20   4.14632
         6        21   4.72429   2.18302   4.18618   4.62284
         6        22   3.55086   3.76739   2.79533
         6        23   3.80472   2.84544   3.45588
         6        24   4.18029
         6        25   4.14633
         6        26   4.21396
         6        27
         6        28
         6        29
         7        12   4.72430   4.18619   2.18303   4.62284
         7        13   2.84546   3.80473   3.45587
         7        14   3.55088   2.79534   3.76739
         7        15   4.11367   3.24699   1.37901   4.11367
         7        16   4.11367   3.24699   1.37901   4.11367
         7        17   1.37901   4.11367   4.11367   3.24699
         7        18
         7        19
         7        20
         7        21   4.18027
         7        22   4.14632
         7        23   4.21395
         7        24   4.62284   4.18620   2.18303   4.72431
         7        25   2.79534   3.76739   3.55088
         7        26   3.45587   2.84546   3.80472
         7        27   4.18027
         7        28   4.21395
         7        29   4.14632
         8        12   4.18027
         8        13   4.14632
         8        14   4.21395
         8        15
         8        16
         8        17
         8        18   4.11367   1.37901   3.24699   4.11367
         8        19   4.11367   1.37901   3.24699   4.11367
         8        20   3.24699   4.11367   4.11367   1.37901
         8        21   4.62284   2.18303   4.18619   4.72430
         8        22   3.45587   3.80473   2.84546
         8        23   3.76739   2.79534   3.55088
         8        24   4.18027
         8        25   4.21395
         8        26   4.14632
         8        27   4.72431   2.18303   4.18620   4.62284
         8        28   3.55088   3.76739   2.79534
         8        29   3.80472   2.84546   3.45587
         9        12   4.62284   4.18618   2.18302   4.72429
         9        13   2.79533   3.76739   3.55086
         9        14   3.45588   2.84544   3.80472
         9        15   4.18027
         9        16   4.21395
         9        17   4.14632
         9        18   4.72430   4.18619   2.18303   4.62284
         9        19   2.84546   3.80473   3.45587
         9        20   3.55088   2.79534   3.76739
         9        21   4.11367   3.24699   1.37901   4.11367
         9        22   4.11367   3.24699   1.37901   4.11367
         9        23   1.37901   4.11367   4.11367   3.24699
         9        24
         9        25
         9        26
         9        27   4.18029
         9        28   4.14633
         9        29   4.21396
        10        12   4.18028
        10        13   4.21397
        10        14   4.14633
        10        15   4.72431   2.18303   4.18620   4.62284
        10        16   3.55088   3.76739   2.79534
        10        17   3.80472   2.84546   3.45587
        10        18   4.18027
        10        19   4.14632
        10        20   4.21395
        10        21
        10        22
        10        23
        10        24   4.11367   1.37901   3.24699   4.11367
        10        25   4.11367   1.37901   3.24699   4.11367
        10        26   3.24699   4.11367   4.11367   1.37901
        10        27   4.62285   2.18302   4.18619   4.72429
        10        28   3.45588   3.80471   2.84545
        10        29   3.76738   2.79534   3.55086
        11        12
        11        13
        11        14
        11        15   4.18027
        11        16   4.14632
        11        17   4.21395
        11        18   4.62284   4.18620   2.18303   4.72431
        11        19   2.79534   3.76739   3.55088
        11        20   3.45587   2.84546   3.80472
        11        21   4.18028
        11        22   4.21397
        11        23   4.14633
        11        24   4.72429   4.18619   2.18302   4.62285
        11        25   2.84545   3.80471   3.45588
        11        26   3.55086   2.79534   3.76738
        11        27   4.11367   3.24699   1.37901   4.11367
        11        28   4.11367   3.24699   1.37901   4.11367
        11        29   1.37901   4.11367   4.11367   3.24699
        12         0   2.44472   3.92558   4.32842   2.60172
        12         1   3.92558   2.60171   2.44473   4.32843
        12         2
        12         3   4.86527   3.87680   3.64541
        12         4   3.64541   4.86527   3.87680
        12         5
        12         6   4.11367   3.24699   1.37901   4.11367
        12         7   4.62284   2.18303   4.18619   4.72430
        12         8   4.18027
        12         9   4.72429   2.18302   4.18618   4.62284
        12        10   4.18028
        12        11
        13         0   4.99187   3.26963   2.07633   3.38862
        13         1   1.43357   4.51673   4.13227   3.74453
        13         2
        13         3   3.16751   4.58815
        13         4   4.27616   3.45054   4.47505
        13         5
        13         6   4.11367   3.24699   1.37901   4.11367
        13         7   3.45587   3.80473   2.84546
        13         8   4.14632
        13         9   3.55086   3.76739   2.79533
        13        10   4.21397
        13        11
        14         0   4.51672   3.74452   1.43357   4.13227
        14         1   3.38861   3.26964   2.07634   4.99188
        14         2
        14         3   4.47505   4.27616   3.45054
        14         4   4.58815   3.16751
        14         5
        14         6   1.37901   4.11367   4.11367   3.24699
        14         7   3.76739   2.79534   3.55088
        14         8   4.21395
        14         9   3.80472   2.84544   3.45588
        14        10   4.14633
        14        11
        15         0   3.87680   4.86527   3.64541
        15         1   4.32843   2.44472   2.60172   3.92558
        15         2
        15         3
        15         4   2.60172   4.32842   3.92558   2.44472
        15         5   3.64541   3.87680   4.86527
        15         6   4.72430   4.18619   2.18303   4.62284
        15         7   4.11367   1.37901   3.24699   4.11367
        15         8
        15         9   4.18027
        15        10   4.62284   4.18620   2.18303   4.72431
        15        11   4.18027
        16         0   4.47505   3.45054   4.27616
        16         1   3.74452   4.13228   4.51672   1.43357
        16         2
        16         3
        16         4   3.38862   2.07633   3.26963   4.99187
        16         5   4.58815   3.16751
        16         6   2.84546   3.80473   3.45587
        16         7   4.11367   1.37901   3.24699   4.11367
        16         8
        16         9   4.21395
        16        10   2.79534   3.76739   3.55088
        16        11   4.14632
        17         0   3.16751   4.58815
        17         1   4.99187   2.07633   3.26962   3.38862
        17         2
        17         3
        17         4   4.13227   1.43357   3.74452   4.51672
        17         5   3.45054   4.27616   4.47505
        17         6   3.55088   2.79534   3.76739
        17         7   3.24699   4.11367   4.11367   1.37901
        17         8
        17         9   4.14632
        17        10   3.45587   2.84546   3.80472
        17        11   4.21395
        18         0   3.64541   4.86527   3.87680
        18         1
        18         2   2.44472   3.92558   4.32842   2.60172
        18         3   3.92558   2.60172   2.44472   4.32843
        18         4
        18         5   4.86527   3.87680   3.64541
        18         6   4.18027
        18         7
        18         8   4.11367   3.24699   1.37901   4.11367
        18         9   4.62284   2.18303   4.18619   4.72430
        18        10   4.18027
        18        11   4.72431   2.18303   4.18620   4.62284
        19         0   4.27616   3.45054   4.47505
        19         1
        19         2   4.99187   3.26963   2.07633   3.38862
        19         3   1.43357   4.51672   4.13228   3.74452
        19         4
        19         5   3.16751   4.58815
        19         6   4.21395
        19         7
        19         8   4.11367   3.24699   1.37901   4.11367
        19         9   3.45587   3.80473   2.84546
        19        10   4.14632
        19        11   3.55088   3.76739   2.79534
        20         0   4.58815   3.16751
        20         1
        20         2   4.51672   3.74452   1.43357   4.13227
        20         3   3.38862   3.26962   2.07633   4.99187
        20         4
        20         5   4.47505   4.27616   3.45054
        20         6   4.14632
        20         7
        20         8   1.37901   4.11367   4.11367   3.24699
        20         9   3.76739   2.79534   3.55088
        20        10   4.21395
        20        11   3.80472   2.84546   3.45587
        21         0   2.60172   4.32842   3.92558   2.44472
        21         1   3.64541   3.87680   4.86527
        21         2   3.87680   4.86527   3.64541
        21         3   4.32843   2.44473   2.60171   3.92558
        21         4
        21         5
        21         6   4.62284   4.18618   2.18302   4.72429
        21         7   4.18027
        21         8   4.72430   4.18619   2.18303   4.62284
        21         9   4.11367   1.37901   3.24699   4.11367
        21        10
        21        11   4.18028
        22         0   3.38862   2.07633   3.26963   4.99187
        22         1   4.58815   3.16751
        22         2   4.47505   3.45054   4.27616
        22         3   3.74453   4.13227   4.51673   1.43357
        22         4
        22         5
        22         6   2.79533   3.76739   3.55086
        22         7   4.14632
        22         8   2.84546   3.80473   3.45587
        22         9   4.11367   1.37901   3.24699   4.11367
        22        10
        22        11   4.21397
        23         0   4.13227   1.43357   3.74452   4.51672
        23         1   3.45054   4.27616   4.47505
        23         2   3.16751   4.58815
        23         3   4.99188   2.07634   3.26964   3.38861
        23         4
        23         5
        23         6   3.45588   2.84544   3.80472
        23         7   4.21395
        23         8   3.55088   2.79534   3.76739
        23         9   3.24699   4.11367   4.11367   1.37901
        23        10
        23        11   4.14633
        24         0
        24         1   4.86527   3.87680   3.64541
        24         2   3.64541   4.86527   3.87680
        24         3
        24         4   2.44473   3.92558   4.32844   2.60171
        24         5   3.92558   2.60172   2.44472   4.32843
        24         6   4.18029
        24         7   4.72431   2.18303   4.18620   4.62284
        24         8   4.18027
        24         9
        24        10   4.11367   3.24699   1.37901   4.11367
        24        11   4.62285   2.18302   4.18619   4.72429
        25         0
        25         1   3.16751   4.58815
        25         2   4.27616   3.45054   4.47505
        25         3
        25         4   4.99188   3.26963   2.07635   3.38861
        25         5   1.43357   4.51672   4.13228   3.74452
        25         6   4.14633
        25         7   3.55088   3.76739   2.79534
        25         8   4.21395
        25         9
        25        10   4.11367   3.24699   1.37901   4.11367
        25        11   3.45588   3.80471   2.84545
        26         0
        26         1   4.47505   4.27616   3.45054
        26         2   4.58815   3.16751
        26         3
        26         4   4.51673   3.74454   1.43357   4.13228
        26         5   3.38862   3.26962   2.07633   4.99187
        26         6   4.21396
        26         7   3.80472   2.84546   3.45587
        26         8   4.14632
        26         9
        26        10   1.37901   4.11367   4.11367   3.24699
        26        11   3.76738   2.79534   3.55086
        27         0
        27         1
        27         2   2.60171   4.32844   3.92558   2.44473
        27         3   3.64541   3.87680   4.86527
        27         4   3.87680   4.86527   3.64541
        27         5   4.32843   2.44472   2.60172   3.92558
        27         6
        27         7   4.18027
        27         8   4.62284   4.18620   2.18303   4.72431
        27         9   4.18029
        27        10   4.72429   4.18619   2.18302   4.62285
        27        11   4.11367   1.37901   3.24699   4.11367
        28         0
        28         1
        28         2   3.38861   2.07635   3.26963   4.99188
        28         3   4.58815   3.16751
        28         4   4.47505   3.45054   4.27616
        28         5   3.74452   4.13228   4.51672   1.43357
        28         6
        28         7   4.21395
        28         8   2.79534   3.76739   3.55088
        28         9   4.14633
        28        10   2.84545   3.80471   3.45588
        28        11   4.11367   1.37901   3.24699   4.11367
        29         0
        29         1
        29         2   4.13228   1.43357   3.74454   4.51673
        29         3   3.45054   4.27616   4.47505
        29         4   3.16751   4.58815
        29         5   4.99187   2.07633   3.26962   3.38862
        29         6
        29         7   4.14632
        29         8   3.45587   2.84546   3.80472
        29         9   4.21396
        29        10   3.55086   2.79534   3.76738
        29        11   3.24699   4.11367   4.11367   1.37901
