         0        16   2.83306
         0        17   2.83306
         0        18   2.83306
         0        19   4.86982   4.94309
         0        20   4.94309   4.86982
         0        21   2.83306
         0        22   2.83306
         0        23   4.94309   4.86982
         0        24   2.83306
         0        25   2.83306
         0        26   2.83306
         0        27   4.86982   4.94309
         0        28   4.94309   4.86982
         0        29   2.83306
         0        30   4.86982   4.94309
         0        31   4.86982   4.94309
         0        32   2.83306
         0        33   4.86982   4.94309
         0        34   4.94309   4.86982
         0        35   4.94309   4.86982
         0        36   4.86982   4.94309
         0        37   2.83306
         0        38   4.94309   4.86982
         0        39   2.83306
         1        16   2.83306
         1        17   4.94309   4.86982
         1        18   2.83306
         1        19   2.83306
         1        20   4.94309   4.86982
         1        21   2.83306
         1        22   2.83306
         1        23   2.83306
         1        24   2.83306
         1        25   4.86982   4.94309
         1        26   2.83306
         1        27   4.86982   4.94309
         1        28   4.94309   4.86982
         1        29   4.94309   4.86982
         1        30   4.86982   4.94309
         1        31   2.83306
         1        32   2.83306
         1        33   4.86982   4.94309
         1        34   4.94309   4.86982
         1        35   2.83306
         1        36   4.86982   4.94309
         1        37   4.86982   4.94309
         1        38   4.94309   4.86982
         1        39   2.83306
         2        16   2.83306
         2        17   4.94309   4.86982
         2        18   2.83306
         2        19   2.83306
         2        20   2.83306
         2        21   4.86982   4.94309
         2        22   2.83306
         2        23   2.83306
         2        24   2.83306
         2        25   4.86982   4.94309
         2        26   4.94309   4.86982
         2        27   2.83306
         2        28   4.94309   4.86982
         2        29   4.94309   4.86982
         2        30   4.86982   4.94309
         2        31   2.83306
         2        32   4.94309   4.86982
         2        33   2.83306
         2        34   4.94309   4.86982
         2        35   2.83306
         2        36   4.86982   4.94309
         2        37   4.86982   4.94309
         2        38   2.83306
         2        39   4.86982   4.94309
         3        16   2.83306
         3        17   2.83306
         3        18   2.83306
         3        19   4.86982   4.94309
         3        20   2.83306
         3        21   4.86982   4.94309
         3        22   2.83306
         3        23   4.94309   4.86982
         3        24   2.83306
         3        25   2.83306
         3        26   4.94309   4.86982
         3        27   2.83306
         3        28   4.94309   4.86982
         3        29   2.83306
         3        30   4.86982   4.94309
         3        31   4.86982   4.94309
         3        32   4.94309   4.86982
         3        33   2.83306
         3        34   4.94309   4.86982
         3        35   4.94309   4.86982
         3        36   4.86982   4.94309
         3        37   2.83306
         3        38   2.83306
         3        39   4.86982   4.94309
         4        16   4.94309   4.86982
         4        17   2.83306
         4        18   4.86982   4.94309
         4        19   4.86982   4.94309
         4        20   2.83306
         4        21   4.86982   4.94309
         4        22   4.94309   4.86982
         4        23   4.94309   4.86982
         4        24   4.86982   4.94309
         4        25   2.83306
         4        26   4.94309   4.86982
         4        27   2.83306
         4        28   2.83306
         4        29   2.83306
         4        30   2.83306
         4        31   4.86982   4.94309
         4        32   4.94309   4.86982
         4        33   2.83306
         4        34   2.83306
         4        35   4.94309   4.86982
         4        36   2.83306
         4        37   2.83306
         4        38   2.83306
         4        39   4.86982   4.94309
         5        16   4.94309   4.86982
         5        17   4.94309   4.86982
         5        18   4.86982   4.94309
         5        19   2.83306
         5        20   2.83306
         5        21   4.86982   4.94309
         5        22   4.94309   4.86982
         5        23   2.83306
         5        24   4.86982   4.94309
         5        25   4.86982   4.94309
         5        26   4.94309   4.86982
         5        27   2.83306
         5        28   2.83306
         5        29   4.94309   4.86982
         5        30   2.83306
         5        31   2.83306
         5        32   4.94309   4.86982
         5        33   2.83306
         5        34   2.83306
         5        35   2.83306
         5        36   2.83306
         5        37   4.86982   4.94309
         5        38   2.83306
         5        39   4.86982   4.94309
         6        16   4.94309   4.86982
         6        17   4.94309   4.86982
         6        18   4.86982   4.94309
         6        19   2.83306
         6        20   4.94309   4.86982
         6        21   2.83306
         6        22   4.94309   4.86982
         6        23   2.83306
         6        24   4.86982   4.94309
         6        25   4.86982   4.94309
         6        26   2.83306
         6        27   4.86982   4.94309
         6        28   2.83306
         6        29   4.94309   4.86982
         6        30   2.83306
         6        31   2.83306
         6        32   2.83306
         6        33   4.86982   4.94309
         6        34   2.83306
         6        35   2.83306
         6        36   2.83306
         6        37   4.86982   4.94309
         6        38   4.94309   4.86982
         6        39   2.83306
         7        16   4.94309   4.86982
         7        17   2.83306
         7        18   4.86982   4.94309
         7        19   4.86982   4.94309
         7        20   4.94309   4.86982
         7        21   2.83306
         7        22   4.94309   4.86982
         7        23   4.94309   4.86982
         7        24   4.86982   4.94309
         7        25   2.83306
         7        26   2.83306
         7        27   4.86982   4.94309
         7        28   2.83306
         7        29   2.83306
         7        30   2.83306
         7        31   4.86982   4.94309
         7        32   2.83306
         7        33   4.86982   4.94309
         7        34   2.83306
         7        35   4.94309   4.86982
         7        36   2.83306
         7        37   2.83306
         7        38   4.94309   4.86982
         7        39   2.83306
         8        16   2.04789
         8        17   4.45902   4.45902
         8        18   4.45902   4.45902
         8        19   4.45902   4.45902
         8        20   2.04789
         8        21   2.04789
         8        22
         8        23   2.04789
         8        24   4.45902   4.45902
         8        25   2.04789
         8        26   4.45902   4.45902
         8        27   4.45902   4.45902
         8        28   4.45902   4.45902
         8        29   4.45902   4.45902
         8        30   2.04789
         8        31   4.45902   4.45902
         8        32   4.45902   4.45902
         8        33   4.45902   4.45902
         8        34   4.45902   4.45902
         8        35
         8        36
         8        37
         8        38
         8        39
         9        16
         9        17   2.04789
         9        18   4.45902   4.45902
         9        19   2.04789
         9        20   4.45902   4.45902
         9        21   4.45902   4.45902
         9        22   2.04789
         9        23   4.45902   4.45902
         9        24   4.45902   4.45902
         9        25   4.45902   4.45902
         9        26   2.04789
         9        27   2.04789
         9        28   4.45902   4.45902
         9        29
         9        30
         9        31
         9        32
         9        33
         9        34   4.45902   4.45902
         9        35   4.45902   4.45902
         9        36   2.04789
         9        37   4.45902   4.45902
         9        38   4.45902   4.45902
         9        39   4.45902   4.45902
        10        16   4.45902   4.45902
        10        17   4.45902   4.45902
        10        18   2.04789
        10        19   4.45902   4.45902
        10        20   4.45902   4.45902
        10        21   4.45902   4.45902
        10        22   4.45902   4.45902
        10        23
        10        24
        10        25
        10        26
        10        27
        10        28   2.04789
        10        29   4.45902   4.45902
        10        30   4.45902   4.45902
        10        31   4.45902   4.45902
        10        32   2.04789
        10        33   2.04789
        10        34
        10        35   2.04789
        10        36   4.45902   4.45902
        10        37   2.04789
        10        38   4.45902   4.45902
        10        39   4.45902   4.45902
        11        16   4.45902   4.45902
        11        17
        11        18
        11        19
        11        20
        11        21
        11        22   4.45902   4.45902
        11        23   4.45902   4.45902
        11        24   2.04789
        11        25   4.45902   4.45902
        11        26   4.45902   4.45902
        11        27   4.45902   4.45902
        11        28
        11        29   2.04789
        11        30   4.45902   4.45902
        11        31   2.04789
        11        32   4.45902   4.45902
        11        33   4.45902   4.45902
        11        34   2.04789
        11        35   4.45902   4.45902
        11        36   4.45902   4.45902
        11        37   4.45902   4.45902
        11        38   2.04789
        11        39   2.04789
        12        16   4.49914   4.49914
        12        17   1.95816
        12        18   1.95816
        12        19   1.95816
        12        20   1.95816
        12        21   1.95816
        12        22   4.49914   4.49914
        12        23   4.49914   4.49914
        12        24
        12        25   4.49914   4.49914
        12        26   4.49914   4.49914
        12        27   4.49914   4.49914
        12        28   1.95816
        12        29
        12        30   4.49914   4.49914
        12        31
        12        32   4.49914   4.49914
        12        33   4.49914   4.49914
        12        34
        12        35   4.49914   4.49914
        12        36   4.49914   4.49914
        12        37   4.49914   4.49914
        12        38
        12        39
        13        16   4.49914   4.49914
        13        17   4.49914   4.49914
        13        18
        13        19   4.49914   4.49914
        13        20   4.49914   4.49914
        13        21   4.49914   4.49914
        13        22   4.49914   4.49914
        13        23   1.95816
        13        24   1.95816
        13        25   1.95816
        13        26   1.95816
        13        27   1.95816
        13        28
        13        29   4.49914   4.49914
        13        30   4.49914   4.49914
        13        31   4.49914   4.49914
        13        32
        13        33
        13        34   1.95816
        13        35
        13        36   4.49914   4.49914
        13        37
        13        38   4.49914   4.49914
        13        39   4.49914   4.49914
        14        16   1.95816
        14        17
        14        18   4.49914   4.49914
        14        19
        14        20   4.49914   4.49914
        14        21   4.49914   4.49914
        14        22
        14        23   4.49914   4.49914
        14        24   4.49914   4.49914
        14        25   4.49914   4.49914
        14        26
        14        27
        14        28   4.49914   4.49914
        14        29   1.95816
        14        30   1.95816
        14        31   1.95816
        14        32   1.95816
        14        33   1.95816
        14        34   4.49914   4.49914
        14        35   4.49914   4.49914
        14        36
        14        37   4.49914   4.49914
        14        38   4.49914   4.49914
        14        39   4.49914   4.49914
        15        16
        15        17   4.49914   4.49914
        15        18   4.49914   4.49914
        15        19   4.49914   4.49914
        15        20
        15        21
        15        22   1.95816
        15        23
        15        24   4.49914   4.49914
        15        25
        15        26   4.49914   4.49914
        15        27   4.49914   4.49914
        15        28   4.49914   4.49914
        15        29   4.49914   4.49914
        15        30
        15        31   4.49914   4.49914
        15        32   4.49914   4.49914
        15        33   4.49914   4.49914
        15        34   4.49914   4.49914
        15        35   1.95816
        15        36   1.95816
        15        37   1.95816
        15        38   1.95816
        15        39   1.95816
        16         0   2.83306
        16         1   2.83306
        16         2   2.83306
        16         3   2.83306
        16         4   4.86982   4.94309
        16         5   4.86982   4.94309
        16         6   4.86982   4.94309
        16         7   4.86982   4.94309
        16         8   2.04789
        16         9
        16        10   4.45902   4.45902
        16        11   4.45902   4.45902
        16        12   4.49914   4.49914
        16        13   4.49914   4.49914
        16        14   1.95816
        16        15
        17         0   2.83306
        17         1   4.86982   4.94309
        17         2   4.86982   4.94309
        17         3   2.83306
        17         4   2.83306
        17         5   4.86982   4.94309
        17         6   4.86982   4.94309
        17         7   2.83306
        17         8   4.45902   4.45902
        17         9   2.04789
        17        10   4.45902   4.45902
        17        11
        17        12   1.95816
        17        13   4.49914   4.49914
        17        14
        17        15   4.49914   4.49914
        18         0   2.83306
        18         1   2.83306
        18         2   2.83306
        18         3   2.83306
        18         4   4.94309   4.86982
        18         5   4.94309   4.86982
        18         6   4.94309   4.86982
        18         7   4.94309   4.86982
        18         8   4.45902   4.45902
        18         9   4.45902   4.45902
        18        10   2.04789
        18        11
        18        12   1.95816
        18        13
        18        14   4.49914   4.49914
        18        15   4.49914   4.49914
        19         0   4.94309   4.86982
        19         1   2.83306
        19         2   2.83306
        19         3   4.94309   4.86982
        19         4   4.94309   4.86982
        19         5   2.83306
        19         6   2.83306
        19         7   4.94309   4.86982
        19         8   4.45902   4.45902
        19         9   2.04789
        19        10   4.45902   4.45902
        19        11
        19        12   1.95816
        19        13   4.49914   4.49914
        19        14
        19        15   4.49914   4.49914
        20         0   4.86982   4.94309
        20         1   4.86982   4.94309
        20         2   2.83306
        20         3   2.83306
        20         4   2.83306
        20         5   2.83306
        20         6   4.86982   4.94309
        20         7   4.86982   4.94309
        20         8   2.04789
        20         9   4.45902   4.45902
        20        10   4.45902   4.45902
        20        11
        20        12   1.95816
        20        13   4.49914   4.49914
        20        14   4.49914   4.49914
        20        15
        21         0   2.83306
        21         1   2.83306
        21         2   4.94309   4.86982
        21         3   4.94309   4.86982
        21         4   4.94309   4.86982
        21         5   4.94309   4.86982
        21         6   2.83306
        21         7   2.83306
        21         8   2.04789
        21         9   4.45902   4.45902
        21        10   4.45902   4.45902
        21        11
        21        12   1.95816
        21        13   4.49914   4.49914
        21        14   4.49914   4.49914
        21        15
        22         0   2.83306
        22         1   2.83306
        22         2   2.83306
        22         3   2.83306
        22         4   4.86982   4.94309
        22         5   4.86982   4.94309
        22         6   4.86982   4.94309
        22         7   4.86982   4.94309
        22         8
        22         9   2.04789
        22        10   4.45902   4.45902
        22        11   4.45902   4.45902
        22        12   4.49914   4.49914
        22        13   4.49914   4.49914
        22        14
        22        15   1.95816
        23         0   4.86982   4.94309
        23         1   2.83306
        23         2   2.83306
        23         3   4.86982   4.94309
        23         4   4.86982   4.94309
        23         5   2.83306
        23         6   2.83306
        23         7   4.86982   4.94309
        23         8   2.04789
        23         9   4.45902   4.45902
        23        10
        23        11   4.45902   4.45902
        23        12   4.49914   4.49914
        23        13   1.95816
        23        14   4.49914   4.49914
        23        15
        24         0   2.83306
        24         1   2.83306
        24         2   2.83306
        24         3   2.83306
        24         4   4.94309   4.86982
        24         5   4.94309   4.86982
        24         6   4.94309   4.86982
        24         7   4.94309   4.86982
        24         8   4.45902   4.45902
        24         9   4.45902   4.45902
        24        10
        24        11   2.04789
        24        12
        24        13   1.95816
        24        14   4.49914   4.49914
        24        15   4.49914   4.49914
        25         0   2.83306
        25         1   4.94309   4.86982
        25         2   4.94309   4.86982
        25         3   2.83306
        25         4   2.83306
        25         5   4.94309   4.86982
        25         6   4.94309   4.86982
        25         7   2.83306
        25         8   2.04789
        25         9   4.45902   4.45902
        25        10
        25        11   4.45902   4.45902
        25        12   4.49914   4.49914
        25        13   1.95816
        25        14   4.49914   4.49914
        25        15
        26         0   2.83306
        26         1   2.83306
        26         2   4.86982   4.94309
        26         3   4.86982   4.94309
        26         4   4.86982   4.94309
        26         5   4.86982   4.94309
        26         6   2.83306
        26         7   2.83306
        26         8   4.45902   4.45902
        26         9   2.04789
        26        10
        26        11   4.45902   4.45902
        26        12   4.49914   4.49914
        26        13   1.95816
        26        14
        26        15   4.49914   4.49914
        27         0   4.94309   4.86982
        27         1   4.94309   4.86982
        27         2   2.83306
        27         3   2.83306
        27         4   2.83306
        27         5   2.83306
        27         6   4.94309   4.86982
        27         7   4.94309   4.86982
        27         8   4.45902   4.45902
        27         9   2.04789
        27        10
        27        11   4.45902   4.45902
        27        12   4.49914   4.49914
        27        13   1.95816
        27        14
        27        15   4.49914   4.49914
        28         0   4.86982   4.94309
        28         1   4.86982   4.94309
        28         2   4.86982   4.94309
        28         3   4.86982   4.94309
        28         4   2.83306
        28         5   2.83306
        28         6   2.83306
        28         7   2.83306
        28         8   4.45902   4.45902
        28         9   4.45902   4.45902
        28        10   2.04789
        28        11
        28        12   1.95816
        28        13
        28        14   4.49914   4.49914
        28        15   4.49914   4.49914
        29         0   2.83306
        29         1   4.86982   4.94309
        29         2   4.86982   4.94309
        29         3   2.83306
        29         4   2.83306
        29         5   4.86982   4.94309
        29         6   4.86982   4.94309
        29         7   2.83306
        29         8   4.45902   4.45902
        29         9
        29        10   4.45902   4.45902
        29        11   2.04789
        29        12
        29        13   4.49914   4.49914
        29        14   1.95816
        29        15   4.49914   4.49914
        30         0   4.94309   4.86982
        30         1   4.94309   4.86982
        30         2   4.94309   4.86982
        30         3   4.94309   4.86982
        30         4   2.83306
        30         5   2.83306
        30         6   2.83306
        30         7   2.83306
        30         8   2.04789
        30         9
        30        10   4.45902   4.45902
        30        11   4.45902   4.45902
        30        12   4.49914   4.49914
        30        13   4.49914   4.49914
        30        14   1.95816
        30        15
        31         0   4.94309   4.86982
        31         1   2.83306
        31         2   2.83306
        31         3   4.94309   4.86982
        31         4   4.94309   4.86982
        31         5   2.83306
        31         6   2.83306
        31         7   4.94309   4.86982
        31         8   4.45902   4.45902
        31         9
        31        10   4.45902   4.45902
        31        11   2.04789
        31        12
        31        13   4.49914   4.49914
        31        14   1.95816
        31        15   4.49914   4.49914
        32         0   2.83306
        32         1   2.83306
        32         2   4.86982   4.94309
        32         3   4.86982   4.94309
        32         4   4.86982   4.94309
        32         5   4.86982   4.94309
        32         6   2.83306
        32         7   2.83306
        32         8   4.45902   4.45902
        32         9
        32        10   2.04789
        32        11   4.45902   4.45902
        32        12   4.49914   4.49914
        32        13
        32        14   1.95816
        32        15   4.49914   4.49914
        33         0   4.94309   4.86982
        33         1   4.94309   4.86982
        33         2   2.83306
        33         3   2.83306
        33         4   2.83306
        33         5   2.83306
        33         6   4.94309   4.86982
        33         7   4.94309   4.86982
        33         8   4.45902   4.45902
        33         9
        33        10   2.04789
        33        11   4.45902   4.45902
        33        12   4.49914   4.49914
        33        13
        33        14   1.95816
        33        15   4.49914   4.49914
        34         0   4.86982   4.94309
        34         1   4.86982   4.94309
        34         2   4.86982   4.94309
        34         3   4.86982   4.94309
        34         4   2.83306
        34         5   2.83306
        34         6   2.83306
        34         7   2.83306
        34         8   4.45902   4.45902
        34         9   4.45902   4.45902
        34        10
        34        11   2.04789
        34        12
        34        13   1.95816
        34        14   4.49914   4.49914
        34        15   4.49914   4.49914
        35         0   4.86982   4.94309
        35         1   2.83306
        35         2   2.83306
        35         3   4.86982   4.94309
        35         4   4.86982   4.94309
        35         5   2.83306
        35         6   2.83306
        35         7   4.86982   4.94309
        35         8
        35         9   4.45902   4.45902
        35        10   2.04789
        35        11   4.45902   4.45902
        35        12   4.49914   4.49914
        35        13
        35        14   4.49914   4.49914
        35        15   1.95816
        36         0   4.94309   4.86982
        36         1   4.94309   4.86982
        36         2   4.94309   4.86982
        36         3   4.94309   4.86982
        36         4   2.83306
        36         5   2.83306
        36         6   2.83306
        36         7   2.83306
        36         8
        36         9   2.04789
        36        10   4.45902   4.45902
        36        11   4.45902   4.45902
        36        12   4.49914   4.49914
        36        13   4.49914   4.49914
        36        14
        36        15   1.95816
        37         0   2.83306
        37         1   4.94309   4.86982
        37         2   4.94309   4.86982
        37         3   2.83306
        37         4   2.83306
        37         5   4.94309   4.86982
        37         6   4.94309   4.86982
        37         7   2.83306
        37         8
        37         9   4.45902   4.45902
        37        10   2.04789
        37        11   4.45902   4.45902
        37        12   4.49914   4.49914
        37        13
        37        14   4.49914   4.49914
        37        15   1.95816
        38         0   4.86982   4.94309
        38         1   4.86982   4.94309
        38         2   2.83306
        38         3   2.83306
        38         4   2.83306
        38         5   2.83306
        38         6   4.86982   4.94309
        38         7   4.86982   4.94309
        38         8
        38         9   4.45902   4.45902
        38        10   4.45902   4.45902
        38        11   2.04789
        38        12
        38        13   4.49914   4.49914
        38        14   4.49914   4.49914
        38        15   1.95816
        39         0   2.83306
        39         1   2.83306
        39         2   4.94309   4.86982
        39         3   4.94309   4.86982
        39         4   4.94309   4.86982
        39         5   4.94309   4.86982
        39         6   2.83306
        39         7   2.83306
        39         8
        39         9   4.45902   4.45902
        39        10   4.45902   4.45902
        39        11   2.04789
        39        12
        39        13   4.49914   4.49914
        39        14   4.49914   4.49914
        39        15   1.95816
