 4.3315  0  0  2.6522788052533803e-16  4.3315  0  2.6522788052533803e-16  0.0  4.3315 
5
0 4  1.3261394026266902e-16  0.0  2.16575 
0 5  1.3261394026266902e-16  2.16575  0.0 
0 6  2.16575  0.0  0.0 
0 7  2.16575  2.16575  2.16575 
1 4  -1.3261394026266902e-16  -2.16575  0.0 
1 5  -1.3261394026266902e-16  0.0  -2.16575 
1 6  2.1657499999999996  -2.16575  -2.16575 
1 7  2.1657499999999996  0.0  0.0 
2 4  -2.16575  0.0  0.0 
2 5  -2.16575  2.16575  -2.16575 
2 6  0.0  0.0  -2.16575 
2 7  0.0  2.16575  0.0 
3 4  -2.16575  -2.16575  2.16575 
3 5  -2.16575  0.0  0.0 
3 6  0.0  -2.16575  0.0 
3 7  0.0  0.0  2.16575 
4 0  -1.3261394026266902e-16  0.0  -2.16575 
4 1  1.3261394026266902e-16  2.16575  0.0 
4 2  2.16575  0.0  0.0 
4 3  2.16575  2.16575  -2.16575 
5 0  -1.3261394026266902e-16  -2.16575  0.0 
5 1  1.3261394026266902e-16  0.0  2.16575 
5 2  2.16575  -2.16575  2.16575 
5 3  2.16575  0.0  0.0 
6 0  -2.16575  0.0  0.0 
6 1  -2.1657499999999996  2.16575  2.16575 
6 2  0.0  0.0  2.16575 
6 3  0.0  2.16575  0.0 
7 0  -2.16575  -2.16575  -2.16575 
7 1  -2.1657499999999996  0.0  0.0 
7 2  0.0  -2.16575  0.0 
7 3  0.0  0.0  -2.16575 