 5.5917  0  0  4.718502884774794e-16  7.7059  0  3.3051992462187916e-16  0.0  5.3978 
5
0 8  1.37276235  -1.5797094999999999  -1.5561857400000005 
0 9  0.80240895  5.4326595  -4.25508574 
0 10  4.16861235  1.5797094999999999  -0.9840189400000003 
0 11  3.59825895  2.2732405  -3.6829189400000004 
0 12  3.59825895  5.4326595  -3.6829189400000004 
0 13  4.16861235  -1.5797094999999999  -0.9840189400000003 
0 14  0.8024089499999998  2.2732405  -4.25508574 
0 15  1.3727623500000001  1.5797094999999999  -1.5561857400000005 
0 16  2.3401264499999996  0.0  -4.82185474 
0 17  -0.1649551499999999  3.85295  -2.1229547400000004 
0 18  5.135976449999999  0.0  -3.1161499400000006 
0 19  2.6308948500000007  3.85295  -0.4172499399999996 
1 8  -0.8024089500000002  -5.4326595  1.1427142599999995 
1 9  -1.3727623500000001  1.5797094999999999  -1.55618574 
1 10  1.99344105  -2.2732405  1.7148810599999997 
1 11  1.4230876499999998  -1.5797094999999999  -0.9840189400000003 
1 12  1.4230876499999998  1.5797094999999999  -0.9840189400000003 
1 13  1.99344105  -5.4326595  1.7148810599999997 
1 14  -1.3727623500000004  -1.5797094999999999  -1.55618574 
1 15  -0.80240895  -2.2732405  1.1427142599999995 
1 16  0.1649551499999995  -3.85295  -2.1229547400000004 
1 17  -2.34012645  0.0  0.5759452599999997 
1 18  2.960805149999999  -3.85295  -0.4172499400000005 
1 19  0.45572355000000053  0.0  2.2816500600000005 
2 8  -1.4230876499999998  -1.5797094999999999  0.9840189399999995 
2 9  -1.9934410499999997  5.4326595  -1.7148810600000002 
2 10  1.3727623500000004  1.5797094999999999  1.5561857399999997 
2 11  0.8024089500000002  2.2732405  -1.1427142600000004 
2 12  0.8024089500000002  5.4326595  -1.1427142600000004 
2 13  1.3727623500000004  -1.5797094999999999  1.5561857399999997 
2 14  -1.99344105  2.2732405  -1.7148810600000002 
2 15  -1.4230876499999996  1.5797094999999999  0.9840189399999995 
2 16  -0.4557235500000001  0.0  -2.2816500600000005 
2 17  -2.9608051499999997  3.85295  0.4172499399999996 
2 18  2.3401264499999996  0.0  -0.5759452600000006 
2 19  -0.16495514999999905  3.85295  2.1229547400000004 
3 8  -3.5982589500000004  -5.4326595  3.68291894 
3 9  -4.16861235  1.5797094999999999  0.9840189400000001 
3 10  -0.8024089500000002  -2.2732405  4.25508574 
3 11  -1.3727623500000004  -1.5797094999999999  1.5561857399999999 
3 12  -1.3727623500000004  1.5797094999999999  1.5561857399999999 
3 13  -0.8024089500000002  -5.4326595  4.25508574 
3 14  -4.16861235  -1.5797094999999999  0.9840189400000001 
3 15  -3.59825895  -2.2732405  3.68291894 
3 16  -2.6308948500000007  -3.85295  0.41724994000000004 
3 17  -5.13597645  0.0  3.11614994 
3 18  0.16495514999999905  -3.85295  2.12295474 
3 19  -2.3401264499999996  0.0  4.821854740000001 
4 8  -1.1127482999999998  0.34676549999999995  3.7622666 
4 9  -1.6831016999999997  7.3591345  1.0633666000000002 
4 10  1.6831017000000004  3.5061845  4.3344334 
4 11  1.1127483000000002  4.1997155  1.6355334 
4 12  1.1127483000000002  7.3591345  1.6355334 
4 13  1.6831017000000004  0.34676549999999995  4.3344334 
4 14  -1.6831017  4.1997155  1.0633666000000002 
4 15  -1.1127482999999996  3.5061845  3.7622666 
4 16  -0.14538420000000007  1.926475  0.49659760000000003 
4 17  -2.6504657999999996  5.779425  3.1954976 
4 18  2.6504657999999996  1.926475  2.2023023999999998 
4 19  0.14538420000000096  5.779425  4.901202400000001 
5 8  1.6831017000000001  0.34676549999999995  1.0633665999999997 
5 9  1.1127483000000002  7.3591345  -1.6355334 
5 10  4.4789517000000005  3.5061845  1.6355334 
5 11  3.9085983000000004  4.1997155  -1.0633666000000002 
5 12  3.9085983000000004  7.3591345  -1.0633666000000002 
5 13  4.4789517000000005  0.34676549999999995  1.6355334 
5 14  1.1127483  4.1997155  -1.6355334 
5 15  1.6831017000000004  3.5061845  1.0633665999999997 
5 16  2.6504658  1.926475  -2.2023024 
5 17  0.14538420000000038  5.779425  0.49659759999999986 
5 18  5.4463158  1.926475  -0.4965976000000003 
5 19  2.941234200000001  5.779425  2.2023024000000007 
6 8  1.6831017  -3.5061845  1.0633665999999997 
6 9  1.1127483  3.5061845  -1.6355334 
6 10  4.4789517000000005  -0.34676550000000006  1.6355334 
6 11  3.9085983  0.34676550000000006  -1.0633666000000002 
6 12  3.9085983  3.5061845  -1.0633666000000002 
6 13  4.4789517000000005  -3.5061845  1.6355334 
6 14  1.1127482999999998  0.34676550000000006  -1.6355334 
6 15  1.6831017000000001  -0.34676550000000006  1.0633665999999997 
6 16  2.6504657999999996  -1.926475  -2.2023024 
6 17  0.14538420000000016  1.926475  0.49659759999999986 
6 18  5.4463158  -1.926475  -0.4965976000000003 
6 19  2.9412342000000007  1.926475  2.2023024000000007 
7 8  -1.1127483000000002  -3.5061845  3.7622666 
7 9  -1.6831017000000001  3.5061845  1.0633666000000002 
7 10  1.6831017  -0.34676550000000006  4.3344334 
7 11  1.1127482999999998  0.34676550000000006  1.6355334 
7 12  1.1127482999999998  3.5061845  1.6355334 
7 13  1.6831017  -3.5061845  4.3344334 
7 14  -1.6831017000000004  0.34676550000000006  1.0633666000000002 
7 15  -1.1127483  -0.34676550000000006  3.7622666 
7 16  -0.14538420000000052  -1.926475  0.49659760000000003 
7 17  -2.6504658  1.926475  3.1954976 
7 18  2.650465799999999  -1.926475  2.2023023999999998 
7 19  0.14538420000000052  1.926475  4.901202400000001 
8 0  -1.37276235  1.5797094999999999  1.5561857400000005 
8 1  0.8024089500000002  5.4326595  -1.1427142599999995 
8 2  1.4230876499999998  1.5797094999999999  -0.9840189399999995 
8 3  3.5982589500000004  5.4326595  -3.68291894 
8 4  1.1127482999999998  -0.34676549999999995  -3.7622666 
8 5  -1.6831017000000001  -0.34676549999999995  -1.0633665999999997 
8 6  -1.6831017  3.5061845  -1.0633665999999997 
8 7  1.1127483000000002  3.5061845  -3.7622666 
9 0  -0.80240895  -5.4326595  4.25508574 
9 1  1.3727623500000001  -1.5797094999999999  1.55618574 
9 2  1.9934410499999997  -5.4326595  1.7148810600000002 
9 3  4.16861235  -1.5797094999999999  -0.9840189400000001 
9 4  1.6831016999999997  -7.3591345  -1.0633666000000002 
9 5  -1.1127483000000002  -7.3591345  1.6355334 
9 6  -1.1127483  -3.5061845  1.6355334 
9 7  1.6831017000000001  -3.5061845  -1.0633666000000002 
10 0  -4.16861235  -1.5797094999999999  0.9840189400000003 
10 1  -1.99344105  2.2732405  -1.7148810599999997 
10 2  -1.3727623500000004  -1.5797094999999999  -1.5561857399999997 
10 3  0.8024089500000002  2.2732405  -4.25508574 
10 4  -1.6831017000000004  -3.5061845  -4.3344334 
10 5  -4.4789517000000005  -3.5061845  -1.6355334 
10 6  -4.4789517000000005  0.34676550000000006  -1.6355334 
10 7  -1.6831017  0.34676550000000006  -4.3344334 
11 0  -3.59825895  -2.2732405  3.6829189400000004 
11 1  -1.4230876499999998  1.5797094999999999  0.9840189400000003 
11 2  -0.8024089500000002  -2.2732405  1.1427142600000004 
11 3  1.3727623500000004  1.5797094999999999  -1.5561857399999999 
11 4  -1.1127483000000002  -4.1997155  -1.6355334 
11 5  -3.9085983000000004  -4.1997155  1.0633666000000002 
11 6  -3.9085983  -0.34676550000000006  1.0633666000000002 
11 7  -1.1127482999999998  -0.34676550000000006  -1.6355334 
12 0  -3.59825895  -5.4326595  3.6829189400000004 
12 1  -1.4230876499999998  -1.5797094999999999  0.9840189400000003 
12 2  -0.8024089500000002  -5.4326595  1.1427142600000004 
12 3  1.3727623500000004  -1.5797094999999999  -1.5561857399999999 
12 4  -1.1127483000000002  -7.3591345  -1.6355334 
12 5  -3.9085983000000004  -7.3591345  1.0633666000000002 
12 6  -3.9085983  -3.5061845  1.0633666000000002 
12 7  -1.1127482999999998  -3.5061845  -1.6355334 
13 0  -4.16861235  1.5797094999999999  0.9840189400000003 
13 1  -1.99344105  5.4326595  -1.7148810599999997 
13 2  -1.3727623500000004  1.5797094999999999  -1.5561857399999997 
13 3  0.8024089500000002  5.4326595  -4.25508574 
13 4  -1.6831017000000004  -0.34676549999999995  -4.3344334 
13 5  -4.4789517000000005  -0.34676549999999995  -1.6355334 
13 6  -4.4789517000000005  3.5061845  -1.6355334 
13 7  -1.6831017  3.5061845  -4.3344334 
14 0  -0.8024089499999998  -2.2732405  4.25508574 
14 1  1.3727623500000004  1.5797094999999999  1.55618574 
14 2  1.99344105  -2.2732405  1.7148810600000002 
14 3  4.16861235  1.5797094999999999  -0.9840189400000001 
14 4  1.6831017  -4.1997155  -1.0633666000000002 
14 5  -1.1127483  -4.1997155  1.6355334 
14 6  -1.1127482999999998  -0.34676550000000006  1.6355334 
14 7  1.6831017000000004  -0.34676550000000006  -1.0633666000000002 
15 0  -1.3727623500000001  -1.5797094999999999  1.5561857400000005 
15 1  0.80240895  2.2732405  -1.1427142599999995 
15 2  1.4230876499999996  -1.5797094999999999  -0.9840189399999995 
15 3  3.59825895  2.2732405  -3.68291894 
15 4  1.1127482999999996  -3.5061845  -3.7622666 
15 5  -1.6831017000000004  -3.5061845  -1.0633665999999997 
15 6  -1.6831017000000001  0.34676550000000006  -1.0633665999999997 
15 7  1.1127483  0.34676550000000006  -3.7622666 
16 0  -2.3401264499999996  0.0  4.82185474 
16 1  -0.1649551499999995  3.85295  2.1229547400000004 
16 2  0.4557235500000001  0.0  2.2816500600000005 
16 3  2.6308948500000007  3.85295  -0.41724994000000004 
16 4  0.14538420000000007  -1.926475  -0.49659760000000003 
16 5  -2.6504658  -1.926475  2.2023024 
16 6  -2.6504657999999996  1.926475  2.2023024 
16 7  0.14538420000000052  1.926475  -0.49659760000000003 
17 0  0.1649551499999999  -3.85295  2.1229547400000004 
17 1  2.34012645  0.0  -0.5759452599999997 
17 2  2.9608051499999997  -3.85295  -0.4172499399999996 
17 3  5.13597645  0.0  -3.11614994 
17 4  2.6504657999999996  -5.779425  -3.1954976 
17 5  -0.14538420000000038  -5.779425  -0.49659759999999986 
17 6  -0.14538420000000016  -1.926475  -0.49659759999999986 
17 7  2.6504658  -1.926475  -3.1954976 
18 0  -5.135976449999999  0.0  3.1161499400000006 
18 1  -2.960805149999999  3.85295  0.4172499400000005 
18 2  -2.3401264499999996  0.0  0.5759452600000006 
18 3  -0.16495514999999905  3.85295  -2.12295474 
18 4  -2.6504657999999996  -1.926475  -2.2023023999999998 
18 5  -5.4463158  -1.926475  0.4965976000000003 
18 6  -5.4463158  1.926475  0.4965976000000003 
18 7  -2.650465799999999  1.926475  -2.2023023999999998 
19 0  -2.6308948500000007  -3.85295  0.4172499399999996 
19 1  -0.45572355000000053  0.0  -2.2816500600000005 
19 2  0.16495514999999905  -3.85295  -2.1229547400000004 
19 3  2.3401264499999996  0.0  -4.821854740000001 
19 4  -0.14538420000000096  -5.779425  -4.901202400000001 
19 5  -2.941234200000001  -5.779425  -2.2023024000000007 
19 6  -2.9412342000000007  -1.926475  -2.2023024000000007 
19 7  -0.14538420000000052  -1.926475  -4.901202400000001 