 5.4465  0  0  4.77165255585779e-16  7.7927  0  3.255845980213153e-16  0.0  5.3172 
5
0 8  1.4373313499999998  -1.5351619  -1.5504955200000001 
0 9  0.7619653500000001  5.431511899999999  -4.20909552 
0 10  4.16058135  1.5351618999999999  -0.9549691199999994 
0 11  3.4852153500000003  2.3611881000000006  -3.6135691199999997 
0 12  3.4852153500000003  5.431511899999999  -3.6135691199999997 
0 13  4.16058135  -1.5351619  -0.9549691199999994 
0 14  0.7619653499999999  2.3611881000000006  -4.20909552 
0 15  1.43733135  1.5351618999999999  -1.5504955200000001 
0 16  2.14537635  0.0  -4.68232632 
0 17  0.05392035000000017  3.89635  -2.0237263199999997 
0 18  4.8686263499999995  0.0  -3.1403383199999997 
0 19  2.777170350000001  3.89635  -0.48173831999999983 
1 8  -0.7619653500000005  -5.4315119  1.1081044799999997 
1 9  -1.4373313500000002  1.5351618999999994  -1.5504955199999997 
1 10  1.9612846499999996  -2.3611881  1.7036308800000004 
1 11  1.2859186499999997  -1.5351618999999994  -0.9549691199999999 
1 12  1.2859186499999997  1.5351618999999994  -0.9549691199999999 
1 13  1.9612846499999996  -5.4315119  1.7036308800000004 
1 14  -1.4373313500000005  -1.5351618999999994  -1.5504955199999997 
1 15  -0.7619653500000003  -2.3611881  1.1081044799999997 
1 16  -0.05392035000000073  -3.89635  -2.0237263199999997 
1 17  -2.1453763500000003  0.0  0.6348736800000001 
1 18  2.669329649999999  -3.89635  -0.48173831999999983 
1 19  0.5778736500000003  0.0  2.17686168 
2 8  -1.2859186500000002  -1.5351619  0.9549691199999999 
2 9  -1.9612846499999999  5.431511899999999  -1.7036308799999995 
2 10  1.43733135  1.5351618999999999  1.5504955200000006 
2 11  0.7619653500000001  2.3611881000000006  -1.1081044799999997 
2 12  0.7619653500000001  5.431511899999999  -1.1081044799999997 
2 13  1.43733135  -1.5351619  1.5504955200000006 
2 14  -1.96128465  2.3611881000000006  -1.7036308799999995 
2 15  -1.28591865  1.5351618999999999  0.9549691199999999 
2 16  -0.5778736500000003  0.0  -2.1768616799999996 
2 17  -2.66932965  3.89635  0.4817383200000003 
2 18  2.1453763499999994  0.0  -0.6348736799999997 
2 19  0.05392035000000073  3.89635  2.02372632 
3 8  -3.48521535  -5.4315119  3.6135691199999993 
3 9  -4.160581349999999  1.5351618999999994  0.95496912 
3 10  -0.7619653499999997  -2.3611881  4.20909552 
3 11  -1.4373313499999996  -1.5351618999999994  1.55049552 
3 12  -1.4373313499999996  1.5351618999999994  1.55049552 
3 13  -0.7619653499999997  -5.4315119  4.20909552 
3 14  -4.160581349999999  -1.5351618999999994  0.95496912 
3 15  -3.48521535  -2.3611881  3.6135691199999993 
3 16  -2.77717035  -3.89635  0.48173831999999994 
3 17  -4.8686263499999995  0.0  3.1403383199999997 
3 18  -0.05392035000000028  -3.89635  2.0237263199999997 
3 19  -2.145376349999999  0.0  4.68232632 
4 8  1.699308  0.41301309999999997  1.0315367999999996 
4 9  1.0239420000000004  7.379686899999999  -1.6270631999999998 
4 10  4.422558  3.4833369  1.6270632000000003 
4 11  3.7471920000000005  4.309363100000001  -1.0315368 
4 12  3.7471920000000005  7.379686899999999  -1.0315368 
4 13  4.422558  0.41301309999999997  1.6270632000000003 
4 14  1.0239420000000001  4.309363100000001  -1.6270631999999998 
4 15  1.6993080000000003  3.4833369  1.0315367999999996 
4 16  2.407353  1.948175  -2.100294 
4 17  0.3158970000000004  5.844525  0.558306 
4 18  5.130603  1.948175  -0.558306 
4 19  3.039147000000001  5.844525  2.100294 
5 8  -1.023942  0.41301309999999997  3.6901367999999994 
5 9  -1.6993079999999996  7.379686899999999  1.0315368 
5 10  1.6993080000000003  3.4833369  4.2856632 
5 11  1.0239420000000004  4.309363100000001  1.6270631999999998 
5 12  1.0239420000000004  7.379686899999999  1.6270631999999998 
5 13  1.6993080000000003  0.41301309999999997  4.2856632 
5 14  -1.6993079999999998  4.309363100000001  1.0315368 
5 15  -1.0239419999999997  3.4833369  3.6901367999999994 
5 16  -0.3158970000000001  1.948175  0.558306 
5 17  -2.4073529999999996  5.844525  3.216906 
5 18  2.4073529999999996  1.948175  2.100294 
5 19  0.315897000000001  5.844525  4.758894 
6 8  -1.0239420000000004  -3.4833369  3.6901367999999994 
6 9  -1.699308  3.4833368999999994  1.0315368 
6 10  1.6993079999999998  -0.41301310000000013  4.2856632 
6 11  1.023942  0.4130131000000006  1.6270631999999998 
6 12  1.023942  3.4833368999999994  1.6270631999999998 
6 13  1.6993079999999998  -3.4833369  4.2856632 
6 14  -1.6993080000000003  0.4130131000000006  1.0315368 
6 15  -1.0239420000000001  -0.41301310000000013  3.6901367999999994 
6 16  -0.31589700000000054  -1.948175  0.558306 
6 17  -2.407353  1.948175  3.216906 
6 18  2.407352999999999  -1.948175  2.100294 
6 19  0.31589700000000054  1.948175  4.758894 
7 8  1.6993079999999998  -3.4833369  1.0315367999999996 
7 9  1.0239420000000001  3.4833368999999994  -1.6270631999999998 
7 10  4.422558  -0.41301310000000013  1.6270632000000003 
7 11  3.747192  0.4130131000000006  -1.0315368 
7 12  3.747192  3.4833368999999994  -1.0315368 
7 13  4.422558  -3.4833369  1.6270632000000003 
7 14  1.023942  0.4130131000000006  -1.6270631999999998 
7 15  1.699308  -0.41301310000000013  1.0315367999999996 
7 16  2.4073529999999996  -1.948175  -2.100294 
7 17  0.3158970000000002  1.948175  0.558306 
7 18  5.130603  -1.948175  -0.558306 
7 19  3.0391470000000007  1.948175  2.100294 
8 0  -1.4373313499999998  1.5351619  1.5504955200000001 
8 1  0.7619653500000005  5.4315119  -1.1081044799999997 
8 2  1.2859186500000002  1.5351619  -0.9549691199999999 
8 3  3.48521535  5.4315119  -3.6135691199999993 
8 4  -1.699308  -0.41301309999999997  -1.0315367999999996 
8 5  1.023942  -0.41301309999999997  -3.6901367999999994 
8 6  1.0239420000000004  3.4833369  -3.6901367999999994 
8 7  -1.6993079999999998  3.4833369  -1.0315367999999996 
9 0  -0.7619653500000001  -5.431511899999999  4.20909552 
9 1  1.4373313500000002  -1.5351618999999994  1.5504955199999997 
9 2  1.9612846499999999  -5.431511899999999  1.7036308799999995 
9 3  4.160581349999999  -1.5351618999999994  -0.95496912 
9 4  -1.0239420000000004  -7.379686899999999  1.6270631999999998 
9 5  1.6993079999999996  -7.379686899999999  -1.0315368 
9 6  1.699308  -3.4833368999999994  -1.0315368 
9 7  -1.0239420000000001  -3.4833368999999994  1.6270631999999998 
10 0  -4.16058135  -1.5351618999999999  0.9549691199999994 
10 1  -1.9612846499999996  2.3611881  -1.7036308800000004 
10 2  -1.43733135  -1.5351618999999999  -1.5504955200000006 
10 3  0.7619653499999997  2.3611881  -4.20909552 
10 4  -4.422558  -3.4833369  -1.6270632000000003 
10 5  -1.6993080000000003  -3.4833369  -4.2856632 
10 6  -1.6993079999999998  0.41301310000000013  -4.2856632 
10 7  -4.422558  0.41301310000000013  -1.6270632000000003 
11 0  -3.4852153500000003  -2.3611881000000006  3.6135691199999997 
11 1  -1.2859186499999997  1.5351618999999994  0.9549691199999999 
11 2  -0.7619653500000001  -2.3611881000000006  1.1081044799999997 
11 3  1.4373313499999996  1.5351618999999994  -1.55049552 
11 4  -3.7471920000000005  -4.309363100000001  1.0315368 
11 5  -1.0239420000000004  -4.309363100000001  -1.6270631999999998 
11 6  -1.023942  -0.4130131000000006  -1.6270631999999998 
11 7  -3.747192  -0.4130131000000006  1.0315368 
12 0  -3.4852153500000003  -5.431511899999999  3.6135691199999997 
12 1  -1.2859186499999997  -1.5351618999999994  0.9549691199999999 
12 2  -0.7619653500000001  -5.431511899999999  1.1081044799999997 
12 3  1.4373313499999996  -1.5351618999999994  -1.55049552 
12 4  -3.7471920000000005  -7.379686899999999  1.0315368 
12 5  -1.0239420000000004  -7.379686899999999  -1.6270631999999998 
12 6  -1.023942  -3.4833368999999994  -1.6270631999999998 
12 7  -3.747192  -3.4833368999999994  1.0315368 
13 0  -4.16058135  1.5351619  0.9549691199999994 
13 1  -1.9612846499999996  5.4315119  -1.7036308800000004 
13 2  -1.43733135  1.5351619  -1.5504955200000006 
13 3  0.7619653499999997  5.4315119  -4.20909552 
13 4  -4.422558  -0.41301309999999997  -1.6270632000000003 
13 5  -1.6993080000000003  -0.41301309999999997  -4.2856632 
13 6  -1.6993079999999998  3.4833369  -4.2856632 
13 7  -4.422558  3.4833369  -1.6270632000000003 
14 0  -0.7619653499999999  -2.3611881000000006  4.20909552 
14 1  1.4373313500000005  1.5351618999999994  1.5504955199999997 
14 2  1.96128465  -2.3611881000000006  1.7036308799999995 
14 3  4.160581349999999  1.5351618999999994  -0.95496912 
14 4  -1.0239420000000001  -4.309363100000001  1.6270631999999998 
14 5  1.6993079999999998  -4.309363100000001  -1.0315368 
14 6  1.6993080000000003  -0.4130131000000006  -1.0315368 
14 7  -1.023942  -0.4130131000000006  1.6270631999999998 
15 0  -1.43733135  -1.5351618999999999  1.5504955200000001 
15 1  0.7619653500000003  2.3611881  -1.1081044799999997 
15 2  1.28591865  -1.5351618999999999  -0.9549691199999999 
15 3  3.48521535  2.3611881  -3.6135691199999993 
15 4  -1.6993080000000003  -3.4833369  -1.0315367999999996 
15 5  1.0239419999999997  -3.4833369  -3.6901367999999994 
15 6  1.0239420000000001  0.41301310000000013  -3.6901367999999994 
15 7  -1.699308  0.41301310000000013  -1.0315367999999996 
16 0  -2.14537635  0.0  4.68232632 
16 1  0.05392035000000073  3.89635  2.0237263199999997 
16 2  0.5778736500000003  0.0  2.1768616799999996 
16 3  2.77717035  3.89635  -0.48173831999999994 
16 4  -2.407353  -1.948175  2.100294 
16 5  0.3158970000000001  -1.948175  -0.558306 
16 6  0.31589700000000054  1.948175  -0.558306 
16 7  -2.4073529999999996  1.948175  2.100294 
17 0  -0.05392035000000017  -3.89635  2.0237263199999997 
17 1  2.1453763500000003  0.0  -0.6348736800000001 
17 2  2.66932965  -3.89635  -0.4817383200000003 
17 3  4.8686263499999995  0.0  -3.1403383199999997 
17 4  -0.3158970000000004  -5.844525  -0.558306 
17 5  2.4073529999999996  -5.844525  -3.216906 
17 6  2.407353  -1.948175  -3.216906 
17 7  -0.3158970000000002  -1.948175  -0.558306 
18 0  -4.8686263499999995  0.0  3.1403383199999997 
18 1  -2.669329649999999  3.89635  0.48173831999999983 
18 2  -2.1453763499999994  0.0  0.6348736799999997 
18 3  0.05392035000000028  3.89635  -2.0237263199999997 
18 4  -5.130603  -1.948175  0.558306 
18 5  -2.4073529999999996  -1.948175  -2.100294 
18 6  -2.407352999999999  1.948175  -2.100294 
18 7  -5.130603  1.948175  0.558306 
19 0  -2.777170350000001  -3.89635  0.48173831999999983 
19 1  -0.5778736500000003  0.0  -2.17686168 
19 2  -0.05392035000000073  -3.89635  -2.02372632 
19 3  2.145376349999999  0.0  -4.68232632 
19 4  -3.039147000000001  -5.844525  -2.100294 
19 5  -0.315897000000001  -5.844525  -4.758894 
19 6  -0.31589700000000054  -1.948175  -4.758894 
19 7  -3.0391470000000007  -1.948175  -2.100294 