         0         8   4.64176   2.75920   4.65901
         0         9   2.69057   4.91234
         0        10   4.77995   4.87332   2.44831
         0        11   4.60072   3.27870   4.88053
         0        12   4.60072   3.27870   4.88053
         0        13   4.77995   4.87332   2.44831
         0        14   2.69057   4.91234
         0        15   4.64176   2.75920   4.65901
         0        16   2.57848   3.06842
         0        17   4.54341   4.54341
         0        18   2.38371   3.19100
         0        19   4.77817   4.77817   4.87245   4.87245
         1         8   2.69057   4.91234
         1         9   4.65901   4.64176   2.75920
         1        10   3.27870   4.88053   4.60072
         1        11   4.87332   2.44831   4.77995
         1        12   4.87332   2.44831   4.77995
         1        13   3.27870   4.88053   4.60072
         1        14   4.65901   4.64176   2.75920
         1        15   2.69057   4.91234
         1        16   4.54341   4.54341
         1        17   3.06842   2.57848
         1        18   4.87245   4.87245   4.77817   4.77817
         1        19   2.38371   3.19100
         2         8   4.77995   2.44831   4.87332
         2         9   4.60072   4.88053   3.27870
         2        10   2.75920   4.64176   4.65901
         2        11   4.91234   2.69057
         2        12   4.91234   2.69057
         2        13   2.75920   4.64176   4.65901
         2        14   4.60072   4.88053   3.27870
         2        15   4.77995   2.44831   4.87332
         2        16   3.19100   2.38371
         2        17   4.77817   4.77817   4.87245   4.87245
         2        18   2.57848   3.06842
         2        19   4.54341   4.54341
         3         8   4.88053   3.27870   4.60072
         3         9   2.44831   4.87332   4.77995
         3        10   4.91234   2.69057
         3        11   4.65901   2.75920   4.64176
         3        12   4.65901   2.75920   4.64176
         3        13   4.91234   2.69057
         3        14   2.44831   4.87332   4.77995
         3        15   4.88053   3.27870   4.60072
         3        16   4.87245   4.87245   4.77817   4.77817
         3        17   3.19100   2.38371
         3        18   4.54341   4.54341
         3        19   3.06842   2.57848
         4         8   4.73190   4.14731   1.92326
         4         9   4.07524   2.08629   4.65576
         4        10   4.23638   4.63839
         4        11   4.56738   4.15851
         4        12   1.92326   4.14731   4.73190
         4        13   4.65576   2.08629   4.07524
         4        14   4.63839   4.23638
         4        15   4.15851   4.56738
         4        16   2.01216
         4        17   4.73517   4.18210   4.63611   4.06958
         4        18   4.06958   4.63611   4.18210   4.73517
         4        19   2.01216
         5         8   2.08629   4.65576   4.07524
         5         9   4.14731   1.92326   4.73190
         5        10   4.15851   4.56738
         5        11   4.63839   4.23638
         5        12   4.07524   4.65576   2.08629
         5        13   4.73190   1.92326   4.14731
         5        14   4.56738   4.15851
         5        15   4.23638   4.63839
         5        16   4.63611   4.06958   4.73517   4.18210
         5        17   2.01216
         5        18   2.01216
         5        19   4.18210   4.73517   4.06958   4.63611
         6         8   4.63839   4.23638
         6         9   4.15851   4.56738
         6        10   4.73190   1.92326   4.14731
         6        11   4.07524   4.65576   2.08629
         6        12   4.23638   4.63839
         6        13   4.56738   4.15851
         6        14   4.14731   1.92326   4.73190
         6        15   2.08629   4.65576   4.07524
         6        16   4.63611   4.06958   4.73517   4.18210
         6        17   2.01216
         6        18   2.01216
         6        19   4.18210   4.73517   4.06958   4.63611
         7         8   4.56738   4.15851
         7         9   4.23638   4.63839
         7        10   4.65576   2.08629   4.07524
         7        11   1.92326   4.14731   4.73190
         7        12   4.15851   4.56738
         7        13   4.63839   4.23638
         7        14   4.07524   2.08629   4.65576
         7        15   4.73190   4.14731   1.92326
         7        16   2.01216
         7        17   4.73517   4.18210   4.63611   4.06958
         7        18   4.06958   4.63611   4.18210   4.73517
         7        19   2.01216
         8         0   4.65901   2.75920   4.64176
         8         1   4.91234   2.69057
         8         2   4.87332   2.44831   4.77995
         8         3   4.60072   3.27870   4.88053
         8         4   1.92326   4.14731   4.73190
         8         5   4.07524   4.65576   2.08629
         8         6   4.23638   4.63839
         8         7   4.15851   4.56738
         9         0   4.91234   2.69057
         9         1   2.75920   4.64176   4.65901
         9         2   3.27870   4.88053   4.60072
         9         3   4.77995   4.87332   2.44831
         9         4   4.65576   2.08629   4.07524
         9         5   4.73190   1.92326   4.14731
         9         6   4.56738   4.15851
         9         7   4.63839   4.23638
        10         0   2.44831   4.87332   4.77995
        10         1   4.60072   4.88053   3.27870
        10         2   4.65901   4.64176   2.75920
        10         3   2.69057   4.91234
        10         4   4.63839   4.23638
        10         5   4.56738   4.15851
        10         6   4.14731   1.92326   4.73190
        10         7   4.07524   2.08629   4.65576
        11         0   4.88053   3.27870   4.60072
        11         1   4.77995   2.44831   4.87332
        11         2   2.69057   4.91234
        11         3   4.64176   2.75920   4.65901
        11         4   4.15851   4.56738
        11         5   4.23638   4.63839
        11         6   2.08629   4.65576   4.07524
        11         7   4.73190   4.14731   1.92326
        12         0   4.88053   3.27870   4.60072
        12         1   4.77995   2.44831   4.87332
        12         2   2.69057   4.91234
        12         3   4.64176   2.75920   4.65901
        12         4   4.73190   4.14731   1.92326
        12         5   2.08629   4.65576   4.07524
        12         6   4.63839   4.23638
        12         7   4.56738   4.15851
        13         0   2.44831   4.87332   4.77995
        13         1   4.60072   4.88053   3.27870
        13         2   4.65901   4.64176   2.75920
        13         3   2.69057   4.91234
        13         4   4.07524   2.08629   4.65576
        13         5   4.14731   1.92326   4.73190
        13         6   4.15851   4.56738
        13         7   4.23638   4.63839
        14         0   4.91234   2.69057
        14         1   2.75920   4.64176   4.65901
        14         2   3.27870   4.88053   4.60072
        14         3   4.77995   4.87332   2.44831
        14         4   4.23638   4.63839
        14         5   4.15851   4.56738
        14         6   4.73190   1.92326   4.14731
        14         7   4.65576   2.08629   4.07524
        15         0   4.65901   2.75920   4.64176
        15         1   4.91234   2.69057
        15         2   4.87332   2.44831   4.77995
        15         3   4.60072   3.27870   4.88053
        15         4   4.56738   4.15851
        15         5   4.63839   4.23638
        15         6   4.07524   4.65576   2.08629
        15         7   1.92326   4.14731   4.73190
        16         0   3.06842   2.57848
        16         1   4.54341   4.54341
        16         2   2.38371   3.19100
        16         3   4.77817   4.77817   4.87245   4.87245
        16         4   2.01216
        16         5   4.18210   4.73517   4.06958   4.63611
        16         6   4.18210   4.73517   4.06958   4.63611
        16         7   2.01216
        17         0   4.54341   4.54341
        17         1   2.57848   3.06842
        17         2   4.87245   4.87245   4.77817   4.77817
        17         3   2.38371   3.19100
        17         4   4.06958   4.63611   4.18210   4.73517
        17         5   2.01216
        17         6   2.01216
        17         7   4.06958   4.63611   4.18210   4.73517
        18         0   3.19100   2.38371
        18         1   4.77817   4.77817   4.87245   4.87245
        18         2   3.06842   2.57848
        18         3   4.54341   4.54341
        18         4   4.73517   4.18210   4.63611   4.06958
        18         5   2.01216
        18         6   2.01216
        18         7   4.73517   4.18210   4.63611   4.06958
        19         0   4.87245   4.87245   4.77817   4.77817
        19         1   3.19100   2.38371
        19         2   4.54341   4.54341
        19         3   2.57848   3.06842
        19         4   2.01216
        19         5   4.63611   4.06958   4.73517   4.18210
        19         6   4.63611   4.06958   4.73517   4.18210
        19         7   2.01216
