 8.1098  0  0  6.643402723674604e-16  10.8495  0  -7.866354072642085  0.0  9.114449419465132 
5
0 24  2.7466417214572982  -6.861223800000001  -2.0398137800762957 
0 25  1.1847397955210268  -1.4364738  1.6661213538782267 
0 26  5.117916831842069  -1.6274250000000006  -2.891103355854339 
0 27  6.6798187577783406  -7.052175000000001  -6.597038489808861 
0 28  3.977703393009389  -8.207646750000002  -6.776593143372325 
0 29  7.82003219661102  -2.78289675  -2.7115487022908757 
0 30  3.886855160289978  -0.28100205000000145  1.8456760074416891 
0 31  0.0445263566883467  -5.705752050000001  -2.219368433639759 
0 32  -1.5668681745670816  0.9818797499999992  1.5767997495674688 
0 33  5.498249691545405  -4.44287025  -1.9504921757655378 
0 34  9.431426727866448  -9.470528550000001  -6.507716885498104 
0 35  2.366308861753961  -4.045778550000001  -2.980424960165097 
0 36  5.732368770343879  -7.261570350000001  -0.1686173142601044 
0 37  -1.800987253365554  -1.8368203500000009  -0.20507511193796457 
0 38  2.132189782955489  -1.2270784500000005  -4.76229982167053 
0 39  9.66554580666492  -6.651828450000001  -4.72584202399267 
0 40  5.721716630574356  -1.8769635000000013  -6.245220742217508 
0 41  6.076018959046053  -7.301713500000001  -3.242921103445693 
0 42  2.1428419227250113  -6.611685300000001  1.314303606286872 
0 43  1.7885395942533138  -1.1869353  -1.687996032484941 
0 44  2.101066674021331  -9.424960650000001  -3.164536838438293 
0 45  9.696668915599076  -4.000210650000001  -6.3236050072249075 
0 46  5.763491879278035  0.9363118499999992  -1.7663802974923417 
0 47  -1.8321103622997117  -4.488438150000001  1.3926878712942727 
0 48  2.58696686382765  -9.321890400000001  -0.15403419518895944 
0 49  1.3444146531506744  -3.8971404000000005  -0.21965823100910953 
0 50  5.277591689471716  0.8332415999999991  -4.776882940741675 
0 51  6.5201439001486925  -4.5915084  -4.711258904921525 
0 52  0.0743165297572368  -8.43548625  -1.0736821416129922 
0 53  3.857064987221086  -3.010736250000001  0.6999897154149233 
0 54  7.790242023542129  -0.053162550000001474  -3.857234994317643 
0 55  4.00749356607828  -5.477912550000001  -5.630906851345557 
1 24  -1.1847397955210264  -1.4364738  -1.6661213538782267 
1 25  -2.746641721457298  3.9882762000000014  2.0398137800762957 
1 26  1.1865353148637445  3.7973250000000007  -2.51741092965627 
1 27  2.7484372408000155  -1.6274249999999997  -6.2233460636107925 
1 28  0.04632187603106458  -2.78289675  -6.402900717174256 
1 29  3.888650679632695  2.6418532500000014  -2.3378562760928068 
1 30  -0.0445263566883467  5.14374795  2.219368433639758 
1 31  -3.886855160289978  -0.28100204999999967  -1.84567600744169 
1 32  -5.498249691545406  6.4066297500000005  1.9504921757655378 
1 33  1.5668681745670803  0.9818797500000009  -1.5767997495674688 
1 34  5.500045210888123  -4.04577855  -6.134024459300035 
1 35  -1.5650726552243635  1.3789714499999999  -2.606732533967028 
1 36  1.8009872533655535  -1.83682035  0.20507511193796457 
1 37  -5.732368770343879  3.5879296500000004  0.1686173142601044 
1 38  -1.7991917340228356  4.197671550000001  -4.388607395472461 
1 39  5.734164289686595  -1.2270784499999996  -4.352149597794601 
1 40  1.7903351135960317  3.5477865  -5.871528316019439 
1 41  2.144637442067728  -1.8769634999999996  -2.869228677247624 
1 42  -1.7885395942533133  -1.1869353  1.687996032484941 
1 43  -2.142841922725011  4.237814700000001  -1.314303606286872 
1 44  -1.8303148429569935  -4.00021065  -2.790844412240224 
1 45  5.765287398620752  1.4245393499999999  -5.9499125810268385 
1 46  1.8321103622997112  6.3610618500000005  -1.3926878712942727 
1 47  -5.763491879278036  0.9363118500000001  1.7663802974923417 
1 48  -1.3444146531506744  -3.8971404  0.21965823100910953 
1 49  -2.58696686382765  1.5276096000000008  0.15403419518895944 
1 50  1.3462101724933917  6.2579916  -4.403190514543606 
1 51  2.588762383170368  0.8332416000000009  -4.337566478723456 
1 52  -3.857064987221088  -3.01073625  -0.6999897154149233 
1 53  -0.07431652975723857  2.4140137500000005  1.0736821416129922 
1 54  3.858860506563805  5.37158745  -3.483542568119574 
1 55  0.0761120490999545  -0.0531625499999997  -5.257214425147488 
2 24  -5.117916831842069  1.6274250000000001  2.8911033558543395 
2 25  -6.6798187577783406  7.052175000000002  6.597038489808861 
2 26  -2.7466417214572982  6.861223800000001  2.039813780076296 
2 27  -1.1847397955210273  1.4364738000000004  -1.6661213538782262 
2 28  -3.8868551602899784  0.2810020499999999  -1.8456760074416894 
2 29  -0.04452635668834759  5.705752050000001  2.2193684336397594 
2 30  -3.9777033930093895  8.20764675  6.776593143372324 
2 31  -7.82003219661102  2.7828967500000004  2.711548702290876 
2 32  -9.431426727866448  9.470528550000001  6.507716885498104 
2 33  -2.3663088617539625  4.045778550000001  2.9804249601650974 
2 34  1.5668681745670803  -0.9818797499999999  -1.576799749567468 
2 35  -5.498249691545406  4.44287025  1.9504921757655382 
2 36  -2.132189782955489  1.22707845  4.762299821670531 
2 37  -9.665545806664921  6.65182845  4.725842023992671 
2 38  -5.732368770343879  7.261570350000001  0.16861731426010484 
2 39  1.8009872533655527  1.8368203500000004  0.20507511193796502 
2 40  -2.142841922725011  6.6116852999999995  -1.3143036062868723 
2 41  -1.7885395942533147  1.1869353000000005  1.6879960324849423 
2 42  -5.721716630574356  1.8769635  6.245220742217507 
2 43  -6.076018959046054  7.301713500000002  3.242921103445694 
2 44  -5.763491879278036  -0.93631185  1.7663802974923422 
2 45  1.8321103622997095  4.48843815  -1.3926878712942723 
2 46  -2.1010666740213315  9.424960650000001  3.1645368384382935 
2 47  -9.69666891559908  4.00021065  6.3236050072249075 
2 48  -5.277591689471717  -0.8332415999999999  4.776882940741675 
2 49  -6.5201439001486925  4.5915084  4.711258904921525 
2 50  -2.586966863827651  9.321890400000001  0.15403419518896033 
2 51  -1.3444146531506749  3.897140400000001  0.21965823100910953 
2 52  -7.790242023542131  0.05316255000000014  3.857234994317643 
2 53  -4.007493566078281  5.477912550000001  5.630906851345559 
2 54  -0.07431652975723768  8.43548625  1.0736821416129922 
2 55  -3.8570649872210883  3.0107362500000003  -0.6999897154149224 
3 24  -1.186535314863744  -3.7973250000000007  2.5174109296562692 
3 25  -2.7484372408000155  1.6274250000000006  6.223346063610792 
3 26  1.1847397955210268  1.4364738  1.6661213538782258 
3 27  2.746641721457298  -3.9882762000000005  -2.0398137800762965 
3 28  0.04452635668834687  -5.143747950000001  -2.21936843363976 
3 29  3.8868551602899775  0.28100205000000056  1.8456760074416891 
3 30  -0.04632187603106441  2.782896749999999  6.402900717174254 
3 31  -3.8886506796326956  -2.6418532500000005  2.337856276092806 
3 32  -5.500045210888124  4.04577855  6.134024459300034 
3 33  1.5650726552243626  -1.3789714499999999  2.606732533967027 
3 34  5.498249691545405  -6.4066297500000005  -1.9504921757655382 
3 35  -1.5668681745670812  -0.9818797500000009  1.576799749567468 
3 36  1.7991917340228358  -4.197671550000001  4.3886073954724605 
3 37  -5.734164289686596  1.2270784499999996  4.3521495977946 
3 38  -1.8009872533655533  1.83682035  -0.20507511193796546 
3 39  5.732368770343878  -3.5879296500000004  -0.1686173142601053 
3 40  1.788539594253314  1.1869352999999991  -1.6879960324849426 
3 41  2.1428419227250104  -4.2378147  1.314303606286872 
3 42  -1.790335113596031  -3.547786500000001  5.871528316019437 
3 43  -2.1446374420677285  1.8769635000000005  2.869228677247624 
3 44  -1.8321103622997112  -6.3610618500000005  1.3926878712942719 
3 45  5.7634918792780345  -0.936311850000001  -1.7663802974923426 
3 46  1.8303148429569935  4.00021065  2.790844412240223 
3 47  -5.765287398620754  -1.4245393500000008  5.949912581026838 
3 48  -1.3462101724933921  -6.2579916  4.403190514543605 
3 49  -2.588762383170368  -0.8332416  4.337566478723455 
3 50  1.344414653150674  3.8971403999999996  -0.21965823100910997 
3 51  2.58696686382765  -1.5276096  -0.15403419518896078 
3 52  -3.8588605065638055  -5.371587450000001  3.4835425681195726 
3 53  -0.07611204909995628  0.0531625499999997  5.257214425147488 
3 54  3.8570649872210874  3.010736249999999  0.6999897154149219 
3 55  0.0743165297572368  -2.4140137500000005  -1.0736821416129927 
4 24  2.819374309269485  -0.9645205500000005  -2.292284028995481 
4 25  1.2574723833332135  4.460229450000001  1.4136511049590412 
4 26  5.190649419654256  4.26927825  -3.1435736047735245 
4 27  6.752551345590527  -1.1554717500000002  -6.849508738728047 
4 28  4.050435980821576  -2.3109435000000005  -7.02906339229151 
4 29  7.892764784423207  3.113806500000001  -2.964018951210061 
4 30  3.9595877481021646  5.615701199999999  1.5932057585225037 
4 31  0.11725894450053342  0.19095119999999977  -2.4718386825589445 
4 32  -1.4941355867548949  6.878583  1.3243295006482834 
4 33  5.570982279357592  1.4538330000000004  -2.2029624246847233 
4 34  9.504159315678635  -3.5738253000000006  -6.760187134417289 
4 35  2.439041449566148  1.8509246999999993  -3.2328952090842824 
4 36  5.805101358156065  -1.3648671000000006  -0.42108756317928986 
4 37  -1.7282546655533673  4.0598829  -0.45754536085715003 
4 38  2.204922370767676  4.6696248  -5.014770070589716 
4 39  9.738278394477106  -0.7551252000000002  -4.978312272911856 
4 40  5.794449218386543  4.019739749999999  -6.497690991136693 
4 41  6.148751546858239  -1.4050102500000001  -3.4953913523648783 
4 42  2.215574510537198  -0.7149820500000006  1.0618333573676866 
4 43  1.8612721820655005  4.709767950000001  -1.9404662814041265 
4 44  2.173799261833518  -3.5282574000000007  -3.4170070873574785 
4 45  9.769401503411263  1.8964925999999993  -6.576075256144093 
4 46  5.836224467090222  6.8330151  -2.018850546411527 
4 47  -1.759377774487525  1.4082650999999995  1.1402176223750873 
4 48  2.659699451639837  -3.4251871500000006  -0.4065044441081449 
4 49  1.4171472409628612  1.9995628500000002  -0.472128479928295 
4 50  5.350324277283903  6.72994485  -5.02935318966086 
4 51  6.592876487960879  1.3051948500000004  -4.963729153840712 
4 52  0.14704911756942352  -2.5387830000000005  -1.3261523905321777 
4 53  3.9297975750332728  2.885967  0.4475194664957378 
4 54  7.862974611354316  5.843540699999999  -4.109705243236828 
4 55  4.080226153890466  0.41879069999999974  -5.8833771002647435 
5 24  -1.257472383333213  -6.389270550000001  -1.4136511049590412 
5 25  -2.8193743092694845  -0.9645205499999996  2.292284028995481 
5 26  1.1138027270515578  -1.1554717500000002  -2.2649406807370847 
5 27  2.675704652987829  -6.580221750000001  -5.970875814691607 
5 28  -0.026410711781122143  -7.735693500000001  -6.15043046825507 
5 29  3.8159180918205085  -2.3109434999999996  -2.0853860271736213 
5 30  -0.11725894450053342  0.19095119999999888  2.4718386825589436 
5 31  -3.9595877481021646  -5.233798800000001  -1.5932057585225046 
5 32  -5.570982279357593  1.4538329999999995  2.2029624246847233 
5 33  1.4941355867548936  -3.970917  -1.3243295006482834 
5 34  5.427312623075936  -8.9985753  -5.881554210380849 
5 35  -1.6378052430365502  -3.573825300000001  -2.3542622850478425 
5 36  1.7282546655533668  -6.789617100000001  0.45754536085715003 
5 37  -5.805101358156065  -1.3648671000000006  0.42108756317928986 
5 38  -1.8719243218350223  -0.7551252000000002  -4.136137146553276 
5 39  5.661431701874409  -6.179875200000001  -4.099679348875416 
5 40  1.717602525783845  -1.405010250000001  -5.619058067100253 
5 41  2.0719048542555414  -6.8297602500000005  -2.6167584283284384 
5 42  -1.8612721820655  -6.139732050000001  1.9404662814041265 
5 43  -2.2155745105371976  -0.7149820499999997  -1.0618333573676866 
5 44  -1.9030474307691803  -8.9530074  -2.5383741633210386 
5 45  5.6925548108085655  -3.528257400000001  -5.697442332107653 
5 46  1.7593777744875245  1.4082650999999995  -1.1402176223750873 
5 47  -5.836224467090223  -4.016484900000001  2.018850546411527 
5 48  -1.4171472409628612  -8.84993715  0.472128479928295 
5 49  -2.659699451639837  -3.42518715  0.4065044441081449 
5 50  1.273477584681205  1.3051948499999995  -4.15072026562442 
5 51  2.516029795358181  -4.11955515  -4.085096229804272 
5 52  -3.9297975750332745  -7.963533000000001  -0.4475194664957378 
5 53  -0.1470491175694253  -2.5387830000000005  1.3261523905321777 
5 54  3.7861279187516184  0.41879069999999885  -3.2310723192003885 
5 55  0.003379461287767782  -5.005959300000001  -5.004744176228304 
6 24  -5.190649419654254  -4.26927825  3.1435736047735237 
6 25  -6.7525513455905255  1.1554717500000011  6.849508738728046 
6 26  -2.819374309269483  0.9645205500000005  2.2922840289954802 
6 27  -1.2574723833332122  -4.46022945  -1.4136511049590421 
6 28  -3.9595877481021633  -5.6157012  -1.593205758522505 
6 29  -0.11725894450053254  -0.19095119999999888  2.4718386825589436 
6 30  -4.050435980821574  2.3109434999999996  7.0290633922915084 
6 31  -7.892764784423205  -3.1138065  2.9640189512100603 
6 32  -9.504159315678635  3.5738253  6.760187134417288 
6 33  -2.4390414495661474  -1.8509246999999993  3.2328952090842815 
6 34  1.4941355867548953  -6.878583  -1.3243295006482838 
6 35  -5.570982279357591  -1.4538330000000004  2.2029624246847224 
6 36  -2.204922370767674  -4.6696248  5.014770070589715 
6 37  -9.738278394477106  0.7551252000000002  4.978312272911855 
6 38  -5.8051013581560635  1.3648671000000006  0.4210875631792892 
6 39  1.7282546655533677  -4.0598829  0.45754536085714936 
6 40  -2.215574510537196  0.7149820499999997  -1.061833357367688 
6 41  -1.8612721820654996  -4.70976795  1.9404662814041267 
6 42  -5.794449218386541  -4.01973975  6.497690991136691 
6 43  -6.1487515468582385  1.405010250000001  3.4953913523648783 
6 44  -5.836224467090221  -6.8330151  2.0188505464115263 
6 45  1.7593777744875245  -1.4082651000000004  -1.140217622375088 
6 46  -2.1737992618335165  3.5282574  3.4170070873574776 
6 47  -9.769401503411263  -1.8964926000000002  6.576075256144092 
6 48  -5.350324277283902  -6.72994485  5.02935318966086 
6 49  -6.592876487960877  -1.3051948499999995  4.96372915384071 
6 50  -2.659699451639836  3.42518715  0.4065044441081447 
6 51  -1.4171472409628598  -1.9995628499999993  0.4721284799282939 
6 52  -7.862974611354316  -5.8435407  4.109705243236827 
6 53  -4.080226153890466  -0.41879069999999974  5.883377100264743 
6 54  -0.14704911756942263  2.5387829999999996  1.3261523905321766 
6 55  -3.929797575033273  -2.885967  -0.44751946649573804 
7 24  -1.1138027270515574  1.15547175  2.264940680737085 
7 25  -2.675704652987829  6.5802217500000015  5.970875814691608 
7 26  1.2574723833332135  6.389270550000001  1.4136511049590417 
7 27  2.8193743092694845  0.9645205500000003  -2.2922840289954807 
7 28  0.11725894450053359  -0.1909512000000002  -2.471838682558944 
7 29  3.959587748102164  5.2337988000000015  1.593205758522505 
7 30  0.02641071178112231  7.7356935  6.15043046825507 
7 31  -3.815918091820509  2.3109435000000005  2.0853860271736218 
7 32  -5.427312623075937  8.9985753  5.88155421038085 
7 33  1.6378052430365493  3.573825300000001  2.354262285047843 
7 34  5.570982279357592  -1.453833  -2.2029624246847224 
7 35  -1.4941355867548944  3.970917  1.3243295006482838 
7 36  1.8719243218350226  0.7551251999999999  4.136137146553276 
7 37  -5.66143170187441  6.179875200000001  4.099679348875416 
7 38  -1.7282546655533666  6.789617100000001  -0.4575453608571496 
7 39  5.805101358156064  1.3648671000000003  -0.4210875631792894 
7 40  1.8612721820655007  6.13973205  -1.9404662814041267 
7 41  2.215574510537197  0.7149820500000004  1.061833357367688 
7 42  -1.7176025257838443  1.40501025  5.619058067100253 
7 43  -2.071904854255542  6.829760250000001  2.6167584283284397 
7 44  -1.7593777744875245  -1.4082651  1.1402176223750877 
7 45  5.836224467090221  4.0164849  -2.0188505464115267 
7 46  1.9030474307691803  8.9530074  2.538374163321039 
7 47  -5.692554810808567  3.5282574  5.697442332107654 
7 48  -1.2734775846812054  -1.30519485  4.150720265624422 
7 49  -2.516029795358181  4.119555150000001  4.085096229804272 
7 50  1.4171472409628607  8.84993715  -0.4721284799282941 
7 51  2.659699451639837  3.425187150000001  -0.4065044441081449 
7 52  -3.786127918751619  -0.41879069999999996  3.2310723192003885 
7 53  -0.0033794612877695585  5.005959300000001  5.004744176228304 
7 54  3.929797575033274  7.963533  0.4475194664957378 
7 55  0.14704911756942352  2.5387830000000005  -1.3261523905321768 
8 24  5.023362361225317  1.3030249500000002  -3.5163545860296477 
8 25  3.4614604352890455  6.7277749500000015  0.18958054792487467 
8 26  7.394637471610087  6.536823750000001  -4.367644161807691 
8 27  8.956539397546358  1.1120737500000004  -8.073579295762213 
8 28  6.254424032777408  -0.04339800000000005  -8.253133949325676 
8 29  10.09675283637904  5.3813520000000015  -4.188089508244228 
8 30  6.1635758000579965  7.8832467  0.3691352014883371 
8 31  2.3212469964563653  2.4584967000000004  -3.695909239593111 
8 32  0.709852465200937  9.1461285  0.1002589436141168 
8 33  7.7749703313134235  3.721378500000001  -3.42703298171889 
8 34  11.708147367634467  -1.3062798  -7.984257691451456 
8 35  4.64302950152198  4.1184702  -4.456965766118449 
8 36  8.009089410111898  0.9026784000000001  -1.6451581202134564 
8 37  0.47573338640246465  6.3274284000000005  -1.6816159178913166 
8 38  4.408910422723507  6.937170300000001  -6.238840627623882 
8 39  11.942266446432939  1.5124203000000005  -6.202382829946022 
8 40  7.998437270342375  6.28728525  -7.72176154817086 
8 41  8.352739598814072  0.8625352500000005  -4.719461909399045 
8 42  4.41956256249303  1.55256345  -0.16223719966647998 
8 43  4.065260234021332  6.977313450000001  -3.164536838438293 
8 44  4.37778731378935  -1.2607119  -4.641077644391645 
8 45  11.973389555367095  4.1640381  -7.8001458131782595 
8 46  8.040212519046054  9.100560600000001  -3.2429211034456937 
8 47  0.44461027746830695  3.6758106  -0.08385293465907928 
8 48  4.863687503595669  -1.15764165  -1.6305750011423115 
8 49  3.621135292918693  4.267108350000001  -1.6961990369624615 
8 50  7.554312329239735  8.99749035  -6.253423746695027 
8 51  8.796864539916712  3.572740350000001  -6.187799710874877 
8 52  2.3510371695252554  -0.2712374999999998  -2.5502229475663443 
8 53  6.133785626989105  5.153512500000001  -0.7765510905384287 
8 54  10.066962663310148  8.111086199999999  -5.333775800270995 
8 55  6.284214205846298  2.6863362000000004  -7.107447657298909 
9 24  -3.4614604352890437  -4.121725050000001  -0.18958054792487467 
9 25  -5.023362361225315  1.3030249500000002  3.5163545860296477 
9 26  -1.0901853249042728  1.1120737499999995  -1.040870123702918 
9 27  0.4717166010319982  -4.312676250000001  -4.74680525765744 
9 28  -2.230398763736953  -5.468148000000001  -4.926359911220904 
9 29  1.6119300398646779  -0.043397999999999826  -0.8613154701394548 
9 30  -2.321246996456364  2.4584966999999986  3.69590923959311 
9 31  -6.163575800057995  -2.966253300000001  -0.369135201488338 
9 32  -7.7749703313134235  3.7213784999999993  3.42703298171889 
9 33  -0.709852465200937  -1.7033715000000003  -0.1002589436141168 
9 34  3.2233245711201057  -6.731029800000001  -4.657483653346683 
9 35  -3.8417932949923808  -1.3062798000000013  -1.130191728013676 
9 36  -0.47573338640246376  -4.522071600000001  1.6816159178913166 
9 37  -8.009089410111896  0.9026783999999992  1.6451581202134564 
9 38  -4.075912373790853  1.5124202999999996  -2.9120665895191093 
9 39  3.457443649918578  -3.912329700000001  -2.875608791841249 
9 40  -0.4863855261719856  0.8625352499999988  -4.394987510066087 
9 41  -0.1320831977002892  -4.562214750000001  -1.3926878712942719 
9 42  -4.065260234021331  -3.8721865500000012  3.164536838438293 
9 43  -4.419562562493028  1.55256345  0.16223719966647998 
9 44  -4.107035482725011  -6.685461900000001  -1.314303606286872 
9 45  3.488566758852735  -1.2607119000000013  -4.4733717750734865 
9 46  -0.44461027746830606  3.6758105999999993  0.08385293465907928 
9 47  -8.040212519046054  -1.7489394000000011  3.2429211034456937 
9 48  -3.6211352929186917  -6.582391650000001  1.6961990369624615 
9 49  -4.863687503595667  -1.1576416500000004  1.6305750011423115 
9 50  -0.9305104672746256  3.5727403499999992  -2.926649708590254 
9 51  0.3120417434023506  -1.8520096500000003  -2.8610256727701047 
9 52  -6.133785626989106  -5.695987500000001  0.7765510905384287 
9 53  -2.351037169525256  -0.2712375000000007  2.5502229475663443 
9 54  1.5821398667957878  2.6863361999999986  -2.007001762166222 
9 55  -2.200608590668063  -2.738413800000001  -3.7806736191941366 
10 24  -7.394637471610087  -6.53682375  4.367644161807691 
10 25  -8.956539397546358  -1.1120737499999986  8.073579295762213 
10 26  -5.023362361225317  -1.3030249499999993  3.5163545860296477 
10 27  -3.4614604352890455  -6.72777495  -0.18958054792487478 
10 28  -6.1635758000579965  -7.8832467  -0.36913520148833784 
10 29  -2.321246996456366  -2.4584966999999986  3.695909239593111 
10 30  -6.254424032777408  0.043397999999999826  8.253133949325676 
10 31  -10.09675283637904  -5.381352  4.188089508244228 
10 32  -11.708147367634467  1.3062798000000004  7.984257691451456 
10 33  -4.643029501521981  -4.118470199999999  4.456965766118449 
10 34  -0.7098524652009379  -9.1461285  -0.10025894361411647 
10 35  -7.774970331313424  -3.7213785  3.42703298171889 
10 36  -4.408910422723507  -6.9371703  6.238840627623882 
10 37  -11.942266446432939  -1.5124202999999996  6.202382829946022 
10 38  -8.009089410111896  -0.9026783999999992  1.6451581202134564 
10 39  -0.47573338640246554  -6.3274284  1.6816159178913166 
10 40  -4.419562562493029  -1.55256345  0.16223719966647931 
10 41  -4.065260234021332  -6.97731345  3.164536838438294 
10 42  -7.998437270342374  -6.28728525  7.721761548170859 
10 43  -8.352739598814072  -0.8625352499999988  4.719461909399046 
10 44  -8.040212519046054  -9.1005606  3.2429211034456937 
10 45  -0.4446102774683087  -3.6758106  0.08385293465907928 
10 46  -4.37778731378935  1.2607119000000004  4.641077644391645 
10 47  -11.973389555367097  -4.1640381  7.8001458131782595 
10 48  -7.554312329239735  -8.99749035  6.253423746695027 
10 49  -8.796864539916712  -3.5727403499999992  6.187799710874877 
10 50  -4.863687503595669  1.1576416500000004  1.630575001142312 
10 51  -3.621135292918693  -4.267108349999999  1.696199036962461 
10 52  -10.066962663310148  -8.111086199999999  5.3337758002709945 
10 53  -6.2842142058462995  -2.6863361999999995  7.10744765729891 
10 54  -2.351037169525256  0.2712374999999998  2.550222947566344 
10 55  -6.1337856269891065  -5.1535125  0.7765510905384292 
11 24  1.0901853249042741  -1.1120737500000004  1.040870123702918 
11 25  -0.4717166010319973  4.312676250000001  4.74680525765744 
11 26  3.461460435289045  4.12172505  0.18958054792487467 
11 27  5.023362361225316  -1.3030249500000002  -3.5163545860296477 
11 28  2.321246996456365  -2.4584967000000004  -3.695909239593111 
11 29  6.163575800057996  2.966253300000001  0.369135201488338 
11 30  2.230398763736954  5.468147999999999  4.926359911220903 
11 31  -1.6119300398646774  0.043397999999999826  0.8613154701394548 
11 32  -3.2233245711201057  6.7310298  4.657483653346683 
11 33  3.8417932949923808  1.3062798000000004  1.130191728013676 
11 34  7.7749703313134235  -3.7213785000000006  -3.4270329817188894 
11 35  0.709852465200937  1.7033714999999994  0.1002589436141168 
11 36  4.075912373790854  -1.5124203000000005  2.9120665895191093 
11 37  -3.457443649918578  3.9123297  2.875608791841249 
11 38  0.4757333864024649  4.5220716  -1.6816159178913166 
11 39  8.009089410111896  -0.9026784000000001  -1.6451581202134564 
11 40  4.065260234021332  3.8721865499999994  -3.164536838438294 
11 41  4.419562562493029  -1.55256345  -0.1622371996664791 
11 42  0.48638552617198716  -0.8625352500000005  4.394987510066086 
11 43  0.13208319770028965  4.562214750000001  1.3926878712942727 
11 44  0.44461027746830695  -3.6758106000000006  -0.08385293465907928 
11 45  8.040212519046053  1.7489393999999994  -3.2429211034456937 
11 46  4.107035482725012  6.6854619  1.314303606286872 
11 47  -3.488566758852736  1.2607118999999996  4.4733717750734865 
11 48  0.930510467274626  -3.5727403500000006  2.9266497085902543 
11 49  -0.3120417434023497  1.8520096500000003  2.8610256727701042 
11 50  3.621135292918692  6.58239165  -1.696199036962461 
11 51  4.863687503595669  1.1576416500000004  -1.630575001142312 
11 52  -1.5821398667957873  -2.6863362000000004  2.0070017621662215 
11 53  2.200608590668062  2.7384138  3.780673619194137 
11 54  6.133785626989106  5.695987499999999  -0.7765510905384292 
11 55  2.351037169525255  0.2712374999999998  -2.550222947566344 
12 24  -3.670932151323841  1.3344885  -0.41106166881787765 
12 25  -5.2328340772601125  6.759238500000001  3.2948734651366447 
12 26  -1.2996570409390702  6.568287300000001  -1.262351244595921 
12 27  0.2622448849972008  1.1435373000000002  -4.968286378550443 
12 28  -2.4398704797717503  -0.011934450000000263  -5.147841032113907 
12 29  1.4024583238298804  5.412815550000001  -1.0827965910324577 
12 30  -2.5307187124911614  7.91471025  3.474428118700107 
12 31  -6.373047516092793  2.48996025  -0.590616322381341 
12 32  -7.984442047348221  9.177592050000001  3.205551860825887 
12 33  -0.9193241812357345  3.752842050000001  -0.3217400645071198 
12 34  3.0138528550853083  -1.2748162500000002  -4.8789647742396856 
12 35  -4.051265011027178  4.14993375  -1.351672848906679 
12 36  -0.6852051024372612  0.9341419499999999  1.4601347969983136 
12 37  -8.218561126146692  6.35889195  1.4236769993204534 
12 38  -4.2853840898256506  6.968633850000001  -3.1335477104121123 
12 39  3.2479719338837807  1.5438838500000003  -3.097089912734252 
12 40  -0.695857242206783  6.3187488  -4.61646863095909 
12 41  -0.3415549137350866  0.8939988000000003  -1.6141689921872748 
12 42  -4.274731950056128  1.5840269999999999  2.94305571754529 
12 43  -4.629034278527826  7.008777000000001  -0.059243921226523 
12 44  -4.316507198759808  -1.2292483500000002  -1.535784727179875 
12 45  3.2790950428179375  4.19550165  -4.6948528959664895 
12 46  -0.6540819935031035  9.13202415  -0.1376281862339237 
12 47  -8.249684235080851  3.70727415  3.0214399825526908 
12 48  -3.830607008953489  -1.1261781000000002  1.4747179160694586 
12 49  -5.073159219630465  4.298571900000001  1.4090938802493085 
12 50  -1.139982183309423  9.028953900000001  -3.148130829483257 
12 51  0.10257002736755316  3.604203900000001  -3.0825067936631076 
12 52  -6.343257343023902  -0.23977395  0.5550699696454258 
12 53  -2.5605088855600533  5.18497605  2.3287418266733413 
12 54  1.3726681507609904  8.14254975  -2.228482883059225 
12 55  -2.41008030670286  2.71779975  -4.002154740087139 
13 24  5.232834077260113  -4.0902615  -3.2948734651366447 
13 25  3.670932151323842  1.3344885000000009  0.41106166881787765 
13 26  7.604109187644884  1.1435373000000002  -4.146163040914688 
13 27  9.166011113581156  -4.2812127  -7.8520981748692105 
13 28  6.463895748812204  -5.4366844500000004  -8.031652828432673 
13 29  10.306224552413834  -0.011934449999999153  -3.966608387351225 
13 30  6.373047516092793  2.4899602499999993  0.5906163223813401 
13 31  2.530718712491162  -2.93478975  -3.474428118700108 
13 32  0.9193241812357336  3.75284205  0.3217400645071198 
13 33  7.98444204734822  -1.6719079499999996  -3.205551860825887 
13 34  11.917619083669262  -6.69956625  -7.762776570558453 
13 35  4.852501217556776  -1.2748162500000007  -4.235484645225446 
13 36  8.218561126146692  -4.4906080500000005  -1.4236769993204534 
13 37  0.6852051024372612  0.9341419499999999  -1.4601347969983136 
13 38  4.618382138758304  1.5438838500000003  -6.017359506730879 
13 39  12.151738162467735  -3.88086615  -5.980901709053019 
13 40  8.207908986377172  0.8939987999999994  -7.500280427277857 
13 41  8.562211314848868  -4.5307512  -4.497980788506042 
13 42  4.6290342785278265  -3.8407230000000006  0.059243921226523 
13 43  4.274731950056129  1.5840270000000007  -2.94305571754529 
13 44  4.587259029824146  -6.65399835  -4.419596523498642 
13 45  12.182861271401892  -1.2292483500000007  -7.5786646922852565 
13 46  8.249684235080851  3.70727415  -3.0214399825526908 
13 47  0.6540819935031035  -1.7174758500000005  0.1376281862339237 
13 48  5.073159219630465  -6.5509281  -1.4090938802493085 
13 49  3.8306070089534896  -1.1261780999999997  -1.4747179160694586 
13 50  7.763784045274532  3.6042039  -6.031942625802024 
13 51  9.006336255951508  -1.8205460999999996  -5.966318589981874 
13 52  2.560508885560052  -5.66452395  -2.3287418266733413 
13 53  6.343257343023901  -0.23977395  -0.5550699696454258 
13 54  10.276434379344945  2.7177997499999993  -5.112294679377992 
13 55  6.493685921881094  -2.7069502500000002  -6.885966536405906 
14 24  1.2996570409390715  -6.5682873  1.2623512445959206 
14 25  -0.2622448849971999  -1.1435372999999984  4.968286378550443 
14 26  3.6709321513238424  -1.334488499999999  0.4110616688178772 
14 27  5.232834077260113  -6.7592384999999995  -3.294873465136645 
14 28  2.5307187124911623  -7.91471025  -3.4744281187001085 
14 29  6.373047516092793  -2.4899602499999984  0.5906163223813405 
14 30  2.439870479771751  0.01193445000000004  5.147841032113906 
14 31  -1.40245832382988  -5.4128155499999995  1.0827965910324573 
14 32  -3.0138528550853083  1.2748162500000007  4.8789647742396856 
14 33  4.051265011027178  -4.149933749999999  1.3516728489066785 
14 34  7.984442047348221  -9.17759205  -3.205551860825887 
14 35  0.9193241812357345  -3.75284205  0.32174006450711934 
14 36  4.285384089825651  -6.96863385  3.133547710412112 
14 37  -3.2479719338837807  -1.5438838499999994  3.0970899127342517 
14 38  0.6852051024372623  -0.934141949999999  -1.460134796998314 
14 39  8.218561126146692  -6.358891949999999  -1.4236769993204539 
14 40  4.27473195005613  -1.5840269999999999  -2.943055717545291 
14 41  4.629034278527826  -7.008776999999999  0.059243921226523444 
14 42  0.6958572422067846  -6.3187488  4.616468630959089 
14 43  0.34155491373508706  -0.8939987999999985  1.6141689921872753 
14 44  0.6540819935031044  -9.13202415  0.13762818623392326 
14 45  8.24968423508085  -3.70727415  -3.021439982552691 
14 46  4.316507198759809  1.2292483500000007  1.5357847271798746 
14 47  -3.2790950428179384  -4.19550165  4.6948528959664895 
14 48  1.1399821833094235  -9.0289539  3.148130829483257 
14 49  -0.10257002736755227  -3.604203899999999  3.0825067936631068 
14 50  3.8306070089534896  1.1261781000000006  -1.4747179160694586 
14 51  5.073159219630465  -4.298571899999999  -1.4090938802493094 
14 52  -1.37266815076099  -8.14254975  2.228482883059224 
14 53  2.4100803067028593  -2.7177997499999993  4.002154740087139 
14 54  6.343257343023903  0.23977395  -0.5550699696454267 
14 55  2.5605088855600524  -5.1849760499999995  -2.3287418266733413 
15 24  -7.604109187644883  -1.1435373000000006  4.146163040914688 
15 25  -9.166011113581154  4.281212700000001  7.8520981748692105 
15 26  -5.232834077260112  4.0902615  3.2948734651366447 
15 27  -3.670932151323841  -1.3344885000000004  -0.41106166881787753 
15 28  -6.373047516092792  -2.489960250000001  -0.5906163223813405 
15 29  -2.5307187124911614  2.9347897500000006  3.474428118700108 
15 30  -6.463895748812203  5.43668445  8.031652828432673 
15 31  -10.306224552413834  0.011934449999999597  3.966608387351225 
15 32  -11.917619083669262  6.69956625  7.762776570558453 
15 33  -4.852501217556776  1.2748162500000002  4.235484645225446 
15 34  -0.9193241812357336  -3.752842050000001  -0.32174006450711923 
15 35  -7.98444204734822  1.6719079499999991  3.205551860825887 
15 36  -4.618382138758303  -1.5438838500000007  6.017359506730879 
15 37  -12.151738162467735  3.8808661499999997  5.980901709053019 
15 38  -8.218561126146692  4.4906080500000005  1.4236769993204537 
15 39  -0.6852051024372612  -0.9341419500000003  1.4601347969983138 
15 40  -4.629034278527825  3.840722999999999  -0.059243921226523444 
15 41  -4.274731950056129  -1.5840270000000003  2.943055717545291 
15 42  -8.20790898637717  -0.8939988000000008  7.500280427277856 
15 43  -8.562211314848867  4.530751200000001  4.497980788506043 
15 44  -8.24968423508085  -3.707274150000001  3.0214399825526908 
15 45  -0.6540819935031044  1.7174758499999991  -0.13762818623392348 
15 46  -4.587259029824145  6.65399835  4.419596523498642 
15 47  -12.182861271401894  1.2292483499999993  7.5786646922852565 
15 48  -7.763784045274531  -3.604203900000001  6.031942625802024 
15 49  -9.006336255951506  1.8205461  5.966318589981874 
15 50  -5.073159219630465  6.5509281  1.4090938802493091 
15 51  -3.8306070089534887  1.1261781000000002  1.4747179160694583 
15 52  -10.276434379344945  -2.7177997500000006  5.1122946793779915 
15 53  -6.493685921881095  2.70695025  6.885966536405907 
15 54  -2.5605088855600515  5.6645239499999995  2.3287418266733413 
15 55  -6.343257343023902  0.23977394999999957  0.5550699696454264 
16 24  -2.495629014573766  -6.81674085  4.363086937097958 
16 25  -4.057530940510038  -1.3919908499999991  8.069022071052482 
16 26  -0.12435390418899495  -1.5829420499999998  3.511797361319915 
16 27  1.437548021747276  -7.00769205  -0.1941377726346074 
16 28  -1.2645673430216748  -8.163163800000001  -0.37369242619807047 
16 29  2.5777614605799557  -2.738413799999999  3.6913520148833783 
16 30  -1.3554155757410862  -0.23651910000000065  8.248576724615944 
16 31  -5.197744379342717  -5.6612691  4.183532283534495 
16 32  -6.809138910598145  1.0263627  7.979700466741723 
16 33  0.2559789555143408  -4.3983872999999996  4.452408541408716 
16 34  4.189155991835383  -9.4260456  -0.1048161683238491 
16 35  -2.875961874277103  -4.001295600000001  3.422475757009157 
16 36  0.49009803431281407  -7.2170874000000005  6.23428340291415 
16 37  -7.0432579893966185  -1.7923374  6.1978256052362894 
16 38  -3.110080953075575  -1.1825954999999997  1.6406008955037237 
16 39  4.423275070633856  -6.6073455  1.6770586931815838 
16 40  0.47944589454329223  -1.8324805500000005  0.15767997495674668 
16 41  0.8337482230149886  -7.25723055  3.159979613728561 
16 42  -3.099428813306053  -6.5672023500000005  7.717204323461126 
16 43  -3.4537311417777503  -1.1424523499999992  4.714904684689313 
16 44  -3.141204062009733  -9.3804777  3.238363878735961 
16 45  4.454398179568013  -3.9557277000000006  0.07929570994934665 
16 46  0.5212211432469718  0.9807948  4.636520419681912 
16 47  -7.074381098330775  -4.4439552  7.795588588468527 
16 48  -2.655303872203414  -9.27740745  6.248866521985295 
16 49  -3.8978560828803896  -3.8526574499999997  6.1832424861651445 
16 50  0.035320953440652225  0.8777245499999999  1.6260177764325792 
16 51  1.2778731641176284  -4.54702545  1.6916418122527284 
16 52  -5.167954206273827  -8.391003300000001  5.329218575561262 
16 53  -1.385205748809978  -2.9662533  7.102890432589177 
16 54  2.5479712875110656  -0.008679600000000676  2.545665722856611 
16 55  -1.234777169952785  -5.4334296  0.7719938658286966 
17 24  -3.808823132132046  -1.39199085  1.0454273484126508 
17 25  -5.3707250580683175  4.032759150000001  4.751362482367173 
17 26  -1.4375480217472751  3.8418079500000006  0.1941377726346074 
17 27  0.12435390418899583  -1.5829420499999998  -3.511797361319915 
17 28  -2.5777614605799553  -2.7384138  -3.6913520148833783 
17 29  1.2645673430216755  2.6863362000000013  0.37369242619807075 
17 30  -2.6686096932993664  5.1882309  4.930917135930636 
17 31  -6.510938496900998  -0.23651909999999976  0.8658726948491875 
17 32  -8.122333028156426  6.4511127  4.662040878056415 
17 33  -1.0572151620439394  1.0263627000000008  1.1347489527234087 
17 34  2.8759618742771034  -4.0012956  -3.4224757570091566 
17 35  -4.189155991835383  1.4234543999999998  0.10481616832384955 
17 36  -0.8230960832454661  -1.7923374  2.916623814228842 
17 37  -8.356452106954897  3.6324126000000003  2.880166016550982 
17 38  -4.4232750706338555  4.242154500000001  -1.6770586931815838 
17 39  3.1100809530755757  -1.1825954999999997  -1.6406008955037237 
17 40  -0.833748223014988  3.59226945  -3.159979613728561 
17 41  -0.47944589454329156  -1.8324805499999997  -0.15767997495674635 
17 42  -4.412622930864333  -1.1424523500000001  4.3995447347758185 
17 43  -4.7669252593360305  4.282297650000001  1.3972450960040055 
17 44  -4.454398179568013  -3.9557277  -0.07929570994934654 
17 45  3.1412040620097326  1.4690222999999998  -3.238363878735961 
17 46  -0.7919729743113084  6.4055448  1.3188608309966048 
17 47  -8.387575215889056  0.9807948  4.477928999783219 
17 48  -3.968497989761694  -3.85265745  2.931206933299987 
17 49  -5.21105020043867  1.5720925500000007  2.865582897479837 
17 50  -1.277873164117628  6.30247455  -1.6916418122527284 
17 51  -0.03532095344065178  0.8777245500000008  -1.6260177764325792 
17 52  -6.481148323832107  -2.9662533  2.0115589868759542 
17 53  -2.6983998663682582  2.4584967000000004  3.7852308439038698 
17 54  1.2347771699527854  5.4160704  -0.7719938658286964 
17 55  -2.547971287511065  -0.008679599999999787  -2.545665722856611 
18 24  0.12435390418899672  1.58294205  -3.511797361319916 
18 25  -1.4375480217472747  7.007692050000001  0.19413777263460652 
18 26  2.4956290145737676  6.81674085  -4.363086937097959 
18 27  4.057530940510039  1.3919908500000002  -8.069022071052482 
18 28  1.3554155757410877  0.23651909999999976  -8.248576724615944 
18 29  5.197744379342718  5.661269100000001  -4.183532283534496 
18 30  1.2645673430216764  8.1631638  0.37369242619806897 
18 31  -2.577761460579955  2.7384138  -3.691352014883379 
18 32  -4.189155991835383  9.4260456  0.10481616832384866 
18 33  2.8759618742771034  4.001295600000001  -3.422475757009158 
18 34  6.809138910598146  -1.0263627  -7.979700466741724 
18 35  -0.25597895551434036  4.3983872999999996  -4.452408541408717 
18 36  3.1100809530755766  1.1825955  -1.6406008955037246 
18 37  -4.4232750706338555  6.6073455  -1.6770586931815847 
18 38  -0.4900980343128125  7.2170874000000005  -6.2342834029141505 
18 39  7.0432579893966185  1.7923374000000003  -6.19782560523629 
18 40  3.099428813306055  6.56720235  -7.717204323461128 
18 41  3.453731141777751  1.1424523500000003  -4.714904684689313 
18 42  -0.47944589454329023  1.8324805499999999  -0.15767997495674813 
18 43  -0.8337482230149877  7.257230550000001  -3.159979613728561 
18 44  -0.5212211432469704  -0.9807948000000001  -4.636520419681913 
18 45  7.074381098330775  4.4439551999999996  -7.795588588468528 
18 46  3.1412040620097343  9.3804777  -3.238363878735962 
18 47  -4.454398179568013  3.9557276999999997  -0.07929570994934743 
18 48  -0.03532095344065134  -0.87772455  -1.6260177764325796 
18 49  -1.277873164117627  4.5470254500000005  -1.6916418122527297 
18 50  2.655303872203415  9.27740745  -6.2488665219852955 
18 51  3.897856082880391  3.8526574500000006  -6.183242486165145 
18 52  -2.5479712875110647  0.00867960000000001  -2.5456657228566124 
18 53  1.2347771699527845  5.4334296  -0.7719938658286969 
18 54  5.167954206273828  8.3910033  -5.3292185755612635 
18 55  1.3852057488099776  2.9662533  -7.102890432589177 
19 24  1.4375480217472765  -3.8418079500000006  -0.19413777263460652 
19 25  -0.12435390418899495  1.5829420500000007  3.511797361319916 
19 26  3.8088231321320474  1.39199085  -1.04542734841265 
19 27  5.370725058068318  -4.03275915  -4.751362482367172 
19 28  2.6686096932993673  -5.188230900000001  -4.930917135930636 
19 29  6.510938496900998  0.23651910000000065  -0.8658726948491866 
19 30  2.577761460579956  2.738413799999999  3.6913520148833783 
19 31  -1.264567343021675  -2.6863362000000004  -0.37369242619806986 
19 32  -2.8759618742771034  4.0012956  3.422475757009158 
19 33  4.189155991835383  -1.4234543999999998  -0.10481616832384866 
19 34  8.122333028156426  -6.4511127  -4.662040878056414 
19 35  1.0572151620439394  -1.0263627000000008  -1.1347489527234078 
19 36  4.423275070633856  -4.242154500000001  1.6770586931815847 
19 37  -3.1100809530755757  1.1825954999999997  1.6406008955037246 
19 38  0.8230960832454672  1.7923374  -2.916623814228841 
19 39  8.356452106954897  -3.6324126000000003  -2.880166016550981 
19 40  4.412622930864335  1.1424523499999992  -4.3995447347758185 
19 41  4.7669252593360305  -4.28229765  -1.3972450960040037 
19 42  0.8337482230149895  -3.5922694500000008  3.159979613728561 
19 43  0.479445894543292  1.8324805500000005  0.15767997495674813 
19 44  0.7919729743113093  -6.4055448  -1.318860830996604 
19 45  8.387575215889054  -0.9807948000000009  -4.477928999783218 
19 46  4.454398179568014  3.9557276999999997  0.07929570994934743 
19 47  -3.1412040620097335  -1.4690223000000007  3.238363878735962 
19 48  1.2778731641176284  -6.30247455  1.6916418122527297 
19 49  0.03532095344065267  -0.8777245499999999  1.6260177764325796 
19 50  3.9684979897616945  3.8526574499999997  -2.9312069332999857 
19 51  5.21105020043867  -1.5720925499999998  -2.8655828974798365 
19 52  -1.234777169952785  -5.416070400000001  0.7719938658286969 
19 53  2.5479712875110643  0.008679599999999787  2.5456657228566124 
19 54  6.481148323832108  2.966253299999999  -2.011558986875954 
19 55  2.6983998663682573  -2.4584967000000004  -3.7852308439038684 
20 24  0.8909840246722922  1.5883668  -0.43567068225043304 
20 25  -0.6709179012639792  7.0131168000000015  3.2702644517040893 
20 26  3.262259135057063  6.822165600000001  -1.2869602580284765 
20 27  4.824161060993334  1.3974156000000002  -4.992895391982999 
20 28  2.122045696224383  0.24194384999999974  -5.172450045546462 
20 29  5.964374499826014  5.6666938500000015  -1.1074056044650131 
20 30  2.031197463504972  8.168588549999999  3.4498191052675518 
20 31  -1.8111313400966593  2.7438385500000004  -0.6152253358138964 
20 32  -3.4225258713520876  9.43147035  3.1809428473933314 
20 33  3.642591994760399  4.006720350000001  -0.3463490779396752 
20 34  7.575769031081442  -1.02093795  -4.903573787672241 
20 35  0.5106511649689551  4.40381205  -1.3762818623392343 
20 36  3.876711073558872  1.1880202499999999  1.4355257835657582 
20 37  -3.65664495015056  6.6127702500000005  1.399067985887898 
20 38  0.27653208617048297  7.222512150000001  -3.1581567238446677 
20 39  7.809888109879914  1.7977621500000003  -3.1216989261668076 
20 40  3.8660589337893505  6.5726271  -4.641077644391645 
20 41  4.220361262261047  1.1478771000000003  -1.6387780056198302 
20 42  0.28718422594000526  1.8379052999999999  2.9184467041127347 
20 43  -0.06711810253169226  7.262655300000001  -0.08385293465907839 
20 44  0.24540897723632504  -0.9753700500000001  -1.5603937406124304 
20 45  7.841011218814071  4.44937995  -4.719461909399045 
20 46  3.90783418249303  9.38590245  -0.1622371996664791 
20 47  -3.6877680590847177  3.96115245  2.9968309691201354 
20 48  0.7313091670426441  -0.8722998000000001  1.4501089026369032 
20 49  -0.5112430436343316  4.552450200000001  1.384484866816753 
20 50  3.4219339926867103  9.2828322  -3.1727398429158122 
20 51  4.664486203363687  3.858082200000001  -3.107115807095663 
20 52  -1.7813411670277692  0.014104349999999988  0.5304609562128704 
20 53  2.00140729043608  5.438854350000001  2.304132813240786 
20 54  5.934584326757124  8.396428049999999  -2.2530918964917803 
20 55  2.151835869293273  2.9716780500000004  -4.026763753519695 
21 24  0.6709179012639801  -3.836383200000001  -3.2702644517040884 
21 25  -0.8909840246722913  1.5883668000000002  0.4356706822504339 
21 26  3.042193011648751  1.3974155999999995  -4.121554027482132 
21 27  4.604094937585022  -4.027334400000001  -7.827489161436654 
21 28  1.901979572816071  -5.182806150000001  -8.007043815000117 
21 29  5.744308376417702  0.24194385000000018  -3.9419993739186685 
21 30  1.8111313400966598  2.7438385499999987  0.6152253358138964 
21 31  -2.0311974635049714  -2.680911450000001  -3.4498191052675518 
21 32  -3.6425919947603997  4.006720349999999  0.34634907793967606 
21 33  3.4225258713520867  -1.4180296500000003  -3.1809428473933306 
21 34  7.3557029076731295  -6.445687950000001  -7.738167557125896 
21 35  0.290585041560643  -1.0209379500000013  -4.21087563179289 
21 36  3.65664495015056  -4.236729750000001  -1.3990679858878972 
21 37  -3.876711073558872  1.1880202499999992  -1.4355257835657573 
21 38  0.05646596276217086  1.7977621499999996  -5.992750493298323 
21 39  7.589821986471602  -3.626987850000001  -5.956292695620463 
21 40  3.6459928103810384  1.1478770999999988  -7.4756714138453 
21 41  4.000295138852735  -4.276872900000001  -4.473371775073486 
21 42  0.06711810253169315  -3.586844700000001  0.08385293465907928 
21 43  -0.28718422594000437  1.8379053  -2.9184467041127338 
21 44  0.025342853828012935  -6.400120050000001  -4.394987510066086 
21 45  7.620945095405759  -0.9753700500000013  -7.5540556788527 
21 46  3.6877680590847177  3.9611524499999993  -2.9968309691201345 
21 47  -3.90783418249303  -1.4635975500000011  0.16223719966647998 
21 48  0.511243043634332  -6.297049800000001  -1.3844848668167522 
21 49  -0.7313091670426437  -0.8722998000000004  -1.4501089026369023 
21 50  3.201867869278398  3.8580821999999992  -6.007333612369468 
21 51  4.444420079955375  -1.5666678000000003  -5.941709576549318 
21 52  -2.0014072904360813  -5.410645650000001  -2.304132813240785 
21 53  1.781341167027768  0.014104349999999322  -0.5304609562128695 
21 54  5.7145182033488116  2.9716780499999986  -5.087685665945436 
21 55  1.931769745884961  -2.453071950000001  -6.86135752297335 
22 24  -3.262259135057062  -6.8221656  1.2869602580284765 
22 25  -4.824161060993333  -1.3974155999999986  4.992895391982999 
22 26  -0.8909840246722913  -1.5883667999999993  0.43567068225043304 
22 27  0.6709179012639797  -7.0131168  -3.2702644517040893 
22 28  -2.0311974635049714  -8.16858855  -3.4498191052675526 
22 29  1.8111313400966593  -2.7438385499999987  0.6152253358138964 
22 30  -2.1220456962243825  -0.24194385000000018  5.172450045546461 
22 31  -5.964374499826014  -5.66669385  1.1074056044650131 
22 32  -7.5757690310814425  1.0209379500000004  4.903573787672241 
22 33  -0.5106511649689556  -4.403812049999999  1.3762818623392343 
22 34  3.422525871352087  -9.43147035  -3.180942847393331 
22 35  -3.6425919947603993  -4.00672035  0.3463490779396752 
22 36  -0.2765320861704823  -7.22251215  3.1581567238446677 
22 37  -7.809888109879914  -1.7977621499999996  3.1216989261668076 
22 38  -3.8767110735588712  -1.1880202499999992  -1.4355257835657582 
22 39  3.6566449501505596  -6.61277025  -1.399067985887898 
22 40  -0.28718422594000415  -1.8379053  -2.9184467041127355 
22 41  0.06711810253169226  -7.2626553  0.08385293465907928 
22 42  -3.866058933789349  -6.5726271  4.641077644391644 
22 43  -4.220361262261047  -1.1478770999999988  1.6387780056198311 
22 44  -3.9078341824930294  -9.38590245  0.1622371996664791 
22 45  3.6877680590847164  -3.96115245  -2.9968309691201354 
22 46  -0.2454089772363246  0.9753700500000004  1.5603937406124304 
22 47  -7.841011218814073  -4.44937995  4.719461909399045 
22 48  -3.4219339926867103  -9.2828322  3.1727398429158127 
22 49  -4.664486203363686  -3.8580821999999992  3.1071158070956626 
22 50  -0.7313091670426441  0.8722998000000004  -1.4501089026369027 
22 51  0.511243043634332  -4.552450199999999  -1.3844848668167535 
22 52  -5.934584326757124  -8.39642805  2.25309189649178 
22 53  -2.1518358692932744  -2.9716780499999995  4.026763753519695 
22 54  1.7813411670277692  -0.01410435000000021  -0.5304609562128708 
22 55  -2.0014072904360813  -5.43885435  -2.3041328132407854 
23 24  -3.0421930116487506  -1.3974156000000004  4.121554027482133 
23 25  -4.604094937585022  4.027334400000001  7.827489161436655 
23 26  -0.6709179012639797  3.8363832  3.2702644517040893 
23 27  0.8909840246722913  -1.5883668000000002  -0.43567068225043337 
23 28  -1.8111313400966595  -2.7438385500000004  -0.6152253358138964 
23 29  2.031197463504971  2.680911450000001  3.4498191052675526 
23 30  -1.9019795728160709  5.182806149999999  8.007043815000117 
23 31  -5.7443083764177025  -0.24194385000000018  3.9419993739186694 
23 32  -7.35570290767313  6.44568795  7.738167557125897 
23 33  -0.2905850415606439  1.0209379500000004  4.210875631792891 
23 34  3.642591994760399  -4.00672035  -0.34634907793967507 
23 35  -3.4225258713520876  1.4180296499999994  3.1809428473933314 
23 36  -0.05646596276217064  -1.7977621500000005  5.992750493298324 
23 37  -7.589821986471603  3.62698785  5.956292695620464 
23 38  -3.65664495015056  4.23672975  1.3990679858878978 
23 39  3.8767110735588712  -1.18802025  1.435525783565758 
23 40  -0.06711810253169248  3.5868446999999994  -0.08385293465907928 
23 41  0.2871842259400039  -1.8379053  2.9184467041127355 
23 42  -3.6459928103810375  -1.1478771000000005  7.4756714138453 
23 43  -4.000295138852735  4.276872900000001  4.473371775073487 
23 44  -3.6877680590847177  -3.9611524500000006  2.9968309691201354 
23 45  3.907834182493028  1.4635975499999994  -0.16223719966647931 
23 46  -0.025342853828012935  6.40012005  4.394987510066087 
23 47  -7.6209450954057605  0.9753700499999995  7.554055678852701 
23 48  -3.2018678692783986  -3.8580822000000006  6.007333612369469 
23 49  -4.444420079955375  1.5666678000000003  5.941709576549319 
23 50  -0.5112430436343325  6.2970498  1.3844848668167533 
23 51  0.7313091670426437  0.8722998000000004  1.4501089026369025 
23 52  -5.7145182033488116  -2.9716780500000004  5.087685665945436 
23 53  -1.9317697458849628  2.45307195  6.861357522973352 
23 54  2.001407290436081  5.410645649999999  2.304132813240785 
23 55  -1.7813411670277697  -0.01410435000000021  0.5304609562128706 
24 0  -2.7466417214572982  6.861223800000001  2.0398137800762957 
24 1  1.1847397955210264  1.4364738  1.6661213538782267 
24 2  5.117916831842069  -1.6274250000000001  -2.8911033558543395 
24 3  1.186535314863744  3.7973250000000007  -2.5174109296562692 
24 4  -2.819374309269485  0.9645205500000005  2.292284028995481 
24 5  1.257472383333213  6.389270550000001  1.4136511049590412 
24 6  5.190649419654254  4.26927825  -3.1435736047735237 
24 7  1.1138027270515574  -1.15547175  -2.264940680737085 
24 8  -5.023362361225317  -1.3030249500000002  3.5163545860296477 
24 9  3.4614604352890437  4.121725050000001  0.18958054792487467 
24 10  7.394637471610087  6.53682375  -4.367644161807691 
24 11  -1.0901853249042741  1.1120737500000004  -1.040870123702918 
24 12  3.670932151323841  -1.3344885  0.41106166881787765 
24 13  -5.232834077260113  4.0902615  3.2948734651366447 
24 14  -1.2996570409390715  6.5682873  -1.2623512445959206 
24 15  7.604109187644883  1.1435373000000006  -4.146163040914688 
24 16  2.495629014573766  6.81674085  -4.363086937097958 
24 17  3.808823132132046  1.39199085  -1.0454273484126508 
24 18  -0.12435390418899672  -1.58294205  3.511797361319916 
24 19  -1.4375480217472765  3.8418079500000006  0.19413777263460652 
24 20  -0.8909840246722922  -1.5883668  0.43567068225043304 
24 21  -0.6709179012639801  3.836383200000001  3.2702644517040884 
24 22  3.262259135057062  6.8221656  -1.2869602580284765 
24 23  3.0421930116487506  1.3974156000000004  -4.121554027482133 
25 0  -1.1847397955210268  1.4364738  -1.6661213538782267 
25 1  2.746641721457298  -3.9882762000000014  -2.0398137800762957 
25 2  6.6798187577783406  -7.052175000000002  -6.597038489808861 
25 3  2.7484372408000155  -1.6274250000000006  -6.223346063610792 
25 4  -1.2574723833332135  -4.460229450000001  -1.4136511049590412 
25 5  2.8193743092694845  0.9645205499999996  -2.292284028995481 
25 6  6.7525513455905255  -1.1554717500000011  -6.849508738728046 
25 7  2.675704652987829  -6.5802217500000015  -5.970875814691608 
25 8  -3.4614604352890455  -6.7277749500000015  -0.18958054792487467 
25 9  5.023362361225315  -1.3030249500000002  -3.5163545860296477 
25 10  8.956539397546358  1.1120737499999986  -8.073579295762213 
25 11  0.4717166010319973  -4.312676250000001  -4.74680525765744 
25 12  5.2328340772601125  -6.759238500000001  -3.2948734651366447 
25 13  -3.670932151323842  -1.3344885000000009  -0.41106166881787765 
25 14  0.2622448849971999  1.1435372999999984  -4.968286378550443 
25 15  9.166011113581154  -4.281212700000001  -7.8520981748692105 
25 16  4.057530940510038  1.3919908499999991  -8.069022071052482 
25 17  5.3707250580683175  -4.032759150000001  -4.751362482367173 
25 18  1.4375480217472747  -7.007692050000001  -0.19413777263460652 
25 19  0.12435390418899495  -1.5829420500000007  -3.511797361319916 
25 20  0.6709179012639792  -7.0131168000000015  -3.2702644517040893 
25 21  0.8909840246722913  -1.5883668000000002  -0.4356706822504339 
25 22  4.824161060993333  1.3974155999999986  -4.992895391982999 
25 23  4.604094937585022  -4.027334400000001  -7.827489161436655 
26 0  -5.117916831842069  1.6274250000000006  2.891103355854339 
26 1  -1.1865353148637445  -3.7973250000000007  2.51741092965627 
26 2  2.7466417214572982  -6.861223800000001  -2.039813780076296 
26 3  -1.1847397955210268  -1.4364738  -1.6661213538782258 
26 4  -5.190649419654256  -4.26927825  3.1435736047735245 
26 5  -1.1138027270515578  1.1554717500000002  2.2649406807370847 
26 6  2.819374309269483  -0.9645205500000005  -2.2922840289954802 
26 7  -1.2574723833332135  -6.389270550000001  -1.4136511049590417 
26 8  -7.394637471610087  -6.536823750000001  4.367644161807691 
26 9  1.0901853249042728  -1.1120737499999995  1.040870123702918 
26 10  5.023362361225317  1.3030249499999993  -3.5163545860296477 
26 11  -3.461460435289045  -4.12172505  -0.18958054792487467 
26 12  1.2996570409390702  -6.568287300000001  1.262351244595921 
26 13  -7.604109187644884  -1.1435373000000002  4.146163040914688 
26 14  -3.6709321513238424  1.334488499999999  -0.4110616688178772 
26 15  5.232834077260112  -4.0902615  -3.2948734651366447 
26 16  0.12435390418899495  1.5829420499999998  -3.511797361319915 
26 17  1.4375480217472751  -3.8418079500000006  -0.1941377726346074 
26 18  -2.4956290145737676  -6.81674085  4.363086937097959 
26 19  -3.8088231321320474  -1.39199085  1.04542734841265 
26 20  -3.262259135057063  -6.822165600000001  1.2869602580284765 
26 21  -3.042193011648751  -1.3974155999999995  4.121554027482132 
26 22  0.8909840246722913  1.5883667999999993  -0.43567068225043304 
26 23  0.6709179012639797  -3.8363832  -3.2702644517040893 
27 0  -6.6798187577783406  7.052175000000001  6.597038489808861 
27 1  -2.7484372408000155  1.6274249999999997  6.2233460636107925 
27 2  1.1847397955210273  -1.4364738000000004  1.6661213538782262 
27 3  -2.746641721457298  3.9882762000000005  2.0398137800762965 
27 4  -6.752551345590527  1.1554717500000002  6.849508738728047 
27 5  -2.675704652987829  6.580221750000001  5.970875814691607 
27 6  1.2574723833332122  4.46022945  1.4136511049590421 
27 7  -2.8193743092694845  -0.9645205500000003  2.2922840289954807 
27 8  -8.956539397546358  -1.1120737500000004  8.073579295762213 
27 9  -0.4717166010319982  4.312676250000001  4.74680525765744 
27 10  3.4614604352890455  6.72777495  0.18958054792487478 
27 11  -5.023362361225316  1.3030249500000002  3.5163545860296477 
27 12  -0.2622448849972008  -1.1435373000000002  4.968286378550443 
27 13  -9.166011113581156  4.2812127  7.8520981748692105 
27 14  -5.232834077260113  6.7592384999999995  3.294873465136645 
27 15  3.670932151323841  1.3344885000000004  0.41106166881787753 
27 16  -1.437548021747276  7.00769205  0.1941377726346074 
27 17  -0.12435390418899583  1.5829420499999998  3.511797361319915 
27 18  -4.057530940510039  -1.3919908500000002  8.069022071052482 
27 19  -5.370725058068318  4.03275915  4.751362482367172 
27 20  -4.824161060993334  -1.3974156000000002  4.992895391982999 
27 21  -4.604094937585022  4.027334400000001  7.827489161436654 
27 22  -0.6709179012639797  7.0131168  3.2702644517040893 
27 23  -0.8909840246722913  1.5883668000000002  0.43567068225043337 
28 0  -3.977703393009389  8.207646750000002  6.776593143372325 
28 1  -0.04632187603106458  2.78289675  6.402900717174256 
28 2  3.8868551602899784  -0.2810020499999999  1.8456760074416894 
28 3  -0.04452635668834687  5.143747950000001  2.21936843363976 
28 4  -4.050435980821576  2.3109435000000005  7.02906339229151 
28 5  0.026410711781122143  7.735693500000001  6.15043046825507 
28 6  3.9595877481021633  5.6157012  1.593205758522505 
28 7  -0.11725894450053359  0.1909512000000002  2.471838682558944 
28 8  -6.254424032777408  0.04339800000000005  8.253133949325676 
28 9  2.230398763736953  5.468148000000001  4.926359911220904 
28 10  6.1635758000579965  7.8832467  0.36913520148833784 
28 11  -2.321246996456365  2.4584967000000004  3.695909239593111 
28 12  2.4398704797717503  0.011934450000000263  5.147841032113907 
28 13  -6.463895748812204  5.4366844500000004  8.031652828432673 
28 14  -2.5307187124911623  7.91471025  3.4744281187001085 
28 15  6.373047516092792  2.489960250000001  0.5906163223813405 
28 16  1.2645673430216748  8.163163800000001  0.37369242619807047 
28 17  2.5777614605799553  2.7384138  3.6913520148833783 
28 18  -1.3554155757410877  -0.23651909999999976  8.248576724615944 
28 19  -2.6686096932993673  5.188230900000001  4.930917135930636 
28 20  -2.122045696224383  -0.24194384999999974  5.172450045546462 
28 21  -1.901979572816071  5.182806150000001  8.007043815000117 
28 22  2.0311974635049714  8.16858855  3.4498191052675526 
28 23  1.8111313400966595  2.7438385500000004  0.6152253358138964 
29 0  -7.82003219661102  2.78289675  2.7115487022908757 
29 1  -3.888650679632695  -2.6418532500000014  2.3378562760928068 
29 2  0.04452635668834759  -5.705752050000001  -2.2193684336397594 
29 3  -3.8868551602899775  -0.28100205000000056  -1.8456760074416891 
29 4  -7.892764784423207  -3.113806500000001  2.964018951210061 
29 5  -3.8159180918205085  2.3109434999999996  2.0853860271736213 
29 6  0.11725894450053254  0.19095119999999888  -2.4718386825589436 
29 7  -3.959587748102164  -5.2337988000000015  -1.593205758522505 
29 8  -10.09675283637904  -5.3813520000000015  4.188089508244228 
29 9  -1.6119300398646779  0.043397999999999826  0.8613154701394548 
29 10  2.321246996456366  2.4584966999999986  -3.695909239593111 
29 11  -6.163575800057996  -2.966253300000001  -0.369135201488338 
29 12  -1.4024583238298804  -5.412815550000001  1.0827965910324577 
29 13  -10.306224552413834  0.011934449999999153  3.966608387351225 
29 14  -6.373047516092793  2.4899602499999984  -0.5906163223813405 
29 15  2.5307187124911614  -2.9347897500000006  -3.474428118700108 
29 16  -2.5777614605799557  2.738413799999999  -3.6913520148833783 
29 17  -1.2645673430216755  -2.6863362000000013  -0.37369242619807075 
29 18  -5.197744379342718  -5.661269100000001  4.183532283534496 
29 19  -6.510938496900998  -0.23651910000000065  0.8658726948491866 
29 20  -5.964374499826014  -5.6666938500000015  1.1074056044650131 
29 21  -5.744308376417702  -0.24194385000000018  3.9419993739186685 
29 22  -1.8111313400966593  2.7438385499999987  -0.6152253358138964 
29 23  -2.031197463504971  -2.680911450000001  -3.4498191052675526 
30 0  -3.886855160289978  0.28100205000000145  -1.8456760074416891 
30 1  0.0445263566883467  -5.14374795  -2.219368433639758 
30 2  3.9777033930093895  -8.20764675  -6.776593143372324 
30 3  0.04632187603106441  -2.782896749999999  -6.402900717174254 
30 4  -3.9595877481021646  -5.615701199999999  -1.5932057585225037 
30 5  0.11725894450053342  -0.19095119999999888  -2.4718386825589436 
30 6  4.050435980821574  -2.3109434999999996  -7.0290633922915084 
30 7  -0.02641071178112231  -7.7356935  -6.15043046825507 
30 8  -6.1635758000579965  -7.8832467  -0.3691352014883371 
30 9  2.321246996456364  -2.4584966999999986  -3.69590923959311 
30 10  6.254424032777408  -0.043397999999999826  -8.253133949325676 
30 11  -2.230398763736954  -5.468147999999999  -4.926359911220903 
30 12  2.5307187124911614  -7.91471025  -3.474428118700107 
30 13  -6.373047516092793  -2.4899602499999993  -0.5906163223813401 
30 14  -2.439870479771751  -0.01193445000000004  -5.147841032113906 
30 15  6.463895748812203  -5.43668445  -8.031652828432673 
30 16  1.3554155757410862  0.23651910000000065  -8.248576724615944 
30 17  2.6686096932993664  -5.1882309  -4.930917135930636 
30 18  -1.2645673430216764  -8.1631638  -0.37369242619806897 
30 19  -2.577761460579956  -2.738413799999999  -3.6913520148833783 
30 20  -2.031197463504972  -8.168588549999999  -3.4498191052675518 
30 21  -1.8111313400966598  -2.7438385499999987  -0.6152253358138964 
30 22  2.1220456962243825  0.24194385000000018  -5.172450045546461 
30 23  1.9019795728160709  -5.182806149999999  -8.007043815000117 
31 0  -0.0445263566883467  5.705752050000001  2.219368433639759 
31 1  3.886855160289978  0.28100204999999967  1.84567600744169 
31 2  7.82003219661102  -2.7828967500000004  -2.711548702290876 
31 3  3.8886506796326956  2.6418532500000005  -2.337856276092806 
31 4  -0.11725894450053342  -0.19095119999999977  2.4718386825589445 
31 5  3.9595877481021646  5.233798800000001  1.5932057585225046 
31 6  7.892764784423205  3.1138065  -2.9640189512100603 
31 7  3.815918091820509  -2.3109435000000005  -2.0853860271736218 
31 8  -2.3212469964563653  -2.4584967000000004  3.695909239593111 
31 9  6.163575800057995  2.966253300000001  0.369135201488338 
31 10  10.09675283637904  5.381352  -4.188089508244228 
31 11  1.6119300398646774  -0.043397999999999826  -0.8613154701394548 
31 12  6.373047516092793  -2.48996025  0.590616322381341 
31 13  -2.530718712491162  2.93478975  3.474428118700108 
31 14  1.40245832382988  5.4128155499999995  -1.0827965910324573 
31 15  10.306224552413834  -0.011934449999999597  -3.966608387351225 
31 16  5.197744379342717  5.6612691  -4.183532283534495 
31 17  6.510938496900998  0.23651909999999976  -0.8658726948491875 
31 18  2.577761460579955  -2.7384138  3.691352014883379 
31 19  1.264567343021675  2.6863362000000004  0.37369242619806986 
31 20  1.8111313400966593  -2.7438385500000004  0.6152253358138964 
31 21  2.0311974635049714  2.680911450000001  3.4498191052675518 
31 22  5.964374499826014  5.66669385  -1.1074056044650131 
31 23  5.7443083764177025  0.24194385000000018  -3.9419993739186694 
32 0  1.5668681745670816  -0.9818797499999992  -1.5767997495674688 
32 1  5.498249691545406  -6.4066297500000005  -1.9504921757655378 
32 2  9.431426727866448  -9.470528550000001  -6.507716885498104 
32 3  5.500045210888124  -4.04577855  -6.134024459300034 
32 4  1.4941355867548949  -6.878583  -1.3243295006482834 
32 5  5.570982279357593  -1.4538329999999995  -2.2029624246847233 
32 6  9.504159315678635  -3.5738253  -6.760187134417288 
32 7  5.427312623075937  -8.9985753  -5.88155421038085 
32 8  -0.709852465200937  -9.1461285  -0.1002589436141168 
32 9  7.7749703313134235  -3.7213784999999993  -3.42703298171889 
32 10  11.708147367634467  -1.3062798000000004  -7.984257691451456 
32 11  3.2233245711201057  -6.7310298  -4.657483653346683 
32 12  7.984442047348221  -9.177592050000001  -3.205551860825887 
32 13  -0.9193241812357336  -3.75284205  -0.3217400645071198 
32 14  3.0138528550853083  -1.2748162500000007  -4.8789647742396856 
32 15  11.917619083669262  -6.69956625  -7.762776570558453 
32 16  6.809138910598145  -1.0263627  -7.979700466741723 
32 17  8.122333028156426  -6.4511127  -4.662040878056415 
32 18  4.189155991835383  -9.4260456  -0.10481616832384866 
32 19  2.8759618742771034  -4.0012956  -3.422475757009158 
32 20  3.4225258713520876  -9.43147035  -3.1809428473933314 
32 21  3.6425919947603997  -4.006720349999999  -0.34634907793967606 
32 22  7.5757690310814425  -1.0209379500000004  -4.903573787672241 
32 23  7.35570290767313  -6.44568795  -7.738167557125897 
33 0  -5.498249691545405  4.44287025  1.9504921757655378 
33 1  -1.5668681745670803  -0.9818797500000009  1.5767997495674688 
33 2  2.3663088617539625  -4.045778550000001  -2.9804249601650974 
33 3  -1.5650726552243626  1.3789714499999999  -2.606732533967027 
33 4  -5.570982279357592  -1.4538330000000004  2.2029624246847233 
33 5  -1.4941355867548936  3.970917  1.3243295006482834 
33 6  2.4390414495661474  1.8509246999999993  -3.2328952090842815 
33 7  -1.6378052430365493  -3.573825300000001  -2.354262285047843 
33 8  -7.7749703313134235  -3.721378500000001  3.42703298171889 
33 9  0.709852465200937  1.7033715000000003  0.1002589436141168 
33 10  4.643029501521981  4.118470199999999  -4.456965766118449 
33 11  -3.8417932949923808  -1.3062798000000004  -1.130191728013676 
33 12  0.9193241812357345  -3.752842050000001  0.3217400645071198 
33 13  -7.98444204734822  1.6719079499999996  3.205551860825887 
33 14  -4.051265011027178  4.149933749999999  -1.3516728489066785 
33 15  4.852501217556776  -1.2748162500000002  -4.235484645225446 
33 16  -0.2559789555143408  4.3983872999999996  -4.452408541408716 
33 17  1.0572151620439394  -1.0263627000000008  -1.1347489527234087 
33 18  -2.8759618742771034  -4.001295600000001  3.422475757009158 
33 19  -4.189155991835383  1.4234543999999998  0.10481616832384866 
33 20  -3.642591994760399  -4.006720350000001  0.3463490779396752 
33 21  -3.4225258713520867  1.4180296500000003  3.1809428473933306 
33 22  0.5106511649689556  4.403812049999999  -1.3762818623392343 
33 23  0.2905850415606439  -1.0209379500000004  -4.210875631792891 
34 0  -9.431426727866448  9.470528550000001  6.507716885498104 
34 1  -5.500045210888123  4.04577855  6.134024459300035 
34 2  -1.5668681745670803  0.9818797499999999  1.576799749567468 
34 3  -5.498249691545405  6.4066297500000005  1.9504921757655382 
34 4  -9.504159315678635  3.5738253000000006  6.760187134417289 
34 5  -5.427312623075936  8.9985753  5.881554210380849 
34 6  -1.4941355867548953  6.878583  1.3243295006482838 
34 7  -5.570982279357592  1.453833  2.2029624246847224 
34 8  -11.708147367634467  1.3062798  7.984257691451456 
34 9  -3.2233245711201057  6.731029800000001  4.657483653346683 
34 10  0.7098524652009379  9.1461285  0.10025894361411647 
34 11  -7.7749703313134235  3.7213785000000006  3.4270329817188894 
34 12  -3.0138528550853083  1.2748162500000002  4.8789647742396856 
34 13  -11.917619083669262  6.69956625  7.762776570558453 
34 14  -7.984442047348221  9.17759205  3.205551860825887 
34 15  0.9193241812357336  3.752842050000001  0.32174006450711923 
34 16  -4.189155991835383  9.4260456  0.1048161683238491 
34 17  -2.8759618742771034  4.0012956  3.4224757570091566 
34 18  -6.809138910598146  1.0263627  7.979700466741724 
34 19  -8.122333028156426  6.4511127  4.662040878056414 
34 20  -7.575769031081442  1.02093795  4.903573787672241 
34 21  -7.3557029076731295  6.445687950000001  7.738167557125896 
34 22  -3.422525871352087  9.43147035  3.180942847393331 
34 23  -3.642591994760399  4.00672035  0.34634907793967507 
35 0  -2.366308861753961  4.045778550000001  2.980424960165097 
35 1  1.5650726552243635  -1.3789714499999999  2.606732533967028 
35 2  5.498249691545406  -4.44287025  -1.9504921757655382 
35 3  1.5668681745670812  0.9818797500000009  -1.576799749567468 
35 4  -2.439041449566148  -1.8509246999999993  3.2328952090842824 
35 5  1.6378052430365502  3.573825300000001  2.3542622850478425 
35 6  5.570982279357591  1.4538330000000004  -2.2029624246847224 
35 7  1.4941355867548944  -3.970917  -1.3243295006482838 
35 8  -4.64302950152198  -4.1184702  4.456965766118449 
35 9  3.8417932949923808  1.3062798000000013  1.130191728013676 
35 10  7.774970331313424  3.7213785  -3.42703298171889 
35 11  -0.709852465200937  -1.7033714999999994  -0.1002589436141168 
35 12  4.051265011027178  -4.14993375  1.351672848906679 
35 13  -4.852501217556776  1.2748162500000007  4.235484645225446 
35 14  -0.9193241812357345  3.75284205  -0.32174006450711934 
35 15  7.98444204734822  -1.6719079499999991  -3.205551860825887 
35 16  2.875961874277103  4.001295600000001  -3.422475757009157 
35 17  4.189155991835383  -1.4234543999999998  -0.10481616832384955 
35 18  0.25597895551434036  -4.3983872999999996  4.452408541408717 
35 19  -1.0572151620439394  1.0263627000000008  1.1347489527234078 
35 20  -0.5106511649689551  -4.40381205  1.3762818623392343 
35 21  -0.290585041560643  1.0209379500000013  4.21087563179289 
35 22  3.6425919947603993  4.00672035  -0.3463490779396752 
35 23  3.4225258713520876  -1.4180296499999994  -3.1809428473933314 
36 0  -5.732368770343879  7.261570350000001  0.1686173142601044 
36 1  -1.8009872533655535  1.83682035  -0.20507511193796457 
36 2  2.132189782955489  -1.22707845  -4.762299821670531 
36 3  -1.7991917340228358  4.197671550000001  -4.3886073954724605 
36 4  -5.805101358156065  1.3648671000000006  0.42108756317928986 
36 5  -1.7282546655533668  6.789617100000001  -0.45754536085715003 
36 6  2.204922370767674  4.6696248  -5.014770070589715 
36 7  -1.8719243218350226  -0.7551251999999999  -4.136137146553276 
36 8  -8.009089410111898  -0.9026784000000001  1.6451581202134564 
36 9  0.47573338640246376  4.522071600000001  -1.6816159178913166 
36 10  4.408910422723507  6.9371703  -6.238840627623882 
36 11  -4.075912373790854  1.5124203000000005  -2.9120665895191093 
36 12  0.6852051024372612  -0.9341419499999999  -1.4601347969983136 
36 13  -8.218561126146692  4.4906080500000005  1.4236769993204534 
36 14  -4.285384089825651  6.96863385  -3.133547710412112 
36 15  4.618382138758303  1.5438838500000007  -6.017359506730879 
36 16  -0.49009803431281407  7.2170874000000005  -6.23428340291415 
36 17  0.8230960832454661  1.7923374  -2.916623814228842 
36 18  -3.1100809530755766  -1.1825955  1.6406008955037246 
36 19  -4.423275070633856  4.242154500000001  -1.6770586931815847 
36 20  -3.876711073558872  -1.1880202499999999  -1.4355257835657582 
36 21  -3.65664495015056  4.236729750000001  1.3990679858878972 
36 22  0.2765320861704823  7.22251215  -3.1581567238446677 
36 23  0.05646596276217064  1.7977621500000005  -5.992750493298324 
37 0  1.800987253365554  1.8368203500000009  0.20507511193796457 
37 1  5.732368770343879  -3.5879296500000004  -0.1686173142601044 
37 2  9.665545806664921  -6.65182845  -4.725842023992671 
37 3  5.734164289686596  -1.2270784499999996  -4.3521495977946 
37 4  1.7282546655533673  -4.0598829  0.45754536085715003 
37 5  5.805101358156065  1.3648671000000006  -0.42108756317928986 
37 6  9.738278394477106  -0.7551252000000002  -4.978312272911855 
37 7  5.66143170187441  -6.179875200000001  -4.099679348875416 
37 8  -0.47573338640246465  -6.3274284000000005  1.6816159178913166 
37 9  8.009089410111896  -0.9026783999999992  -1.6451581202134564 
37 10  11.942266446432939  1.5124202999999996  -6.202382829946022 
37 11  3.457443649918578  -3.9123297  -2.875608791841249 
37 12  8.218561126146692  -6.35889195  -1.4236769993204534 
37 13  -0.6852051024372612  -0.9341419499999999  1.4601347969983136 
37 14  3.2479719338837807  1.5438838499999994  -3.0970899127342517 
37 15  12.151738162467735  -3.8808661499999997  -5.980901709053019 
37 16  7.0432579893966185  1.7923374  -6.1978256052362894 
37 17  8.356452106954897  -3.6324126000000003  -2.880166016550982 
37 18  4.4232750706338555  -6.6073455  1.6770586931815847 
37 19  3.1100809530755757  -1.1825954999999997  -1.6406008955037246 
37 20  3.65664495015056  -6.6127702500000005  -1.399067985887898 
37 21  3.876711073558872  -1.1880202499999992  1.4355257835657573 
37 22  7.809888109879914  1.7977621499999996  -3.1216989261668076 
37 23  7.589821986471603  -3.62698785  -5.956292695620464 
38 0  -2.132189782955489  1.2270784500000005  4.76229982167053 
38 1  1.7991917340228356  -4.197671550000001  4.388607395472461 
38 2  5.732368770343879  -7.261570350000001  -0.16861731426010484 
38 3  1.8009872533655533  -1.83682035  0.20507511193796546 
38 4  -2.204922370767676  -4.6696248  5.014770070589716 
38 5  1.8719243218350223  0.7551252000000002  4.136137146553276 
38 6  5.8051013581560635  -1.3648671000000006  -0.4210875631792892 
38 7  1.7282546655533666  -6.789617100000001  0.4575453608571496 
38 8  -4.408910422723507  -6.937170300000001  6.238840627623882 
38 9  4.075912373790853  -1.5124202999999996  2.9120665895191093 
38 10  8.009089410111896  0.9026783999999992  -1.6451581202134564 
38 11  -0.4757333864024649  -4.5220716  1.6816159178913166 
38 12  4.2853840898256506  -6.968633850000001  3.1335477104121123 
38 13  -4.618382138758304  -1.5438838500000003  6.017359506730879 
38 14  -0.6852051024372623  0.934141949999999  1.460134796998314 
38 15  8.218561126146692  -4.4906080500000005  -1.4236769993204537 
38 16  3.110080953075575  1.1825954999999997  -1.6406008955037237 
38 17  4.4232750706338555  -4.242154500000001  1.6770586931815838 
38 18  0.4900980343128125  -7.2170874000000005  6.2342834029141505 
38 19  -0.8230960832454672  -1.7923374  2.916623814228841 
38 20  -0.27653208617048297  -7.222512150000001  3.1581567238446677 
38 21  -0.05646596276217086  -1.7977621499999996  5.992750493298323 
38 22  3.8767110735588712  1.1880202499999992  1.4355257835657582 
38 23  3.65664495015056  -4.23672975  -1.3990679858878978 
39 0  -9.66554580666492  6.651828450000001  4.72584202399267 
39 1  -5.734164289686595  1.2270784499999996  4.352149597794601 
39 2  -1.8009872533655527  -1.8368203500000004  -0.20507511193796502 
39 3  -5.732368770343878  3.5879296500000004  0.1686173142601053 
39 4  -9.738278394477106  0.7551252000000002  4.978312272911856 
39 5  -5.661431701874409  6.179875200000001  4.099679348875416 
39 6  -1.7282546655533677  4.0598829  -0.45754536085714936 
39 7  -5.805101358156064  -1.3648671000000003  0.4210875631792894 
39 8  -11.942266446432939  -1.5124203000000005  6.202382829946022 
39 9  -3.457443649918578  3.912329700000001  2.875608791841249 
39 10  0.47573338640246554  6.3274284  -1.6816159178913166 
39 11  -8.009089410111896  0.9026784000000001  1.6451581202134564 
39 12  -3.2479719338837807  -1.5438838500000003  3.097089912734252 
39 13  -12.151738162467735  3.88086615  5.980901709053019 
39 14  -8.218561126146692  6.358891949999999  1.4236769993204539 
39 15  0.6852051024372612  0.9341419500000003  -1.4601347969983138 
39 16  -4.423275070633856  6.6073455  -1.6770586931815838 
39 17  -3.1100809530755757  1.1825954999999997  1.6406008955037237 
39 18  -7.0432579893966185  -1.7923374000000003  6.19782560523629 
39 19  -8.356452106954897  3.6324126000000003  2.880166016550981 
39 20  -7.809888109879914  -1.7977621500000003  3.1216989261668076 
39 21  -7.589821986471602  3.626987850000001  5.956292695620463 
39 22  -3.6566449501505596  6.61277025  1.399067985887898 
39 23  -3.8767110735588712  1.18802025  -1.435525783565758 
40 0  -5.721716630574356  1.8769635000000013  6.245220742217508 
40 1  -1.7903351135960317  -3.5477865  5.871528316019439 
40 2  2.142841922725011  -6.6116852999999995  1.3143036062868723 
40 3  -1.788539594253314  -1.1869352999999991  1.6879960324849426 
40 4  -5.794449218386543  -4.019739749999999  6.497690991136693 
40 5  -1.717602525783845  1.405010250000001  5.619058067100253 
40 6  2.215574510537196  -0.7149820499999997  1.061833357367688 
40 7  -1.8612721820655007  -6.13973205  1.9404662814041267 
40 8  -7.998437270342375  -6.28728525  7.72176154817086 
40 9  0.4863855261719856  -0.8625352499999988  4.394987510066087 
40 10  4.419562562493029  1.55256345  -0.16223719966647931 
40 11  -4.065260234021332  -3.8721865499999994  3.164536838438294 
40 12  0.695857242206783  -6.3187488  4.61646863095909 
40 13  -8.207908986377172  -0.8939987999999994  7.500280427277857 
40 14  -4.27473195005613  1.5840269999999999  2.943055717545291 
40 15  4.629034278527825  -3.840722999999999  0.059243921226523444 
40 16  -0.47944589454329223  1.8324805500000005  -0.15767997495674668 
40 17  0.833748223014988  -3.59226945  3.159979613728561 
40 18  -3.099428813306055  -6.56720235  7.717204323461128 
40 19  -4.412622930864335  -1.1424523499999992  4.3995447347758185 
40 20  -3.8660589337893505  -6.5726271  4.641077644391645 
40 21  -3.6459928103810384  -1.1478770999999988  7.4756714138453 
40 22  0.28718422594000415  1.8379053  2.9184467041127355 
40 23  0.06711810253169248  -3.5868446999999994  0.08385293465907928 
41 0  -6.076018959046053  7.301713500000001  3.242921103445693 
41 1  -2.144637442067728  1.8769634999999996  2.869228677247624 
41 2  1.7885395942533147  -1.1869353000000005  -1.6879960324849423 
41 3  -2.1428419227250104  4.2378147  -1.314303606286872 
41 4  -6.148751546858239  1.4050102500000001  3.4953913523648783 
41 5  -2.0719048542555414  6.8297602500000005  2.6167584283284384 
41 6  1.8612721820654996  4.70976795  -1.9404662814041267 
41 7  -2.215574510537197  -0.7149820500000004  -1.061833357367688 
41 8  -8.352739598814072  -0.8625352500000005  4.719461909399045 
41 9  0.1320831977002892  4.562214750000001  1.3926878712942719 
41 10  4.065260234021332  6.97731345  -3.164536838438294 
41 11  -4.419562562493029  1.55256345  0.1622371996664791 
41 12  0.3415549137350866  -0.8939988000000003  1.6141689921872748 
41 13  -8.562211314848868  4.5307512  4.497980788506042 
41 14  -4.629034278527826  7.008776999999999  -0.059243921226523444 
41 15  4.274731950056129  1.5840270000000003  -2.943055717545291 
41 16  -0.8337482230149886  7.25723055  -3.159979613728561 
41 17  0.47944589454329156  1.8324805499999997  0.15767997495674635 
41 18  -3.453731141777751  -1.1424523500000003  4.714904684689313 
41 19  -4.7669252593360305  4.28229765  1.3972450960040037 
41 20  -4.220361262261047  -1.1478771000000003  1.6387780056198302 
41 21  -4.000295138852735  4.276872900000001  4.473371775073486 
41 22  -0.06711810253169226  7.2626553  -0.08385293465907928 
41 23  -0.2871842259400039  1.8379053  -2.9184467041127355 
42 0  -2.1428419227250113  6.611685300000001  -1.314303606286872 
42 1  1.7885395942533133  1.1869353  -1.687996032484941 
42 2  5.721716630574356  -1.8769635  -6.245220742217507 
42 3  1.790335113596031  3.547786500000001  -5.871528316019437 
42 4  -2.215574510537198  0.7149820500000006  -1.0618333573676866 
42 5  1.8612721820655  6.139732050000001  -1.9404662814041265 
42 6  5.794449218386541  4.01973975  -6.497690991136691 
42 7  1.7176025257838443  -1.40501025  -5.619058067100253 
42 8  -4.41956256249303  -1.55256345  0.16223719966647998 
42 9  4.065260234021331  3.8721865500000012  -3.164536838438293 
42 10  7.998437270342374  6.28728525  -7.721761548170859 
42 11  -0.48638552617198716  0.8625352500000005  -4.394987510066086 
42 12  4.274731950056128  -1.5840269999999999  -2.94305571754529 
42 13  -4.6290342785278265  3.8407230000000006  -0.059243921226523 
42 14  -0.6958572422067846  6.3187488  -4.616468630959089 
42 15  8.20790898637717  0.8939988000000008  -7.500280427277856 
42 16  3.099428813306053  6.5672023500000005  -7.717204323461126 
42 17  4.412622930864333  1.1424523500000001  -4.3995447347758185 
42 18  0.47944589454329023  -1.8324805499999999  0.15767997495674813 
42 19  -0.8337482230149895  3.5922694500000008  -3.159979613728561 
42 20  -0.28718422594000526  -1.8379052999999999  -2.9184467041127347 
42 21  -0.06711810253169315  3.586844700000001  -0.08385293465907928 
42 22  3.866058933789349  6.5726271  -4.641077644391644 
42 23  3.6459928103810375  1.1478771000000005  -7.4756714138453 
43 0  -1.7885395942533138  1.1869353  1.687996032484941 
43 1  2.142841922725011  -4.237814700000001  1.314303606286872 
43 2  6.076018959046054  -7.301713500000002  -3.242921103445694 
43 3  2.1446374420677285  -1.8769635000000005  -2.869228677247624 
43 4  -1.8612721820655005  -4.709767950000001  1.9404662814041265 
43 5  2.2155745105371976  0.7149820499999997  1.0618333573676866 
43 6  6.1487515468582385  -1.405010250000001  -3.4953913523648783 
43 7  2.071904854255542  -6.829760250000001  -2.6167584283284397 
43 8  -4.065260234021332  -6.977313450000001  3.164536838438293 
43 9  4.419562562493028  -1.55256345  -0.16223719966647998 
43 10  8.352739598814072  0.8625352499999988  -4.719461909399046 
43 11  -0.13208319770028965  -4.562214750000001  -1.3926878712942727 
43 12  4.629034278527826  -7.008777000000001  0.059243921226523 
43 13  -4.274731950056129  -1.5840270000000007  2.94305571754529 
43 14  -0.34155491373508706  0.8939987999999985  -1.6141689921872753 
43 15  8.562211314848867  -4.530751200000001  -4.497980788506043 
43 16  3.4537311417777503  1.1424523499999992  -4.714904684689313 
43 17  4.7669252593360305  -4.282297650000001  -1.3972450960040055 
43 18  0.8337482230149877  -7.257230550000001  3.159979613728561 
43 19  -0.479445894543292  -1.8324805500000005  -0.15767997495674813 
43 20  0.06711810253169226  -7.262655300000001  0.08385293465907839 
43 21  0.28718422594000437  -1.8379053  2.9184467041127338 
43 22  4.220361262261047  1.1478770999999988  -1.6387780056198311 
43 23  4.000295138852735  -4.276872900000001  -4.473371775073487 
44 0  -2.101066674021331  9.424960650000001  3.164536838438293 
44 1  1.8303148429569935  4.00021065  2.790844412240224 
44 2  5.763491879278036  0.93631185  -1.7663802974923422 
44 3  1.8321103622997112  6.3610618500000005  -1.3926878712942719 
44 4  -2.173799261833518  3.5282574000000007  3.4170070873574785 
44 5  1.9030474307691803  8.9530074  2.5383741633210386 
44 6  5.836224467090221  6.8330151  -2.0188505464115263 
44 7  1.7593777744875245  1.4082651  -1.1402176223750877 
44 8  -4.37778731378935  1.2607119  4.641077644391645 
44 9  4.107035482725011  6.685461900000001  1.314303606286872 
44 10  8.040212519046054  9.1005606  -3.2429211034456937 
44 11  -0.44461027746830695  3.6758106000000006  0.08385293465907928 
44 12  4.316507198759808  1.2292483500000002  1.535784727179875 
44 13  -4.587259029824146  6.65399835  4.419596523498642 
44 14  -0.6540819935031044  9.13202415  -0.13762818623392326 
44 15  8.24968423508085  3.707274150000001  -3.0214399825526908 
44 16  3.141204062009733  9.3804777  -3.238363878735961 
44 17  4.454398179568013  3.9557277  0.07929570994934654 
44 18  0.5212211432469704  0.9807948000000001  4.636520419681913 
44 19  -0.7919729743113093  6.4055448  1.318860830996604 
44 20  -0.24540897723632504  0.9753700500000001  1.5603937406124304 
44 21  -0.025342853828012935  6.400120050000001  4.394987510066086 
44 22  3.9078341824930294  9.38590245  -0.1622371996664791 
44 23  3.6877680590847177  3.9611524500000006  -2.9968309691201354 
45 0  -9.696668915599076  4.000210650000001  6.3236050072249075 
45 1  -5.765287398620752  -1.4245393499999999  5.9499125810268385 
45 2  -1.8321103622997095  -4.48843815  1.3926878712942723 
45 3  -5.7634918792780345  0.936311850000001  1.7663802974923426 
45 4  -9.769401503411263  -1.8964925999999993  6.576075256144093 
45 5  -5.6925548108085655  3.528257400000001  5.697442332107653 
45 6  -1.7593777744875245  1.4082651000000004  1.140217622375088 
45 7  -5.836224467090221  -4.0164849  2.0188505464115267 
45 8  -11.973389555367095  -4.1640381  7.8001458131782595 
45 9  -3.488566758852735  1.2607119000000013  4.4733717750734865 
45 10  0.4446102774683087  3.6758106  -0.08385293465907928 
45 11  -8.040212519046053  -1.7489393999999994  3.2429211034456937 
45 12  -3.2790950428179375  -4.19550165  4.6948528959664895 
45 13  -12.182861271401892  1.2292483500000007  7.5786646922852565 
45 14  -8.24968423508085  3.70727415  3.021439982552691 
45 15  0.6540819935031044  -1.7174758499999991  0.13762818623392348 
45 16  -4.454398179568013  3.9557277000000006  -0.07929570994934665 
45 17  -3.1412040620097326  -1.4690222999999998  3.238363878735961 
45 18  -7.074381098330775  -4.4439551999999996  7.795588588468528 
45 19  -8.387575215889054  0.9807948000000009  4.477928999783218 
45 20  -7.841011218814071  -4.44937995  4.719461909399045 
45 21  -7.620945095405759  0.9753700500000013  7.5540556788527 
45 22  -3.6877680590847164  3.96115245  2.9968309691201354 
45 23  -3.907834182493028  -1.4635975499999994  0.16223719966647931 
46 0  -5.763491879278035  -0.9363118499999992  1.7663802974923417 
46 1  -1.8321103622997112  -6.3610618500000005  1.3926878712942727 
46 2  2.1010666740213315  -9.424960650000001  -3.1645368384382935 
46 3  -1.8303148429569935  -4.00021065  -2.790844412240223 
46 4  -5.836224467090222  -6.8330151  2.018850546411527 
46 5  -1.7593777744875245  -1.4082650999999995  1.1402176223750873 
46 6  2.1737992618335165  -3.5282574  -3.4170070873574776 
46 7  -1.9030474307691803  -8.9530074  -2.538374163321039 
46 8  -8.040212519046054  -9.100560600000001  3.2429211034456937 
46 9  0.44461027746830606  -3.6758105999999993  -0.08385293465907928 
46 10  4.37778731378935  -1.2607119000000004  -4.641077644391645 
46 11  -4.107035482725012  -6.6854619  -1.314303606286872 
46 12  0.6540819935031035  -9.13202415  0.1376281862339237 
46 13  -8.249684235080851  -3.70727415  3.0214399825526908 
46 14  -4.316507198759809  -1.2292483500000007  -1.5357847271798746 
46 15  4.587259029824145  -6.65399835  -4.419596523498642 
46 16  -0.5212211432469718  -0.9807948  -4.636520419681912 
46 17  0.7919729743113084  -6.4055448  -1.3188608309966048 
46 18  -3.1412040620097343  -9.3804777  3.238363878735962 
46 19  -4.454398179568014  -3.9557276999999997  -0.07929570994934743 
46 20  -3.90783418249303  -9.38590245  0.1622371996664791 
46 21  -3.6877680590847177  -3.9611524499999993  2.9968309691201345 
46 22  0.2454089772363246  -0.9753700500000004  -1.5603937406124304 
46 23  0.025342853828012935  -6.40012005  -4.394987510066087 
47 0  1.8321103622997117  4.488438150000001  -1.3926878712942727 
47 1  5.763491879278036  -0.9363118500000001  -1.7663802974923417 
47 2  9.69666891559908  -4.00021065  -6.3236050072249075 
47 3  5.765287398620754  1.4245393500000008  -5.949912581026838 
47 4  1.759377774487525  -1.4082650999999995  -1.1402176223750873 
47 5  5.836224467090223  4.016484900000001  -2.018850546411527 
47 6  9.769401503411263  1.8964926000000002  -6.576075256144092 
47 7  5.692554810808567  -3.5282574  -5.697442332107654 
47 8  -0.44461027746830695  -3.6758106  0.08385293465907928 
47 9  8.040212519046054  1.7489394000000011  -3.2429211034456937 
47 10  11.973389555367097  4.1640381  -7.8001458131782595 
47 11  3.488566758852736  -1.2607118999999996  -4.4733717750734865 
47 12  8.249684235080851  -3.70727415  -3.0214399825526908 
47 13  -0.6540819935031035  1.7174758500000005  -0.1376281862339237 
47 14  3.2790950428179384  4.19550165  -4.6948528959664895 
47 15  12.182861271401894  -1.2292483499999993  -7.5786646922852565 
47 16  7.074381098330775  4.4439552  -7.795588588468527 
47 17  8.387575215889056  -0.9807948  -4.477928999783219 
47 18  4.454398179568013  -3.9557276999999997  0.07929570994934743 
47 19  3.1412040620097335  1.4690223000000007  -3.238363878735962 
47 20  3.6877680590847177  -3.96115245  -2.9968309691201354 
47 21  3.90783418249303  1.4635975500000011  -0.16223719966647998 
47 22  7.841011218814073  4.44937995  -4.719461909399045 
47 23  7.6209450954057605  -0.9753700499999995  -7.554055678852701 
48 0  -2.58696686382765  9.321890400000001  0.15403419518895944 
48 1  1.3444146531506744  3.8971404  -0.21965823100910953 
48 2  5.277591689471717  0.8332415999999999  -4.776882940741675 
48 3  1.3462101724933921  6.2579916  -4.403190514543605 
48 4  -2.659699451639837  3.4251871500000006  0.4065044441081449 
48 5  1.4171472409628612  8.84993715  -0.472128479928295 
48 6  5.350324277283902  6.72994485  -5.02935318966086 
48 7  1.2734775846812054  1.30519485  -4.150720265624422 
48 8  -4.863687503595669  1.15764165  1.6305750011423115 
48 9  3.6211352929186917  6.582391650000001  -1.6961990369624615 
48 10  7.554312329239735  8.99749035  -6.253423746695027 
48 11  -0.930510467274626  3.5727403500000006  -2.9266497085902543 
48 12  3.830607008953489  1.1261781000000002  -1.4747179160694586 
48 13  -5.073159219630465  6.5509281  1.4090938802493085 
48 14  -1.1399821833094235  9.0289539  -3.148130829483257 
48 15  7.763784045274531  3.604203900000001  -6.031942625802024 
48 16  2.655303872203414  9.27740745  -6.248866521985295 
48 17  3.968497989761694  3.85265745  -2.931206933299987 
48 18  0.03532095344065134  0.87772455  1.6260177764325796 
48 19  -1.2778731641176284  6.30247455  -1.6916418122527297 
48 20  -0.7313091670426441  0.8722998000000001  -1.4501089026369032 
48 21  -0.511243043634332  6.297049800000001  1.3844848668167522 
48 22  3.4219339926867103  9.2828322  -3.1727398429158127 
48 23  3.2018678692783986  3.8580822000000006  -6.007333612369469 
49 0  -1.3444146531506744  3.8971404000000005  0.21965823100910953 
49 1  2.58696686382765  -1.5276096000000008  -0.15403419518895944 
49 2  6.5201439001486925  -4.5915084  -4.711258904921525 
49 3  2.588762383170368  0.8332416  -4.337566478723455 
49 4  -1.4171472409628612  -1.9995628500000002  0.472128479928295 
49 5  2.659699451639837  3.42518715  -0.4065044441081449 
49 6  6.592876487960877  1.3051948499999995  -4.96372915384071 
49 7  2.516029795358181  -4.119555150000001  -4.085096229804272 
49 8  -3.621135292918693  -4.267108350000001  1.6961990369624615 
49 9  4.863687503595667  1.1576416500000004  -1.6305750011423115 
49 10  8.796864539916712  3.5727403499999992  -6.187799710874877 
49 11  0.3120417434023497  -1.8520096500000003  -2.8610256727701042 
49 12  5.073159219630465  -4.298571900000001  -1.4090938802493085 
49 13  -3.8306070089534896  1.1261780999999997  1.4747179160694586 
49 14  0.10257002736755227  3.604203899999999  -3.0825067936631068 
49 15  9.006336255951506  -1.8205461  -5.966318589981874 
49 16  3.8978560828803896  3.8526574499999997  -6.1832424861651445 
49 17  5.21105020043867  -1.5720925500000007  -2.865582897479837 
49 18  1.277873164117627  -4.5470254500000005  1.6916418122527297 
49 19  -0.03532095344065267  0.8777245499999999  -1.6260177764325796 
49 20  0.5112430436343316  -4.552450200000001  -1.384484866816753 
49 21  0.7313091670426437  0.8722998000000004  1.4501089026369023 
49 22  4.664486203363686  3.8580821999999992  -3.1071158070956626 
49 23  4.444420079955375  -1.5666678000000003  -5.941709576549319 
50 0  -5.277591689471716  -0.8332415999999991  4.776882940741675 
50 1  -1.3462101724933917  -6.2579916  4.403190514543606 
50 2  2.586966863827651  -9.321890400000001  -0.15403419518896033 
50 3  -1.344414653150674  -3.8971403999999996  0.21965823100910997 
50 4  -5.350324277283903  -6.72994485  5.02935318966086 
50 5  -1.273477584681205  -1.3051948499999995  4.15072026562442 
50 6  2.659699451639836  -3.42518715  -0.4065044441081447 
50 7  -1.4171472409628607  -8.84993715  0.4721284799282941 
50 8  -7.554312329239735  -8.99749035  6.253423746695027 
50 9  0.9305104672746256  -3.5727403499999992  2.926649708590254 
50 10  4.863687503595669  -1.1576416500000004  -1.630575001142312 
50 11  -3.621135292918692  -6.58239165  1.696199036962461 
50 12  1.139982183309423  -9.028953900000001  3.148130829483257 
50 13  -7.763784045274532  -3.6042039  6.031942625802024 
50 14  -3.8306070089534896  -1.1261781000000006  1.4747179160694586 
50 15  5.073159219630465  -6.5509281  -1.4090938802493091 
50 16  -0.035320953440652225  -0.8777245499999999  -1.6260177764325792 
50 17  1.277873164117628  -6.30247455  1.6916418122527284 
50 18  -2.655303872203415  -9.27740745  6.2488665219852955 
50 19  -3.9684979897616945  -3.8526574499999997  2.9312069332999857 
50 20  -3.4219339926867103  -9.2828322  3.1727398429158122 
50 21  -3.201867869278398  -3.8580821999999992  6.007333612369468 
50 22  0.7313091670426441  -0.8722998000000004  1.4501089026369027 
50 23  0.5112430436343325  -6.2970498  -1.3844848668167533 
51 0  -6.5201439001486925  4.5915084  4.711258904921525 
51 1  -2.588762383170368  -0.8332416000000009  4.337566478723456 
51 2  1.3444146531506749  -3.897140400000001  -0.21965823100910953 
51 3  -2.58696686382765  1.5276096  0.15403419518896078 
51 4  -6.592876487960879  -1.3051948500000004  4.963729153840712 
51 5  -2.516029795358181  4.11955515  4.085096229804272 
51 6  1.4171472409628598  1.9995628499999993  -0.4721284799282939 
51 7  -2.659699451639837  -3.425187150000001  0.4065044441081449 
51 8  -8.796864539916712  -3.572740350000001  6.187799710874877 
51 9  -0.3120417434023506  1.8520096500000003  2.8610256727701047 
51 10  3.621135292918693  4.267108349999999  -1.696199036962461 
51 11  -4.863687503595669  -1.1576416500000004  1.630575001142312 
51 12  -0.10257002736755316  -3.604203900000001  3.0825067936631076 
51 13  -9.006336255951508  1.8205460999999996  5.966318589981874 
51 14  -5.073159219630465  4.298571899999999  1.4090938802493094 
51 15  3.8306070089534887  -1.1261781000000002  -1.4747179160694583 
51 16  -1.2778731641176284  4.54702545  -1.6916418122527284 
51 17  0.03532095344065178  -0.8777245500000008  1.6260177764325792 
51 18  -3.897856082880391  -3.8526574500000006  6.183242486165145 
51 19  -5.21105020043867  1.5720925499999998  2.8655828974798365 
51 20  -4.664486203363687  -3.858082200000001  3.107115807095663 
51 21  -4.444420079955375  1.5666678000000003  5.941709576549318 
51 22  -0.511243043634332  4.552450199999999  1.3844848668167535 
51 23  -0.7313091670426437  -0.8722998000000004  -1.4501089026369025 
52 0  -0.0743165297572368  8.43548625  1.0736821416129922 
52 1  3.857064987221088  3.01073625  0.6999897154149233 
52 2  7.790242023542131  -0.05316255000000014  -3.857234994317643 
52 3  3.8588605065638055  5.371587450000001  -3.4835425681195726 
52 4  -0.14704911756942352  2.5387830000000005  1.3261523905321777 
52 5  3.9297975750332745  7.963533000000001  0.4475194664957378 
52 6  7.862974611354316  5.8435407  -4.109705243236827 
52 7  3.786127918751619  0.41879069999999996  -3.2310723192003885 
52 8  -2.3510371695252554  0.2712374999999998  2.5502229475663443 
52 9  6.133785626989106  5.695987500000001  -0.7765510905384287 
52 10  10.066962663310148  8.111086199999999  -5.3337758002709945 
52 11  1.5821398667957873  2.6863362000000004  -2.0070017621662215 
52 12  6.343257343023902  0.23977395  -0.5550699696454258 
52 13  -2.560508885560052  5.66452395  2.3287418266733413 
52 14  1.37266815076099  8.14254975  -2.228482883059224 
52 15  10.276434379344945  2.7177997500000006  -5.1122946793779915 
52 16  5.167954206273827  8.391003300000001  -5.329218575561262 
52 17  6.481148323832107  2.9662533  -2.0115589868759542 
52 18  2.5479712875110647  -0.00867960000000001  2.5456657228566124 
52 19  1.234777169952785  5.416070400000001  -0.7719938658286969 
52 20  1.7813411670277692  -0.014104349999999988  -0.5304609562128704 
52 21  2.0014072904360813  5.410645650000001  2.304132813240785 
52 22  5.934584326757124  8.39642805  -2.25309189649178 
52 23  5.7145182033488116  2.9716780500000004  -5.087685665945436 
53 0  -3.857064987221086  3.010736250000001  -0.6999897154149233 
53 1  0.07431652975723857  -2.4140137500000005  -1.0736821416129922 
53 2  4.007493566078281  -5.477912550000001  -5.630906851345559 
53 3  0.07611204909995628  -0.0531625499999997  -5.257214425147488 
53 4  -3.9297975750332728  -2.885967  -0.4475194664957378 
53 5  0.1470491175694253  2.5387830000000005  -1.3261523905321777 
53 6  4.080226153890466  0.41879069999999974  -5.883377100264743 
53 7  0.0033794612877695585  -5.005959300000001  -5.004744176228304 
53 8  -6.133785626989105  -5.153512500000001  0.7765510905384287 
53 9  2.351037169525256  0.2712375000000007  -2.5502229475663443 
53 10  6.2842142058462995  2.6863361999999995  -7.10744765729891 
53 11  -2.200608590668062  -2.7384138  -3.780673619194137 
53 12  2.5605088855600533  -5.18497605  -2.3287418266733413 
53 13  -6.343257343023901  0.23977395  0.5550699696454258 
53 14  -2.4100803067028593  2.7177997499999993  -4.002154740087139 
53 15  6.493685921881095  -2.70695025  -6.885966536405907 
53 16  1.385205748809978  2.9662533  -7.102890432589177 
53 17  2.6983998663682582  -2.4584967000000004  -3.7852308439038698 
53 18  -1.2347771699527845  -5.4334296  0.7719938658286969 
53 19  -2.5479712875110643  -0.008679599999999787  -2.5456657228566124 
53 20  -2.00140729043608  -5.438854350000001  -2.304132813240786 
53 21  -1.781341167027768  -0.014104349999999322  0.5304609562128695 
53 22  2.1518358692932744  2.9716780499999995  -4.026763753519695 
53 23  1.9317697458849628  -2.45307195  -6.861357522973352 
54 0  -7.790242023542129  0.053162550000001474  3.857234994317643 
54 1  -3.858860506563805  -5.37158745  3.483542568119574 
54 2  0.07431652975723768  -8.43548625  -1.0736821416129922 
54 3  -3.8570649872210874  -3.010736249999999  -0.6999897154149219 
54 4  -7.862974611354316  -5.843540699999999  4.109705243236828 
54 5  -3.7861279187516184  -0.41879069999999885  3.2310723192003885 
54 6  0.14704911756942263  -2.5387829999999996  -1.3261523905321766 
54 7  -3.929797575033274  -7.963533  -0.4475194664957378 
54 8  -10.066962663310148  -8.111086199999999  5.333775800270995 
54 9  -1.5821398667957878  -2.6863361999999986  2.007001762166222 
54 10  2.351037169525256  -0.2712374999999998  -2.550222947566344 
54 11  -6.133785626989106  -5.695987499999999  0.7765510905384292 
54 12  -1.3726681507609904  -8.14254975  2.228482883059225 
54 13  -10.276434379344945  -2.7177997499999993  5.112294679377992 
54 14  -6.343257343023903  -0.23977395  0.5550699696454267 
54 15  2.5605088855600515  -5.6645239499999995  -2.3287418266733413 
54 16  -2.5479712875110656  0.008679600000000676  -2.545665722856611 
54 17  -1.2347771699527854  -5.4160704  0.7719938658286964 
54 18  -5.167954206273828  -8.3910033  5.3292185755612635 
54 19  -6.481148323832108  -2.966253299999999  2.011558986875954 
54 20  -5.934584326757124  -8.396428049999999  2.2530918964917803 
54 21  -5.7145182033488116  -2.9716780499999986  5.087685665945436 
54 22  -1.7813411670277692  0.01410435000000021  0.5304609562128708 
54 23  -2.001407290436081  -5.410645649999999  -2.304132813240785 
55 0  -4.00749356607828  5.477912550000001  5.630906851345557 
55 1  -0.0761120490999545  0.0531625499999997  5.257214425147488 
55 2  3.8570649872210883  -3.0107362500000003  0.6999897154149224 
55 3  -0.0743165297572368  2.4140137500000005  1.0736821416129927 
55 4  -4.080226153890466  -0.41879069999999974  5.8833771002647435 
55 5  -0.003379461287767782  5.005959300000001  5.004744176228304 
55 6  3.929797575033273  2.885967  0.44751946649573804 
55 7  -0.14704911756942352  -2.5387830000000005  1.3261523905321768 
55 8  -6.284214205846298  -2.6863362000000004  7.107447657298909 
55 9  2.200608590668063  2.738413800000001  3.7806736191941366 
55 10  6.1337856269891065  5.1535125  -0.7765510905384292 
55 11  -2.351037169525255  -0.2712374999999998  2.550222947566344 
55 12  2.41008030670286  -2.71779975  4.002154740087139 
55 13  -6.493685921881094  2.7069502500000002  6.885966536405906 
55 14  -2.5605088855600524  5.1849760499999995  2.3287418266733413 
55 15  6.343257343023902  -0.23977394999999957  -0.5550699696454264 
55 16  1.234777169952785  5.4334296  -0.7719938658286966 
55 17  2.547971287511065  0.008679599999999787  2.545665722856611 
55 18  -1.3852057488099776  -2.9662533  7.102890432589177 
55 19  -2.6983998663682573  2.4584967000000004  3.7852308439038684 
55 20  -2.151835869293273  -2.9716780500000004  4.026763753519695 
55 21  -1.931769745884961  2.453071950000001  6.86135752297335 
55 22  2.0014072904360813  5.43885435  2.3041328132407854 
55 23  1.7813411670277697  0.01410435000000021  -0.5304609562128706 