 5.92767  0  0  -2.9638349999999987  5.133512805250904  0  8.92149069944851e-16  8.411935687065926  11.89627353445888 
5
0 18  -2.9638379638349983  11.174505916660488  10.963213112330667 
0 19  -2.9638349999999996  6.267733280432821  8.863913410525312 
0 20  -1.4238292978349987  8.828434237791214  8.902778536162389 
0 21  -2.9638349992033852e-06  6.362294686148679  8.902778536162389 
0 22  1.4238233701650018  8.828434237791214  8.902778536162389 
0 23  1.4238263340000015  8.613804959302096  10.92434798669359 
0 24  2.220446049250313e-15  11.07994451094463  10.92434798669359 
0 25  -1.423826333999999  8.613804959302096  10.92434798669359 
0 26  -2.9638349999999996  2.1442024066331045  3.0323601239335685 
0 27  2.963835000535653e-06  2.370942575656341  0.9330604221282134 
0 28  -4.387661333999999  4.931643533014733  0.9719255477652904 
0 29  -2.9638349999999996  2.465503981372199  0.9719255477652904 
0 30  -1.540008665999999  4.931643533014733  0.9719255477652904 
0 31  -1.540005702164999  4.7170142545256155  2.9934949982964913 
0 32  -2.963832036164998  7.18315380616815  2.9934949982964913 
0 33  -4.387658370164999  4.7170142545256155  2.9934949982964913 
0 34  2.963835000979742e-06  6.65934738892255  6.99778066999535 
0 35  -2.9638379638349988  6.88610110339428  4.898492864463529 
0 36  1.5400116298350004  4.313275710053275  4.937346093827072 
0 37  2.9638350014238313e-06  6.980648963661645  4.937346093827072 
0 38  -1.5400057021649993  4.313275710053275  4.937346093827072 
0 39  -4.503846629834999  9.232172782263554  6.958927440631808 
0 40  -2.963837963834999  6.564799528655185  6.958927440631808 
0 41  -1.423829297834998  9.232172782263554  6.958927440631808 
1 18  1.481914536165001  8.607749514035035  10.963213112330667 
1 19  1.4819175  3.700976877807369  8.863913410525312 
1 20  3.0219232021650004  6.261677835165762  8.902778536162389 
1 21  4.445749536165  3.7955382835232268  8.902778536162389 
1 22  5.869575870165001  6.261677835165762  8.902778536162389 
1 23  5.869578834  6.047048556676644  10.92434798669359 
1 24  4.445752500000001  8.513188108319177  10.92434798669359 
1 25  3.021926166  6.047048556676644  10.92434798669359 
1 26  1.4819174999999996  -0.42255399599234744  3.0323601239335685 
1 27  4.445755463835  -0.19581382696911076  0.9330604221282134 
1 28  0.05809116600000053  2.364887130389281  0.9719255477652904 
1 29  1.4819174999999998  -0.10125242125325284  0.9719255477652904 
1 30  2.9057438340000004  2.364887130389281  0.9719255477652904 
1 31  2.9057467978350005  2.1502578519001636  2.9934949982964913 
1 32  1.481920463835001  4.616397403542698  2.9934949982964913 
1 33  0.058094129835000174  2.1502578519001636  2.9934949982964913 
1 34  4.445755463835001  4.092590986297098  6.99778066999535 
1 35  1.4819145361650006  4.319344700768828  4.898492864463529 
1 36  5.985764129834999  1.746519307427823  4.937346093827072 
1 37  4.445755463835001  4.413892561036193  4.937346093827072 
1 38  2.905746797835  1.746519307427823  4.937346093827072 
1 39  -0.058094129834999064  6.665416379638102  6.958927440631808 
1 40  1.4819145361650001  3.9980431260297333  6.958927440631808 
1 41  3.0219232021650013  6.665416379638102  6.958927440631808 
2 18  -1.481920463834999  8.607749514035035  10.963213112330667 
2 19  -1.4819175  3.700976877807369  8.863913410525312 
2 20  0.05808820216500066  6.261677835165762  8.902778536162389 
2 21  1.4819145361650001  3.7955382835232268  8.902778536162389 
2 22  2.905740870165001  6.261677835165762  8.902778536162389 
2 23  2.905743834000001  6.047048556676644  10.92434798669359 
2 24  1.4819175000000016  8.513188108319177  10.92434798669359 
2 25  0.058091166000000305  6.047048556676644  10.92434798669359 
2 26  -1.4819175000000004  -0.42255399599234744  3.0323601239335685 
2 27  1.4819204638349999  -0.19581382696911076  0.9330604221282134 
2 28  -2.9057438339999995  2.364887130389281  0.9719255477652904 
2 29  -1.4819175000000002  -0.10125242125325284  0.9719255477652904 
2 30  -0.05809116599999964  2.364887130389281  0.9719255477652904 
2 31  -0.05808820216499977  2.1502578519001636  2.9934949982964913 
2 32  -1.481914536164999  4.616397403542698  2.9934949982964913 
2 33  -2.905740870165  2.1502578519001636  2.9934949982964913 
2 34  1.4819204638350003  4.092590986297098  6.99778066999535 
2 35  -1.4819204638349994  4.319344700768828  4.898492864463529 
2 36  3.0219291298349997  1.746519307427823  4.937346093827072 
2 37  1.4819204638350008  4.413892561036193  4.937346093827072 
2 38  -0.05808820216499999  1.746519307427823  4.937346093827072 
2 39  -3.021929129834999  6.665416379638102  6.958927440631808 
2 40  -1.4819204638349999  3.9980431260297333  6.958927440631808 
2 41  0.058088202165001324  6.665416379638102  6.958927440631808 
3 18  -2.9638409276699997  2.4533930908380803  1.0496557990394457 
3 19  -2.963837963835001  -2.453379545389587  -1.0496439027659097 
3 20  -1.42383226167  0.1073214119688064  -1.0107787771288326 
3 21  -5.9276700006272165e-06  -2.358818139673729  -1.0107787771288326 
3 22  1.4238204063300004  0.1073214119688064  -1.0107787771288326 
3 23  1.423823370165  -0.10730786652031199  1.0107906734023686 
3 24  -2.9638349992033852e-06  2.3588316851222224  1.0107906734023686 
3 25  -1.4238292978350005  -0.10730786652031199  1.0107906734023686 
3 26  -2.963837963835001  -6.5769104191893035  -6.881197189357653 
3 27  -8.881784197001252e-16  -6.350170250166066  -8.980496891163009 
3 28  -4.387664297835  -3.7894692928076745  -8.941631765525932 
3 29  -2.963837963835001  -6.255608844450208  -8.941631765525932 
3 30  -1.5400116298350004  -3.7894692928076745  -8.941631765525932 
3 31  -1.5400086660000005  -4.004098571296792  -6.9200623149947305 
3 32  -2.9638349999999996  -1.5379590196542576  -6.9200623149947305 
3 33  -4.387661334000001  -4.004098571296792  -6.9200623149947305 
3 34  -4.440892098500626e-16  -2.061765436899858  -2.915776643295871 
3 35  -2.96384092767  -1.8350117224281277  -5.015064448827692 
3 36  1.540008665999999  -4.407837115769133  -4.976211219464149 
3 37  0.0  -1.7404638621607624  -4.976211219464149 
3 38  -1.5400086660000007  -4.407837115769133  -4.976211219464149 
3 39  -4.50384959367  0.5110599564411462  -2.954629872659414 
3 40  -2.9638409276700006  -2.1563132971672223  -2.954629872659414 
3 41  -1.4238322616699994  0.5110599564411462  -2.954629872659414 
4 18  1.1589020081038612e-16  1.092710445749864  1.5453259321262092 
4 19  2.963834999161841e-06  -3.814062190477803  -0.5539737696791462 
4 20  1.5400086659999999  -1.25336123311941  -0.5151086440420691 
4 21  2.963834999999999  -3.7195007847619452  -0.5151086440420691 
4 22  4.387661334000001  -1.25336123311941  -0.5151086440420691 
4 23  4.387664297835  -1.4679905116085283  1.506460806489132 
4 24  2.9638379638350005  0.9981490400340061  1.506460806489132 
4 25  1.5400116298349995  -1.4679905116085283  1.506460806489132 
4 26  2.9638349987245092e-06  -7.93759306427752  -6.38552705627089 
4 27  2.963840927669999  -7.710852895254282  -8.484826758076245 
4 28  -1.4238233701650003  -5.150151937895891  -8.445961632439168 
4 29  2.963834999014078e-06  -7.616291489538424  -8.445961632439168 
4 30  1.4238292978349996  -5.150151937895891  -8.445961632439168 
4 31  1.4238322616699994  -5.364781216385008  -6.424392181907967 
4 32  5.927670000145426e-06  -2.898641664742474  -6.424392181907967 
4 33  -1.4238204063300006  -5.364781216385008  -6.424392181907967 
4 34  2.9638409276699993  -3.4224480819880743  -2.4201065102091075 
4 35  -3.3892752834959947e-16  -3.195694367516344  -4.519394315740929 
4 36  4.503849593669999  -5.768519760857349  -4.480541086377386 
4 37  2.9638409276699997  -3.101146507248979  -4.480541086377386 
4 38  1.4238322616699992  -5.768519760857349  -4.480541086377386 
4 39  -1.5400086659999999  -0.8496226886470701  -2.4589597395726503 
4 40  -6.284963292803227e-16  -3.5169959422554387  -2.4589597395726503 
4 41  1.5400086660000005  -0.8496226886470701  -2.4589597395726503 
5 18  -2.963834999161841e-06  3.814062190477803  0.553973769679148 
5 19  -1.1589016418583615e-16  -1.092710445749864  -1.5453259321262074 
5 20  1.5400057021650004  1.4679905116085292  -1.5064608064891303 
5 21  2.963832036165  -0.9981490400340061  -1.5064608064891303 
5 22  4.387658370165001  1.4679905116085292  -1.5064608064891303 
5 23  4.387661334000001  1.2533612331194108  0.5151086440420709 
5 24  2.9638350000000013  3.7195007847619452  0.5151086440420709 
5 25  1.540008666  1.2533612331194108  0.5151086440420709 
5 26  -5.532216382728021e-16  -5.21624131954958  -7.376879218717951 
5 27  2.9638379638349996  -4.989501150526344  -9.476178920523306 
5 28  -1.4238263339999997  -2.4288001931679517  -9.43731379488623 
5 29  -2.6365264733718766e-16  -4.894939744810486  -9.43731379488623 
5 30  1.4238263340000001  -2.4288001931679517  -9.43731379488623 
5 31  1.423829297835  -2.643429471657069  -7.415744344355028 
5 32  2.963835000867695e-06  -0.1772899200145348  -7.415744344355028 
5 33  -1.423823370165  -2.643429471657069  -7.415744344355028 
5 34  2.963837963835  -0.7010963372601351  -3.4114586726561686 
5 35  -2.9638349996166585e-06  -0.4743426227884049  -5.51074647818799 
5 36  4.5038466298349995  -3.04716801612941  -5.471893248824447 
5 37  2.9638379638350005  -0.3797947625210396  -5.471893248824447 
5 38  1.4238292978349998  -3.04716801612941  -5.471893248824447 
5 39  -1.5400116298349993  1.871729056080869  -3.4503119020197115 
5 40  -2.9638349999062273e-06  -0.7956441975274995  -3.4503119020197115 
5 41  1.540005702165001  1.871729056080869  -3.4503119020197115 
6 18  -5.927669999214245e-06  6.659360934371042  6.997792566268886 
6 19  -2.963835000168295e-06  1.7525882981433751  4.89849286446353 
6 20  1.5400027383300006  4.313289255501768  4.937357990100607 
6 21  2.96382907233  1.847149703859233  4.937357990100607 
6 22  4.387655406330001  4.313289255501768  4.937357990100607 
6 23  4.387658370165001  4.09865997701265  6.9589274406318085 
6 24  2.9638320361650012  6.564799528655184  6.9589274406318085 
6 25  1.5400057021650002  4.09865997701265  6.9589274406318085 
6 26  -2.9638350006056267e-06  -2.370942575656341  -0.933060422128213 
6 27  2.9638349999999996  -2.1442024066331045  -3.032360123933568 
6 28  -1.4238292978349996  0.4164985507252874  -2.993494998296491 
6 29  -2.963835000316058e-06  -2.0496410009172465  -2.993494998296491 
6 30  1.4238233701650003  0.4164985507252874  -2.993494998296491 
6 31  1.4238263340000001  0.2018692722361699  -0.9719255477652902 
6 32  8.152899640394718e-16  2.6680088238787043  -0.9719255477652902 
6 33  -1.423826334  0.2018692722361699  -0.9719255477652902 
6 34  2.963835  2.144202406633104  3.032360123933569 
6 35  -5.927669999669063e-06  2.3709561211048342  0.9330723184017478 
6 36  4.503843666  -0.2018692722361708  0.9719255477652906 
6 37  2.9638350000000004  2.4655039813721995  0.9719255477652906 
6 38  1.423826334  -0.2018692722361708  0.9719255477652906 
6 39  -1.5400145936699992  4.717027799974108  2.993506894570026 
6 40  -5.927669999958632e-06  2.0496545463657396  2.993506894570026 
6 41  1.5400027383300012  4.717027799974108  2.993506894570026 
7 18  -1.4819234276699997  4.0926045317455895  6.997792566268886 
7 19  -1.4819204638350008  -0.8141681044820777  4.89849286446353 
7 20  0.0580852383299999  1.7465328528763155  4.937357990100607 
7 21  1.4819115723299994  -0.7196066987662197  4.937357990100607 
7 22  2.9057379063300006  1.7465328528763155  4.937357990100607 
7 23  2.9057408701650003  1.5319035743871972  6.9589274406318085 
7 24  1.4819145361650008  3.9980431260297316  6.9589274406318085 
7 25  0.05808820216499955  1.5319035743871972  6.9589274406318085 
7 26  -1.4819204638350012  -4.937698978281794  -0.933060422128213 
7 27  1.481917499999999  -4.710958809258557  -3.032360123933568 
7 28  -2.9057467978350005  -2.1502578519001654  -2.993494998296491 
7 29  -1.481920463835001  -4.616397403542699  -2.993494998296491 
7 30  -0.058094129835000397  -2.1502578519001654  -2.993494998296491 
7 31  -0.05809116600000053  -2.364887130389283  -0.9719255477652902 
7 32  -1.4819174999999998  0.10125242125325151  -0.9719255477652902 
7 33  -2.905743834000001  -2.364887130389283  -0.9719255477652902 
7 34  1.4819174999999996  -0.4225539959923488  3.032360123933569 
7 35  -1.4819234276700002  -0.19580028152061857  0.9330723184017478 
7 36  3.021926165999999  -2.7686256748616236  0.9719255477652906 
7 37  1.4819175  -0.10125242125325329  0.9719255477652906 
7 38  -0.05809116600000075  -2.7686256748616236  0.9719255477652906 
7 39  -3.02193209367  2.1502713973486554  2.993506894570026 
7 40  -1.4819234276700006  -0.5171018562597132  2.993506894570026 
7 41  0.058085238330000566  2.1502713973486554  2.993506894570026 
8 18  1.4819115723300003  4.0926045317455895  6.997792566268886 
8 19  1.4819145361649992  -0.8141681044820777  4.89849286446353 
8 20  3.02192023833  1.7465328528763155  4.937357990100607 
8 21  4.445746572329999  -0.7196066987662197  4.937357990100607 
8 22  5.86957290633  1.7465328528763155  4.937357990100607 
8 23  5.869575870165  1.5319035743871972  6.9589274406318085 
8 24  4.445749536165001  3.9980431260297316  6.9589274406318085 
8 25  3.0219232021649995  1.5319035743871972  6.9589274406318085 
8 26  1.4819145361649988  -4.937698978281794  -0.933060422128213 
8 27  4.445752499999999  -4.710958809258557  -3.032360123933568 
8 28  0.05808820216499977  -2.1502578519001654  -2.993494998296491 
8 29  1.481914536164999  -4.616397403542699  -2.993494998296491 
8 30  2.9057408701649994  -2.1502578519001654  -2.993494998296491 
8 31  2.9057438339999995  -2.364887130389283  -0.9719255477652902 
8 32  1.4819175000000002  0.10125242125325151  -0.9719255477652902 
8 33  0.05809116599999942  -2.364887130389283  -0.9719255477652902 
8 34  4.445752499999999  -0.4225539959923488  3.032360123933569 
8 35  1.4819115723299998  -0.19580028152061857  0.9330723184017478 
8 36  5.985761165999999  -2.7686256748616236  0.9719255477652906 
8 37  4.4457525  -0.10125242125325329  0.9719255477652906 
8 38  2.905743833999999  -2.7686256748616236  0.9719255477652906 
8 39  -0.05809709366999982  2.1502713973486554  2.993506894570026 
8 40  1.4819115723299994  -0.5171018562597132  2.993506894570026 
8 41  3.021920238330001  2.1502713973486554  2.993506894570026 
9 18  6.734830961419459e-16  6.350170250166067  8.980496891163009 
9 19  2.9638349997194337e-06  1.4433976139383997  6.881197189357653 
9 20  1.5400086660000003  4.004098571296793  6.9200623149947305 
9 21  2.963835  1.5379590196542576  6.9200623149947305 
9 22  4.387661334000001  4.004098571296793  6.9200623149947305 
9 23  4.387664297835  3.7894692928076745  8.941631765525932 
9 24  2.9638379638350014  6.255608844450209  8.941631765525932 
9 25  1.540011629835  3.7894692928076745  8.941631765525932 
9 26  2.963834999282102e-06  -2.6801332598613166  1.0496439027659104 
9 27  2.9638409276699997  -2.45339309083808  -1.0496557990394448 
9 28  -1.4238233701649998  0.10730786652031199  -1.0107906734023677 
9 29  2.963834999571671e-06  -2.358831685122222  -1.0107906734023677 
9 30  1.423829297835  0.10730786652031199  -1.0107906734023677 
9 31  1.4238322616699999  -0.10732141196880551  1.0107787771288332 
9 32  5.927670000703019e-06  2.358818139673729  1.0107787771288332 
9 33  -1.4238204063300002  -0.10732141196880551  1.0107787771288332 
9 34  2.96384092767  1.8350117224281286  5.015064448827692 
9 35  2.1866536698196028e-16  2.061765436899859  2.915776643295871 
9 36  4.503849593669999  -0.5110599564411462  2.954629872659414 
9 37  2.9638409276700006  2.156313297167224  2.954629872659414 
9 38  1.4238322616699997  -0.5110599564411462  2.954629872659414 
9 39  -1.5400086659999994  4.407837115769133  4.976211219464149 
9 40  -7.090343394876297e-17  1.7404638621607642  4.976211219464149 
9 41  1.540008666000001  4.407837115769133  4.976211219464149 
10 18  -2.963834998492729e-06  10.123013955777248  9.476178920523306 
10 19  5.532216382728021e-16  5.21624131954958  7.376879218717952 
10 20  1.540005702165001  7.776942276907973  7.415744344355029 
10 21  2.963832036165001  5.310802725265438  7.415744344355029 
10 22  4.387658370165002  7.776942276907973  7.415744344355029 
10 23  4.3876613340000015  7.562312998418855  9.43731379488623 
10 24  2.963835000000002  10.02845255006139  9.43731379488623 
10 25  1.5400086660000007  7.562312998418855  9.43731379488623 
10 26  1.1589016418583615e-16  1.0927104457498638  1.5453259321262085 
10 27  2.9638379638350005  1.3194506147731004  -0.5539737696791466 
10 28  -1.423826333999999  3.880151572131492  -0.5151086440420696 
10 29  4.054591551214506e-16  1.4140120204889584  -0.5151086440420696 
10 30  1.4238263340000008  3.880151572131492  -0.5151086440420696 
10 31  1.4238292978350007  3.6655222936423746  1.5064608064891314 
10 32  2.963835001536807e-06  6.131661845284909  1.5064608064891314 
10 33  -1.4238233701649994  3.6655222936423746  1.5064608064891314 
10 34  2.963837963835001  5.607855428039309  5.510746478187991 
10 35  -2.9638349989475465e-06  5.834609142511039  3.4114586726561695 
10 36  4.503846629835  3.261783749170034  3.4503119020197124 
10 37  2.9638379638350014  5.929157002778404  3.4503119020197124 
10 38  1.4238292978350005  3.261783749170034  3.4503119020197124 
10 39  -1.5400116298349986  8.180680821380314  5.471893248824448 
10 40  -2.9638349992371153e-06  5.513307567771944  5.471893248824448 
10 41  1.5400057021650018  8.180680821380314  5.471893248824448 
11 18  -2.963840927669999  7.710852895254283  8.484826758076245 
11 19  -2.963837963835  2.804080259026616  6.38552705627089 
11 20  -1.4238322616699992  5.364781216385009  6.424392181907967 
11 21  -5.927669999739038e-06  2.898641664742474  6.424392181907967 
11 22  1.4238204063300013  5.364781216385009  6.424392181907967 
11 23  1.423823370165001  5.150151937895891  8.445961632439168 
11 24  -2.963834998315207e-06  7.616291489538425  8.445961632439168 
11 25  -1.4238292978349996  5.150151937895891  8.445961632439168 
11 26  -2.963837963835  -1.3194506147731002  0.5539737696791467 
11 27  0.0  -1.0927104457498635  -1.5453259321262083 
11 28  -4.387664297834999  1.4679905116085283  -1.5064608064891314 
11 29  -2.963837963835  -0.9981490400340056  -1.5064608064891314 
11 30  -1.5400116298349995  1.4679905116085283  -1.5064608064891314 
11 31  -1.5400086659999996  1.2533612331194108  0.5151086440420696 
11 32  -2.9638349999999987  3.7195007847619452  0.5151086440420696 
11 33  -4.387661334  1.2533612331194108  0.5151086440420696 
11 34  4.440892098500626e-16  3.195694367516345  4.519394315740929 
11 35  -2.9638409276699993  3.422448081988075  2.4201065102091075 
11 36  1.5400086659999999  0.8496226886470701  2.4589597395726503 
11 37  8.881784197001252e-16  3.5169959422554404  2.4589597395726503 
11 38  -1.5400086659999999  0.8496226886470701  2.4589597395726503 
11 39  -4.503849593669999  5.768519760857349  4.480541086377386 
11 40  -2.9638409276699997  3.1011465072489806  4.480541086377386 
11 41  -1.4238322616699985  5.768519760857349  4.480541086377386 
12 18  -2.9638349999999996  2.144202406633104  3.032360123933569 
12 19  -2.963832036165001  -2.762570229594563  0.9330604221282135 
12 20  -1.423826334  -0.2018692722361699  0.9719255477652906 
12 21  -4.440892098500626e-16  -2.668008823878705  0.9719255477652906 
12 22  1.4238263340000006  -0.2018692722361699  0.9719255477652906 
12 23  1.4238292978350002  -0.4164985507252883  2.993494998296492 
12 24  2.963835000979742e-06  2.049641000917246  2.993494998296492 
12 25  -1.4238233701650003  -0.4164985507252883  2.993494998296492 
12 26  -2.963832036165001  -6.88610110339428  -4.898492864463529 
12 27  5.927669999294949e-06  -6.659360934371042  -6.997792566268885 
12 28  -4.387658370165  -4.098659977012651  -6.958927440631808 
12 29  -2.963832036165001  -6.564799528655184  -6.958927440631808 
12 30  -1.5400057021650002  -4.098659977012651  -6.958927440631808 
12 31  -1.5400027383300003  -4.313289255501768  -4.937357990100606 
12 32  -2.9638290723299994  -1.847149703859234  -4.937357990100606 
12 33  -4.38765540633  -4.313289255501768  -4.937357990100606 
12 34  5.927669999739038e-06  -2.3709561211048342  -0.9330723184017478 
12 35  -2.963835  -2.144202406633104  -3.032360123933569 
12 36  1.5400145936699992  -4.717027799974109  -2.993506894570026 
12 37  5.927670000183127e-06  -2.0496545463657387  -2.993506894570026 
12 38  -1.5400027383300006  -4.717027799974109  -2.993506894570026 
12 39  -4.503843666  0.2018692722361699  -0.9719255477652906 
12 40  -2.9638350000000004  -2.4655039813721986  -0.9719255477652906 
12 41  -1.4238263339999992  0.2018692722361699  -0.9719255477652906 
13 18  -1.481917499999999  4.710958809258555  3.032360123933569 
13 19  -1.4819145361650001  -0.1958138269691121  0.9330604221282135 
13 20  0.05809116600000053  2.364887130389281  0.9719255477652906 
13 21  1.4819175  -0.10125242125325418  0.9719255477652906 
13 22  2.905743834000001  2.364887130389281  0.9719255477652906 
13 23  2.9057467978350005  2.1502578519001627  2.993494998296492 
13 24  1.4819204638350014  4.616397403542697  2.993494998296492 
13 25  0.058094129835000174  2.1502578519001627  2.993494998296492 
13 26  -1.4819145361650006  -4.319344700768829  -4.898492864463529 
13 27  1.4819234276699997  -4.092604531745591  -6.997792566268885 
13 28  -2.9057408701649994  -1.5319035743871998  -6.958927440631808 
13 29  -1.4819145361650004  -3.9980431260297338  -6.958927440631808 
13 30  -0.05808820216499977  -1.5319035743871998  -6.958927440631808 
13 31  -0.0580852383299999  -1.7465328528763173  -4.937357990100606 
13 32  -1.4819115723299991  0.7196066987662171  -4.937357990100606 
13 33  -2.9057379063299997  -1.7465328528763173  -4.937357990100606 
13 34  1.4819234276700002  0.1958002815206168  -0.9330723184017478 
13 35  -1.4819174999999996  0.422553995992347  -3.032360123933569 
13 36  3.0219320936699994  -2.150271397348658  -2.993506894570026 
13 37  1.4819234276700006  0.5171018562597123  -2.993506894570026 
13 38  -0.05808523833000012  -2.150271397348658  -2.993506894570026 
13 39  -3.021926165999999  2.768625674861621  -0.9719255477652906 
13 40  -1.4819175  0.1012524212532524  -0.9719255477652906 
13 41  0.05809116600000119  2.768625674861621  -0.9719255477652906 
14 18  -4.4457525  4.710958809258555  3.032360123933569 
14 19  -4.445749536165001  -0.1958138269691121  0.9330604221282135 
14 20  -2.905743834  2.364887130389281  0.9719255477652906 
14 21  -1.4819175000000007  -0.10125242125325418  0.9719255477652906 
14 22  -0.05809116599999964  2.364887130389281  0.9719255477652906 
14 23  -0.05808820216499999  2.1502578519001627  2.993494998296492 
14 24  -1.4819145361649992  4.616397403542697  2.993494998296492 
14 25  -2.9057408701650003  2.1502578519001627  2.993494998296492 
14 26  -4.4457495361650015  -4.319344700768829  -4.898492864463529 
14 27  -1.481911572330001  -4.092604531745591  -6.997792566268885 
14 28  -5.869575870165001  -1.5319035743871998  -6.958927440631808 
14 29  -4.445749536165001  -3.9980431260297338  -6.958927440631808 
14 30  -3.0219232021650004  -1.5319035743871998  -6.958927440631808 
14 31  -3.021920238330001  -1.7465328528763173  -4.937357990100606 
14 32  -4.44574657233  0.7196066987662171  -4.937357990100606 
14 33  -5.869572906330001  -1.7465328528763173  -4.937357990100606 
14 34  -1.4819115723300005  0.1958002815206168  -0.9330723184017478 
14 35  -4.4457525  0.422553995992347  -3.032360123933569 
14 36  0.058097093669998934  -2.150271397348658  -2.993506894570026 
14 37  -1.48191157233  0.5171018562597123  -2.993506894570026 
14 38  -3.021920238330001  -2.150271397348658  -2.993506894570026 
14 39  -5.985761166  2.768625674861621  -0.9719255477652906 
14 40  -4.4457525  0.1012524212532524  -0.9719255477652906 
14 41  -2.9057438339999995  2.768625674861621  -0.9719255477652906 
15 18  -2.963834998827285e-06  6.968538073127525  5.015076345101227 
15 19  2.1866573704348298e-16  2.061765436899858  2.915776643295872 
15 20  1.5400057021650009  4.622466394258251  2.954641768932949 
15 21  2.9638320361650003  2.156326842615716  2.954641768932949 
15 22  4.387658370165001  4.622466394258251  2.954641768932949 
15 23  4.387661334000001  4.407837115769133  4.97621121946415 
15 24  2.9638350000000018  6.873976667411667  4.97621121946415 
15 25  1.5400086660000005  4.407837115769133  4.97621121946415 
15 26  -2.1866573704348298e-16  -2.0617654368998584  -2.9157766432958714 
15 27  2.963837963835  -1.8350252678766217  -5.015076345101226 
15 28  -1.4238263339999992  0.7256756894817702  -4.976211219464149 
15 29  7.090325389213147e-17  -1.7404638621607638  -4.976211219464149 
15 30  1.4238263340000006  0.7256756894817702  -4.976211219464149 
15 31  1.4238292978350005  0.5110464109926527  -2.9546417689329485 
15 32  2.963835001202251e-06  2.977185962635187  -2.9546417689329485 
15 33  -1.4238233701649996  0.5110464109926527  -2.9546417689329485 
15 34  2.9638379638350005  2.453379545389587  1.0496439027659106 
15 35  -2.9638349992821025e-06  2.680133259861317  -1.0496439027659106 
15 36  4.5038466298349995  0.10730786652031199  -1.0107906734023677 
15 37  2.963837963835001  2.7746811201286823  -1.0107906734023677 
15 38  1.4238292978350002  0.10730786652031199  -1.0107906734023677 
15 39  -1.5400116298349988  5.026204938730591  1.0107906734023677 
15 40  -2.9638349995716713e-06  2.3588316851222224  1.0107906734023677 
15 41  1.5400057021650015  5.026204938730591  1.0107906734023677 
16 18  -2.9638409276699993  5.607868973487802  5.510758374461526 
16 19  -2.9638379638350005  0.7010963372601351  3.4114586726561704 
16 20  -1.4238322616699997  3.2617972946185283  3.4503237982932475 
16 21  -5.927670000183127e-06  0.795657742975993  3.4503237982932475 
16 22  1.4238204063300008  3.2617972946185283  3.4503237982932475 
16 23  1.4238233701650005  3.04716801612941  5.471893248824449 
16 24  -2.963834998759296e-06  5.513307567771944  5.471893248824449 
16 25  -1.423829297835  3.04716801612941  5.471893248824449 
16 26  -2.9638379638350005  -3.422434536539581  -2.420094613935573 
16 27  -4.440892098500626e-16  -3.1956943675163445  -4.519394315740928 
16 28  -4.387664297835  -0.6349934101579526  -4.480529190103851 
16 29  -2.9638379638350005  -3.1011329618004866  -4.480529190103851 
16 30  -1.540011629835  -0.6349934101579526  -4.480529190103851 
16 31  -1.540008666  -0.8496226886470701  -2.45895973957265 
16 32  -2.963834999999999  1.6165168629954643  -2.45895973957265 
16 33  -4.387661334000001  -0.8496226886470701  -2.45895973957265 
16 34  0.0  1.092710445749864  1.5453259321262092 
16 35  -2.9638409276699997  1.3194641602215942  -0.553961873405612 
16 36  1.5400086659999994  -1.2533612331194108  -0.5151086440420691 
16 37  4.440892098500626e-16  1.4140120204889595  -0.5151086440420691 
16 38  -1.5400086660000003  -1.2533612331194108  -0.5151086440420691 
16 39  -4.503849593669999  3.665535839090868  1.5064727027626663 
16 40  -2.96384092767  0.9981625854824996  1.5064727027626663 
16 41  -1.423832261669999  3.665535839090868  1.5064727027626663 
17 18  3.3892752834959947e-16  3.195694367516344  4.519394315740929 
17 19  2.963834999384878e-06  -1.711078268711323  2.4200946139355732 
17 20  1.540008666  0.8496226886470701  2.4589597395726503 
17 21  2.9638349999999996  -1.6165168629954652  2.4589597395726503 
17 22  4.387661334000001  0.8496226886470701  2.4589597395726503 
17 23  4.387664297835  0.6349934101579517  4.4805291901038515 
17 24  2.963837963835001  3.101132961800486  4.4805291901038515 
17 25  1.5400116298349997  0.6349934101579517  4.4805291901038515 
17 26  2.9638349989475465e-06  -5.83460914251104  -3.41145867265617 
17 27  2.9638409276699993  -5.607868973487802  -5.510758374461525 
17 28  -1.423823370165  -3.047168016129411  -5.471893248824448 
17 29  2.9638349992371153e-06  -5.513307567771944  -5.471893248824448 
17 30  1.4238292978349998  -3.047168016129411  -5.471893248824448 
17 31  1.4238322616699997  -3.2617972946185283  -3.450323798293247 
17 32  5.927670000368463e-06  -0.7956577429759939  -3.450323798293247 
17 33  -1.4238204063300004  -3.2617972946185283  -3.450323798293247 
17 34  2.9638409276699997  -1.3194641602215942  0.553961873405612 
17 35  -1.1589020081038612e-16  -1.092710445749864  -1.5453259321262092 
17 36  4.503849593669999  -3.665535839090869  -1.5064727027626663 
17 37  2.96384092767  -0.9981625854824987  -1.5064727027626663 
17 38  1.4238322616699994  -3.665535839090869  -1.5064727027626663 
17 39  -1.5400086659999996  1.25336123311941  0.5151086440420691 
17 40  -4.0545900174110937e-16  -1.4140120204889586  0.5151086440420691 
17 41  1.5400086660000007  1.25336123311941  0.5151086440420691 
18 0  2.9638379638349983  -11.174505916660488  -10.963213112330667 
18 1  -1.481914536165001  -8.607749514035035  -10.963213112330667 
18 2  1.481920463834999  -8.607749514035035  -10.963213112330667 
18 3  2.9638409276699997  -2.4533930908380803  -1.0496557990394457 
18 4  -1.1589020081038612e-16  -1.092710445749864  -1.5453259321262092 
18 5  2.963834999161841e-06  -3.814062190477803  -0.553973769679148 
18 6  5.927669999214245e-06  -6.659360934371042  -6.997792566268886 
18 7  1.4819234276699997  -4.0926045317455895  -6.997792566268886 
18 8  -1.4819115723300003  -4.0926045317455895  -6.997792566268886 
18 9  -6.734830961419459e-16  -6.350170250166067  -8.980496891163009 
18 10  2.963834998492729e-06  -10.123013955777248  -9.476178920523306 
18 11  2.963840927669999  -7.710852895254283  -8.484826758076245 
18 12  2.9638349999999996  -2.144202406633104  -3.032360123933569 
18 13  1.481917499999999  -4.710958809258555  -3.032360123933569 
18 14  4.4457525  -4.710958809258555  -3.032360123933569 
18 15  2.963834998827285e-06  -6.968538073127525  -5.015076345101227 
18 16  2.9638409276699993  -5.607868973487802  -5.510758374461526 
18 17  -3.3892752834959947e-16  -3.195694367516344  -4.519394315740929 
19 0  2.9638349999999996  -6.267733280432821  -8.863913410525312 
19 1  -1.4819175  -3.700976877807369  -8.863913410525312 
19 2  1.4819175  -3.700976877807369  -8.863913410525312 
19 3  2.963837963835001  2.453379545389587  1.0496439027659097 
19 4  -2.963834999161841e-06  3.814062190477803  0.5539737696791462 
19 5  1.1589016418583615e-16  1.092710445749864  1.5453259321262074 
19 6  2.963835000168295e-06  -1.7525882981433751  -4.89849286446353 
19 7  1.4819204638350008  0.8141681044820777  -4.89849286446353 
19 8  -1.4819145361649992  0.8141681044820777  -4.89849286446353 
19 9  -2.9638349997194337e-06  -1.4433976139383997  -6.881197189357653 
19 10  -5.532216382728021e-16  -5.21624131954958  -7.376879218717952 
19 11  2.963837963835  -2.804080259026616  -6.38552705627089 
19 12  2.963832036165001  2.762570229594563  -0.9330604221282135 
19 13  1.4819145361650001  0.1958138269691121  -0.9330604221282135 
19 14  4.445749536165001  0.1958138269691121  -0.9330604221282135 
19 15  -2.1866573704348298e-16  -2.061765436899858  -2.915776643295872 
19 16  2.9638379638350005  -0.7010963372601351  -3.4114586726561704 
19 17  -2.963834999384878e-06  1.711078268711323  -2.4200946139355732 
20 0  1.4238292978349987  -8.828434237791214  -8.902778536162389 
20 1  -3.0219232021650004  -6.261677835165762  -8.902778536162389 
20 2  -0.05808820216500066  -6.261677835165762  -8.902778536162389 
20 3  1.42383226167  -0.1073214119688064  1.0107787771288326 
20 4  -1.5400086659999999  1.25336123311941  0.5151086440420691 
20 5  -1.5400057021650004  -1.4679905116085292  1.5064608064891303 
20 6  -1.5400027383300006  -4.313289255501768  -4.937357990100607 
20 7  -0.0580852383299999  -1.7465328528763155  -4.937357990100607 
20 8  -3.02192023833  -1.7465328528763155  -4.937357990100607 
20 9  -1.5400086660000003  -4.004098571296793  -6.9200623149947305 
20 10  -1.540005702165001  -7.776942276907973  -7.415744344355029 
20 11  1.4238322616699992  -5.364781216385009  -6.424392181907967 
20 12  1.423826334  0.2018692722361699  -0.9719255477652906 
20 13  -0.05809116600000053  -2.364887130389281  -0.9719255477652906 
20 14  2.905743834  -2.364887130389281  -0.9719255477652906 
20 15  -1.5400057021650009  -4.622466394258251  -2.954641768932949 
20 16  1.4238322616699997  -3.2617972946185283  -3.4503237982932475 
20 17  -1.540008666  -0.8496226886470701  -2.4589597395726503 
21 0  2.9638349992033852e-06  -6.362294686148679  -8.902778536162389 
21 1  -4.445749536165  -3.7955382835232268  -8.902778536162389 
21 2  -1.4819145361650001  -3.7955382835232268  -8.902778536162389 
21 3  5.9276700006272165e-06  2.358818139673729  1.0107787771288326 
21 4  -2.963834999999999  3.7195007847619452  0.5151086440420691 
21 5  -2.963832036165  0.9981490400340061  1.5064608064891303 
21 6  -2.96382907233  -1.847149703859233  -4.937357990100607 
21 7  -1.4819115723299994  0.7196066987662197  -4.937357990100607 
21 8  -4.445746572329999  0.7196066987662197  -4.937357990100607 
21 9  -2.963835  -1.5379590196542576  -6.9200623149947305 
21 10  -2.963832036165001  -5.310802725265438  -7.415744344355029 
21 11  5.927669999739038e-06  -2.898641664742474  -6.424392181907967 
21 12  4.440892098500626e-16  2.668008823878705  -0.9719255477652906 
21 13  -1.4819175  0.10125242125325418  -0.9719255477652906 
21 14  1.4819175000000007  0.10125242125325418  -0.9719255477652906 
21 15  -2.9638320361650003  -2.156326842615716  -2.954641768932949 
21 16  5.927670000183127e-06  -0.795657742975993  -3.4503237982932475 
21 17  -2.9638349999999996  1.6165168629954652  -2.4589597395726503 
22 0  -1.4238233701650018  -8.828434237791214  -8.902778536162389 
22 1  -5.869575870165001  -6.261677835165762  -8.902778536162389 
22 2  -2.905740870165001  -6.261677835165762  -8.902778536162389 
22 3  -1.4238204063300004  -0.1073214119688064  1.0107787771288326 
22 4  -4.387661334000001  1.25336123311941  0.5151086440420691 
22 5  -4.387658370165001  -1.4679905116085292  1.5064608064891303 
22 6  -4.387655406330001  -4.313289255501768  -4.937357990100607 
22 7  -2.9057379063300006  -1.7465328528763155  -4.937357990100607 
22 8  -5.86957290633  -1.7465328528763155  -4.937357990100607 
22 9  -4.387661334000001  -4.004098571296793  -6.9200623149947305 
22 10  -4.387658370165002  -7.776942276907973  -7.415744344355029 
22 11  -1.4238204063300013  -5.364781216385009  -6.424392181907967 
22 12  -1.4238263340000006  0.2018692722361699  -0.9719255477652906 
22 13  -2.905743834000001  -2.364887130389281  -0.9719255477652906 
22 14  0.05809116599999964  -2.364887130389281  -0.9719255477652906 
22 15  -4.387658370165001  -4.622466394258251  -2.954641768932949 
22 16  -1.4238204063300008  -3.2617972946185283  -3.4503237982932475 
22 17  -4.387661334000001  -0.8496226886470701  -2.4589597395726503 
23 0  -1.4238263340000015  -8.613804959302096  -10.92434798669359 
23 1  -5.869578834  -6.047048556676644  -10.92434798669359 
23 2  -2.905743834000001  -6.047048556676644  -10.92434798669359 
23 3  -1.423823370165  0.10730786652031199  -1.0107906734023686 
23 4  -4.387664297835  1.4679905116085283  -1.506460806489132 
23 5  -4.387661334000001  -1.2533612331194108  -0.5151086440420709 
23 6  -4.387658370165001  -4.09865997701265  -6.9589274406318085 
23 7  -2.9057408701650003  -1.5319035743871972  -6.9589274406318085 
23 8  -5.869575870165  -1.5319035743871972  -6.9589274406318085 
23 9  -4.387664297835  -3.7894692928076745  -8.941631765525932 
23 10  -4.3876613340000015  -7.562312998418855  -9.43731379488623 
23 11  -1.423823370165001  -5.150151937895891  -8.445961632439168 
23 12  -1.4238292978350002  0.4164985507252883  -2.993494998296492 
23 13  -2.9057467978350005  -2.1502578519001627  -2.993494998296492 
23 14  0.05808820216499999  -2.1502578519001627  -2.993494998296492 
23 15  -4.387661334000001  -4.407837115769133  -4.97621121946415 
23 16  -1.4238233701650005  -3.04716801612941  -5.471893248824449 
23 17  -4.387664297835  -0.6349934101579517  -4.4805291901038515 
24 0  -2.220446049250313e-15  -11.07994451094463  -10.92434798669359 
24 1  -4.445752500000001  -8.513188108319177  -10.92434798669359 
24 2  -1.4819175000000016  -8.513188108319177  -10.92434798669359 
24 3  2.9638349992033852e-06  -2.3588316851222224  -1.0107906734023686 
24 4  -2.9638379638350005  -0.9981490400340061  -1.506460806489132 
24 5  -2.9638350000000013  -3.7195007847619452  -0.5151086440420709 
24 6  -2.9638320361650012  -6.564799528655184  -6.9589274406318085 
24 7  -1.4819145361650008  -3.9980431260297316  -6.9589274406318085 
24 8  -4.445749536165001  -3.9980431260297316  -6.9589274406318085 
24 9  -2.9638379638350014  -6.255608844450209  -8.941631765525932 
24 10  -2.963835000000002  -10.02845255006139  -9.43731379488623 
24 11  2.963834998315207e-06  -7.616291489538425  -8.445961632439168 
24 12  -2.963835000979742e-06  -2.049641000917246  -2.993494998296492 
24 13  -1.4819204638350014  -4.616397403542697  -2.993494998296492 
24 14  1.4819145361649992  -4.616397403542697  -2.993494998296492 
24 15  -2.9638350000000018  -6.873976667411667  -4.97621121946415 
24 16  2.963834998759296e-06  -5.513307567771944  -5.471893248824449 
24 17  -2.963837963835001  -3.101132961800486  -4.4805291901038515 
25 0  1.423826333999999  -8.613804959302096  -10.92434798669359 
25 1  -3.021926166  -6.047048556676644  -10.92434798669359 
25 2  -0.058091166000000305  -6.047048556676644  -10.92434798669359 
25 3  1.4238292978350005  0.10730786652031199  -1.0107906734023686 
25 4  -1.5400116298349995  1.4679905116085283  -1.506460806489132 
25 5  -1.540008666  -1.2533612331194108  -0.5151086440420709 
25 6  -1.5400057021650002  -4.09865997701265  -6.9589274406318085 
25 7  -0.05808820216499955  -1.5319035743871972  -6.9589274406318085 
25 8  -3.0219232021649995  -1.5319035743871972  -6.9589274406318085 
25 9  -1.540011629835  -3.7894692928076745  -8.941631765525932 
25 10  -1.5400086660000007  -7.562312998418855  -9.43731379488623 
25 11  1.4238292978349996  -5.150151937895891  -8.445961632439168 
25 12  1.4238233701650003  0.4164985507252883  -2.993494998296492 
25 13  -0.058094129835000174  -2.1502578519001627  -2.993494998296492 
25 14  2.9057408701650003  -2.1502578519001627  -2.993494998296492 
25 15  -1.5400086660000005  -4.407837115769133  -4.97621121946415 
25 16  1.423829297835  -3.04716801612941  -5.471893248824449 
25 17  -1.5400116298349997  -0.6349934101579517  -4.4805291901038515 
26 0  2.9638349999999996  -2.1442024066331045  -3.0323601239335685 
26 1  -1.4819174999999996  0.42255399599234744  -3.0323601239335685 
26 2  1.4819175000000004  0.42255399599234744  -3.0323601239335685 
26 3  2.963837963835001  6.5769104191893035  6.881197189357653 
26 4  -2.9638349987245092e-06  7.93759306427752  6.38552705627089 
26 5  5.532216382728021e-16  5.21624131954958  7.376879218717951 
26 6  2.9638350006056267e-06  2.370942575656341  0.933060422128213 
26 7  1.4819204638350012  4.937698978281794  0.933060422128213 
26 8  -1.4819145361649988  4.937698978281794  0.933060422128213 
26 9  -2.963834999282102e-06  2.6801332598613166  -1.0496439027659104 
26 10  -1.1589016418583615e-16  -1.0927104457498638  -1.5453259321262085 
26 11  2.963837963835  1.3194506147731002  -0.5539737696791467 
26 12  2.963832036165001  6.88610110339428  4.898492864463529 
26 13  1.4819145361650006  4.319344700768829  4.898492864463529 
26 14  4.4457495361650015  4.319344700768829  4.898492864463529 
26 15  2.1866573704348298e-16  2.0617654368998584  2.9157766432958714 
26 16  2.9638379638350005  3.422434536539581  2.420094613935573 
26 17  -2.9638349989475465e-06  5.83460914251104  3.41145867265617 
27 0  -2.963835000535653e-06  -2.370942575656341  -0.9330604221282134 
27 1  -4.445755463835  0.19581382696911076  -0.9330604221282134 
27 2  -1.4819204638349999  0.19581382696911076  -0.9330604221282134 
27 3  8.881784197001252e-16  6.350170250166066  8.980496891163009 
27 4  -2.963840927669999  7.710852895254282  8.484826758076245 
27 5  -2.9638379638349996  4.989501150526344  9.476178920523306 
27 6  -2.9638349999999996  2.1442024066331045  3.032360123933568 
27 7  -1.481917499999999  4.710958809258557  3.032360123933568 
27 8  -4.445752499999999  4.710958809258557  3.032360123933568 
27 9  -2.9638409276699997  2.45339309083808  1.0496557990394448 
27 10  -2.9638379638350005  -1.3194506147731004  0.5539737696791466 
27 11  0.0  1.0927104457498635  1.5453259321262083 
27 12  -5.927669999294949e-06  6.659360934371042  6.997792566268885 
27 13  -1.4819234276699997  4.092604531745591  6.997792566268885 
27 14  1.481911572330001  4.092604531745591  6.997792566268885 
27 15  -2.963837963835  1.8350252678766217  5.015076345101226 
27 16  4.440892098500626e-16  3.1956943675163445  4.519394315740928 
27 17  -2.9638409276699993  5.607868973487802  5.510758374461525 
28 0  4.387661333999999  -4.931643533014733  -0.9719255477652904 
28 1  -0.05809116600000053  -2.364887130389281  -0.9719255477652904 
28 2  2.9057438339999995  -2.364887130389281  -0.9719255477652904 
28 3  4.387664297835  3.7894692928076745  8.941631765525932 
28 4  1.4238233701650003  5.150151937895891  8.445961632439168 
28 5  1.4238263339999997  2.4288001931679517  9.43731379488623 
28 6  1.4238292978349996  -0.4164985507252874  2.993494998296491 
28 7  2.9057467978350005  2.1502578519001654  2.993494998296491 
28 8  -0.05808820216499977  2.1502578519001654  2.993494998296491 
28 9  1.4238233701649998  -0.10730786652031199  1.0107906734023677 
28 10  1.423826333999999  -3.880151572131492  0.5151086440420696 
28 11  4.387664297834999  -1.4679905116085283  1.5064608064891314 
28 12  4.387658370165  4.098659977012651  6.958927440631808 
28 13  2.9057408701649994  1.5319035743871998  6.958927440631808 
28 14  5.869575870165001  1.5319035743871998  6.958927440631808 
28 15  1.4238263339999992  -0.7256756894817702  4.976211219464149 
28 16  4.387664297835  0.6349934101579526  4.480529190103851 
28 17  1.423823370165  3.047168016129411  5.471893248824448 
29 0  2.9638349999999996  -2.465503981372199  -0.9719255477652904 
29 1  -1.4819174999999998  0.10125242125325284  -0.9719255477652904 
29 2  1.4819175000000002  0.10125242125325284  -0.9719255477652904 
29 3  2.963837963835001  6.255608844450208  8.941631765525932 
29 4  -2.963834999014078e-06  7.616291489538424  8.445961632439168 
29 5  2.6365264733718766e-16  4.894939744810486  9.43731379488623 
29 6  2.963835000316058e-06  2.0496410009172465  2.993494998296491 
29 7  1.481920463835001  4.616397403542699  2.993494998296491 
29 8  -1.481914536164999  4.616397403542699  2.993494998296491 
29 9  -2.963834999571671e-06  2.358831685122222  1.0107906734023677 
29 10  -4.054591551214506e-16  -1.4140120204889584  0.5151086440420696 
29 11  2.963837963835  0.9981490400340056  1.5064608064891314 
29 12  2.963832036165001  6.564799528655184  6.958927440631808 
29 13  1.4819145361650004  3.9980431260297338  6.958927440631808 
29 14  4.445749536165001  3.9980431260297338  6.958927440631808 
29 15  -7.090325389213147e-17  1.7404638621607638  4.976211219464149 
29 16  2.9638379638350005  3.1011329618004866  4.480529190103851 
29 17  -2.9638349992371153e-06  5.513307567771944  5.471893248824448 
30 0  1.540008665999999  -4.931643533014733  -0.9719255477652904 
30 1  -2.9057438340000004  -2.364887130389281  -0.9719255477652904 
30 2  0.05809116599999964  -2.364887130389281  -0.9719255477652904 
30 3  1.5400116298350004  3.7894692928076745  8.941631765525932 
30 4  -1.4238292978349996  5.150151937895891  8.445961632439168 
30 5  -1.4238263340000001  2.4288001931679517  9.43731379488623 
30 6  -1.4238233701650003  -0.4164985507252874  2.993494998296491 
30 7  0.058094129835000397  2.1502578519001654  2.993494998296491 
30 8  -2.9057408701649994  2.1502578519001654  2.993494998296491 
30 9  -1.423829297835  -0.10730786652031199  1.0107906734023677 
30 10  -1.4238263340000008  -3.880151572131492  0.5151086440420696 
30 11  1.5400116298349995  -1.4679905116085283  1.5064608064891314 
30 12  1.5400057021650002  4.098659977012651  6.958927440631808 
30 13  0.05808820216499977  1.5319035743871998  6.958927440631808 
30 14  3.0219232021650004  1.5319035743871998  6.958927440631808 
30 15  -1.4238263340000006  -0.7256756894817702  4.976211219464149 
30 16  1.540011629835  0.6349934101579526  4.480529190103851 
30 17  -1.4238292978349998  3.047168016129411  5.471893248824448 
31 0  1.540005702164999  -4.7170142545256155  -2.9934949982964913 
31 1  -2.9057467978350005  -2.1502578519001636  -2.9934949982964913 
31 2  0.05808820216499977  -2.1502578519001636  -2.9934949982964913 
31 3  1.5400086660000005  4.004098571296792  6.9200623149947305 
31 4  -1.4238322616699994  5.364781216385008  6.424392181907967 
31 5  -1.423829297835  2.643429471657069  7.415744344355028 
31 6  -1.4238263340000001  -0.2018692722361699  0.9719255477652902 
31 7  0.05809116600000053  2.364887130389283  0.9719255477652902 
31 8  -2.9057438339999995  2.364887130389283  0.9719255477652902 
31 9  -1.4238322616699999  0.10732141196880551  -1.0107787771288332 
31 10  -1.4238292978350007  -3.6655222936423746  -1.5064608064891314 
31 11  1.5400086659999996  -1.2533612331194108  -0.5151086440420696 
31 12  1.5400027383300003  4.313289255501768  4.937357990100606 
31 13  0.0580852383299999  1.7465328528763173  4.937357990100606 
31 14  3.021920238330001  1.7465328528763173  4.937357990100606 
31 15  -1.4238292978350005  -0.5110464109926527  2.9546417689329485 
31 16  1.540008666  0.8496226886470701  2.45895973957265 
31 17  -1.4238322616699997  3.2617972946185283  3.450323798293247 
32 0  2.963832036164998  -7.18315380616815  -2.9934949982964913 
32 1  -1.481920463835001  -4.616397403542698  -2.9934949982964913 
32 2  1.481914536164999  -4.616397403542698  -2.9934949982964913 
32 3  2.9638349999999996  1.5379590196542576  6.9200623149947305 
32 4  -5.927670000145426e-06  2.898641664742474  6.424392181907967 
32 5  -2.963835000867695e-06  0.1772899200145348  7.415744344355028 
32 6  -8.152899640394718e-16  -2.6680088238787043  0.9719255477652902 
32 7  1.4819174999999998  -0.10125242125325151  0.9719255477652902 
32 8  -1.4819175000000002  -0.10125242125325151  0.9719255477652902 
32 9  -5.927670000703019e-06  -2.358818139673729  -1.0107787771288332 
32 10  -2.963835001536807e-06  -6.131661845284909  -1.5064608064891314 
32 11  2.9638349999999987  -3.7195007847619452  -0.5151086440420696 
32 12  2.9638290723299994  1.847149703859234  4.937357990100606 
32 13  1.4819115723299991  -0.7196066987662171  4.937357990100606 
32 14  4.44574657233  -0.7196066987662171  4.937357990100606 
32 15  -2.963835001202251e-06  -2.977185962635187  2.9546417689329485 
32 16  2.963834999999999  -1.6165168629954643  2.45895973957265 
32 17  -5.927670000368463e-06  0.7956577429759939  3.450323798293247 
33 0  4.387658370164999  -4.7170142545256155  -2.9934949982964913 
33 1  -0.058094129835000174  -2.1502578519001636  -2.9934949982964913 
33 2  2.905740870165  -2.1502578519001636  -2.9934949982964913 
33 3  4.387661334000001  4.004098571296792  6.9200623149947305 
33 4  1.4238204063300006  5.364781216385008  6.424392181907967 
33 5  1.423823370165  2.643429471657069  7.415744344355028 
33 6  1.423826334  -0.2018692722361699  0.9719255477652902 
33 7  2.905743834000001  2.364887130389283  0.9719255477652902 
33 8  -0.05809116599999942  2.364887130389283  0.9719255477652902 
33 9  1.4238204063300002  0.10732141196880551  -1.0107787771288332 
33 10  1.4238233701649994  -3.6655222936423746  -1.5064608064891314 
33 11  4.387661334  -1.2533612331194108  -0.5151086440420696 
33 12  4.38765540633  4.313289255501768  4.937357990100606 
33 13  2.9057379063299997  1.7465328528763173  4.937357990100606 
33 14  5.869572906330001  1.7465328528763173  4.937357990100606 
33 15  1.4238233701649996  -0.5110464109926527  2.9546417689329485 
33 16  4.387661334000001  0.8496226886470701  2.45895973957265 
33 17  1.4238204063300004  3.2617972946185283  3.450323798293247 
34 0  -2.963835000979742e-06  -6.65934738892255  -6.99778066999535 
34 1  -4.445755463835001  -4.092590986297098  -6.99778066999535 
34 2  -1.4819204638350003  -4.092590986297098  -6.99778066999535 
34 3  4.440892098500626e-16  2.061765436899858  2.915776643295871 
34 4  -2.9638409276699993  3.4224480819880743  2.4201065102091075 
34 5  -2.963837963835  0.7010963372601351  3.4114586726561686 
34 6  -2.963835  -2.144202406633104  -3.032360123933569 
34 7  -1.4819174999999996  0.4225539959923488  -3.032360123933569 
34 8  -4.445752499999999  0.4225539959923488  -3.032360123933569 
34 9  -2.96384092767  -1.8350117224281286  -5.015064448827692 
34 10  -2.963837963835001  -5.607855428039309  -5.510746478187991 
34 11  -4.440892098500626e-16  -3.195694367516345  -4.519394315740929 
34 12  -5.927669999739038e-06  2.3709561211048342  0.9330723184017478 
34 13  -1.4819234276700002  -0.1958002815206168  0.9330723184017478 
34 14  1.4819115723300005  -0.1958002815206168  0.9330723184017478 
34 15  -2.9638379638350005  -2.453379545389587  -1.0496439027659106 
34 16  0.0  -1.092710445749864  -1.5453259321262092 
34 17  -2.9638409276699997  1.3194641602215942  -0.553961873405612 
35 0  2.9638379638349988  -6.88610110339428  -4.898492864463529 
35 1  -1.4819145361650006  -4.319344700768828  -4.898492864463529 
35 2  1.4819204638349994  -4.319344700768828  -4.898492864463529 
35 3  2.96384092767  1.8350117224281277  5.015064448827692 
35 4  3.3892752834959947e-16  3.195694367516344  4.519394315740929 
35 5  2.9638349996166585e-06  0.4743426227884049  5.51074647818799 
35 6  5.927669999669063e-06  -2.3709561211048342  -0.9330723184017478 
35 7  1.4819234276700002  0.19580028152061857  -0.9330723184017478 
35 8  -1.4819115723299998  0.19580028152061857  -0.9330723184017478 
35 9  -2.1866536698196028e-16  -2.061765436899859  -2.915776643295871 
35 10  2.9638349989475465e-06  -5.834609142511039  -3.4114586726561695 
35 11  2.9638409276699993  -3.422448081988075  -2.4201065102091075 
35 12  2.963835  2.144202406633104  3.032360123933569 
35 13  1.4819174999999996  -0.422553995992347  3.032360123933569 
35 14  4.4457525  -0.422553995992347  3.032360123933569 
35 15  2.9638349992821025e-06  -2.680133259861317  1.0496439027659106 
35 16  2.9638409276699997  -1.3194641602215942  0.553961873405612 
35 17  1.1589020081038612e-16  1.092710445749864  1.5453259321262092 
36 0  -1.5400116298350004  -4.313275710053275  -4.937346093827072 
36 1  -5.985764129834999  -1.746519307427823  -4.937346093827072 
36 2  -3.0219291298349997  -1.746519307427823  -4.937346093827072 
36 3  -1.540008665999999  4.407837115769133  4.976211219464149 
36 4  -4.503849593669999  5.768519760857349  4.480541086377386 
36 5  -4.5038466298349995  3.04716801612941  5.471893248824447 
36 6  -4.503843666  0.2018692722361708  -0.9719255477652906 
36 7  -3.021926165999999  2.7686256748616236  -0.9719255477652906 
36 8  -5.985761165999999  2.7686256748616236  -0.9719255477652906 
36 9  -4.503849593669999  0.5110599564411462  -2.954629872659414 
36 10  -4.503846629835  -3.261783749170034  -3.4503119020197124 
36 11  -1.5400086659999999  -0.8496226886470701  -2.4589597395726503 
36 12  -1.5400145936699992  4.717027799974109  2.993506894570026 
36 13  -3.0219320936699994  2.150271397348658  2.993506894570026 
36 14  -0.058097093669998934  2.150271397348658  2.993506894570026 
36 15  -4.5038466298349995  -0.10730786652031199  1.0107906734023677 
36 16  -1.5400086659999994  1.2533612331194108  0.5151086440420691 
36 17  -4.503849593669999  3.665535839090869  1.5064727027626663 
37 0  -2.9638350014238313e-06  -6.980648963661645  -4.937346093827072 
37 1  -4.445755463835001  -4.413892561036193  -4.937346093827072 
37 2  -1.4819204638350008  -4.413892561036193  -4.937346093827072 
37 3  0.0  1.7404638621607624  4.976211219464149 
37 4  -2.9638409276699997  3.101146507248979  4.480541086377386 
37 5  -2.9638379638350005  0.3797947625210396  5.471893248824447 
37 6  -2.9638350000000004  -2.4655039813721995  -0.9719255477652906 
37 7  -1.4819175  0.10125242125325329  -0.9719255477652906 
37 8  -4.4457525  0.10125242125325329  -0.9719255477652906 
37 9  -2.9638409276700006  -2.156313297167224  -2.954629872659414 
37 10  -2.9638379638350014  -5.929157002778404  -3.4503119020197124 
37 11  -8.881784197001252e-16  -3.5169959422554404  -2.4589597395726503 
37 12  -5.927670000183127e-06  2.0496545463657387  2.993506894570026 
37 13  -1.4819234276700006  -0.5171018562597123  2.993506894570026 
37 14  1.48191157233  -0.5171018562597123  2.993506894570026 
37 15  -2.963837963835001  -2.7746811201286823  1.0107906734023677 
37 16  -4.440892098500626e-16  -1.4140120204889595  0.5151086440420691 
37 17  -2.96384092767  0.9981625854824987  1.5064727027626663 
38 0  1.5400057021649993  -4.313275710053275  -4.937346093827072 
38 1  -2.905746797835  -1.746519307427823  -4.937346093827072 
38 2  0.05808820216499999  -1.746519307427823  -4.937346093827072 
38 3  1.5400086660000007  4.407837115769133  4.976211219464149 
38 4  -1.4238322616699992  5.768519760857349  4.480541086377386 
38 5  -1.4238292978349998  3.04716801612941  5.471893248824447 
38 6  -1.423826334  0.2018692722361708  -0.9719255477652906 
38 7  0.05809116600000075  2.7686256748616236  -0.9719255477652906 
38 8  -2.905743833999999  2.7686256748616236  -0.9719255477652906 
38 9  -1.4238322616699997  0.5110599564411462  -2.954629872659414 
38 10  -1.4238292978350005  -3.261783749170034  -3.4503119020197124 
38 11  1.5400086659999999  -0.8496226886470701  -2.4589597395726503 
38 12  1.5400027383300006  4.717027799974109  2.993506894570026 
38 13  0.05808523833000012  2.150271397348658  2.993506894570026 
38 14  3.021920238330001  2.150271397348658  2.993506894570026 
38 15  -1.4238292978350002  -0.10730786652031199  1.0107906734023677 
38 16  1.5400086660000003  1.2533612331194108  0.5151086440420691 
38 17  -1.4238322616699994  3.665535839090869  1.5064727027626663 
39 0  4.503846629834999  -9.232172782263554  -6.958927440631808 
39 1  0.058094129834999064  -6.665416379638102  -6.958927440631808 
39 2  3.021929129834999  -6.665416379638102  -6.958927440631808 
39 3  4.50384959367  -0.5110599564411462  2.954629872659414 
39 4  1.5400086659999999  0.8496226886470701  2.4589597395726503 
39 5  1.5400116298349993  -1.871729056080869  3.4503119020197115 
39 6  1.5400145936699992  -4.717027799974108  -2.993506894570026 
39 7  3.02193209367  -2.1502713973486554  -2.993506894570026 
39 8  0.05809709366999982  -2.1502713973486554  -2.993506894570026 
39 9  1.5400086659999994  -4.407837115769133  -4.976211219464149 
39 10  1.5400116298349986  -8.180680821380314  -5.471893248824448 
39 11  4.503849593669999  -5.768519760857349  -4.480541086377386 
39 12  4.503843666  -0.2018692722361699  0.9719255477652906 
39 13  3.021926165999999  -2.768625674861621  0.9719255477652906 
39 14  5.985761166  -2.768625674861621  0.9719255477652906 
39 15  1.5400116298349988  -5.026204938730591  -1.0107906734023677 
39 16  4.503849593669999  -3.665535839090868  -1.5064727027626663 
39 17  1.5400086659999996  -1.25336123311941  -0.5151086440420691 
40 0  2.963837963834999  -6.564799528655185  -6.958927440631808 
40 1  -1.4819145361650001  -3.9980431260297333  -6.958927440631808 
40 2  1.4819204638349999  -3.9980431260297333  -6.958927440631808 
40 3  2.9638409276700006  2.1563132971672223  2.954629872659414 
40 4  6.284963292803227e-16  3.5169959422554387  2.4589597395726503 
40 5  2.9638349999062273e-06  0.7956441975274995  3.4503119020197115 
40 6  5.927669999958632e-06  -2.0496545463657396  -2.993506894570026 
40 7  1.4819234276700006  0.5171018562597132  -2.993506894570026 
40 8  -1.4819115723299994  0.5171018562597132  -2.993506894570026 
40 9  7.090343394876297e-17  -1.7404638621607642  -4.976211219464149 
40 10  2.9638349992371153e-06  -5.513307567771944  -5.471893248824448 
40 11  2.9638409276699997  -3.1011465072489806  -4.480541086377386 
40 12  2.9638350000000004  2.4655039813721986  0.9719255477652906 
40 13  1.4819175  -0.1012524212532524  0.9719255477652906 
40 14  4.4457525  -0.1012524212532524  0.9719255477652906 
40 15  2.9638349995716713e-06  -2.3588316851222224  -1.0107906734023677 
40 16  2.96384092767  -0.9981625854824996  -1.5064727027626663 
40 17  4.0545900174110937e-16  1.4140120204889586  -0.5151086440420691 
41 0  1.423829297834998  -9.232172782263554  -6.958927440631808 
41 1  -3.0219232021650013  -6.665416379638102  -6.958927440631808 
41 2  -0.058088202165001324  -6.665416379638102  -6.958927440631808 
41 3  1.4238322616699994  -0.5110599564411462  2.954629872659414 
41 4  -1.5400086660000005  0.8496226886470701  2.4589597395726503 
41 5  -1.540005702165001  -1.871729056080869  3.4503119020197115 
41 6  -1.5400027383300012  -4.717027799974108  -2.993506894570026 
41 7  -0.058085238330000566  -2.1502713973486554  -2.993506894570026 
41 8  -3.021920238330001  -2.1502713973486554  -2.993506894570026 
41 9  -1.540008666000001  -4.407837115769133  -4.976211219464149 
41 10  -1.5400057021650018  -8.180680821380314  -5.471893248824448 
41 11  1.4238322616699985  -5.768519760857349  -4.480541086377386 
41 12  1.4238263339999992  -0.2018692722361699  0.9719255477652906 
41 13  -0.05809116600000119  -2.768625674861621  0.9719255477652906 
41 14  2.9057438339999995  -2.768625674861621  0.9719255477652906 
41 15  -1.5400057021650015  -5.026204938730591  -1.0107906734023677 
41 16  1.423832261669999  -3.665535839090868  -1.5064727027626663 
41 17  -1.5400086660000007  -1.25336123311941  -0.5151086440420691 