 10.967  0  0  3.563722185518798e-16  5.82  0  -3.3450021526553795  0.0  7.512997843652751 
5
0 20  -1.3715472563629403  4.820124  1.5927555428543823 
0 21  0.30095381996474924  -0.871836  -2.163743378971992 
0 22  2.938204023686107  1.4212440000000004  -3.921784874386736 
0 23  1.2657029473584176  2.527044  -0.16528595256036116 
0 24  3.663823021139552  4.558224  -2.516854277623672 
0 25  1.9913219448118626  -0.609936  1.2396446442027038 
0 26  -6.8550472563629405  1.910124  1.5927555428543823 
0 27  -5.182546180035251  2.038164  -2.163743378971992 
0 28  -2.5452959763138923  4.331244  -3.921784874386736 
0 29  -4.217797052641583  -0.38295599999999996  -0.16528595256036116 
0 30  -1.819676978860448  1.6482240000000001  -2.516854277623672 
0 31  -3.492178055188138  2.3000640000000008  1.2396446442027038 
1 20  -3.04404833269063  0.871836  5.349254464680758 
1 21  -1.3715472563629403  -4.820124  1.5927555428543834 
1 22  1.2657029473584176  -2.5270439999999996  -0.1652859525603606 
1 23  -0.4067981289692719  -1.4212440000000002  3.5912129692660146 
1 24  1.9913219448118626  0.6099360000000003  1.2396446442027036 
1 25  0.3188208684841731  -4.558224  4.99614356602908 
1 26  -8.52754833269063  -2.038164  5.349254464680758 
1 27  -6.8550472563629405  -1.9101239999999997  1.5927555428543834 
1 28  -4.217797052641582  0.3829560000000001  -0.1652859525603606 
1 29  -5.890298128969272  -4.331244  3.5912129692660146 
1 30  -3.4921780551881376  -2.300064  1.2396446442027036 
1 31  -5.164679131515827  -1.6482239999999995  4.99614356602908 
2 20  -0.9573361567568401  1.9031399999999996  2.990173141773794 
2 21  0.7151649195708494  -3.7888200000000003  -0.7663257800525805 
2 22  3.3524151232922073  -1.49574  -2.5243672754673243 
2 23  1.6799140469645177  -0.3899400000000006  1.2321316463590506 
2 24  4.078034120745652  1.6412399999999998  -1.1194366787042602 
2 25  2.405533044417963  -3.5269200000000005  2.6370622431221156 
2 26  -6.44083615675684  -1.0068600000000005  2.990173141773794 
2 27  -4.768335080429151  -0.8788200000000002  -0.7663257800525805 
2 28  -2.131084876707792  1.4142599999999996  -2.5243672754673243 
2 29  -3.803585953035482  -3.2999400000000003  1.2321316463590506 
2 30  -1.405465879254348  -1.2687600000000003  -1.1194366787042602 
2 31  -3.077966955582038  -0.6169199999999999  2.6370622431221156 
3 20  0.7151649195708489  3.78882  -0.7663257800525809 
3 21  2.3876659958985385  -1.9031400000000003  -4.522824701878955 
3 22  5.024916199619897  0.3899400000000002  -6.280866197293699 
3 23  3.352415123292207  1.4957399999999996  -2.5243672754673243 
3 24  5.750535197073342  3.52692  -4.875935600530635 
3 25  4.078034120745652  -1.6412400000000003  -1.1194366787042593 
3 26  -4.768335080429152  0.8788199999999997  -0.7663257800525809 
3 27  -3.0958340041014623  1.00686  -4.522824701878955 
3 28  -0.45858380038010305  3.29994  -6.280866197293699 
3 29  -2.131084876707793  -1.41426  -2.5243672754673243 
3 30  0.2670351970733411  0.6169199999999999  -4.875935600530635 
3 31  -1.4054658792543488  1.2687600000000003  -1.1194366787042593 
4 20  -3.3938808591064467  4.080402  3.696394939077153 
4 21  -1.7213797827787571  -1.611558  -0.06010398274922135 
4 22  0.9158704209426007  0.6815220000000004  -1.8181454781639652 
4 23  -0.7566306553850888  1.7873219999999999  1.9383534436624097 
4 24  1.6414894183960458  3.8185020000000005  -0.4132148814009011 
4 25  -0.031011657931643732  -1.349658  3.3432840404254747 
4 26  -8.877380859106447  1.170402  3.696394939077153 
4 27  -7.204879782778757  1.2984420000000003  -0.06010398274922135 
4 28  -4.567629579057399  3.5915220000000003  -1.8181454781639652 
4 29  -6.240130655385089  -1.122678  1.9383534436624097 
4 30  -3.8420105816039545  0.9085020000000001  -0.4132148814009011 
4 31  -5.514511657931644  1.5603420000000006  3.3432840404254747 
5 20  -1.7213797827787571  1.6115580000000005  -0.06010398274922224 
5 21  -0.04887870645106762  -4.080401999999999  -3.8166029045755967 
5 22  2.5883714972702903  -1.7873219999999992  -5.574644399990341 
5 23  0.9158704209426007  -0.6815219999999997  -1.8181454781639657 
5 24  3.3139904947237353  1.3496580000000007  -4.1697138032272765 
5 25  1.6414894183960458  -3.8185019999999996  -0.4132148814009007 
5 26  -7.204879782778757  -1.2984419999999997  -0.06010398274922224 
5 27  -5.532378706451068  -1.1704019999999993  -3.8166029045755967 
5 28  -2.895128502729709  1.1226780000000005  -5.574644399990341 
5 29  -4.5676295790573995  -3.5915219999999994  -1.8181454781639657 
5 30  -2.169509505276265  -1.5603419999999995  -4.1697138032272765 
5 31  -3.842010581603955  -0.908501999999999  -0.4132148814009007 
6 20  -3.6592152694758227  0.8613600000000003  2.336542329376005 
6 21  -1.9867141931481331  -4.8306  -1.4199565924503696 
6 22  0.6505360105732247  -2.5375199999999993  -3.1779980878651135 
6 23  -1.0219650657544648  -1.4317199999999999  0.5785008339612614 
6 24  1.3761550080266698  0.5994600000000005  -1.7730674911020494 
6 25  -0.2963460683010197  -4.5687  1.9834314307243264 
6 26  -9.142715269475824  -2.04864  2.336542329376005 
6 27  -7.470214193148133  -1.9205999999999994  -1.4199565924503696 
6 28  -4.832963989426775  0.37248000000000037  -3.1779980878651135 
6 29  -6.505465065754464  -4.34172  0.5785008339612614 
6 30  -4.1073449919733305  -2.3105399999999996  -1.7730674911020494 
6 31  -5.779846068301021  -1.6586999999999992  1.9834314307243264 
7 20  -5.331716345803512  4.8306000000000004  6.09304125120238 
7 21  -3.6592152694758227  -0.8613600000000001  2.3365423293760057 
7 22  -1.0219650657544648  1.4317200000000003  0.5785008339612618 
7 23  -2.6944661420821543  2.5375199999999998  4.334999755787637 
7 24  -0.2963460683010197  4.5687  1.983431430724326 
7 25  -1.9688471446287092  -0.5994600000000001  5.739930352550702 
7 26  -10.815216345803513  1.9205999999999999  6.09304125120238 
7 27  -9.142715269475824  2.0486400000000002  2.3365423293760057 
7 28  -6.505465065754464  4.3417200000000005  0.5785008339612618 
7 29  -8.177966142082154  -0.37248000000000003  4.334999755787637 
7 30  -5.77984606830102  1.6587  1.983431430724326 
7 31  -7.45234714462871  2.3105400000000005  5.739930352550702 
8 20  4.11195274363706  1.9101239999999997  1.5927555428543823 
8 21  5.7844538199647495  -3.781836  -2.163743378971992 
8 22  8.421704023686107  -1.488756  -3.921784874386736 
8 23  6.749202947358418  -0.3829560000000005  -0.16528595256036116 
8 24  9.147323021139552  1.648224  -2.516854277623672 
8 25  7.474821944811863  -3.5199360000000004  1.2396446442027038 
8 26  -1.3715472563629405  -0.9998760000000004  1.5927555428543823 
8 27  0.300953819964749  -0.871836  -2.163743378971992 
8 28  2.938204023686108  1.4212439999999997  -3.921784874386736 
8 29  1.265702947358418  -3.292956  -0.16528595256036116 
8 30  3.663823021139552  -1.2617760000000002  -2.516854277623672 
8 31  1.9913219448118622  -0.6099359999999998  1.2396446442027038 
9 20  2.439451667309371  3.781836  5.349254464680758 
9 21  4.11195274363706  -1.9101240000000002  1.5927555428543834 
9 22  6.749202947358418  0.3829560000000003  -0.1652859525603606 
9 23  5.076701871030728  1.4887559999999997  3.5912129692660146 
9 24  7.474821944811863  3.5199360000000004  1.2396446442027036 
9 25  5.802320868484173  -1.6482240000000001  4.99614356602908 
9 26  -3.04404833269063  0.8718359999999998  5.349254464680758 
9 27  -1.37154725636294  0.9998760000000002  1.5927555428543834 
9 28  1.265702947358419  3.292956  -0.1652859525603606 
9 29  -0.40679812896927103  -1.4212440000000002  3.5912129692660146 
9 30  1.991321944811863  0.609936  1.2396446442027036 
9 31  0.3188208684841731  1.2617760000000005  4.99614356602908 
10 20  4.52616384324316  4.81314  2.990173141773794 
10 21  6.19866491957085  -0.8788200000000002  -0.7663257800525805 
10 22  8.835915123292207  1.4142600000000003  -2.5243672754673243 
10 23  7.163414046964518  2.52006  1.2321316463590506 
10 24  9.561534120745652  4.55124  -1.1194366787042602 
10 25  7.889033044417963  -0.6169200000000001  2.6370622431221156 
10 26  -0.9573361567568404  1.9031399999999998  2.990173141773794 
10 27  0.7151649195708492  2.03118  -0.7663257800525805 
10 28  3.352415123292208  4.32426  -2.5243672754673243 
10 29  1.6799140469645182  -0.38994000000000006  1.2321316463590506 
10 30  4.078034120745652  1.64124  -1.1194366787042602 
10 31  2.4055330444179623  2.2930800000000007  2.6370622431221156 
11 20  6.19866491957085  0.8788200000000002  -0.7663257800525809 
11 21  7.871165995898539  -4.81314  -4.522824701878955 
11 22  10.508416199619896  -2.5200599999999995  -6.280866197293699 
11 23  8.835915123292207  -1.41426  -2.5243672754673243 
11 24  11.234035197073341  0.6169200000000004  -4.875935600530635 
11 25  9.561534120745652  -4.55124  -1.1194366787042593 
11 26  0.7151649195708489  -2.03118  -0.7663257800525809 
11 27  2.3876659958985385  -1.9031399999999996  -4.522824701878955 
11 28  5.024916199619898  0.3899400000000002  -6.280866197293699 
11 29  3.3524151232922073  -4.32426  -2.5243672754673243 
11 30  5.750535197073342  -2.29308  -4.875935600530635 
11 31  4.078034120745651  -1.6412399999999994  -1.1194366787042593 
12 20  2.0896191408935536  1.1704019999999993  3.696394939077153 
12 21  3.762120217221243  -4.521558000000001  -0.06010398274922135 
12 22  6.399370420942601  -2.2284780000000004  -1.8181454781639652 
12 23  4.7268693446149115  -1.122678000000001  1.9383534436624097 
12 24  7.124989418396046  0.9085019999999995  -0.4132148814009011 
12 25  5.4524883420683565  -4.259658000000001  3.3432840404254747 
12 26  -3.3938808591064467  -1.7395980000000009  3.696394939077153 
12 27  -1.7213797827787574  -1.6115580000000005  -0.06010398274922135 
12 28  0.9158704209426016  0.6815219999999993  -1.8181454781639652 
12 29  -0.7566306553850883  -4.032678000000001  1.9383534436624097 
12 30  1.6414894183960458  -2.0014980000000007  -0.4132148814009011 
12 31  -0.031011657931644177  -1.3496580000000002  3.3432840404254747 
13 20  3.7621202172212436  4.521558  -0.06010398274922224 
13 21  5.434621293548933  -1.1704020000000002  -3.8166029045755967 
13 22  8.07187149727029  1.1226780000000003  -5.574644399990341 
13 23  6.399370420942601  2.228478  -1.8181454781639657 
13 24  8.797490494723736  4.259658  -4.1697138032272765 
13 25  7.124989418396046  -0.9085020000000001  -0.4132148814009007 
13 26  -1.721379782778757  1.6115579999999998  -0.06010398274922224 
13 27  -0.0488787064510674  1.7395980000000002  -3.8166029045755967 
13 28  2.5883714972702916  4.032678  -5.574644399990341 
13 29  0.9158704209426016  -0.6815220000000001  -1.8181454781639657 
13 30  3.3139904947237357  1.349658  -4.1697138032272765 
13 31  1.6414894183960458  2.0014980000000007  -0.4132148814009007 
14 20  1.824284730524178  3.7713599999999996  2.336542329376005 
14 21  3.4967858068518676  -1.9206000000000003  -1.4199565924503696 
14 22  6.134036010573226  0.37248000000000014  -3.1779980878651135 
14 23  4.461534934245536  1.4782799999999996  0.5785008339612614 
14 24  6.859655008026671  3.50946  -1.7730674911020494 
14 25  5.187153931698981  -1.6587000000000003  1.9834314307243264 
14 26  -3.6592152694758227  0.8613599999999997  2.336542329376005 
14 27  -1.986714193148133  0.9894000000000001  -1.4199565924503696 
14 28  0.6505360105732261  3.2824799999999996  -3.1779980878651135 
14 29  -1.0219650657544639  -1.4317200000000003  0.5785008339612614 
14 30  1.3761550080266702  0.5994599999999999  -1.7730674911020494 
14 31  -0.2963460683010197  1.2513000000000003  1.9834314307243264 
15 20  0.1517836541964881  1.9205999999999999  6.09304125120238 
15 21  1.8242847305241776  -3.77136  2.3365423293760057 
15 22  4.4615349342455355  -1.4782799999999998  0.5785008339612618 
15 23  2.789033857917846  -0.37248000000000037  4.334999755787637 
15 24  5.1871539316989805  1.6587  1.983431430724326 
15 25  3.514652855371291  -3.5094600000000002  5.739930352550702 
15 26  -5.331716345803512  -0.9894000000000003  6.09304125120238 
15 27  -3.6592152694758227  -0.8613599999999999  2.3365423293760057 
15 28  -1.0219650657544639  1.4317199999999999  0.5785008339612618 
15 29  -2.694466142082154  -3.28248  4.334999755787637 
15 30  -0.2963460683010197  -1.2513  1.983431430724326 
15 31  -1.9688471446287097  -0.5994599999999997  5.739930352550702 
16 20  -5.641075689225305  1.993932  4.4995344085636315 
16 21  -3.9685746128976156  -3.698028  0.7430354867372573 
16 22  -1.3313244091762577  -1.4049479999999996  -1.0150060086774868 
16 23  -3.0038254855039472  -0.2991480000000002  2.741492913148888 
16 24  -0.6057054117228127  1.7320320000000002  0.3899245880855775 
16 25  -2.278206488050502  -3.436128  4.146423509911953 
16 26  -11.124575689225306  -0.9160680000000001  4.4995344085636315 
16 27  -9.452074612897617  -0.7880279999999997  0.7430354867372573 
16 28  -6.814824409176257  1.505052  -1.0150060086774868 
16 29  -8.487325485503947  -3.209148  2.741492913148888 
16 30  -6.089205411722813  -1.177968  0.3899245880855775 
16 31  -7.761706488050503  -0.5261279999999995  4.146423509911953 
17 20  -3.9685746128976156  3.698028  0.7430354867372566 
17 21  -2.296073536569926  -1.9939320000000003  -3.013463435089118 
17 22  0.3411766671514318  0.2991480000000002  -4.771504930503862 
17 23  -1.3313244091762577  1.4049479999999996  -1.0150060086774868 
17 24  1.0667956646048768  3.436128  -3.3665743337407976 
17 25  -0.6057054117228127  -1.7320320000000002  0.38992458808557817 
17 26  -9.452074612897617  0.7880279999999997  0.7430354867372566 
17 27  -7.779573536569926  0.9160680000000001  -3.013463435089118 
17 28  -5.142323332848568  3.209148  -4.771504930503862 
17 29  -6.814824409176257  -1.505052  -1.0150060086774868 
17 30  -4.416704335395123  0.5261279999999999  -3.3665743337407976 
17 31  -6.089205411722814  1.1779680000000003  0.38992458808557817 
18 20  -0.15757568922530574  4.903932  4.4995344085636315 
18 21  1.5149253871023838  -0.7880280000000001  0.7430354867372573 
18 22  4.152175590823742  1.5050520000000005  -1.0150060086774868 
18 23  2.479674514496052  2.610852  2.741492913148888 
18 24  4.877794588277187  4.642032  0.3899245880855775 
18 25  3.205293511949497  -0.5261279999999999  4.146423509911953 
18 26  -5.641075689225306  1.993932  4.4995344085636315 
18 27  -3.9685746128976165  2.1219720000000004  0.7430354867372573 
18 28  -1.3313244091762577  4.415052  -1.0150060086774868 
18 29  -3.0038254855039477  -0.29914799999999997  2.741492913148888 
18 30  -0.6057054117228136  1.7320320000000002  0.3899245880855775 
18 31  -2.2782064880505035  2.3838720000000007  4.146423509911953 
19 20  1.5149253871023838  0.7880279999999997  0.7430354867372566 
19 21  3.1874264634300733  -4.903932  -3.013463435089118 
19 22  5.824676667151431  -2.610852  -4.771504930503862 
19 23  4.152175590823742  -1.5050520000000005  -1.0150060086774868 
19 24  6.550295664604876  0.5261279999999999  -3.3665743337407976 
19 25  4.877794588277187  -4.642032  0.38992458808557817 
19 26  -3.9685746128976165  -2.1219720000000004  0.7430354867372566 
19 27  -2.296073536569927  -1.993932  -3.013463435089118 
19 28  0.3411766671514318  0.29914799999999975  -4.771504930503862 
19 29  -1.3313244091762582  -4.415052  -1.0150060086774868 
19 30  1.066795664604876  -2.383872  -3.3665743337407976 
19 31  -0.605705411722814  -1.7320319999999998  0.38992458808557817 
20 0  1.3715472563629403  -4.820124  -1.5927555428543823 
20 1  3.04404833269063  -0.871836  -5.349254464680758 
20 2  0.9573361567568401  -1.9031399999999996  -2.990173141773794 
20 3  -0.7151649195708489  -3.78882  0.7663257800525809 
20 4  3.3938808591064467  -4.080402  -3.696394939077153 
20 5  1.7213797827787571  -1.6115580000000005  0.06010398274922224 
20 6  3.6592152694758227  -0.8613600000000003  -2.336542329376005 
20 7  5.331716345803512  -4.8306000000000004  -6.09304125120238 
20 8  -4.11195274363706  -1.9101239999999997  -1.5927555428543823 
20 9  -2.439451667309371  -3.781836  -5.349254464680758 
20 10  -4.52616384324316  -4.81314  -2.990173141773794 
20 11  -6.19866491957085  -0.8788200000000002  0.7663257800525809 
20 12  -2.0896191408935536  -1.1704019999999993  -3.696394939077153 
20 13  -3.7621202172212436  -4.521558  0.06010398274922224 
20 14  -1.824284730524178  -3.7713599999999996  -2.336542329376005 
20 15  -0.1517836541964881  -1.9205999999999999  -6.09304125120238 
20 16  5.641075689225305  -1.993932  -4.4995344085636315 
20 17  3.9685746128976156  -3.698028  -0.7430354867372566 
20 18  0.15757568922530574  -4.903932  -4.4995344085636315 
20 19  -1.5149253871023838  -0.7880279999999997  -0.7430354867372566 
21 0  -0.30095381996474924  0.871836  2.163743378971992 
21 1  1.3715472563629403  4.820124  -1.5927555428543834 
21 2  -0.7151649195708494  3.7888200000000003  0.7663257800525805 
21 3  -2.3876659958985385  1.9031400000000003  4.522824701878955 
21 4  1.7213797827787571  1.611558  0.06010398274922135 
21 5  0.04887870645106762  4.080401999999999  3.8166029045755967 
21 6  1.9867141931481331  4.8306  1.4199565924503696 
21 7  3.6592152694758227  0.8613600000000001  -2.3365423293760057 
21 8  -5.7844538199647495  3.781836  2.163743378971992 
21 9  -4.11195274363706  1.9101240000000002  -1.5927555428543834 
21 10  -6.19866491957085  0.8788200000000002  0.7663257800525805 
21 11  -7.871165995898539  4.81314  4.522824701878955 
21 12  -3.762120217221243  4.521558000000001  0.06010398274922135 
21 13  -5.434621293548933  1.1704020000000002  3.8166029045755967 
21 14  -3.4967858068518676  1.9206000000000003  1.4199565924503696 
21 15  -1.8242847305241776  3.77136  -2.3365423293760057 
21 16  3.9685746128976156  3.698028  -0.7430354867372573 
21 17  2.296073536569926  1.9939320000000003  3.013463435089118 
21 18  -1.5149253871023838  0.7880280000000001  -0.7430354867372573 
21 19  -3.1874264634300733  4.903932  3.013463435089118 
22 0  -2.938204023686107  -1.4212440000000004  3.921784874386736 
22 1  -1.2657029473584176  2.5270439999999996  0.1652859525603606 
22 2  -3.3524151232922073  1.49574  2.5243672754673243 
22 3  -5.024916199619897  -0.3899400000000002  6.280866197293699 
22 4  -0.9158704209426007  -0.6815220000000004  1.8181454781639652 
22 5  -2.5883714972702903  1.7873219999999992  5.574644399990341 
22 6  -0.6505360105732247  2.5375199999999993  3.1779980878651135 
22 7  1.0219650657544648  -1.4317200000000003  -0.5785008339612618 
22 8  -8.421704023686107  1.488756  3.921784874386736 
22 9  -6.749202947358418  -0.3829560000000003  0.1652859525603606 
22 10  -8.835915123292207  -1.4142600000000003  2.5243672754673243 
22 11  -10.508416199619896  2.5200599999999995  6.280866197293699 
22 12  -6.399370420942601  2.2284780000000004  1.8181454781639652 
22 13  -8.07187149727029  -1.1226780000000003  5.574644399990341 
22 14  -6.134036010573226  -0.37248000000000014  3.1779980878651135 
22 15  -4.4615349342455355  1.4782799999999998  -0.5785008339612618 
22 16  1.3313244091762577  1.4049479999999996  1.0150060086774868 
22 17  -0.3411766671514318  -0.2991480000000002  4.771504930503862 
22 18  -4.152175590823742  -1.5050520000000005  1.0150060086774868 
22 19  -5.824676667151431  2.610852  4.771504930503862 
23 0  -1.2657029473584176  -2.527044  0.16528595256036116 
23 1  0.4067981289692719  1.4212440000000002  -3.5912129692660146 
23 2  -1.6799140469645177  0.3899400000000006  -1.2321316463590506 
23 3  -3.352415123292207  -1.4957399999999996  2.5243672754673243 
23 4  0.7566306553850888  -1.7873219999999999  -1.9383534436624097 
23 5  -0.9158704209426007  0.6815219999999997  1.8181454781639657 
23 6  1.0219650657544648  1.4317199999999999  -0.5785008339612614 
23 7  2.6944661420821543  -2.5375199999999998  -4.334999755787637 
23 8  -6.749202947358418  0.3829560000000005  0.16528595256036116 
23 9  -5.076701871030728  -1.4887559999999997  -3.5912129692660146 
23 10  -7.163414046964518  -2.52006  -1.2321316463590506 
23 11  -8.835915123292207  1.41426  2.5243672754673243 
23 12  -4.7268693446149115  1.122678000000001  -1.9383534436624097 
23 13  -6.399370420942601  -2.228478  1.8181454781639657 
23 14  -4.461534934245536  -1.4782799999999996  -0.5785008339612614 
23 15  -2.789033857917846  0.37248000000000037  -4.334999755787637 
23 16  3.0038254855039472  0.2991480000000002  -2.741492913148888 
23 17  1.3313244091762577  -1.4049479999999996  1.0150060086774868 
23 18  -2.479674514496052  -2.610852  -2.741492913148888 
23 19  -4.152175590823742  1.5050520000000005  1.0150060086774868 
24 0  -3.663823021139552  -4.558224  2.516854277623672 
24 1  -1.9913219448118626  -0.6099360000000003  -1.2396446442027036 
24 2  -4.078034120745652  -1.6412399999999998  1.1194366787042602 
24 3  -5.750535197073342  -3.52692  4.875935600530635 
24 4  -1.6414894183960458  -3.8185020000000005  0.4132148814009011 
24 5  -3.3139904947237353  -1.3496580000000007  4.1697138032272765 
24 6  -1.3761550080266698  -0.5994600000000005  1.7730674911020494 
24 7  0.2963460683010197  -4.5687  -1.983431430724326 
24 8  -9.147323021139552  -1.648224  2.516854277623672 
24 9  -7.474821944811863  -3.5199360000000004  -1.2396446442027036 
24 10  -9.561534120745652  -4.55124  1.1194366787042602 
24 11  -11.234035197073341  -0.6169200000000004  4.875935600530635 
24 12  -7.124989418396046  -0.9085019999999995  0.4132148814009011 
24 13  -8.797490494723736  -4.259658  4.1697138032272765 
24 14  -6.859655008026671  -3.50946  1.7730674911020494 
24 15  -5.1871539316989805  -1.6587  -1.983431430724326 
24 16  0.6057054117228127  -1.7320320000000002  -0.3899245880855775 
24 17  -1.0667956646048768  -3.436128  3.3665743337407976 
24 18  -4.877794588277187  -4.642032  -0.3899245880855775 
24 19  -6.550295664604876  -0.5261279999999999  3.3665743337407976 
25 0  -1.9913219448118626  0.609936  -1.2396446442027038 
25 1  -0.3188208684841731  4.558224  -4.99614356602908 
25 2  -2.405533044417963  3.5269200000000005  -2.6370622431221156 
25 3  -4.078034120745652  1.6412400000000003  1.1194366787042593 
25 4  0.031011657931643732  1.349658  -3.3432840404254747 
25 5  -1.6414894183960458  3.8185019999999996  0.4132148814009007 
25 6  0.2963460683010197  4.5687  -1.9834314307243264 
25 7  1.9688471446287092  0.5994600000000001  -5.739930352550702 
25 8  -7.474821944811863  3.5199360000000004  -1.2396446442027038 
25 9  -5.802320868484173  1.6482240000000001  -4.99614356602908 
25 10  -7.889033044417963  0.6169200000000001  -2.6370622431221156 
25 11  -9.561534120745652  4.55124  1.1194366787042593 
25 12  -5.4524883420683565  4.259658000000001  -3.3432840404254747 
25 13  -7.124989418396046  0.9085020000000001  0.4132148814009007 
25 14  -5.187153931698981  1.6587000000000003  -1.9834314307243264 
25 15  -3.514652855371291  3.5094600000000002  -5.739930352550702 
25 16  2.278206488050502  3.436128  -4.146423509911953 
25 17  0.6057054117228127  1.7320320000000002  -0.38992458808557817 
25 18  -3.205293511949497  0.5261279999999999  -4.146423509911953 
25 19  -4.877794588277187  4.642032  -0.38992458808557817 
26 0  6.8550472563629405  -1.910124  -1.5927555428543823 
26 1  8.52754833269063  2.038164  -5.349254464680758 
26 2  6.44083615675684  1.0068600000000005  -2.990173141773794 
26 3  4.768335080429152  -0.8788199999999997  0.7663257800525809 
26 4  8.877380859106447  -1.170402  -3.696394939077153 
26 5  7.204879782778757  1.2984419999999997  0.06010398274922224 
26 6  9.142715269475824  2.04864  -2.336542329376005 
26 7  10.815216345803513  -1.9205999999999999  -6.09304125120238 
26 8  1.3715472563629405  0.9998760000000004  -1.5927555428543823 
26 9  3.04404833269063  -0.8718359999999998  -5.349254464680758 
26 10  0.9573361567568404  -1.9031399999999998  -2.990173141773794 
26 11  -0.7151649195708489  2.03118  0.7663257800525809 
26 12  3.3938808591064467  1.7395980000000009  -3.696394939077153 
26 13  1.721379782778757  -1.6115579999999998  0.06010398274922224 
26 14  3.6592152694758227  -0.8613599999999997  -2.336542329376005 
26 15  5.331716345803512  0.9894000000000003  -6.09304125120238 
26 16  11.124575689225306  0.9160680000000001  -4.4995344085636315 
26 17  9.452074612897617  -0.7880279999999997  -0.7430354867372566 
26 18  5.641075689225306  -1.993932  -4.4995344085636315 
26 19  3.9685746128976165  2.1219720000000004  -0.7430354867372566 
27 0  5.182546180035251  -2.038164  2.163743378971992 
27 1  6.8550472563629405  1.9101239999999997  -1.5927555428543834 
27 2  4.768335080429151  0.8788200000000002  0.7663257800525805 
27 3  3.0958340041014623  -1.00686  4.522824701878955 
27 4  7.204879782778757  -1.2984420000000003  0.06010398274922135 
27 5  5.532378706451068  1.1704019999999993  3.8166029045755967 
27 6  7.470214193148133  1.9205999999999994  1.4199565924503696 
27 7  9.142715269475824  -2.0486400000000002  -2.3365423293760057 
27 8  -0.300953819964749  0.871836  2.163743378971992 
27 9  1.37154725636294  -0.9998760000000002  -1.5927555428543834 
27 10  -0.7151649195708492  -2.03118  0.7663257800525805 
27 11  -2.3876659958985385  1.9031399999999996  4.522824701878955 
27 12  1.7213797827787574  1.6115580000000005  0.06010398274922135 
27 13  0.0488787064510674  -1.7395980000000002  3.8166029045755967 
27 14  1.986714193148133  -0.9894000000000001  1.4199565924503696 
27 15  3.6592152694758227  0.8613599999999999  -2.3365423293760057 
27 16  9.452074612897617  0.7880279999999997  -0.7430354867372573 
27 17  7.779573536569926  -0.9160680000000001  3.013463435089118 
27 18  3.9685746128976165  -2.1219720000000004  -0.7430354867372573 
27 19  2.296073536569927  1.993932  3.013463435089118 
28 0  2.5452959763138923  -4.331244  3.921784874386736 
28 1  4.217797052641582  -0.3829560000000001  0.1652859525603606 
28 2  2.131084876707792  -1.4142599999999996  2.5243672754673243 
28 3  0.45858380038010305  -3.29994  6.280866197293699 
28 4  4.567629579057399  -3.5915220000000003  1.8181454781639652 
28 5  2.895128502729709  -1.1226780000000005  5.574644399990341 
28 6  4.832963989426775  -0.37248000000000037  3.1779980878651135 
28 7  6.505465065754464  -4.3417200000000005  -0.5785008339612618 
28 8  -2.938204023686108  -1.4212439999999997  3.921784874386736 
28 9  -1.265702947358419  -3.292956  0.1652859525603606 
28 10  -3.352415123292208  -4.32426  2.5243672754673243 
28 11  -5.024916199619898  -0.3899400000000002  6.280866197293699 
28 12  -0.9158704209426016  -0.6815219999999993  1.8181454781639652 
28 13  -2.5883714972702916  -4.032678  5.574644399990341 
28 14  -0.6505360105732261  -3.2824799999999996  3.1779980878651135 
28 15  1.0219650657544639  -1.4317199999999999  -0.5785008339612618 
28 16  6.814824409176257  -1.505052  1.0150060086774868 
28 17  5.142323332848568  -3.209148  4.771504930503862 
28 18  1.3313244091762577  -4.415052  1.0150060086774868 
28 19  -0.3411766671514318  -0.29914799999999975  4.771504930503862 
29 0  4.217797052641583  0.38295599999999996  0.16528595256036116 
29 1  5.890298128969272  4.331244  -3.5912129692660146 
29 2  3.803585953035482  3.2999400000000003  -1.2321316463590506 
29 3  2.131084876707793  1.41426  2.5243672754673243 
29 4  6.240130655385089  1.122678  -1.9383534436624097 
29 5  4.5676295790573995  3.5915219999999994  1.8181454781639657 
29 6  6.505465065754464  4.34172  -0.5785008339612614 
29 7  8.177966142082154  0.37248000000000003  -4.334999755787637 
29 8  -1.265702947358418  3.292956  0.16528595256036116 
29 9  0.40679812896927103  1.4212440000000002  -3.5912129692660146 
29 10  -1.6799140469645182  0.38994000000000006  -1.2321316463590506 
29 11  -3.3524151232922073  4.32426  2.5243672754673243 
29 12  0.7566306553850883  4.032678000000001  -1.9383534436624097 
29 13  -0.9158704209426016  0.6815220000000001  1.8181454781639657 
29 14  1.0219650657544639  1.4317200000000003  -0.5785008339612614 
29 15  2.694466142082154  3.28248  -4.334999755787637 
29 16  8.487325485503947  3.209148  -2.741492913148888 
29 17  6.814824409176257  1.505052  1.0150060086774868 
29 18  3.0038254855039477  0.29914799999999997  -2.741492913148888 
29 19  1.3313244091762582  4.415052  1.0150060086774868 
30 0  1.819676978860448  -1.6482240000000001  2.516854277623672 
30 1  3.4921780551881376  2.300064  -1.2396446442027036 
30 2  1.405465879254348  1.2687600000000003  1.1194366787042602 
30 3  -0.2670351970733411  -0.6169199999999999  4.875935600530635 
30 4  3.8420105816039545  -0.9085020000000001  0.4132148814009011 
30 5  2.169509505276265  1.5603419999999995  4.1697138032272765 
30 6  4.1073449919733305  2.3105399999999996  1.7730674911020494 
30 7  5.77984606830102  -1.6587  -1.983431430724326 
30 8  -3.663823021139552  1.2617760000000002  2.516854277623672 
30 9  -1.991321944811863  -0.609936  -1.2396446442027036 
30 10  -4.078034120745652  -1.64124  1.1194366787042602 
30 11  -5.750535197073342  2.29308  4.875935600530635 
30 12  -1.6414894183960458  2.0014980000000007  0.4132148814009011 
30 13  -3.3139904947237357  -1.349658  4.1697138032272765 
30 14  -1.3761550080266702  -0.5994599999999999  1.7730674911020494 
30 15  0.2963460683010197  1.2513  -1.983431430724326 
30 16  6.089205411722813  1.177968  -0.3899245880855775 
30 17  4.416704335395123  -0.5261279999999999  3.3665743337407976 
30 18  0.6057054117228136  -1.7320320000000002  -0.3899245880855775 
30 19  -1.066795664604876  2.383872  3.3665743337407976 
31 0  3.492178055188138  -2.3000640000000008  -1.2396446442027038 
31 1  5.164679131515827  1.6482239999999995  -4.99614356602908 
31 2  3.077966955582038  0.6169199999999999  -2.6370622431221156 
31 3  1.4054658792543488  -1.2687600000000003  1.1194366787042593 
31 4  5.514511657931644  -1.5603420000000006  -3.3432840404254747 
31 5  3.842010581603955  0.908501999999999  0.4132148814009007 
31 6  5.779846068301021  1.6586999999999992  -1.9834314307243264 
31 7  7.45234714462871  -2.3105400000000005  -5.739930352550702 
31 8  -1.9913219448118622  0.6099359999999998  -1.2396446442027038 
31 9  -0.3188208684841731  -1.2617760000000005  -4.99614356602908 
31 10  -2.4055330444179623  -2.2930800000000007  -2.6370622431221156 
31 11  -4.078034120745651  1.6412399999999994  1.1194366787042593 
31 12  0.031011657931644177  1.3496580000000002  -3.3432840404254747 
31 13  -1.6414894183960458  -2.0014980000000007  0.4132148814009007 
31 14  0.2963460683010197  -1.2513000000000003  -1.9834314307243264 
31 15  1.9688471446287097  0.5994599999999997  -5.739930352550702 
31 16  7.761706488050503  0.5261279999999995  -4.146423509911953 
31 17  6.089205411722814  -1.1779680000000003  -0.38992458808557817 
31 18  2.2782064880505035  -2.3838720000000007  -4.146423509911953 
31 19  0.605705411722814  1.7320319999999998  -0.38992458808557817 