         0        26   4.00891   4.00891   3.60064
         0        27
         0        28   2.47143   4.78832
         0        29
         0        30   4.78831   2.47143
         0        31
         0        32   3.26789   3.71292
         0        33
         0        34   3.26789   3.71292
         0        35
         0        36   1.95510
         0        37
         0        38
         0        39   4.64759
         0        40
         0        41   4.64759
         0        42   2.76205   4.59496   4.59496
         0        43
         0        44   3.48193   3.48193
         0        45
         0        46   4.39378
         0        47
         0        48   3.97107
         0        49
         0        50   3.97107
         0        51
         0        52   4.00193
         0        53
         0        54   4.00193
         0        55
         0        56   4.44467
         0        57
         0        58   2.90656   2.90657   4.82772
         0        59
         0        60   4.82772   2.90657   2.90656
         0        61
         0        62   2.90656   4.82773   2.90656
         0        63
         1        26
         1        27   3.71292   3.26789
         1        28
         1        29   1.95510
         1        30
         1        31   3.71292   3.26789
         1        32
         1        33   3.60064   4.00891   4.00891
         1        34
         1        35   4.78832   2.47143
         1        36
         1        37   2.47143   4.78831
         1        38   4.64759
         1        39
         1        40   4.64759
         1        41
         1        42
         1        43   3.48193   3.48193
         1        44
         1        45   4.59496   4.59496   2.76205
         1        46
         1        47   4.00193
         1        48
         1        49   4.44467
         1        50
         1        51   4.00193
         1        52
         1        53   4.39378
         1        54
         1        55   3.97107
         1        56
         1        57   3.97107
         1        58
         1        59   2.90656   4.82773   2.90656
         1        60
         1        61   4.82772   2.90657   2.90656
         1        62
         1        63   2.90656   2.90657   4.82772
         2        26
         2        27
         2        28
         2        29   4.61318
         2        30
         2        31
         2        32
         2        33   2.91548   3.72032   3.72032
         2        34
         2        35   4.42498   1.66145   4.99211
         2        36
         2        37   1.66145   4.42498   4.99211
         2        38   2.70084   4.02648   4.02648
         2        39
         2        40
         2        41   4.66778   4.66777   4.17088
         2        42
         2        43
         2        44
         2        45   4.10265   4.10265   2.36243
         2        46   3.73274
         2        47
         2        48   3.39284
         2        49
         2        50   3.39284
         2        51
         2        52
         2        53   3.93283   3.93283   2.77233
         2        54
         2        55   1.75047   4.51166
         2        56
         2        57   4.51166   1.75047
         2        58
         2        59   3.81176   4.09434
         2        60
         2        61   3.97201   3.97201
         2        62
         2        63   3.81176   4.09434
         3        26   4.92253
         3        27   4.85151
         3        28   4.87784
         3        29
         3        30
         3        31
         3        32   1.36772   4.90219   4.90185
         3        33
         3        34   3.20661   3.20608   3.95219
         3        35
         3        36   4.00274   4.62198   2.13058
         3        37
         3        38
         3        39   4.77500   2.44483   3.85944
         3        40   3.34383
         3        41
         3        42   4.89658
         3        43
         3        44   3.98797   2.15714   4.63356
         3        45
         3        46
         3        47   3.74644
         3        48
         3        49   3.40791
         3        50
         3        51   4.71296   4.76231   4.20667
         3        52   1.38336
         3        53
         3        54   4.22743   3.17645   3.24922
         3        55
         3        56   2.33841   4.72068   3.93006
         3        57
         3        58   3.16899
         3        59
         3        60   4.06037   4.29470   4.54737
         3        61
         3        62   3.00927
         3        63
         4        26
         4        27
         4        28
         4        29
         4        30
         4        31   4.61319
         4        32
         4        33   4.42530   1.66129   4.99172
         4        34
         4        35   2.91596   3.72025   3.71980
         4        36
         4        37   4.11273   4.11232   2.32993
         4        38   4.49066   1.82829
         4        39
         4        40
         4        41   3.34404
         4        42
         4        43
         4        44
         4        45   1.67258   4.42879
         4        46   3.41699
         4        47
         4        48   3.77370
         4        49
         4        50   4.73465   4.78378   4.17454
         4        51
         4        52
         4        53   1.77968   4.47034
         4        54
         4        55   3.85978   3.91988   2.83756
         4        56
         4        57   2.59263   4.08644   4.02798
         4        58
         4        59   2.69005
         4        60
         4        61   3.69871   4.22757
         4        62
         4        63   4.07785   3.82939
         5        26
         5        27
         5        28   4.92254
         5        29   4.85152
         5        30   4.92254
         5        31
         5        32   4.00310   2.13046   4.62156
         5        33
         5        34   4.00310   4.62156   2.13046
         5        35
         5        36   3.20653   3.20653   3.95169
         5        37
         5        38
         5        39   1.42315
         5        40   4.66808   4.66808   4.17041
         5        41
         5        42   4.83987
         5        43
         5        44   1.36737   4.92466   4.92466
         5        45
         5        46
         5        47   3.43196
         5        48
         5        49   3.78725
         5        50
         5        51   3.43196
         5        52   4.78145   2.36036   3.88255
         5        53
         5        54   2.36036   4.78145   3.88255
         5        55
         5        56   4.15956   3.23354   3.23354
         5        57
         5        58   3.14766
         5        59
         5        60   4.87675   3.33935
         5        61
         5        62   4.87675   3.33935
         5        63
         6        26
         6        27   4.61319
         6        28
         6        29
         6        30
         6        31
         6        32
         6        33   1.66129   4.42530   4.99172
         6        34
         6        35   4.11232   4.11273   2.32993
         6        36
         6        37   2.91596   3.71980   3.72025
         6        38   1.82829   4.49066
         6        39
         6        40
         6        41   3.34404
         6        42
         6        43
         6        44
         6        45   4.42879   1.67258
         6        46   3.41699
         6        47
         6        48   4.78378   4.73465   4.17454
         6        49
         6        50   3.77370
         6        51
         6        52
         6        53   4.47034   1.77968
         6        54
         6        55   2.59263   4.02798   4.08644
         6        56
         6        57   3.91988   3.85978   2.83756
         6        58
         6        59   3.82939   4.07785
         6        60
         6        61   3.69871   4.22757
         6        62
         6        63   2.69005
         7        26   4.92253
         7        27
         7        28
         7        29
         7        30   4.87784
         7        31   4.85151
         7        32   3.20608   3.20661   3.95219
         7        33
         7        34   1.36772   4.90185   4.90219
         7        35
         7        36   4.00274   2.13058   4.62198
         7        37
         7        38
         7        39   2.44484   4.77499   3.85944
         7        40   3.34383
         7        41
         7        42   4.89658
         7        43
         7        44   3.98797   4.63356   2.15714
         7        45
         7        46
         7        47   4.76231   4.71296   4.20667
         7        48
         7        49   3.40791
         7        50
         7        51   3.74644
         7        52   4.22743   3.24922   3.17645
         7        53
         7        54   1.38336
         7        55
         7        56   4.72068   2.33841   3.93006
         7        57
         7        58   3.16899
         7        59
         7        60   3.00927
         7        61
         7        62   4.29470   4.06037   4.54737
         7        63
         8        26
         8        27   4.90219   4.90185   1.36772
         8        28
         8        29   4.62198   2.13058   4.00274
         8        30
         8        31   3.95219   3.20661   3.20608
         8        32   4.85151
         8        33   4.92253
         8        34
         8        35
         8        36
         8        37   4.87784
         8        38
         8        39   3.34383
         8        40   3.85944   4.77499   2.44484
         8        41
         8        42
         8        43   2.15714   4.63356   3.98797
         8        44
         8        45   4.89658
         8        46
         8        47   1.38336
         8        48
         8        49   3.93006   2.33841   4.72068
         8        50
         8        51   3.17645   3.24922   4.22743
         8        52   3.74644
         8        53
         8        54   4.20667   4.71296   4.76231
         8        55
         8        56   3.40791
         8        57
         8        58
         8        59   4.54737   4.06037   4.29470
         8        60
         8        61   3.16899
         8        62
         8        63   3.00927
         9        26   3.72032   3.72032   2.91548
         9        27
         9        28   4.99211   1.66145   4.42498
         9        29
         9        30   4.99211   4.42498   1.66145
         9        31
         9        32
         9        33
         9        34
         9        35
         9        36   4.61318
         9        37
         9        38   4.17088   4.66777   4.66778
         9        39
         9        40
         9        41   4.02648   4.02648   2.70084
         9        42   2.36243   4.10265   4.10265
         9        43
         9        44
         9        45
         9        46   2.77233   3.93283   3.93283
         9        47
         9        48   4.51166   1.75047
         9        49
         9        50   1.75047   4.51166
         9        51
         9        52
         9        53   3.73274
         9        54
         9        55   3.39284
         9        56
         9        57   3.39284
         9        58   3.97201   3.97201
         9        59
         9        60   4.09434   3.81176
         9        61
         9        62   4.09434   3.81176
         9        63
        10        26
        10        27   3.95219   3.20608   3.20661
        10        28
        10        29   2.13058   4.62198   4.00274
        10        30
        10        31   4.90185   4.90219   1.36772
        10        32
        10        33   4.92253
        10        34   4.85151
        10        35   4.87784
        10        36
        10        37
        10        38
        10        39   3.34383
        10        40   3.85944   2.44483   4.77500
        10        41
        10        42
        10        43   4.63356   2.15714   3.98797
        10        44
        10        45   4.89658
        10        46
        10        47   3.24922   3.17645   4.22743
        10        48
        10        49   3.93006   4.72068   2.33841
        10        50
        10        51   1.38336
        10        52   4.20667   4.76231   4.71296
        10        53
        10        54   3.74644
        10        55
        10        56   3.40791
        10        57
        10        58
        10        59   3.00927
        10        60
        10        61   3.16899
        10        62
        10        63   4.54737   4.29470   4.06037
        11        26   4.99172   1.66129   4.42530
        11        27
        11        28   3.71980   3.72025   2.91596
        11        29
        11        30   2.32993   4.11232   4.11273
        11        31
        11        32   4.61319
        11        33
        11        34
        11        35
        11        36
        11        37
        11        38   3.34404
        11        39
        11        40
        11        41   1.82829   4.49066
        11        42   4.42879   1.67258
        11        43
        11        44
        11        45
        11        46   4.47034   1.77968
        11        47
        11        48   2.83756   3.91988   3.85978
        11        49
        11        50   4.02798   4.08644   2.59263
        11        51
        11        52
        11        53   3.41699
        11        54
        11        55   3.77370
        11        56
        11        57   4.17454   4.78378   4.73465
        11        58   4.22757   3.69871
        11        59
        11        60   3.82939   4.07785
        11        61
        11        62   2.69005
        11        63
        12        26
        12        27   2.13046   4.62156   4.00310
        12        28
        12        29   3.95169   3.20653   3.20653
        12        30
        12        31   4.62156   2.13046   4.00310
        12        32
        12        33
        12        34
        12        35   4.92254
        12        36   4.85152
        12        37   4.92254
        12        38
        12        39   4.17041   4.66808   4.66808
        12        40   1.42315
        12        41
        12        42
        12        43   4.92466   4.92466   1.36737
        12        44
        12        45   4.83987
        12        46
        12        47   3.88255   4.78145   2.36036
        12        48
        12        49   3.23354   3.23354   4.15956
        12        50
        12        51   3.88255   2.36036   4.78145
        12        52   3.43196
        12        53
        12        54   3.43196
        12        55
        12        56   3.78725
        12        57
        12        58
        12        59   3.33935   4.87675
        12        60
        12        61   3.14766
        12        62
        12        63   3.33935   4.87675
        13        26   4.99172   4.42530   1.66129
        13        27
        13        28   2.32993   4.11273   4.11232
        13        29
        13        30   3.72025   3.71980   2.91596
        13        31
        13        32
        13        33
        13        34   4.61319
        13        35
        13        36
        13        37
        13        38   3.34404
        13        39
        13        40
        13        41   4.49066   1.82829
        13        42   1.67258   4.42879
        13        43
        13        44
        13        45
        13        46   1.77968   4.47034
        13        47
        13        48   4.08644   4.02798   2.59263
        13        49
        13        50   2.83756   3.85978   3.91988
        13        51
        13        52
        13        53   3.41699
        13        54
        13        55   4.17454   4.73465   4.78378
        13        56
        13        57   3.77370
        13        58   4.22757   3.69871
        13        59
        13        60   2.69005
        13        61
        13        62   4.07785   3.82939
        13        63
        14        26   4.13605   3.74168   3.74168
        14        27
        14        28   4.89526   2.67274   4.56693
        14        29
        14        30   2.67274   4.89526   4.56693
        14        31
        14        32   4.56693   2.67274   4.89526
        14        33
        14        34   4.56693   4.89526   2.67274
        14        35
        14        36   3.74168   3.74168   4.13605
        14        37
        14        38
        14        39   3.85263
        14        40
        14        41   4.88140   4.88140
        14        42   2.32495
        14        43
        14        44   2.32495
        14        45
        14        46   3.84303
        14        47
        14        48   4.30216
        14        49
        14        50   4.30216
        14        51
        14        52   4.36348
        14        53
        14        54   4.36348
        14        55
        14        56   4.77280   4.77280
        14        57
        14        58   1.86954   4.28415   4.28415
        14        59
        14        60   4.28415   4.28415   1.86954
        14        61
        14        62   4.28415   1.86954   4.28415
        14        63
        15        26
        15        27   2.67274   4.89526   4.56693
        15        28
        15        29   4.13605   3.74168   3.74168
        15        30
        15        31   4.89526   2.67274   4.56693
        15        32
        15        33   3.74168   3.74168   4.13605
        15        34
        15        35   4.56693   2.67274   4.89526
        15        36
        15        37   4.56693   4.89526   2.67274
        15        38   4.88140   4.88140
        15        39
        15        40   3.85263
        15        41
        15        42
        15        43   2.32495
        15        44
        15        45   2.32495
        15        46
        15        47   4.36348
        15        48
        15        49   4.77280   4.77280
        15        50
        15        51   4.36348
        15        52
        15        53   3.84303
        15        54
        15        55   4.30216
        15        56
        15        57   4.30216
        15        58
        15        59   4.28415   1.86954   4.28415
        15        60
        15        61   4.28415   4.28415   1.86954
        15        62
        15        63   1.86954   4.28415   4.28415
        16        26   4.49214   4.49214   4.13541
        16        27
        16        28   3.19851
        16        29
        16        30   3.19851
        16        31
        16        32
        16        33   4.13541   4.49214   4.49214
        16        34
        16        35   3.19851
        16        36
        16        37   3.19851
        16        38   2.84486   3.84034   3.84034
        16        39
        16        40
        16        41   3.84034   3.84034   2.84486
        16        42   3.47005
        16        43
        16        44
        16        45   3.47005
        16        46   2.56075   4.07454   4.07454
        16        47
        16        48   4.50850   1.74230
        16        49
        16        50   1.74230   4.50850
        16        51
        16        52
        16        53   4.07454   4.07454   2.56075
        16        54
        16        55   1.74230   4.50850
        16        56
        16        57   4.50850   1.74230
        16        58
        16        59
        16        60
        16        61
        16        62
        16        63
        17        26
        17        27   3.19851
        17        28
        17        29   4.49214   4.49214   4.13541
        17        30
        17        31   3.19851
        17        32   3.19851
        17        33
        17        34   3.19851
        17        35
        17        36   4.13541   4.49214   4.49214
        17        37
        17        38
        17        39   3.21116   3.21116   4.11905
        17        40   4.11905   3.21116   3.21116
        17        41
        17        42
        17        43   3.47005
        17        44   3.47005
        17        45
        17        46
        17        47   4.76177   2.32023   3.92784
        17        48
        17        49   1.36443
        17        50
        17        51   2.32023   4.76177   3.92784
        17        52   3.92784   4.76177   2.32023
        17        53
        17        54   3.92784   2.32023   4.76177
        17        55
        17        56   1.36443
        17        57
        17        58   4.95653
        17        59   4.95782
        17        60   4.95782
        17        61   4.95653
        17        62   4.95782
        17        63   4.95782
        18        26   1.36712   4.93585   4.93584
        18        27
        18        28   3.98149   4.63959   2.16928
        18        29
        18        30   3.98149   2.16929   4.63959
        18        31
        18        32   3.63926
        18        33
        18        34   3.63927
        18        35
        18        36   4.91129   4.38038   4.38038
        18        37
        18        38
        18        39
        18        40
        18        41   3.03963
        18        42   3.20619   3.20619   3.96543
        18        43
        18        44   3.26130
        18        45
        18        46   4.15309   4.15308   4.38450
        18        47
        18        48   3.13128
        18        49
        18        50   3.13128
        18        51
        18        52
        18        53   4.95931
        18        54
        18        55   4.91651
        18        56
        18        57   4.91652
        18        58   1.31974
        18        59
        18        60   2.30063   4.90653   4.00429
        18        61
        18        62   4.90654   2.30062   4.00429
        18        63
        19        26
        19        27   4.43109   1.67768
        19        28
        19        29   4.09852   4.09852   2.37726
        19        30
        19        31   1.67768   4.43110
        19        32
        19        33   3.10141
        19        34
        19        35   4.52717   3.94490
        19        36
        19        37   4.52717   3.94490
        19        38   4.92839
        19        39
        19        40   3.94269   3.94269
        19        41
        19        42
        19        43   2.90941   3.72956   3.72957
        19        44
        19        45   4.22029   4.22030
        19        46
        19        47   3.75613   4.01051
        19        48
        19        49   2.58172
        19        50
        19        51   3.75613   4.01051
        19        52   4.88527
        19        53
        19        54   4.88526
        19        55
        19        56   4.92599
        19        57
        19        58
        19        59   1.71039   4.65904
        19        60
        19        61   2.54492   4.14946   4.14947
        19        62
        19        63   4.65904   1.71039
        20        26   3.10141
        20        27
        20        28   3.94490   4.52717
        20        29
        20        30   3.94490   4.52717
        20        31
        20        32   4.43110   1.67768
        20        33
        20        34   1.67768   4.43109
        20        35
        20        36   2.37726   4.09852   4.09852
        20        37
        20        38
        20        39   3.94269   3.94269
        20        40
        20        41   4.92839
        20        42   4.22030   4.22029
        20        43
        20        44   3.72957   3.72956   2.90941
        20        45
        20        46
        20        47   4.88526
        20        48
        20        49   4.92599
        20        50
        20        51   4.88527
        20        52   4.01051   3.75613
        20        53
        20        54   4.01051   3.75613
        20        55
        20        56   2.58172
        20        57
        20        58   4.14947   4.14946   2.54492
        20        59
        20        60   1.71039   4.65904
        20        61
        20        62   4.65904   1.71039
        20        63
        21        26
        21        27   3.63927
        21        28
        21        29   4.38038   4.38038   4.91129
        21        30
        21        31   3.63926
        21        32
        21        33   4.93584   4.93585   1.36712
        21        34
        21        35   2.16928   4.63959   3.98149
        21        36
        21        37   4.63959   2.16929   3.98149
        21        38   3.03963
        21        39
        21        40
        21        41
        21        42
        21        43   3.26130
        21        44
        21        45   3.96543   3.20619   3.20619
        21        46   4.95931
        21        47
        21        48   4.91651
        21        49
        21        50   4.91652
        21        51
        21        52
        21        53   4.38450   4.15308   4.15309
        21        54
        21        55   3.13128
        21        56
        21        57   3.13128
        21        58
        21        59   4.00429   2.30062   4.90654
        21        60
        21        61   1.31974
        21        62
        21        63   4.00429   4.90653   2.30063
        22        26   4.00939   4.07933   4.07933
        22        27
        22        28   4.97676   2.81923
        22        29
        22        30   2.81923   4.97675
        22        31
        22        32
        22        33   3.38087
        22        34
        22        35   4.05952   4.81673
        22        36
        22        37   4.05952   4.81673
        22        38   1.77559
        22        39
        22        40
        22        41   3.67296   3.23715   3.23714
        22        42   4.97834   4.97833   2.88115
        22        43
        22        44
        22        45   4.48169   4.48169
        22        46   4.69744   4.69743   1.45388
        22        47
        22        48   1.99142   4.50719   4.08800
        22        49
        22        50   4.50720   1.99142   4.08800
        22        51
        22        52
        22        53   4.27046   3.44033   3.44033
        22        54
        22        55   4.78460   2.55799   4.17532
        22        56
        22        57   2.55800   4.78460   4.17532
        22        58   4.47876
        22        59
        22        60   4.70209
        22        61
        22        62   4.70209
        22        63
        23        26
        23        27   3.65598   3.73254
        23        28
        23        29   2.28889
        23        30
        23        31   3.65598   3.73255
        23        32   3.91839
        23        33
        23        34   3.91839
        23        35
        23        36   4.51699   4.51700
        23        37
        23        38
        23        39   1.77559
        23        40   3.53366   3.53367   3.07818
        23        41
        23        42
        23        43   3.71420   3.71420
        23        44   3.48745
        23        45
        23        46
        23        47   4.76270   1.65260   4.36809
        23        48
        23        49   2.14082   4.16281   4.16282
        23        50
        23        51   4.76269   4.36808   1.65261
        23        52   4.87162   2.53805   4.16313
        23        53
        23        54   2.53805   4.87162   4.16313
        23        55
        23        56   4.18309   3.46974   3.46975
        23        57
        23        58
        23        59   4.94687
        23        60
        23        61
        23        62
        23        63   4.94687
        24        26
        24        27   3.91839
        24        28
        24        29   4.51700   4.51699
        24        30
        24        31   3.91839
        24        32   3.73255   3.65598
        24        33
        24        34   3.73254   3.65598
        24        35
        24        36   2.28889
        24        37
        24        38
        24        39   3.07818   3.53367   3.53366
        24        40   1.77559
        24        41
        24        42
        24        43   3.48745
        24        44   3.71420   3.71420
        24        45
        24        46
        24        47   4.16313   4.87162   2.53805
        24        48
        24        49   3.46975   3.46974   4.18309
        24        50
        24        51   4.16313   2.53805   4.87162
        24        52   1.65261   4.36808   4.76269
        24        53
        24        54   4.36809   1.65260   4.76270
        24        55
        24        56   4.16282   4.16281   2.14082
        24        57
        24        58
        24        59
        24        60   4.94687
        24        61
        24        62   4.94687
        24        63
        25        26   3.38087
        25        27
        25        28   4.81673   4.05952
        25        29
        25        30   4.81673   4.05952
        25        31
        25        32
        25        33   4.07933   4.07933   4.00939
        25        34
        25        35   2.81923   4.97676
        25        36
        25        37   4.97675   2.81923
        25        38   3.23714   3.23715   3.67296
        25        39
        25        40
        25        41   1.77559
        25        42   4.48169   4.48169
        25        43
        25        44
        25        45   2.88115   4.97833   4.97834
        25        46   3.44033   3.44033   4.27046
        25        47
        25        48   4.17532   2.55799   4.78460
        25        49
        25        50   4.17532   4.78460   2.55800
        25        51
        25        52
        25        53   1.45388   4.69743   4.69744
        25        54
        25        55   4.08800   4.50719   1.99142
        25        56
        25        57   4.08800   1.99142   4.50720
        25        58
        25        59   4.70209
        25        60
        25        61   4.47876
        25        62
        25        63   4.70209
        26         0   3.60064   4.00891   4.00891
        26         1
        26         2
        26         3   4.92253
        26         4
        26         5
        26         6
        26         7   4.92253
        26         8
        26         9   2.91548   3.72032   3.72032
        26        10
        26        11   4.42530   1.66129   4.99172
        26        12
        26        13   1.66129   4.42530   4.99172
        26        14   3.74168   3.74168   4.13605
        26        15
        26        16   4.13541   4.49214   4.49214
        26        17
        26        18   4.93584   4.93585   1.36712
        26        19
        26        20   3.10141
        26        21
        26        22   4.07933   4.07933   4.00939
        26        23
        26        24
        26        25   3.38087
        27         0
        27         1   3.26789   3.71292
        27         2
        27         3   4.85151
        27         4
        27         5
        27         6   4.61319
        27         7
        27         8   1.36772   4.90185   4.90219
        27         9
        27        10   3.20661   3.20608   3.95219
        27        11
        27        12   4.00310   4.62156   2.13046
        27        13
        27        14
        27        15   4.56693   4.89526   2.67274
        27        16
        27        17   3.19851
        27        18
        27        19   1.67768   4.43109
        27        20
        27        21   3.63927
        27        22
        27        23   3.73254   3.65598
        27        24   3.91839
        27        25
        28         0   4.78832   2.47143
        28         1
        28         2
        28         3   4.87784
        28         4
        28         5   4.92254
        28         6
        28         7
        28         8
        28         9   4.42498   1.66145   4.99211
        28        10
        28        11   2.91596   3.72025   3.71980
        28        12
        28        13   4.11232   4.11273   2.32993
        28        14   4.56693   2.67274   4.89526
        28        15
        28        16   3.19851
        28        17
        28        18   2.16928   4.63959   3.98149
        28        19
        28        20   4.52717   3.94490
        28        21
        28        22   2.81923   4.97676
        28        23
        28        24
        28        25   4.05952   4.81673
        29         0
        29         1   1.95510
        29         2   4.61318
        29         3
        29         4
        29         5   4.85152
        29         6
        29         7
        29         8   4.00274   2.13058   4.62198
        29         9
        29        10   4.00274   4.62198   2.13058
        29        11
        29        12   3.20653   3.20653   3.95169
        29        13
        29        14
        29        15   3.74168   3.74168   4.13605
        29        16
        29        17   4.13541   4.49214   4.49214
        29        18
        29        19   2.37726   4.09852   4.09852
        29        20
        29        21   4.91129   4.38038   4.38038
        29        22
        29        23   2.28889
        29        24   4.51699   4.51700
        29        25
        30         0   2.47143   4.78831
        30         1
        30         2
        30         3
        30         4
        30         5   4.92254
        30         6
        30         7   4.87784
        30         8
        30         9   1.66145   4.42498   4.99211
        30        10
        30        11   4.11273   4.11232   2.32993
        30        12
        30        13   2.91596   3.71980   3.72025
        30        14   4.56693   4.89526   2.67274
        30        15
        30        16   3.19851
        30        17
        30        18   4.63959   2.16929   3.98149
        30        19
        30        20   4.52717   3.94490
        30        21
        30        22   4.97675   2.81923
        30        23
        30        24
        30        25   4.05952   4.81673
        31         0
        31         1   3.26789   3.71292
        31         2
        31         3
        31         4   4.61319
        31         5
        31         6
        31         7   4.85151
        31         8   3.20608   3.20661   3.95219
        31         9
        31        10   1.36772   4.90219   4.90185
        31        11
        31        12   4.00310   2.13046   4.62156
        31        13
        31        14
        31        15   4.56693   2.67274   4.89526
        31        16
        31        17   3.19851
        31        18
        31        19   4.43110   1.67768
        31        20
        31        21   3.63926
        31        22
        31        23   3.73255   3.65598
        31        24   3.91839
        31        25
        32         0   3.71292   3.26789
        32         1
        32         2
        32         3   4.90185   4.90219   1.36772
        32         4
        32         5   4.62156   2.13046   4.00310
        32         6
        32         7   3.95219   3.20661   3.20608
        32         8   4.85151
        32         9
        32        10
        32        11   4.61319
        32        12
        32        13
        32        14   4.89526   2.67274   4.56693
        32        15
        32        16
        32        17   3.19851
        32        18   3.63926
        32        19
        32        20   1.67768   4.43110
        32        21
        32        22
        32        23   3.91839
        32        24   3.65598   3.73255
        32        25
        33         0
        33         1   4.00891   4.00891   3.60064
        33         2   3.72032   3.72032   2.91548
        33         3
        33         4   4.99172   1.66129   4.42530
        33         5
        33         6   4.99172   4.42530   1.66129
        33         7
        33         8   4.92253
        33         9
        33        10   4.92253
        33        11
        33        12
        33        13
        33        14
        33        15   4.13605   3.74168   3.74168
        33        16   4.49214   4.49214   4.13541
        33        17
        33        18
        33        19   3.10141
        33        20
        33        21   1.36712   4.93585   4.93584
        33        22   3.38087
        33        23
        33        24
        33        25   4.00939   4.07933   4.07933
        34         0   3.71292   3.26789
        34         1
        34         2
        34         3   3.95219   3.20608   3.20661
        34         4
        34         5   2.13046   4.62156   4.00310
        34         6
        34         7   4.90219   4.90185   1.36772
        34         8
        34         9
        34        10   4.85151
        34        11
        34        12
        34        13   4.61319
        34        14   2.67274   4.89526   4.56693
        34        15
        34        16
        34        17   3.19851
        34        18   3.63927
        34        19
        34        20   4.43109   1.67768
        34        21
        34        22
        34        23   3.91839
        34        24   3.65598   3.73254
        34        25
        35         0
        35         1   2.47143   4.78832
        35         2   4.99211   1.66145   4.42498
        35         3
        35         4   3.71980   3.72025   2.91596
        35         5
        35         6   2.32993   4.11273   4.11232
        35         7
        35         8
        35         9
        35        10   4.87784
        35        11
        35        12   4.92254
        35        13
        35        14
        35        15   4.89526   2.67274   4.56693
        35        16   3.19851
        35        17
        35        18
        35        19   3.94490   4.52717
        35        20
        35        21   3.98149   4.63959   2.16928
        35        22   4.81673   4.05952
        35        23
        35        24
        35        25   4.97676   2.81923
        36         0   1.95510
        36         1
        36         2
        36         3   2.13058   4.62198   4.00274
        36         4
        36         5   3.95169   3.20653   3.20653
        36         6
        36         7   4.62198   2.13058   4.00274
        36         8
        36         9   4.61318
        36        10
        36        11
        36        12   4.85152
        36        13
        36        14   4.13605   3.74168   3.74168
        36        15
        36        16
        36        17   4.49214   4.49214   4.13541
        36        18   4.38038   4.38038   4.91129
        36        19
        36        20   4.09852   4.09852   2.37726
        36        21
        36        22
        36        23   4.51700   4.51699
        36        24   2.28889
        36        25
        37         0
        37         1   4.78831   2.47143
        37         2   4.99211   4.42498   1.66145
        37         3
        37         4   2.32993   4.11232   4.11273
        37         5
        37         6   3.72025   3.71980   2.91596
        37         7
        37         8   4.87784
        37         9
        37        10
        37        11
        37        12   4.92254
        37        13
        37        14
        37        15   2.67274   4.89526   4.56693
        37        16   3.19851
        37        17
        37        18
        37        19   3.94490   4.52717
        37        20
        37        21   3.98149   2.16929   4.63959
        37        22   4.81673   4.05952
        37        23
        37        24
        37        25   2.81923   4.97675
        38         0
        38         1   4.64759
        38         2   4.02648   4.02648   2.70084
        38         3
        38         4   1.82829   4.49066
        38         5
        38         6   4.49066   1.82829
        38         7
        38         8
        38         9   4.66778   4.66777   4.17088
        38        10
        38        11   3.34404
        38        12
        38        13   3.34404
        38        14
        38        15   4.88140   4.88140
        38        16   3.84034   3.84034   2.84486
        38        17
        38        18
        38        19   4.92839
        38        20
        38        21   3.03963
        38        22   1.77559
        38        23
        38        24
        38        25   3.67296   3.23715   3.23714
        39         0   4.64759
        39         1
        39         2
        39         3   3.85944   2.44483   4.77500
        39         4
        39         5   1.42315
        39         6
        39         7   3.85944   4.77499   2.44484
        39         8   3.34383
        39         9
        39        10   3.34383
        39        11
        39        12   4.66808   4.66808   4.17041
        39        13
        39        14   3.85263
        39        15
        39        16
        39        17   4.11905   3.21116   3.21116
        39        18
        39        19
        39        20   3.94269   3.94269
        39        21
        39        22
        39        23   1.77559
        39        24   3.53366   3.53367   3.07818
        39        25
        40         0
        40         1   4.64759
        40         2
        40         3   3.34383
        40         4
        40         5   4.17041   4.66808   4.66808
        40         6
        40         7   3.34383
        40         8   2.44484   4.77499   3.85944
        40         9
        40        10   4.77500   2.44483   3.85944
        40        11
        40        12   1.42315
        40        13
        40        14
        40        15   3.85263
        40        16
        40        17   3.21116   3.21116   4.11905
        40        18
        40        19   3.94269   3.94269
        40        20
        40        21
        40        22
        40        23   3.07818   3.53367   3.53366
        40        24   1.77559
        40        25
        41         0   4.64759
        41         1
        41         2   4.17088   4.66777   4.66778
        41         3
        41         4   3.34404
        41         5
        41         6   3.34404
        41         7
        41         8
        41         9   2.70084   4.02648   4.02648
        41        10
        41        11   4.49066   1.82829
        41        12
        41        13   1.82829   4.49066
        41        14   4.88140   4.88140
        41        15
        41        16   2.84486   3.84034   3.84034
        41        17
        41        18   3.03963
        41        19
        41        20   4.92839
        41        21
        41        22   3.23714   3.23715   3.67296
        41        23
        41        24
        41        25   1.77559
        42         0   4.59496   4.59496   2.76205
        42         1
        42         2
        42         3   4.89658
        42         4
        42         5   4.83987
        42         6
        42         7   4.89658
        42         8
        42         9   4.10265   4.10265   2.36243
        42        10
        42        11   1.67258   4.42879
        42        12
        42        13   4.42879   1.67258
        42        14   2.32495
        42        15
        42        16   3.47005
        42        17
        42        18   3.96543   3.20619   3.20619
        42        19
        42        20   4.22029   4.22030
        42        21
        42        22   2.88115   4.97833   4.97834
        42        23
        42        24
        42        25   4.48169   4.48169
        43         0
        43         1   3.48193   3.48193
        43         2
        43         3
        43         4
        43         5
        43         6
        43         7
        43         8   3.98797   4.63356   2.15714
        43         9
        43        10   3.98797   2.15714   4.63356
        43        11
        43        12   1.36737   4.92466   4.92466
        43        13
        43        14
        43        15   2.32495
        43        16
        43        17   3.47005
        43        18
        43        19   3.72957   3.72956   2.90941
        43        20
        43        21   3.26130
        43        22
        43        23   3.71420   3.71420
        43        24   3.48745
        43        25
        44         0   3.48193   3.48193
        44         1
        44         2
        44         3   4.63356   2.15714   3.98797
        44         4
        44         5   4.92466   4.92466   1.36737
        44         6
        44         7   2.15714   4.63356   3.98797
        44         8
        44         9
        44        10
        44        11
        44        12
        44        13
        44        14   2.32495
        44        15
        44        16
        44        17   3.47005
        44        18   3.26130
        44        19
        44        20   2.90941   3.72956   3.72957
        44        21
        44        22
        44        23   3.48745
        44        24   3.71420   3.71420
        44        25
        45         0
        45         1   2.76205   4.59496   4.59496
        45         2   2.36243   4.10265   4.10265
        45         3
        45         4   4.42879   1.67258
        45         5
        45         6   1.67258   4.42879
        45         7
        45         8   4.89658
        45         9
        45        10   4.89658
        45        11
        45        12   4.83987
        45        13
        45        14
        45        15   2.32495
        45        16   3.47005
        45        17
        45        18
        45        19   4.22030   4.22029
        45        20
        45        21   3.20619   3.20619   3.96543
        45        22   4.48169   4.48169
        45        23
        45        24
        45        25   4.97834   4.97833   2.88115
        46         0   4.39378
        46         1
        46         2   3.73274
        46         3
        46         4   3.41699
        46         5
        46         6   3.41699
        46         7
        46         8
        46         9   3.93283   3.93283   2.77233
        46        10
        46        11   1.77968   4.47034
        46        12
        46        13   4.47034   1.77968
        46        14   3.84303
        46        15
        46        16   4.07454   4.07454   2.56075
        46        17
        46        18   4.38450   4.15308   4.15309
        46        19
        46        20
        46        21   4.95931
        46        22   1.45388   4.69743   4.69744
        46        23
        46        24
        46        25   4.27046   3.44033   3.44033
        47         0
        47         1   4.00193
        47         2
        47         3   3.74644
        47         4
        47         5   3.43196
        47         6
        47         7   4.20667   4.71296   4.76231
        47         8   1.38336
        47         9
        47        10   4.22743   3.17645   3.24922
        47        11
        47        12   2.36036   4.78145   3.88255
        47        13
        47        14
        47        15   4.36348
        47        16
        47        17   3.92784   2.32023   4.76177
        47        18
        47        19   4.01051   3.75613
        47        20   4.88526
        47        21
        47        22
        47        23   4.36809   1.65260   4.76270
        47        24   2.53805   4.87162   4.16313
        47        25
        48         0   3.97107
        48         1
        48         2   3.39284
        48         3
        48         4   3.77370
        48         5
        48         6   4.17454   4.73465   4.78378
        48         7
        48         8
        48         9   1.75047   4.51166
        48        10
        48        11   3.85978   3.91988   2.83756
        48        12
        48        13   2.59263   4.02798   4.08644
        48        14   4.30216
        48        15
        48        16   1.74230   4.50850
        48        17
        48        18   3.13128
        48        19
        48        20
        48        21   4.91651
        48        22   4.08800   4.50719   1.99142
        48        23
        48        24
        48        25   4.78460   2.55799   4.17532
        49         0
        49         1   4.44467
        49         2
        49         3   3.40791
        49         4
        49         5   3.78725
        49         6
        49         7   3.40791
        49         8   4.72068   2.33841   3.93006
        49         9
        49        10   2.33841   4.72068   3.93006
        49        11
        49        12   4.15956   3.23354   3.23354
        49        13
        49        14
        49        15   4.77280   4.77280
        49        16
        49        17   1.36443
        49        18
        49        19   2.58172
        49        20   4.92599
        49        21
        49        22
        49        23   4.16282   4.16281   2.14082
        49        24   4.18309   3.46974   3.46975
        49        25
        50         0   3.97107
        50         1
        50         2   3.39284
        50         3
        50         4   4.17454   4.78378   4.73465
        50         5
        50         6   3.77370
        50         7
        50         8
        50         9   4.51166   1.75047
        50        10
        50        11   2.59263   4.08644   4.02798
        50        12
        50        13   3.91988   3.85978   2.83756
        50        14   4.30216
        50        15
        50        16   4.50850   1.74230
        50        17
        50        18   3.13128
        50        19
        50        20
        50        21   4.91652
        50        22   4.08800   1.99142   4.50720
        50        23
        50        24
        50        25   2.55800   4.78460   4.17532
        51         0
        51         1   4.00193
        51         2
        51         3   4.20667   4.76231   4.71296
        51         4
        51         5   3.43196
        51         6
        51         7   3.74644
        51         8   4.22743   3.24922   3.17645
        51         9
        51        10   1.38336
        51        11
        51        12   4.78145   2.36036   3.88255
        51        13
        51        14
        51        15   4.36348
        51        16
        51        17   3.92784   4.76177   2.32023
        51        18
        51        19   4.01051   3.75613
        51        20   4.88527
        51        21
        51        22
        51        23   1.65261   4.36808   4.76269
        51        24   4.87162   2.53805   4.16313
        51        25
        52         0   4.00193
        52         1
        52         2
        52         3   1.38336
        52         4
        52         5   3.88255   2.36036   4.78145
        52         6
        52         7   3.17645   3.24922   4.22743
        52         8   3.74644
        52         9
        52        10   4.71296   4.76231   4.20667
        52        11
        52        12   3.43196
        52        13
        52        14   4.36348
        52        15
        52        16
        52        17   2.32023   4.76177   3.92784
        52        18
        52        19   4.88527
        52        20   3.75613   4.01051
        52        21
        52        22
        52        23   4.16313   2.53805   4.87162
        52        24   4.76269   4.36808   1.65261
        52        25
        53         0
        53         1   4.39378
        53         2   2.77233   3.93283   3.93283
        53         3
        53         4   4.47034   1.77968
        53         5
        53         6   1.77968   4.47034
        53         7
        53         8
        53         9   3.73274
        53        10
        53        11   3.41699
        53        12
        53        13   3.41699
        53        14
        53        15   3.84303
        53        16   2.56075   4.07454   4.07454
        53        17
        53        18   4.95931
        53        19
        53        20
        53        21   4.15309   4.15308   4.38450
        53        22   3.44033   3.44033   4.27046
        53        23
        53        24
        53        25   4.69744   4.69743   1.45388
        54         0   4.00193
        54         1
        54         2
        54         3   3.24922   3.17645   4.22743
        54         4
        54         5   3.88255   4.78145   2.36036
        54         6
        54         7   1.38336
        54         8   4.76231   4.71296   4.20667
        54         9
        54        10   3.74644
        54        11
        54        12   3.43196
        54        13
        54        14   4.36348
        54        15
        54        16
        54        17   4.76177   2.32023   3.92784
        54        18
        54        19   4.88526
        54        20   3.75613   4.01051
        54        21
        54        22
        54        23   4.16313   4.87162   2.53805
        54        24   4.76270   1.65260   4.36809
        54        25
        55         0
        55         1   3.97107
        55         2   4.51166   1.75047
        55         3
        55         4   2.83756   3.91988   3.85978
        55         5
        55         6   4.08644   4.02798   2.59263
        55         7
        55         8
        55         9   3.39284
        55        10
        55        11   3.77370
        55        12
        55        13   4.78378   4.73465   4.17454
        55        14
        55        15   4.30216
        55        16   4.50850   1.74230
        55        17
        55        18   4.91651
        55        19
        55        20
        55        21   3.13128
        55        22   4.17532   2.55799   4.78460
        55        23
        55        24
        55        25   1.99142   4.50719   4.08800
        56         0   4.44467
        56         1
        56         2
        56         3   3.93006   4.72068   2.33841
        56         4
        56         5   3.23354   3.23354   4.15956
        56         6
        56         7   3.93006   2.33841   4.72068
        56         8   3.40791
        56         9
        56        10   3.40791
        56        11
        56        12   3.78725
        56        13
        56        14   4.77280   4.77280
        56        15
        56        16
        56        17   1.36443
        56        18
        56        19   4.92599
        56        20   2.58172
        56        21
        56        22
        56        23   3.46975   3.46974   4.18309
        56        24   2.14082   4.16281   4.16282
        56        25
        57         0
        57         1   3.97107
        57         2   1.75047   4.51166
        57         3
        57         4   4.02798   4.08644   2.59263
        57         5
        57         6   2.83756   3.85978   3.91988
        57         7
        57         8
        57         9   3.39284
        57        10
        57        11   4.73465   4.78378   4.17454
        57        12
        57        13   3.77370
        57        14
        57        15   4.30216
        57        16   1.74230   4.50850
        57        17
        57        18   4.91652
        57        19
        57        20
        57        21   3.13128
        57        22   4.17532   4.78460   2.55800
        57        23
        57        24
        57        25   4.50720   1.99142   4.08800
        58         0   4.82772   2.90657   2.90656
        58         1
        58         2
        58         3   3.16899
        58         4
        58         5   3.14766
        58         6
        58         7   3.16899
        58         8
        58         9   3.97201   3.97201
        58        10
        58        11   3.69871   4.22757
        58        12
        58        13   3.69871   4.22757
        58        14   4.28415   4.28415   1.86954
        58        15
        58        16
        58        17   4.95653
        58        18   1.31974
        58        19
        58        20   2.54492   4.14946   4.14947
        58        21
        58        22   4.47876
        58        23
        58        24
        58        25
        59         0
        59         1   2.90656   4.82773   2.90656
        59         2   4.09434   3.81176
        59         3
        59         4   2.69005
        59         5
        59         6   4.07785   3.82939
        59         7
        59         8   4.29470   4.06037   4.54737
        59         9
        59        10   3.00927
        59        11
        59        12   4.87675   3.33935
        59        13
        59        14
        59        15   4.28415   1.86954   4.28415
        59        16
        59        17   4.95782
        59        18
        59        19   4.65904   1.71039
        59        20
        59        21   4.90654   2.30062   4.00429
        59        22
        59        23   4.94687
        59        24
        59        25   4.70209
        60         0   2.90656   2.90657   4.82772
        60         1
        60         2
        60         3   4.54737   4.29470   4.06037
        60         4
        60         5   3.33935   4.87675
        60         6
        60         7   3.00927
        60         8
        60         9   3.81176   4.09434
        60        10
        60        11   4.07785   3.82939
        60        12
        60        13   2.69005
        60        14   1.86954   4.28415   4.28415
        60        15
        60        16
        60        17   4.95782
        60        18   4.00429   4.90653   2.30063
        60        19
        60        20   4.65904   1.71039
        60        21
        60        22   4.70209
        60        23
        60        24   4.94687
        60        25
        61         0
        61         1   2.90656   2.90657   4.82772
        61         2   3.97201   3.97201
        61         3
        61         4   4.22757   3.69871
        61         5
        61         6   4.22757   3.69871
        61         7
        61         8   3.16899
        61         9
        61        10   3.16899
        61        11
        61        12   3.14766
        61        13
        61        14
        61        15   1.86954   4.28415   4.28415
        61        16
        61        17   4.95653
        61        18
        61        19   4.14947   4.14946   2.54492
        61        20
        61        21   1.31974
        61        22
        61        23
        61        24
        61        25   4.47876
        62         0   2.90656   4.82773   2.90656
        62         1
        62         2
        62         3   3.00927
        62         4
        62         5   3.33935   4.87675
        62         6
        62         7   4.54737   4.06037   4.29470
        62         8
        62         9   3.81176   4.09434
        62        10
        62        11   2.69005
        62        12
        62        13   3.82939   4.07785
        62        14   4.28415   1.86954   4.28415
        62        15
        62        16
        62        17   4.95782
        62        18   4.00429   2.30062   4.90654
        62        19
        62        20   1.71039   4.65904
        62        21
        62        22   4.70209
        62        23
        62        24   4.94687
        62        25
        63         0
        63         1   4.82772   2.90657   2.90656
        63         2   4.09434   3.81176
        63         3
        63         4   3.82939   4.07785
        63         5
        63         6   2.69005
        63         7
        63         8   3.00927
        63         9
        63        10   4.06037   4.29470   4.54737
        63        11
        63        12   4.87675   3.33935
        63        13
        63        14
        63        15   4.28415   4.28415   1.86954
        63        16
        63        17   4.95782
        63        18
        63        19   1.71039   4.65904
        63        20
        63        21   2.30063   4.90653   4.00429
        63        22
        63        23   4.94687
        63        24
        63        25   4.70209
