         0        16   4.45686   2.86665
         0        17   2.78314
         0        18   2.78314
         0        19   4.45686   2.86665
         0        20   4.47591   4.10019
         0        21   2.52588
         0        22
         0        23   4.28412
         0        24   4.28412
         0        25
         0        26
         0        27
         1        16   2.78314
         1        17   2.86665   4.45686
         1        18   2.86665   4.45686
         1        19   2.78314
         1        20   2.52588
         1        21   4.10019   4.47591
         1        22   4.28412
         1        23
         1        24
         1        25   4.28412
         1        26
         1        27
         2        16
         2        17
         2        18   2.70594
         2        19   2.70594
         2        20
         2        21
         2        22   2.89666   4.98987
         2        23   4.98987   2.89666
         2        24   4.60373
         2        25   4.60373
         2        26   4.99035   3.01748
         2        27   3.01748   4.99035
         3        16   2.70594
         3        17   2.70594
         3        18
         3        19
         3        20
         3        21
         3        22   4.60373
         3        23   4.60373
         3        24   4.98987   2.89666
         3        25   2.89666   4.98987
         3        26   4.99035   3.01748
         3        27   3.01748   4.99035
         4        16   4.86039
         4        17   4.86039
         4        18   4.83460   2.74610
         4        19   2.74610   4.83460
         4        20   3.87097
         4        21   3.87097
         4        22   2.78189
         4        23   2.78189
         4        24
         4        25
         4        26   3.23329
         4        27   3.23329
         5        16   2.74610   4.83460
         5        17   4.83460   2.74610
         5        18   4.86039
         5        19   4.86039
         5        20   3.87097
         5        21   3.87097
         5        22
         5        23
         5        24   2.78189
         5        25   2.78189
         5        26   3.23329
         5        27   3.23329
         6        16
         6        17   4.28412
         6        18   4.28412
         6        19
         6        20
         6        21
         6        22   4.45686   2.86665
         6        23   2.78314
         6        24   2.78314
         6        25   4.45686   2.86665
         6        26   4.47591   4.10019
         6        27   2.52588
         7        16   4.28412
         7        17
         7        18
         7        19   4.28412
         7        20
         7        21
         7        22   2.78314
         7        23   2.86665   4.45686
         7        24   2.86665   4.45686
         7        25   2.78314
         7        26   2.52588
         7        27   4.10019   4.47591
         8        16   2.89666   4.98987
         8        17   4.98987   2.89666
         8        18   4.60373
         8        19   4.60373
         8        20   4.99035   3.01748
         8        21   3.01748   4.99035
         8        22
         8        23
         8        24   2.70594
         8        25   2.70594
         8        26
         8        27
         9        16   4.60373
         9        17   4.60373
         9        18   4.98987   2.89666
         9        19   2.89666   4.98987
         9        20   4.99035   3.01748
         9        21   3.01748   4.99035
         9        22   2.70594
         9        23   2.70594
         9        24
         9        25
         9        26
         9        27
        10        16   2.78189
        10        17   2.78189
        10        18
        10        19
        10        20   3.23329
        10        21   3.23329
        10        22   4.86039
        10        23   4.86039
        10        24   4.83460   2.74610
        10        25   2.74610   4.83460
        10        26   3.87097
        10        27   3.87097
        11        16
        11        17
        11        18   2.78189
        11        19   2.78189
        11        20   3.23329
        11        21   3.23329
        11        22   2.74610   4.83460
        11        23   4.83460   2.74610
        11        24   4.86039
        11        25   4.86039
        11        26   3.87097
        11        27   3.87097
        12        16   1.84782
        12        17   4.05759
        12        18   4.05759
        12        19   1.84782
        12        20   1.94241
        12        21   4.64446   1.95389
        12        22
        12        23   4.88268
        12        24   4.88268
        12        25
        12        26
        12        27
        13        16   4.05759
        13        17   1.84782
        13        18   1.84782
        13        19   4.05759
        13        20   1.95389   4.64446
        13        21   1.94241
        13        22   4.88268
        13        23
        13        24
        13        25   4.88268
        13        26
        13        27
        14        16
        14        17   4.88268
        14        18   4.88268
        14        19
        14        20
        14        21
        14        22   1.84782
        14        23   4.05759
        14        24   4.05759
        14        25   1.84782
        14        26   1.94241
        14        27   4.64446   1.95389
        15        16   4.88268
        15        17
        15        18
        15        19   4.88268
        15        20
        15        21
        15        22   4.05759
        15        23   1.84782
        15        24   1.84782
        15        25   4.05759
        15        26   1.95389   4.64446
        15        27   1.94241
        16         0   2.86665   4.45686
        16         1   2.78314
        16         2
        16         3   2.70594
        16         4   4.86039
        16         5   4.83460   2.74610
        16         6
        16         7   4.28412
        16         8   4.98987   2.89666
        16         9   4.60373
        16        10   2.78189
        16        11
        16        12   1.84782
        16        13   4.05759
        16        14
        16        15   4.88268
        17         0   2.78314
        17         1   4.45686   2.86665
        17         2
        17         3   2.70594
        17         4   4.86039
        17         5   2.74610   4.83460
        17         6   4.28412
        17         7
        17         8   2.89666   4.98987
        17         9   4.60373
        17        10   2.78189
        17        11
        17        12   4.05759
        17        13   1.84782
        17        14   4.88268
        17        15
        18         0   2.78314
        18         1   4.45686   2.86665
        18         2   2.70594
        18         3
        18         4   2.74610   4.83460
        18         5   4.86039
        18         6   4.28412
        18         7
        18         8   4.60373
        18         9   2.89666   4.98987
        18        10
        18        11   2.78189
        18        12   4.05759
        18        13   1.84782
        18        14   4.88268
        18        15
        19         0   2.86665   4.45686
        19         1   2.78314
        19         2   2.70594
        19         3
        19         4   4.83460   2.74610
        19         5   4.86039
        19         6
        19         7   4.28412
        19         8   4.60373
        19         9   4.98987   2.89666
        19        10
        19        11   2.78189
        19        12   1.84782
        19        13   4.05759
        19        14
        19        15   4.88268
        20         0   4.10019   4.47591
        20         1   2.52588
        20         2
        20         3
        20         4   3.87097
        20         5   3.87097
        20         6
        20         7
        20         8   3.01748   4.99035
        20         9   3.01748   4.99035
        20        10   3.23329
        20        11   3.23329
        20        12   1.94241
        20        13   4.64446   1.95389
        20        14
        20        15
        21         0   2.52588
        21         1   4.47591   4.10019
        21         2
        21         3
        21         4   3.87097
        21         5   3.87097
        21         6
        21         7
        21         8   4.99035   3.01748
        21         9   4.99035   3.01748
        21        10   3.23329
        21        11   3.23329
        21        12   1.95389   4.64446
        21        13   1.94241
        21        14
        21        15
        22         0
        22         1   4.28412
        22         2   4.98987   2.89666
        22         3   4.60373
        22         4   2.78189
        22         5
        22         6   2.86665   4.45686
        22         7   2.78314
        22         8
        22         9   2.70594
        22        10   4.86039
        22        11   4.83460   2.74610
        22        12
        22        13   4.88268
        22        14   1.84782
        22        15   4.05759
        23         0   4.28412
        23         1
        23         2   2.89666   4.98987
        23         3   4.60373
        23         4   2.78189
        23         5
        23         6   2.78314
        23         7   4.45686   2.86665
        23         8
        23         9   2.70594
        23        10   4.86039
        23        11   2.74610   4.83460
        23        12   4.88268
        23        13
        23        14   4.05759
        23        15   1.84782
        24         0   4.28412
        24         1
        24         2   4.60373
        24         3   2.89666   4.98987
        24         4
        24         5   2.78189
        24         6   2.78314
        24         7   4.45686   2.86665
        24         8   2.70594
        24         9
        24        10   2.74610   4.83460
        24        11   4.86039
        24        12   4.88268
        24        13
        24        14   4.05759
        24        15   1.84782
        25         0
        25         1   4.28412
        25         2   4.60373
        25         3   4.98987   2.89666
        25         4
        25         5   2.78189
        25         6   2.86665   4.45686
        25         7   2.78314
        25         8   2.70594
        25         9
        25        10   4.83460   2.74610
        25        11   4.86039
        25        12
        25        13   4.88268
        25        14   1.84782
        25        15   4.05759
        26         0
        26         1
        26         2   3.01748   4.99035
        26         3   3.01748   4.99035
        26         4   3.23329
        26         5   3.23329
        26         6   4.10019   4.47591
        26         7   2.52588
        26         8
        26         9
        26        10   3.87097
        26        11   3.87097
        26        12
        26        13
        26        14   1.94241
        26        15   4.64446   1.95389
        27         0
        27         1
        27         2   4.99035   3.01748
        27         3   4.99035   3.01748
        27         4   3.23329
        27         5   3.23329
        27         6   2.52588
        27         7   4.47591   4.10019
        27         8
        27         9
        27        10   3.87097
        27        11   3.87097
        27        12
        27        13
        27        14   1.95389   4.64446
        27        15   1.94241
