         0         8   2.31196   3.46621
         0         9   4.32381   4.32381
         0        10   2.24026   3.24402
         0        11   4.71396   4.71396   4.84430   4.84430
         0        12   4.31085   2.54682   4.78495
         0        13   2.68685   4.87175
         0        14   4.51958   4.86348   2.31867
         0        15   4.57945   3.53232   4.77617
         0        16   4.57945   3.53232   4.77617
         0        17   4.51958   4.86348   2.31867
         0        18   2.68685   4.87175
         0        19   4.31085   2.54682   4.78495
         1         8   4.32381   4.32381
         1         9   3.46621   2.31196
         1        10   4.84430   4.84430   4.71396   4.71396
         1        11   2.24026   3.24402
         1        12   2.68685   4.87175
         1        13   4.78495   4.31085   2.54682
         1        14   3.53232   4.77617   4.57945
         1        15   4.86348   2.31867   4.51958
         1        16   4.86348   2.31867   4.51958
         1        17   3.53232   4.77617   4.57945
         1        18   4.78495   4.31085   2.54682
         1        19   2.68685   4.87175
         2         8   3.24402   2.24026
         2         9   4.71396   4.71396   4.84430   4.84430
         2        10   2.31196   3.46621
         2        11   4.32381   4.32381
         2        12   4.51958   2.31867   4.86348
         2        13   4.57945   4.77617   3.53232
         2        14   2.54682   4.31085   4.78495
         2        15   4.87175   2.68685
         2        16   4.87175   2.68685
         2        17   2.54682   4.31085   4.78495
         2        18   4.57945   4.77617   3.53232
         2        19   4.51958   2.31867   4.86348
         3         8   4.84430   4.84430   4.71396   4.71396
         3         9   3.24402   2.24026
         3        10   4.32381   4.32381
         3        11   3.46621   2.31196
         3        12   4.77617   3.53232   4.57945
         3        13   2.31867   4.86348   4.51958
         3        14   4.87175   2.68685
         3        15   4.78495   2.54682   4.31085
         3        16   4.78495   2.54682   4.31085
         3        17   4.87175   2.68685
         3        18   2.31867   4.86348   4.51958
         3        19   4.77617   3.53232   4.57945
         4         8   4.57661   3.81566   4.86387   4.15585
         4         9   2.02246
         4        10   2.02246
         4        11   4.15585   4.86387   3.81566   4.57661
         4        12   2.03223   4.63960   4.07206
         4        13   3.90535   2.00896   4.80041
         4        14   3.95907   4.66927
         4        15   4.67933   3.97092
         4        16   4.07206   4.63960   2.03223
         4        17   4.80041   2.00896   3.90535
         4        18   4.66927   3.95907
         4        19   3.97092   4.67933
         5         8   2.02246
         5         9   4.86387   4.15585   4.57661   3.81566
         5        10   3.81566   4.57661   4.15585   4.86387
         5        11   2.02246
         5        12   4.80041   3.90535   2.00896
         5        13   4.07206   2.03223   4.63960
         5        14   3.97092   4.67933
         5        15   4.66927   3.95907
         5        16   2.00896   3.90535   4.80041
         5        17   4.63960   2.03223   4.07206
         5        18   4.67933   3.97092
         5        19   3.95907   4.66927
         6         8   2.02246
         6         9   4.86387   4.15585   4.57661   3.81566
         6        10   3.81566   4.57661   4.15585   4.86387
         6        11   2.02246
         6        12   4.66927   3.95907
         6        13   3.97092   4.67933
         6        14   4.63960   2.03223   4.07206
         6        15   2.00896   3.90535   4.80041
         6        16   3.95907   4.66927
         6        17   4.67933   3.97092
         6        18   4.07206   2.03223   4.63960
         6        19   4.80041   3.90535   2.00896
         7         8   4.57661   3.81566   4.86387   4.15585
         7         9   2.02246
         7        10   2.02246
         7        11   4.15585   4.86387   3.81566   4.57661
         7        12   4.67933   3.97092
         7        13   3.95907   4.66927
         7        14   4.80041   2.00896   3.90535
         7        15   4.07206   4.63960   2.03223
         7        16   3.97092   4.67933
         7        17   4.66927   3.95907
         7        18   3.90535   2.00896   4.80041
         7        19   2.03223   4.63960   4.07206
         8         0   3.46621   2.31196
         8         1   4.32381   4.32381
         8         2   2.24026   3.24402
         8         3   4.71396   4.71396   4.84430   4.84430
         8         4   4.15585   4.86387   3.81566   4.57661
         8         5   2.02246
         8         6   2.02246
         8         7   4.15585   4.86387   3.81566   4.57661
         9         0   4.32381   4.32381
         9         1   2.31196   3.46621
         9         2   4.84430   4.84430   4.71396   4.71396
         9         3   2.24026   3.24402
         9         4   2.02246
         9         5   3.81566   4.57661   4.15585   4.86387
         9         6   3.81566   4.57661   4.15585   4.86387
         9         7   2.02246
        10         0   3.24402   2.24026
        10         1   4.71396   4.71396   4.84430   4.84430
        10         2   3.46621   2.31196
        10         3   4.32381   4.32381
        10         4   2.02246
        10         5   4.86387   4.15585   4.57661   3.81566
        10         6   4.86387   4.15585   4.57661   3.81566
        10         7   2.02246
        11         0   4.84430   4.84430   4.71396   4.71396
        11         1   3.24402   2.24026
        11         2   4.32381   4.32381
        11         3   2.31196   3.46621
        11         4   4.57661   3.81566   4.86387   4.15585
        11         5   2.02246
        11         6   2.02246
        11         7   4.57661   3.81566   4.86387   4.15585
        12         0   4.78495   2.54682   4.31085
        12         1   4.87175   2.68685
        12         2   4.86348   2.31867   4.51958
        12         3   4.57945   3.53232   4.77617
        12         4   4.07206   4.63960   2.03223
        12         5   2.00896   3.90535   4.80041
        12         6   3.95907   4.66927
        12         7   3.97092   4.67933
        13         0   4.87175   2.68685
        13         1   2.54682   4.31085   4.78495
        13         2   3.53232   4.77617   4.57945
        13         3   4.51958   4.86348   2.31867
        13         4   4.80041   2.00896   3.90535
        13         5   4.63960   2.03223   4.07206
        13         6   4.67933   3.97092
        13         7   4.66927   3.95907
        14         0   2.31867   4.86348   4.51958
        14         1   4.57945   4.77617   3.53232
        14         2   4.78495   4.31085   2.54682
        14         3   2.68685   4.87175
        14         4   4.66927   3.95907
        14         5   4.67933   3.97092
        14         6   4.07206   2.03223   4.63960
        14         7   3.90535   2.00896   4.80041
        15         0   4.77617   3.53232   4.57945
        15         1   4.51958   2.31867   4.86348
        15         2   2.68685   4.87175
        15         3   4.31085   2.54682   4.78495
        15         4   3.97092   4.67933
        15         5   3.95907   4.66927
        15         6   4.80041   3.90535   2.00896
        15         7   2.03223   4.63960   4.07206
        16         0   4.77617   3.53232   4.57945
        16         1   4.51958   2.31867   4.86348
        16         2   2.68685   4.87175
        16         3   4.31085   2.54682   4.78495
        16         4   2.03223   4.63960   4.07206
        16         5   4.80041   3.90535   2.00896
        16         6   4.66927   3.95907
        16         7   4.67933   3.97092
        17         0   2.31867   4.86348   4.51958
        17         1   4.57945   4.77617   3.53232
        17         2   4.78495   4.31085   2.54682
        17         3   2.68685   4.87175
        17         4   3.90535   2.00896   4.80041
        17         5   4.07206   2.03223   4.63960
        17         6   3.97092   4.67933
        17         7   3.95907   4.66927
        18         0   4.87175   2.68685
        18         1   2.54682   4.31085   4.78495
        18         2   3.53232   4.77617   4.57945
        18         3   4.51958   4.86348   2.31867
        18         4   3.95907   4.66927
        18         5   3.97092   4.67933
        18         6   4.63960   2.03223   4.07206
        18         7   4.80041   2.00896   3.90535
        19         0   4.78495   2.54682   4.31085
        19         1   4.87175   2.68685
        19         2   4.86348   2.31867   4.51958
        19         3   4.57945   3.53232   4.77617
        19         4   4.67933   3.97092
        19         5   4.66927   3.95907
        19         6   2.00896   3.90535   4.80041
        19         7   4.07206   4.63960   2.03223
