 5.581  0  0  4.649371572962927e-16  7.593  0  3.225107345554555e-16  0.0  5.267 
5
0 8  1.3729259999999996  -1.503414  -1.548498 
0 9  0.6585580000000001  5.299913999999999  -4.181998 
0 10  4.163425999999999  1.5034140000000003  -0.8637880000000004 
0 11  3.449058000000001  2.2930860000000006  -3.497288 
0 12  3.449058000000001  5.299913999999999  -3.497288 
0 13  4.163425999999999  -1.503414  -0.8637880000000004 
0 14  0.6585579999999999  2.2930860000000006  -4.181998 
0 15  1.372926  1.5034140000000003  -1.548498 
0 16  2.2937909999999997  0.0  -4.829839000000001 
0 17  -0.26230699999999996  3.7965  -2.196339 
0 18  5.0842909999999994  0.0  -2.8494470000000005 
0 19  2.528193000000001  3.7965  -0.21594700000000078 
1 8  -0.6585580000000004  -5.299914  1.0850020000000002 
1 9  -1.372926  1.5034139999999994  -1.5484980000000004 
1 10  2.131941999999999  -2.2930859999999997  1.7697119999999997 
1 11  1.4175740000000006  -1.5034139999999994  -0.8637880000000002 
1 12  1.4175740000000006  1.5034139999999994  -0.8637880000000002 
1 13  2.131941999999999  -5.299914  1.7697119999999997 
1 14  -1.3729260000000003  -1.5034139999999994  -1.5484980000000004 
1 15  -0.6585580000000002  -2.2930859999999997  1.0850020000000002 
1 16  0.2623069999999994  -3.7965  -2.196339 
1 17  -2.293791  0.0  0.43716100000000013 
1 18  3.052806999999999  -3.7965  -0.21594700000000033 
1 19  0.4967090000000005  0.0  2.4175529999999994 
2 8  -1.417574  -1.503414  0.8637880000000004 
2 9  -2.1319419999999996  5.299913999999999  -1.7697120000000002 
2 10  1.3729259999999996  1.5034140000000003  1.548498 
2 11  0.6585580000000011  2.2930860000000006  -1.085002 
2 12  0.6585580000000011  5.299913999999999  -1.085002 
2 13  1.3729259999999996  -1.503414  1.548498 
2 14  -2.1319419999999996  2.2930860000000006  -1.7697120000000002 
2 15  -1.4175739999999997  1.5034140000000003  0.8637880000000004 
2 16  -0.49670900000000007  0.0  -2.417553 
2 17  -3.0528069999999996  3.7965  0.21594700000000033 
2 18  2.2937909999999997  0.0  -0.43716100000000013 
2 19  -0.26230699999999896  3.7965  2.1963389999999996 
3 8  -3.449058000000001  -5.299914  3.4972880000000006 
3 9  -4.163426  1.5034139999999994  0.863788 
3 10  -0.6585580000000011  -2.2930859999999997  4.181998 
3 11  -1.3729259999999996  -1.5034139999999994  1.548498 
3 12  -1.3729259999999996  1.5034139999999994  1.548498 
3 13  -0.6585580000000011  -5.299914  4.181998 
3 14  -4.163426  -1.5034139999999994  0.863788 
3 15  -3.4490580000000004  -2.2930859999999997  3.4972880000000006 
3 16  -2.528193000000001  -3.7965  0.215947 
3 17  -5.084291  0.0  2.8494470000000005 
3 18  0.26230699999999896  -3.7965  2.196339 
3 19  -2.2937909999999997  0.0  4.829839 
4 8  1.752434  0.39483599999999996  0.9743950000000003 
4 9  1.0380660000000004  7.198163999999999  -1.6591050000000003 
4 10  4.542934  3.4016640000000002  1.6591049999999998 
4 11  3.8285660000000012  4.191336000000001  -0.9743950000000001 
4 12  3.8285660000000012  7.198163999999999  -0.9743950000000001 
4 13  4.542934  0.39483599999999996  1.6591049999999998 
4 14  1.0380660000000002  4.191336000000001  -1.6591050000000003 
4 15  1.7524340000000003  3.4016640000000002  0.9743950000000003 
4 16  2.673299  1.89825  -2.306946 
4 17  0.11720100000000037  5.69475  0.32655400000000023 
4 18  5.463799  1.89825  -0.32655400000000023 
4 19  2.907701000000001  5.69475  2.3069459999999995 
5 8  -1.038066  0.39483599999999996  3.6078950000000005 
5 9  -1.7524339999999996  7.198163999999999  0.974395 
5 10  1.7524339999999996  3.4016640000000002  4.292605 
5 11  1.038066000000001  4.191336000000001  1.659105 
5 12  1.038066000000001  7.198163999999999  1.659105 
5 13  1.7524339999999996  0.39483599999999996  4.292605 
5 14  -1.7524339999999998  4.191336000000001  0.974395 
5 15  -1.0380659999999997  3.4016640000000002  3.6078950000000005 
5 16  -0.11720100000000011  1.89825  0.326554 
5 17  -2.6732989999999996  5.69475  2.9600540000000004 
5 18  2.6732989999999996  1.89825  2.306946 
5 19  0.117201000000001  5.69475  4.940446 
6 8  -1.0380660000000004  -3.4016640000000002  3.6078950000000005 
6 9  -1.752434  3.4016639999999994  0.974395 
6 10  1.7524339999999992  -0.39483599999999974  4.292605 
6 11  1.0380660000000006  0.39483600000000063  1.659105 
6 12  1.0380660000000006  3.4016639999999994  1.659105 
6 13  1.7524339999999992  -3.4016640000000002  4.292605 
6 14  -1.7524340000000003  0.39483600000000063  0.974395 
6 15  -1.0380660000000002  -0.39483599999999974  3.6078950000000005 
6 16  -0.11720100000000055  -1.89825  0.326554 
6 17  -2.673299  1.89825  2.9600540000000004 
6 18  2.673298999999999  -1.89825  2.306946 
6 19  0.11720100000000055  1.89825  4.940446 
7 8  1.7524339999999998  -3.4016640000000002  0.9743950000000003 
7 9  1.0380660000000002  3.4016639999999994  -1.6591050000000003 
7 10  4.542934  -0.39483599999999974  1.6591049999999998 
7 11  3.828566000000001  0.39483600000000063  -0.9743950000000001 
7 12  3.828566000000001  3.4016639999999994  -0.9743950000000001 
7 13  4.542934  -3.4016640000000002  1.6591049999999998 
7 14  1.038066  0.39483600000000063  -1.6591050000000003 
7 15  1.752434  -0.39483599999999974  0.9743950000000003 
7 16  2.6732989999999996  -1.89825  -2.306946 
7 17  0.11720100000000015  1.89825  0.32655400000000023 
7 18  5.463799  -1.89825  -0.32655400000000023 
7 19  2.9077010000000008  1.89825  2.3069459999999995 
8 0  -1.3729259999999996  1.503414  1.548498 
8 1  0.6585580000000004  5.299914  -1.0850020000000002 
8 2  1.417574  1.503414  -0.8637880000000004 
8 3  3.449058000000001  5.299914  -3.4972880000000006 
8 4  -1.752434  -0.39483599999999996  -0.9743950000000003 
8 5  1.038066  -0.39483599999999996  -3.6078950000000005 
8 6  1.0380660000000004  3.4016640000000002  -3.6078950000000005 
8 7  -1.7524339999999998  3.4016640000000002  -0.9743950000000003 
9 0  -0.6585580000000001  -5.299913999999999  4.181998 
9 1  1.372926  -1.5034139999999994  1.5484980000000004 
9 2  2.1319419999999996  -5.299913999999999  1.7697120000000002 
9 3  4.163426  -1.5034139999999994  -0.863788 
9 4  -1.0380660000000004  -7.198163999999999  1.6591050000000003 
9 5  1.7524339999999996  -7.198163999999999  -0.974395 
9 6  1.752434  -3.4016639999999994  -0.974395 
9 7  -1.0380660000000002  -3.4016639999999994  1.6591050000000003 
10 0  -4.163425999999999  -1.5034140000000003  0.8637880000000004 
10 1  -2.131941999999999  2.2930859999999997  -1.7697119999999997 
10 2  -1.3729259999999996  -1.5034140000000003  -1.548498 
10 3  0.6585580000000011  2.2930859999999997  -4.181998 
10 4  -4.542934  -3.4016640000000002  -1.6591049999999998 
10 5  -1.7524339999999996  -3.4016640000000002  -4.292605 
10 6  -1.7524339999999992  0.39483599999999974  -4.292605 
10 7  -4.542934  0.39483599999999974  -1.6591049999999998 
11 0  -3.449058000000001  -2.2930860000000006  3.497288 
11 1  -1.4175740000000006  1.5034139999999994  0.8637880000000002 
11 2  -0.6585580000000011  -2.2930860000000006  1.085002 
11 3  1.3729259999999996  1.5034139999999994  -1.548498 
11 4  -3.8285660000000012  -4.191336000000001  0.9743950000000001 
11 5  -1.038066000000001  -4.191336000000001  -1.659105 
11 6  -1.0380660000000006  -0.39483600000000063  -1.659105 
11 7  -3.828566000000001  -0.39483600000000063  0.9743950000000001 
12 0  -3.449058000000001  -5.299913999999999  3.497288 
12 1  -1.4175740000000006  -1.5034139999999994  0.8637880000000002 
12 2  -0.6585580000000011  -5.299913999999999  1.085002 
12 3  1.3729259999999996  -1.5034139999999994  -1.548498 
12 4  -3.8285660000000012  -7.198163999999999  0.9743950000000001 
12 5  -1.038066000000001  -7.198163999999999  -1.659105 
12 6  -1.0380660000000006  -3.4016639999999994  -1.659105 
12 7  -3.828566000000001  -3.4016639999999994  0.9743950000000001 
13 0  -4.163425999999999  1.503414  0.8637880000000004 
13 1  -2.131941999999999  5.299914  -1.7697119999999997 
13 2  -1.3729259999999996  1.503414  -1.548498 
13 3  0.6585580000000011  5.299914  -4.181998 
13 4  -4.542934  -0.39483599999999996  -1.6591049999999998 
13 5  -1.7524339999999996  -0.39483599999999996  -4.292605 
13 6  -1.7524339999999992  3.4016640000000002  -4.292605 
13 7  -4.542934  3.4016640000000002  -1.6591049999999998 
14 0  -0.6585579999999999  -2.2930860000000006  4.181998 
14 1  1.3729260000000003  1.5034139999999994  1.5484980000000004 
14 2  2.1319419999999996  -2.2930860000000006  1.7697120000000002 
14 3  4.163426  1.5034139999999994  -0.863788 
14 4  -1.0380660000000002  -4.191336000000001  1.6591050000000003 
14 5  1.7524339999999998  -4.191336000000001  -0.974395 
14 6  1.7524340000000003  -0.39483600000000063  -0.974395 
14 7  -1.038066  -0.39483600000000063  1.6591050000000003 
15 0  -1.372926  -1.5034140000000003  1.548498 
15 1  0.6585580000000002  2.2930859999999997  -1.0850020000000002 
15 2  1.4175739999999997  -1.5034140000000003  -0.8637880000000004 
15 3  3.4490580000000004  2.2930859999999997  -3.4972880000000006 
15 4  -1.7524340000000003  -3.4016640000000002  -0.9743950000000003 
15 5  1.0380659999999997  -3.4016640000000002  -3.6078950000000005 
15 6  1.0380660000000002  0.39483599999999974  -3.6078950000000005 
15 7  -1.752434  0.39483599999999974  -0.9743950000000003 
16 0  -2.2937909999999997  0.0  4.829839000000001 
16 1  -0.2623069999999994  3.7965  2.196339 
16 2  0.49670900000000007  0.0  2.417553 
16 3  2.528193000000001  3.7965  -0.215947 
16 4  -2.673299  -1.89825  2.306946 
16 5  0.11720100000000011  -1.89825  -0.326554 
16 6  0.11720100000000055  1.89825  -0.326554 
16 7  -2.6732989999999996  1.89825  2.306946 
17 0  0.26230699999999996  -3.7965  2.196339 
17 1  2.293791  0.0  -0.43716100000000013 
17 2  3.0528069999999996  -3.7965  -0.21594700000000033 
17 3  5.084291  0.0  -2.8494470000000005 
17 4  -0.11720100000000037  -5.69475  -0.32655400000000023 
17 5  2.6732989999999996  -5.69475  -2.9600540000000004 
17 6  2.673299  -1.89825  -2.9600540000000004 
17 7  -0.11720100000000015  -1.89825  -0.32655400000000023 
18 0  -5.0842909999999994  0.0  2.8494470000000005 
18 1  -3.052806999999999  3.7965  0.21594700000000033 
18 2  -2.2937909999999997  0.0  0.43716100000000013 
18 3  -0.26230699999999896  3.7965  -2.196339 
18 4  -5.463799  -1.89825  0.32655400000000023 
18 5  -2.6732989999999996  -1.89825  -2.306946 
18 6  -2.673298999999999  1.89825  -2.306946 
18 7  -5.463799  1.89825  0.32655400000000023 
19 0  -2.528193000000001  -3.7965  0.21594700000000078 
19 1  -0.4967090000000005  0.0  -2.4175529999999994 
19 2  0.26230699999999896  -3.7965  -2.1963389999999996 
19 3  2.2937909999999997  0.0  -4.829839 
19 4  -2.907701000000001  -5.69475  -2.3069459999999995 
19 5  -0.117201000000001  -5.69475  -4.940446 
19 6  -0.11720100000000055  -1.89825  -4.940446 
19 7  -2.9077010000000008  -1.89825  -2.3069459999999995 