         0        28   3.24997
         0        29   1.92811
         0        30
         0        31
         0        32
         0        33
         0        34   4.69327
         0        35   4.78648
         0        36   3.63321
         0        37   4.51279
         0        38
         0        39
         0        40
         0        41   4.83290
         0        42   3.79356
         0        43
         0        44   2.01075
         0        45   4.68658
         0        46
         0        47   3.90685
         0        48
         0        49
         0        50   4.57866
         0        51
         0        52   1.98441
         0        53   4.14075
         0        54
         0        55   4.82970
         0        56
         0        57
         0        58   4.24329
         0        59   4.34254
         0        60   1.96761
         0        61   4.69080   4.70382
         0        62
         0        63
         0        64
         0        65
         0        66   3.74552
         0        67
         0        68   4.46245
         0        69   3.70147
         0        70   4.21065
         0        71   4.61616
         0        72
         0        73   4.54719
         0        74   4.50950
         0        75
         1        28   1.92811
         1        29   3.24997
         1        30
         1        31
         1        32
         1        33
         1        34   4.78648
         1        35   4.69327
         1        36   4.51279
         1        37   3.63321
         1        38
         1        39
         1        40   4.83290
         1        41
         1        42
         1        43   3.79356
         1        44   4.68658
         1        45   2.01075
         1        46   3.90685
         1        47
         1        48
         1        49
         1        50
         1        51   4.57866
         1        52   4.14075
         1        53   1.98441
         1        54   4.82970
         1        55
         1        56
         1        57
         1        58   4.34254
         1        59   4.24329
         1        60   4.69080   4.70382
         1        61   1.96761
         1        62
         1        63
         1        64
         1        65
         1        66
         1        67   3.74552
         1        68   3.70147
         1        69   4.46245
         1        70   4.61616
         1        71   4.21065
         1        72   4.54719
         1        73
         1        74
         1        75   4.50950
         2        28
         2        29
         2        30   3.24997
         2        31   1.92811
         2        32   4.69327
         2        33   4.78648
         2        34
         2        35
         2        36
         2        37
         2        38   3.63321
         2        39   4.51279
         2        40   3.79356
         2        41
         2        42
         2        43   4.83290
         2        44
         2        45   3.90685
         2        46   2.01075
         2        47   4.68658
         2        48   4.57866
         2        49
         2        50
         2        51
         2        52
         2        53   4.82970
         2        54   1.98441
         2        55   4.14075
         2        56   4.24329
         2        57   4.34254
         2        58
         2        59
         2        60
         2        61
         2        62   1.96761
         2        63   4.70382   4.69080
         2        64   3.74552
         2        65
         2        66
         2        67
         2        68   4.21065
         2        69   4.61616
         2        70   4.46245
         2        71   3.70147
         2        72   4.50950
         2        73
         2        74
         2        75   4.54719
         3        28
         3        29
         3        30   1.92811
         3        31   3.24997
         3        32   4.78648
         3        33   4.69327
         3        34
         3        35
         3        36
         3        37
         3        38   4.51279
         3        39   3.63321
         3        40
         3        41   3.79356
         3        42   4.83290
         3        43
         3        44   3.90685
         3        45
         3        46   4.68658
         3        47   2.01075
         3        48
         3        49   4.57866
         3        50
         3        51
         3        52   4.82970
         3        53
         3        54   4.14075
         3        55   1.98441
         3        56   4.34254
         3        57   4.24329
         3        58
         3        59
         3        60
         3        61
         3        62   4.70382   4.69080
         3        63   1.96761
         3        64
         3        65   3.74552
         3        66
         3        67
         3        68   4.61616
         3        69   4.21065
         3        70   3.70147
         3        71   4.46245
         3        72
         3        73   4.50950
         3        74   4.54719
         3        75
         4        28
         4        29
         4        30   4.69327
         4        31   4.78648
         4        32   3.24997
         4        33   1.92811
         4        34
         4        35
         4        36
         4        37   4.83290
         4        38   3.79356
         4        39
         4        40   3.63321
         4        41   4.51279
         4        42
         4        43
         4        44
         4        45
         4        46   4.57866
         4        47
         4        48   2.01075
         4        49   4.68658
         4        50
         4        51   3.90685
         4        52
         4        53
         4        54   4.24329
         4        55   4.34254
         4        56   1.98441
         4        57   4.14075
         4        58
         4        59   4.82970
         4        60
         4        61
         4        62   3.74552
         4        63
         4        64   1.96761
         4        65   4.70382   4.69080
         4        66
         4        67
         4        68
         4        69   4.54719
         4        70   4.50950
         4        71
         4        72   4.46245
         4        73   3.70147
         4        74   4.21065
         4        75   4.61616
         5        28
         5        29
         5        30   4.78648
         5        31   4.69327
         5        32   1.92811
         5        33   3.24997
         5        34
         5        35
         5        36   4.83290
         5        37
         5        38
         5        39   3.79356
         5        40   4.51279
         5        41   3.63321
         5        42
         5        43
         5        44
         5        45
         5        46
         5        47   4.57866
         5        48   4.68658
         5        49   2.01075
         5        50   3.90685
         5        51
         5        52
         5        53
         5        54   4.34254
         5        55   4.24329
         5        56   4.14075
         5        57   1.98441
         5        58   4.82970
         5        59
         5        60
         5        61
         5        62
         5        63   3.74552
         5        64   4.70382   4.69080
         5        65   1.96761
         5        66
         5        67
         5        68   4.54719
         5        69
         5        70
         5        71   4.50950
         5        72   3.70147
         5        73   4.46245
         5        74   4.61616
         5        75   4.21065
         6        28   4.69327
         6        29   4.78648
         6        30
         6        31
         6        32
         6        33
         6        34   3.24997
         6        35   1.92811
         6        36   3.79356
         6        37
         6        38
         6        39   4.83290
         6        40
         6        41
         6        42   3.63321
         6        43   4.51279
         6        44   4.57866
         6        45
         6        46
         6        47
         6        48
         6        49   3.90685
         6        50   2.01075
         6        51   4.68658
         6        52   4.24329
         6        53   4.34254
         6        54
         6        55
         6        56
         6        57   4.82970
         6        58   1.98441
         6        59   4.14075
         6        60   3.74552
         6        61
         6        62
         6        63
         6        64
         6        65
         6        66   1.96761
         6        67   4.69080   4.70382
         6        68   4.50950
         6        69
         6        70
         6        71   4.54719
         6        72   4.21065
         6        73   4.61616
         6        74   4.46245
         6        75   3.70147
         7        28   4.78648
         7        29   4.69327
         7        30
         7        31
         7        32
         7        33
         7        34   1.92811
         7        35   3.24997
         7        36
         7        37   3.79356
         7        38   4.83290
         7        39
         7        40
         7        41
         7        42   4.51279
         7        43   3.63321
         7        44
         7        45   4.57866
         7        46
         7        47
         7        48   3.90685
         7        49
         7        50   4.68658
         7        51   2.01075
         7        52   4.34254
         7        53   4.24329
         7        54
         7        55
         7        56   4.82970
         7        57
         7        58   4.14075
         7        59   1.98441
         7        60
         7        61   3.74552
         7        62
         7        63
         7        64
         7        65
         7        66   4.69080   4.70382
         7        67   1.96761
         7        68
         7        69   4.50950
         7        70   4.54719
         7        71
         7        72   4.61616
         7        73   4.21065
         7        74   3.70147
         7        75   4.46245
         8        28   4.89317   4.91633
         8        29   2.16535
         8        30
         8        31   4.51890
         8        32
         8        33
         8        34
         8        35   4.21949
         8        36   2.04678
         8        37
         8        38
         8        39   4.34979
         8        40   4.08939
         8        41
         8        42
         8        43   4.88943
         8        44   4.72839
         8        45   2.11302
         8        46   4.50696
         8        47
         8        48
         8        49   4.82337
         8        50   4.68769
         8        51
         8        52   4.58940
         8        53   2.14248
         8        54
         8        55
         8        56
         8        57   4.95099
         8        58   4.67457
         8        59   4.42500
         8        60   2.13006
         8        61   3.87607
         8        62
         8        63   4.54561
         8        64
         8        65
         8        66
         8        67
         8        68   4.10200
         8        69   4.90779
         8        70
         8        71   2.09076
         8        72
         8        73
         8        74
         8        75   4.11405
         9        28   2.16535
         9        29   4.89317   4.91633
         9        30   4.51890
         9        31
         9        32
         9        33
         9        34   4.21949
         9        35
         9        36
         9        37   2.04678
         9        38   4.34979
         9        39
         9        40
         9        41   4.08939
         9        42   4.88943
         9        43
         9        44   2.11302
         9        45   4.72839
         9        46
         9        47   4.50696
         9        48   4.82337
         9        49
         9        50
         9        51   4.68769
         9        52   2.14248
         9        53   4.58940
         9        54
         9        55
         9        56   4.95099
         9        57
         9        58   4.42500
         9        59   4.67457
         9        60   3.87607
         9        61   2.13006
         9        62   4.54561
         9        63
         9        64
         9        65
         9        66
         9        67
         9        68   4.90779
         9        69   4.10200
         9        70   2.09076
         9        71
         9        72
         9        73
         9        74   4.11405
         9        75
        10        28
        10        29   4.51890
        10        30   4.91633   4.89317
        10        31   2.16535
        10        32
        10        33   4.21949
        10        34
        10        35
        10        36
        10        37   4.34979
        10        38   2.04678
        10        39
        10        40
        10        41   4.88943
        10        42   4.08939
        10        43
        10        44   4.50696
        10        45
        10        46   4.72839
        10        47   2.11302
        10        48   4.68769
        10        49
        10        50
        10        51   4.82337
        10        52
        10        53
        10        54   4.58940
        10        55   2.14248
        10        56   4.67457
        10        57   4.42500
        10        58
        10        59   4.95099
        10        60
        10        61   4.54561
        10        62   2.13006
        10        63   3.87607
        10        64
        10        65
        10        66
        10        67
        10        68
        10        69   2.09076
        10        70   4.10200
        10        71   4.90779
        10        72
        10        73   4.11405
        10        74
        10        75
        11        28   4.51890
        11        29
        11        30   2.16535
        11        31   4.91633   4.89317
        11        32   4.21949
        11        33
        11        34
        11        35
        11        36   4.34979
        11        37
        11        38
        11        39   2.04678
        11        40   4.88943
        11        41
        11        42
        11        43   4.08939
        11        44
        11        45   4.50696
        11        46   2.11302
        11        47   4.72839
        11        48
        11        49   4.68769
        11        50   4.82337
        11        51
        11        52
        11        53
        11        54   2.14248
        11        55   4.58940
        11        56   4.42500
        11        57   4.67457
        11        58   4.95099
        11        59
        11        60   4.54561
        11        61
        11        62   3.87607
        11        63   2.13006
        11        64
        11        65
        11        66
        11        67
        11        68   2.09076
        11        69
        11        70   4.90779
        11        71   4.10200
        11        72   4.11405
        11        73
        11        74
        11        75
        12        28
        12        29
        12        30
        12        31   4.21949
        12        32   4.91633   4.89317
        12        33   2.16535
        12        34
        12        35   4.51890
        12        36   4.08939
        12        37
        12        38
        12        39   4.88943
        12        40   2.04678
        12        41
        12        42
        12        43   4.34979
        12        44
        12        45   4.82337
        12        46   4.68769
        12        47
        12        48   4.72839
        12        49   2.11302
        12        50   4.50696
        12        51
        12        52
        12        53   4.95099
        12        54   4.67457
        12        55   4.42500
        12        56   4.58940
        12        57   2.14248
        12        58
        12        59
        12        60
        12        61
        12        62
        12        63
        12        64   2.13006
        12        65   3.87607
        12        66
        12        67   4.54561
        12        68
        12        69
        12        70
        12        71   4.11405
        12        72   4.10200
        12        73   4.90779
        12        74
        12        75   2.09076
        13        28
        13        29
        13        30   4.21949
        13        31
        13        32   2.16535
        13        33   4.91633   4.89317
        13        34   4.51890
        13        35
        13        36
        13        37   4.08939
        13        38   4.88943
        13        39
        13        40
        13        41   2.04678
        13        42   4.34979
        13        43
        13        44   4.82337
        13        45
        13        46
        13        47   4.68769
        13        48   2.11302
        13        49   4.72839
        13        50
        13        51   4.50696
        13        52   4.95099
        13        53
        13        54   4.42500
        13        55   4.67457
        13        56   2.14248
        13        57   4.58940
        13        58
        13        59
        13        60
        13        61
        13        62
        13        63
        13        64   3.87607
        13        65   2.13006
        13        66   4.54561
        13        67
        13        68
        13        69
        13        70   4.11405
        13        71
        13        72   4.90779
        13        73   4.10200
        13        74   2.09076
        13        75
        14        28
        14        29   4.21949
        14        30
        14        31
        14        32
        14        33   4.51890
        14        34   4.89317   4.91633
        14        35   2.16535
        14        36
        14        37   4.88943
        14        38   4.08939
        14        39
        14        40
        14        41   4.34979
        14        42   2.04678
        14        43
        14        44   4.68769
        14        45
        14        46
        14        47   4.82337
        14        48   4.50696
        14        49
        14        50   4.72839
        14        51   2.11302
        14        52   4.67457
        14        53   4.42500
        14        54
        14        55   4.95099
        14        56
        14        57
        14        58   4.58940
        14        59   2.14248
        14        60
        14        61
        14        62
        14        63
        14        64
        14        65   4.54561
        14        66   2.13006
        14        67   3.87607
        14        68
        14        69   4.11405
        14        70
        14        71
        14        72
        14        73   2.09076
        14        74   4.10200
        14        75   4.90779
        15        28   4.21949
        15        29
        15        30
        15        31
        15        32   4.51890
        15        33
        15        34   2.16535
        15        35   4.89317   4.91633
        15        36   4.88943
        15        37
        15        38
        15        39   4.08939
        15        40   4.34979
        15        41
        15        42
        15        43   2.04678
        15        44
        15        45   4.68769
        15        46   4.82337
        15        47
        15        48
        15        49   4.50696
        15        50   2.11302
        15        51   4.72839
        15        52   4.42500
        15        53   4.67457
        15        54   4.95099
        15        55
        15        56
        15        57
        15        58   2.14248
        15        59   4.58940
        15        60
        15        61
        15        62
        15        63
        15        64   4.54561
        15        65
        15        66   3.87607
        15        67   2.13006
        15        68   4.11405
        15        69
        15        70
        15        71
        15        72   2.09076
        15        73
        15        74   4.90779
        15        75   4.10200
        16        28   4.65298
        16        29   4.43946
        16        30   4.43946
        16        31   4.65298
        16        32   4.59836
        16        33
        16        34
        16        35   4.59836
        16        36
        16        37   3.60653
        16        38   3.60653
        16        39
        16        40
        16        41   1.75371
        16        42   1.75371
        16        43
        16        44   1.76586
        16        45
        16        46
        16        47   1.76586
        16        48   4.44764
        16        49
        16        50
        16        51   4.44764
        16        52   4.30871
        16        53
        16        54
        16        55   4.30871
        16        56
        16        57   4.70350
        16        58   4.70350
        16        59
        16        60   4.33059
        16        61
        16        62
        16        63   4.33059
        16        64
        16        65   4.17935
        16        66   4.17935
        16        67
        16        68
        16        69   4.28907
        16        70   4.28907
        16        71
        16        72
        16        73   4.14781
        16        74   4.14781
        16        75
        17        28   4.43946
        17        29   4.65298
        17        30   4.65298
        17        31   4.43946
        17        32
        17        33   4.59836
        17        34   4.59836
        17        35
        17        36   3.60653
        17        37
        17        38
        17        39   3.60653
        17        40   1.75371
        17        41
        17        42
        17        43   1.75371
        17        44
        17        45   1.76586
        17        46   1.76586
        17        47
        17        48
        17        49   4.44764
        17        50   4.44764
        17        51
        17        52
        17        53   4.30871
        17        54   4.30871
        17        55
        17        56   4.70350
        17        57
        17        58
        17        59   4.70350
        17        60
        17        61   4.33059
        17        62   4.33059
        17        63
        17        64   4.17935
        17        65
        17        66
        17        67   4.17935
        17        68   4.28907
        17        69
        17        70
        17        71   4.28907
        17        72   4.14781
        17        73
        17        74
        17        75   4.14781
        18        28   4.59836
        18        29
        18        30
        18        31   4.59836
        18        32   4.65298
        18        33   4.43946
        18        34   4.43946
        18        35   4.65298
        18        36
        18        37   1.75371
        18        38   1.75371
        18        39
        18        40
        18        41   3.60653
        18        42   3.60653
        18        43
        18        44   4.44764
        18        45
        18        46
        18        47   4.44764
        18        48   1.76586
        18        49
        18        50
        18        51   1.76586
        18        52
        18        53   4.70350
        18        54   4.70350
        18        55
        18        56   4.30871
        18        57
        18        58
        18        59   4.30871
        18        60
        18        61   4.17935
        18        62   4.17935
        18        63
        18        64   4.33059
        18        65
        18        66
        18        67   4.33059
        18        68
        18        69   4.14781
        18        70   4.14781
        18        71
        18        72
        18        73   4.28907
        18        74   4.28907
        18        75
        19        28
        19        29   4.59836
        19        30   4.59836
        19        31
        19        32   4.43946
        19        33   4.65298
        19        34   4.65298
        19        35   4.43946
        19        36   1.75371
        19        37
        19        38
        19        39   1.75371
        19        40   3.60653
        19        41
        19        42
        19        43   3.60653
        19        44
        19        45   4.44764
        19        46   4.44764
        19        47
        19        48
        19        49   1.76586
        19        50   1.76586
        19        51
        19        52   4.70350
        19        53
        19        54
        19        55   4.70350
        19        56
        19        57   4.30871
        19        58   4.30871
        19        59
        19        60   4.17935
        19        61
        19        62
        19        63   4.17935
        19        64
        19        65   4.33059
        19        66   4.33059
        19        67
        19        68   4.14781
        19        69
        19        70
        19        71   4.14781
        19        72   4.28907
        19        73
        19        74
        19        75   4.28907
        20        28   1.76496
        20        29   4.38872
        20        30
        20        31
        20        32
        20        33
        20        34   4.63019
        20        35   4.33897
        20        36   4.17458
        20        37   4.35741
        20        38
        20        39   4.14997
        20        40
        20        41
        20        42   4.80174
        20        43
        20        44   3.46176
        20        45   4.80579
        20        46   4.65727
        20        47
        20        48
        20        49
        20        50   4.37621
        20        51
        20        52   3.89150
        20        53   4.73526   4.62699
        20        54   4.43830
        20        55
        20        56
        20        57
        20        58   1.78930
        20        59
        20        60   1.74968
        20        61   4.44260
        20        62
        20        63   4.37736
        20        64
        20        65
        20        66   4.89041
        20        67   4.09528
        20        68   1.75478
        20        69
        20        70
        20        71   3.64012
        20        72   3.46627
        20        73
        20        74
        20        75
        21        28   4.38872
        21        29   1.76496
        21        30
        21        31
        21        32
        21        33
        21        34   4.33897
        21        35   4.63019
        21        36   4.35741
        21        37   4.17458
        21        38   4.14997
        21        39
        21        40
        21        41
        21        42
        21        43   4.80174
        21        44   4.80579
        21        45   3.46176
        21        46
        21        47   4.65727
        21        48
        21        49
        21        50
        21        51   4.37621
        21        52   4.73526   4.62699
        21        53   3.89150
        21        54
        21        55   4.43830
        21        56
        21        57
        21        58
        21        59   1.78930
        21        60   4.44260
        21        61   1.74968
        21        62   4.37736
        21        63
        21        64
        21        65
        21        66   4.09528
        21        67   4.89041
        21        68
        21        69   1.75478
        21        70   3.64012
        21        71
        21        72
        21        73   3.46627
        21        74
        21        75
        22        28
        22        29
        22        30   1.76496
        22        31   4.38872
        22        32   4.63019
        22        33   4.33897
        22        34
        22        35
        22        36
        22        37   4.14997
        22        38   4.17458
        22        39   4.35741
        22        40   4.80174
        22        41
        22        42
        22        43
        22        44   4.65727
        22        45
        22        46   3.46176
        22        47   4.80579
        22        48   4.37621
        22        49
        22        50
        22        51
        22        52   4.43830
        22        53
        22        54   3.89150
        22        55   4.62699   4.73526
        22        56   1.78930
        22        57
        22        58
        22        59
        22        60
        22        61   4.37736
        22        62   1.74968
        22        63   4.44260
        22        64   4.89041
        22        65   4.09528
        22        66
        22        67
        22        68
        22        69   3.64012
        22        70   1.75478
        22        71
        22        72
        22        73
        22        74   3.46627
        22        75
        23        28
        23        29
        23        30   4.38872
        23        31   1.76496
        23        32   4.33897
        23        33   4.63019
        23        34
        23        35
        23        36   4.14997
        23        37
        23        38   4.35741
        23        39   4.17458
        23        40
        23        41   4.80174
        23        42
        23        43
        23        44
        23        45   4.65727
        23        46   4.80579
        23        47   3.46176
        23        48
        23        49   4.37621
        23        50
        23        51
        23        52
        23        53   4.43830
        23        54   4.62699   4.73526
        23        55   3.89150
        23        56
        23        57   1.78930
        23        58
        23        59
        23        60   4.37736
        23        61
        23        62   4.44260
        23        63   1.74968
        23        64   4.09528
        23        65   4.89041
        23        66
        23        67
        23        68   3.64012
        23        69
        23        70
        23        71   1.75478
        23        72
        23        73
        23        74
        23        75   3.46627
        24        28
        24        29
        24        30   4.63019
        24        31   4.33897
        24        32   1.76496
        24        33   4.38872
        24        34
        24        35
        24        36
        24        37
        24        38   4.80174
        24        39
        24        40   4.17458
        24        41   4.35741
        24        42
        24        43   4.14997
        24        44
        24        45
        24        46   4.37621
        24        47
        24        48   3.46176
        24        49   4.80579
        24        50   4.65727
        24        51
        24        52
        24        53
        24        54   1.78930
        24        55
        24        56   3.89150
        24        57   4.62699   4.73526
        24        58   4.43830
        24        59
        24        60
        24        61
        24        62   4.89041
        24        63   4.09528
        24        64   1.74968
        24        65   4.44260
        24        66
        24        67   4.37736
        24        68   3.46627
        24        69
        24        70
        24        71
        24        72   1.75478
        24        73
        24        74
        24        75   3.64012
        25        28
        25        29
        25        30   4.33897
        25        31   4.63019
        25        32   4.38872
        25        33   1.76496
        25        34
        25        35
        25        36
        25        37
        25        38
        25        39   4.80174
        25        40   4.35741
        25        41   4.17458
        25        42   4.14997
        25        43
        25        44
        25        45
        25        46
        25        47   4.37621
        25        48   4.80579
        25        49   3.46176
        25        50
        25        51   4.65727
        25        52
        25        53
        25        54
        25        55   1.78930
        25        56   4.62699   4.73526
        25        57   3.89150
        25        58
        25        59   4.43830
        25        60
        25        61
        25        62   4.09528
        25        63   4.89041
        25        64   4.44260
        25        65   1.74968
        25        66   4.37736
        25        67
        25        68
        25        69   3.46627
        25        70
        25        71
        25        72
        25        73   1.75478
        25        74   3.64012
        25        75
        26        28   4.63019
        26        29   4.33897
        26        30
        26        31
        26        32
        26        33
        26        34   1.76496
        26        35   4.38872
        26        36   4.80174
        26        37
        26        38
        26        39
        26        40
        26        41   4.14997
        26        42   4.17458
        26        43   4.35741
        26        44   4.37621
        26        45
        26        46
        26        47
        26        48   4.65727
        26        49
        26        50   3.46176
        26        51   4.80579
        26        52   1.78930
        26        53
        26        54
        26        55
        26        56   4.43830
        26        57
        26        58   3.89150
        26        59   4.73526   4.62699
        26        60   4.89041
        26        61   4.09528
        26        62
        26        63
        26        64
        26        65   4.37736
        26        66   1.74968
        26        67   4.44260
        26        68
        26        69
        26        70   3.46627
        26        71
        26        72
        26        73   3.64012
        26        74   1.75478
        26        75
        27        28   4.33897
        27        29   4.63019
        27        30
        27        31
        27        32
        27        33
        27        34   4.38872
        27        35   1.76496
        27        36
        27        37   4.80174
        27        38
        27        39
        27        40   4.14997
        27        41
        27        42   4.35741
        27        43   4.17458
        27        44
        27        45   4.37621
        27        46
        27        47
        27        48
        27        49   4.65727
        27        50   4.80579
        27        51   3.46176
        27        52
        27        53   1.78930
        27        54
        27        55
        27        56
        27        57   4.43830
        27        58   4.73526   4.62699
        27        59   3.89150
        27        60   4.09528
        27        61   4.89041
        27        62
        27        63
        27        64   4.37736
        27        65
        27        66   4.44260
        27        67   1.74968
        27        68
        27        69
        27        70
        27        71   3.46627
        27        72   3.64012
        27        73
        27        74
        27        75   1.75478
        28         0   3.24997
        28         1   1.92811
        28         2
        28         3
        28         4
        28         5
        28         6   4.69327
        28         7   4.78648
        28         8   4.91633   4.89317
        28         9   2.16535
        28        10
        28        11   4.51890
        28        12
        28        13
        28        14
        28        15   4.21949
        28        16   4.65298
        28        17   4.43946
        28        18   4.59836
        28        19
        28        20   1.76496
        28        21   4.38872
        28        22
        28        23
        28        24
        28        25
        28        26   4.63019
        28        27   4.33897
        29         0   1.92811
        29         1   3.24997
        29         2
        29         3
        29         4
        29         5
        29         6   4.78648
        29         7   4.69327
        29         8   2.16535
        29         9   4.91633   4.89317
        29        10   4.51890
        29        11
        29        12
        29        13
        29        14   4.21949
        29        15
        29        16   4.43946
        29        17   4.65298
        29        18
        29        19   4.59836
        29        20   4.38872
        29        21   1.76496
        29        22
        29        23
        29        24
        29        25
        29        26   4.33897
        29        27   4.63019
        30         0
        30         1
        30         2   3.24997
        30         3   1.92811
        30         4   4.69327
        30         5   4.78648
        30         6
        30         7
        30         8
        30         9   4.51890
        30        10   4.89317   4.91633
        30        11   2.16535
        30        12
        30        13   4.21949
        30        14
        30        15
        30        16   4.43946
        30        17   4.65298
        30        18
        30        19   4.59836
        30        20
        30        21
        30        22   1.76496
        30        23   4.38872
        30        24   4.63019
        30        25   4.33897
        30        26
        30        27
        31         0
        31         1
        31         2   1.92811
        31         3   3.24997
        31         4   4.78648
        31         5   4.69327
        31         6
        31         7
        31         8   4.51890
        31         9
        31        10   2.16535
        31        11   4.89317   4.91633
        31        12   4.21949
        31        13
        31        14
        31        15
        31        16   4.65298
        31        17   4.43946
        31        18   4.59836
        31        19
        31        20
        31        21
        31        22   4.38872
        31        23   1.76496
        31        24   4.33897
        31        25   4.63019
        31        26
        31        27
        32         0
        32         1
        32         2   4.69327
        32         3   4.78648
        32         4   3.24997
        32         5   1.92811
        32         6
        32         7
        32         8
        32         9
        32        10
        32        11   4.21949
        32        12   4.89317   4.91633
        32        13   2.16535
        32        14
        32        15   4.51890
        32        16   4.59836
        32        17
        32        18   4.65298
        32        19   4.43946
        32        20
        32        21
        32        22   4.63019
        32        23   4.33897
        32        24   1.76496
        32        25   4.38872
        32        26
        32        27
        33         0
        33         1
        33         2   4.78648
        33         3   4.69327
        33         4   1.92811
        33         5   3.24997
        33         6
        33         7
        33         8
        33         9
        33        10   4.21949
        33        11
        33        12   2.16535
        33        13   4.89317   4.91633
        33        14   4.51890
        33        15
        33        16
        33        17   4.59836
        33        18   4.43946
        33        19   4.65298
        33        20
        33        21
        33        22   4.33897
        33        23   4.63019
        33        24   4.38872
        33        25   1.76496
        33        26
        33        27
        34         0   4.69327
        34         1   4.78648
        34         2
        34         3
        34         4
        34         5
        34         6   3.24997
        34         7   1.92811
        34         8
        34         9   4.21949
        34        10
        34        11
        34        12
        34        13   4.51890
        34        14   4.91633   4.89317
        34        15   2.16535
        34        16
        34        17   4.59836
        34        18   4.43946
        34        19   4.65298
        34        20   4.63019
        34        21   4.33897
        34        22
        34        23
        34        24
        34        25
        34        26   1.76496
        34        27   4.38872
        35         0   4.78648
        35         1   4.69327
        35         2
        35         3
        35         4
        35         5
        35         6   1.92811
        35         7   3.24997
        35         8   4.21949
        35         9
        35        10
        35        11
        35        12   4.51890
        35        13
        35        14   2.16535
        35        15   4.91633   4.89317
        35        16   4.59836
        35        17
        35        18   4.65298
        35        19   4.43946
        35        20   4.33897
        35        21   4.63019
        35        22
        35        23
        35        24
        35        25
        35        26   4.38872
        35        27   1.76496
        36         0   3.63321
        36         1   4.51279
        36         2
        36         3
        36         4
        36         5   4.83290
        36         6   3.79356
        36         7
        36         8   2.04678
        36         9
        36        10
        36        11   4.34979
        36        12   4.08939
        36        13
        36        14
        36        15   4.88943
        36        16
        36        17   3.60653
        36        18
        36        19   1.75371
        36        20   4.17458
        36        21   4.35741
        36        22
        36        23   4.14997
        36        24
        36        25
        36        26   4.80174
        36        27
        37         0   4.51279
        37         1   3.63321
        37         2
        37         3
        37         4   4.83290
        37         5
        37         6
        37         7   3.79356
        37         8
        37         9   2.04678
        37        10   4.34979
        37        11
        37        12
        37        13   4.08939
        37        14   4.88943
        37        15
        37        16   3.60653
        37        17
        37        18   1.75371
        37        19
        37        20   4.35741
        37        21   4.17458
        37        22   4.14997
        37        23
        37        24
        37        25
        37        26
        37        27   4.80174
        38         0
        38         1
        38         2   3.63321
        38         3   4.51279
        38         4   3.79356
        38         5
        38         6
        38         7   4.83290
        38         8
        38         9   4.34979
        38        10   2.04678
        38        11
        38        12
        38        13   4.88943
        38        14   4.08939
        38        15
        38        16   3.60653
        38        17
        38        18   1.75371
        38        19
        38        20
        38        21   4.14997
        38        22   4.17458
        38        23   4.35741
        38        24   4.80174
        38        25
        38        26
        38        27
        39         0
        39         1
        39         2   4.51279
        39         3   3.63321
        39         4
        39         5   3.79356
        39         6   4.83290
        39         7
        39         8   4.34979
        39         9
        39        10
        39        11   2.04678
        39        12   4.88943
        39        13
        39        14
        39        15   4.08939
        39        16
        39        17   3.60653
        39        18
        39        19   1.75371
        39        20   4.14997
        39        21
        39        22   4.35741
        39        23   4.17458
        39        24
        39        25   4.80174
        39        26
        39        27
        40         0
        40         1   4.83290
        40         2   3.79356
        40         3
        40         4   3.63321
        40         5   4.51279
        40         6
        40         7
        40         8   4.08939
        40         9
        40        10
        40        11   4.88943
        40        12   2.04678
        40        13
        40        14
        40        15   4.34979
        40        16
        40        17   1.75371
        40        18
        40        19   3.60653
        40        20
        40        21
        40        22   4.80174
        40        23
        40        24   4.17458
        40        25   4.35741
        40        26
        40        27   4.14997
        41         0   4.83290
        41         1
        41         2
        41         3   3.79356
        41         4   4.51279
        41         5   3.63321
        41         6
        41         7
        41         8
        41         9   4.08939
        41        10   4.88943
        41        11
        41        12
        41        13   2.04678
        41        14   4.34979
        41        15
        41        16   1.75371
        41        17
        41        18   3.60653
        41        19
        41        20
        41        21
        41        22
        41        23   4.80174
        41        24   4.35741
        41        25   4.17458
        41        26   4.14997
        41        27
        42         0   3.79356
        42         1
        42         2
        42         3   4.83290
        42         4
        42         5
        42         6   3.63321
        42         7   4.51279
        42         8
        42         9   4.88943
        42        10   4.08939
        42        11
        42        12
        42        13   4.34979
        42        14   2.04678
        42        15
        42        16   1.75371
        42        17
        42        18   3.60653
        42        19
        42        20   4.80174
        42        21
        42        22
        42        23
        42        24
        42        25   4.14997
        42        26   4.17458
        42        27   4.35741
        43         0
        43         1   3.79356
        43         2   4.83290
        43         3
        43         4
        43         5
        43         6   4.51279
        43         7   3.63321
        43         8   4.88943
        43         9
        43        10
        43        11   4.08939
        43        12   4.34979
        43        13
        43        14
        43        15   2.04678
        43        16
        43        17   1.75371
        43        18
        43        19   3.60653
        43        20
        43        21   4.80174
        43        22
        43        23
        43        24   4.14997
        43        25
        43        26   4.35741
        43        27   4.17458
        44         0   2.01075
        44         1   4.68658
        44         2
        44         3   3.90685
        44         4
        44         5
        44         6   4.57866
        44         7
        44         8   4.72839
        44         9   2.11302
        44        10   4.50696
        44        11
        44        12
        44        13   4.82337
        44        14   4.68769
        44        15
        44        16   1.76586
        44        17
        44        18   4.44764
        44        19
        44        20   3.46176
        44        21   4.80579
        44        22   4.65727
        44        23
        44        24
        44        25
        44        26   4.37621
        44        27
        45         0   4.68658
        45         1   2.01075
        45         2   3.90685
        45         3
        45         4
        45         5
        45         6
        45         7   4.57866
        45         8   2.11302
        45         9   4.72839
        45        10
        45        11   4.50696
        45        12   4.82337
        45        13
        45        14
        45        15   4.68769
        45        16
        45        17   1.76586
        45        18
        45        19   4.44764
        45        20   4.80579
        45        21   3.46176
        45        22
        45        23   4.65727
        45        24
        45        25
        45        26
        45        27   4.37621
        46         0
        46         1   3.90685
        46         2   2.01075
        46         3   4.68658
        46         4   4.57866
        46         5
        46         6
        46         7
        46         8   4.50696
        46         9
        46        10   4.72839
        46        11   2.11302
        46        12   4.68769
        46        13
        46        14
        46        15   4.82337
        46        16
        46        17   1.76586
        46        18
        46        19   4.44764
        46        20   4.65727
        46        21
        46        22   3.46176
        46        23   4.80579
        46        24   4.37621
        46        25
        46        26
        46        27
        47         0   3.90685
        47         1
        47         2   4.68658
        47         3   2.01075
        47         4
        47         5   4.57866
        47         6
        47         7
        47         8
        47         9   4.50696
        47        10   2.11302
        47        11   4.72839
        47        12
        47        13   4.68769
        47        14   4.82337
        47        15
        47        16   1.76586
        47        17
        47        18   4.44764
        47        19
        47        20
        47        21   4.65727
        47        22   4.80579
        47        23   3.46176
        47        24
        47        25   4.37621
        47        26
        47        27
        48         0
        48         1
        48         2   4.57866
        48         3
        48         4   2.01075
        48         5   4.68658
        48         6
        48         7   3.90685
        48         8
        48         9   4.82337
        48        10   4.68769
        48        11
        48        12   4.72839
        48        13   2.11302
        48        14   4.50696
        48        15
        48        16   4.44764
        48        17
        48        18   1.76586
        48        19
        48        20
        48        21
        48        22   4.37621
        48        23
        48        24   3.46176
        48        25   4.80579
        48        26   4.65727
        48        27
        49         0
        49         1
        49         2
        49         3   4.57866
        49         4   4.68658
        49         5   2.01075
        49         6   3.90685
        49         7
        49         8   4.82337
        49         9
        49        10
        49        11   4.68769
        49        12   2.11302
        49        13   4.72839
        49        14
        49        15   4.50696
        49        16
        49        17   4.44764
        49        18
        49        19   1.76586
        49        20
        49        21
        49        22
        49        23   4.37621
        49        24   4.80579
        49        25   3.46176
        49        26
        49        27   4.65727
        50         0   4.57866
        50         1
        50         2
        50         3
        50         4
        50         5   3.90685
        50         6   2.01075
        50         7   4.68658
        50         8   4.68769
        50         9
        50        10
        50        11   4.82337
        50        12   4.50696
        50        13
        50        14   4.72839
        50        15   2.11302
        50        16
        50        17   4.44764
        50        18
        50        19   1.76586
        50        20   4.37621
        50        21
        50        22
        50        23
        50        24   4.65727
        50        25
        50        26   3.46176
        50        27   4.80579
        51         0
        51         1   4.57866
        51         2
        51         3
        51         4   3.90685
        51         5
        51         6   4.68658
        51         7   2.01075
        51         8
        51         9   4.68769
        51        10   4.82337
        51        11
        51        12
        51        13   4.50696
        51        14   2.11302
        51        15   4.72839
        51        16   4.44764
        51        17
        51        18   1.76586
        51        19
        51        20
        51        21   4.37621
        51        22
        51        23
        51        24
        51        25   4.65727
        51        26   4.80579
        51        27   3.46176
        52         0   1.98441
        52         1   4.14075
        52         2
        52         3   4.82970
        52         4
        52         5
        52         6   4.24329
        52         7   4.34254
        52         8   4.58940
        52         9   2.14248
        52        10
        52        11
        52        12
        52        13   4.95099
        52        14   4.67457
        52        15   4.42500
        52        16   4.30871
        52        17
        52        18
        52        19   4.70350
        52        20   3.89150
        52        21   4.62699   4.73526
        52        22   4.43830
        52        23
        52        24
        52        25
        52        26   1.78930
        52        27
        53         0   4.14075
        53         1   1.98441
        53         2   4.82970
        53         3
        53         4
        53         5
        53         6   4.34254
        53         7   4.24329
        53         8   2.14248
        53         9   4.58940
        53        10
        53        11
        53        12   4.95099
        53        13
        53        14   4.42500
        53        15   4.67457
        53        16
        53        17   4.30871
        53        18   4.70350
        53        19
        53        20   4.62699   4.73526
        53        21   3.89150
        53        22
        53        23   4.43830
        53        24
        53        25
        53        26
        53        27   1.78930
        54         0
        54         1   4.82970
        54         2   1.98441
        54         3   4.14075
        54         4   4.24329
        54         5   4.34254
        54         6
        54         7
        54         8
        54         9
        54        10   4.58940
        54        11   2.14248
        54        12   4.67457
        54        13   4.42500
        54        14
        54        15   4.95099
        54        16
        54        17   4.30871
        54        18   4.70350
        54        19
        54        20   4.43830
        54        21
        54        22   3.89150
        54        23   4.73526   4.62699
        54        24   1.78930
        54        25
        54        26
        54        27
        55         0   4.82970
        55         1
        55         2   4.14075
        55         3   1.98441
        55         4   4.34254
        55         5   4.24329
        55         6
        55         7
        55         8
        55         9
        55        10   2.14248
        55        11   4.58940
        55        12   4.42500
        55        13   4.67457
        55        14   4.95099
        55        15
        55        16   4.30871
        55        17
        55        18
        55        19   4.70350
        55        20
        55        21   4.43830
        55        22   4.73526   4.62699
        55        23   3.89150
        55        24
        55        25   1.78930
        55        26
        55        27
        56         0
        56         1
        56         2   4.24329
        56         3   4.34254
        56         4   1.98441
        56         5   4.14075
        56         6
        56         7   4.82970
        56         8
        56         9   4.95099
        56        10   4.67457
        56        11   4.42500
        56        12   4.58940
        56        13   2.14248
        56        14
        56        15
        56        16
        56        17   4.70350
        56        18   4.30871
        56        19
        56        20
        56        21
        56        22   1.78930
        56        23
        56        24   3.89150
        56        25   4.73526   4.62699
        56        26   4.43830
        56        27
        57         0
        57         1
        57         2   4.34254
        57         3   4.24329
        57         4   4.14075
        57         5   1.98441
        57         6   4.82970
        57         7
        57         8   4.95099
        57         9
        57        10   4.42500
        57        11   4.67457
        57        12   2.14248
        57        13   4.58940
        57        14
        57        15
        57        16   4.70350
        57        17
        57        18
        57        19   4.30871
        57        20
        57        21
        57        22
        57        23   1.78930
        57        24   4.73526   4.62699
        57        25   3.89150
        57        26
        57        27   4.43830
        58         0   4.24329
        58         1   4.34254
        58         2
        58         3
        58         4
        58         5   4.82970
        58         6   1.98441
        58         7   4.14075
        58         8   4.67457
        58         9   4.42500
        58        10
        58        11   4.95099
        58        12
        58        13
        58        14   4.58940
        58        15   2.14248
        58        16   4.70350
        58        17
        58        18
        58        19   4.30871
        58        20   1.78930
        58        21
        58        22
        58        23
        58        24   4.43830
        58        25
        58        26   3.89150
        58        27   4.62699   4.73526
        59         0   4.34254
        59         1   4.24329
        59         2
        59         3
        59         4   4.82970
        59         5
        59         6   4.14075
        59         7   1.98441
        59         8   4.42500
        59         9   4.67457
        59        10   4.95099
        59        11
        59        12
        59        13
        59        14   2.14248
        59        15   4.58940
        59        16
        59        17   4.70350
        59        18   4.30871
        59        19
        59        20
        59        21   1.78930
        59        22
        59        23
        59        24
        59        25   4.43830
        59        26   4.62699   4.73526
        59        27   3.89150
        60         0   1.96761
        60         1   4.70382   4.69080
        60         2
        60         3
        60         4
        60         5
        60         6   3.74552
        60         7
        60         8   2.13006
        60         9   3.87607
        60        10
        60        11   4.54561
        60        12
        60        13
        60        14
        60        15
        60        16   4.33059
        60        17
        60        18
        60        19   4.17935
        60        20   1.74968
        60        21   4.44260
        60        22
        60        23   4.37736
        60        24
        60        25
        60        26   4.89041
        60        27   4.09528
        61         0   4.70382   4.69080
        61         1   1.96761
        61         2
        61         3
        61         4
        61         5
        61         6
        61         7   3.74552
        61         8   3.87607
        61         9   2.13006
        61        10   4.54561
        61        11
        61        12
        61        13
        61        14
        61        15
        61        16
        61        17   4.33059
        61        18   4.17935
        61        19
        61        20   4.44260
        61        21   1.74968
        61        22   4.37736
        61        23
        61        24
        61        25
        61        26   4.09528
        61        27   4.89041
        62         0
        62         1
        62         2   1.96761
        62         3   4.69080   4.70382
        62         4   3.74552
        62         5
        62         6
        62         7
        62         8
        62         9   4.54561
        62        10   2.13006
        62        11   3.87607
        62        12
        62        13
        62        14
        62        15
        62        16
        62        17   4.33059
        62        18   4.17935
        62        19
        62        20
        62        21   4.37736
        62        22   1.74968
        62        23   4.44260
        62        24   4.89041
        62        25   4.09528
        62        26
        62        27
        63         0
        63         1
        63         2   4.69080   4.70382
        63         3   1.96761
        63         4
        63         5   3.74552
        63         6
        63         7
        63         8   4.54561
        63         9
        63        10   3.87607
        63        11   2.13006
        63        12
        63        13
        63        14
        63        15
        63        16   4.33059
        63        17
        63        18
        63        19   4.17935
        63        20   4.37736
        63        21
        63        22   4.44260
        63        23   1.74968
        63        24   4.09528
        63        25   4.89041
        63        26
        63        27
        64         0
        64         1
        64         2   3.74552
        64         3
        64         4   1.96761
        64         5   4.69080   4.70382
        64         6
        64         7
        64         8
        64         9
        64        10
        64        11
        64        12   2.13006
        64        13   3.87607
        64        14
        64        15   4.54561
        64        16
        64        17   4.17935
        64        18   4.33059
        64        19
        64        20
        64        21
        64        22   4.89041
        64        23   4.09528
        64        24   1.74968
        64        25   4.44260
        64        26
        64        27   4.37736
        65         0
        65         1
        65         2
        65         3   3.74552
        65         4   4.69080   4.70382
        65         5   1.96761
        65         6
        65         7
        65         8
        65         9
        65        10
        65        11
        65        12   3.87607
        65        13   2.13006
        65        14   4.54561
        65        15
        65        16   4.17935
        65        17
        65        18
        65        19   4.33059
        65        20
        65        21
        65        22   4.09528
        65        23   4.89041
        65        24   4.44260
        65        25   1.74968
        65        26   4.37736
        65        27
        66         0   3.74552
        66         1
        66         2
        66         3
        66         4
        66         5
        66         6   1.96761
        66         7   4.70382   4.69080
        66         8
        66         9
        66        10
        66        11
        66        12
        66        13   4.54561
        66        14   2.13006
        66        15   3.87607
        66        16   4.17935
        66        17
        66        18
        66        19   4.33059
        66        20   4.89041
        66        21   4.09528
        66        22
        66        23
        66        24
        66        25   4.37736
        66        26   1.74968
        66        27   4.44260
        67         0
        67         1   3.74552
        67         2
        67         3
        67         4
        67         5
        67         6   4.70382   4.69080
        67         7   1.96761
        67         8
        67         9
        67        10
        67        11
        67        12   4.54561
        67        13
        67        14   3.87607
        67        15   2.13006
        67        16
        67        17   4.17935
        67        18   4.33059
        67        19
        67        20   4.09528
        67        21   4.89041
        67        22
        67        23
        67        24   4.37736
        67        25
        67        26   4.44260
        67        27   1.74968
        68         0   4.46245
        68         1   3.70147
        68         2   4.21065
        68         3   4.61616
        68         4
        68         5   4.54719
        68         6   4.50950
        68         7
        68         8   4.10200
        68         9   4.90779
        68        10
        68        11   2.09076
        68        12
        68        13
        68        14
        68        15   4.11405
        68        16
        68        17   4.28907
        68        18
        68        19   4.14781
        68        20   1.75478
        68        21
        68        22
        68        23   3.64012
        68        24   3.46627
        68        25
        68        26
        68        27
        69         0   3.70147
        69         1   4.46245
        69         2   4.61616
        69         3   4.21065
        69         4   4.54719
        69         5
        69         6
        69         7   4.50950
        69         8   4.90779
        69         9   4.10200
        69        10   2.09076
        69        11
        69        12
        69        13
        69        14   4.11405
        69        15
        69        16   4.28907
        69        17
        69        18   4.14781
        69        19
        69        20
        69        21   1.75478
        69        22   3.64012
        69        23
        69        24
        69        25   3.46627
        69        26
        69        27
        70         0   4.21065
        70         1   4.61616
        70         2   4.46245
        70         3   3.70147
        70         4   4.50950
        70         5
        70         6
        70         7   4.54719
        70         8
        70         9   2.09076
        70        10   4.10200
        70        11   4.90779
        70        12
        70        13   4.11405
        70        14
        70        15
        70        16   4.28907
        70        17
        70        18   4.14781
        70        19
        70        20
        70        21   3.64012
        70        22   1.75478
        70        23
        70        24
        70        25
        70        26   3.46627
        70        27
        71         0   4.61616
        71         1   4.21065
        71         2   3.70147
        71         3   4.46245
        71         4
        71         5   4.50950
        71         6   4.54719
        71         7
        71         8   2.09076
        71         9
        71        10   4.90779
        71        11   4.10200
        71        12   4.11405
        71        13
        71        14
        71        15
        71        16
        71        17   4.28907
        71        18
        71        19   4.14781
        71        20   3.64012
        71        21
        71        22
        71        23   1.75478
        71        24
        71        25
        71        26
        71        27   3.46627
        72         0
        72         1   4.54719
        72         2   4.50950
        72         3
        72         4   4.46245
        72         5   3.70147
        72         6   4.21065
        72         7   4.61616
        72         8
        72         9
        72        10
        72        11   4.11405
        72        12   4.10200
        72        13   4.90779
        72        14
        72        15   2.09076
        72        16
        72        17   4.14781
        72        18
        72        19   4.28907
        72        20   3.46627
        72        21
        72        22
        72        23
        72        24   1.75478
        72        25
        72        26
        72        27   3.64012
        73         0   4.54719
        73         1
        73         2
        73         3   4.50950
        73         4   3.70147
        73         5   4.46245
        73         6   4.61616
        73         7   4.21065
        73         8
        73         9
        73        10   4.11405
        73        11
        73        12   4.90779
        73        13   4.10200
        73        14   2.09076
        73        15
        73        16   4.14781
        73        17
        73        18   4.28907
        73        19
        73        20
        73        21   3.46627
        73        22
        73        23
        73        24
        73        25   1.75478
        73        26   3.64012
        73        27
        74         0   4.50950
        74         1
        74         2
        74         3   4.54719
        74         4   4.21065
        74         5   4.61616
        74         6   4.46245
        74         7   3.70147
        74         8
        74         9   4.11405
        74        10
        74        11
        74        12
        74        13   2.09076
        74        14   4.10200
        74        15   4.90779
        74        16   4.14781
        74        17
        74        18   4.28907
        74        19
        74        20
        74        21
        74        22   3.46627
        74        23
        74        24
        74        25   3.64012
        74        26   1.75478
        74        27
        75         0
        75         1   4.50950
        75         2   4.54719
        75         3
        75         4   4.61616
        75         5   4.21065
        75         6   3.70147
        75         7   4.46245
        75         8   4.11405
        75         9
        75        10
        75        11
        75        12   2.09076
        75        13
        75        14   4.90779
        75        15   4.10200
        75        16
        75        17   4.14781
        75        18
        75        19   4.28907
        75        20
        75        21
        75        22
        75        23   3.46627
        75        24   3.64012
        75        25
        75        26
        75        27   1.75478
