         0         8   2.86761   4.95882
         0         9   3.13286   4.80393
         0        10   4.81692   2.55382   4.82787
         0        11   4.78719   4.69724   2.71878
         0        12   3.07417   4.87679   4.83003
         0        13   4.99781   2.80214
         0        14   4.67990   4.84259   2.77647
         0        15   4.98401   2.61283   4.74801
         0        16   2.92277   2.71984
         0        17   2.56126   3.09271
         0        18   4.94466   4.91787   4.81568   4.78816
         0        19   4.97196   4.62618   4.78750
         1         8   3.13286   4.80393
         1         9   4.95882   2.86761
         1        10   4.69724   2.71878   4.78719
         1        11   2.55382   4.82787   4.81692
         1        12   4.99781   2.80214
         1        13   4.83003   3.07417   4.87679
         1        14   2.61283   4.74801   4.98401
         1        15   4.84259   2.77647   4.67990
         1        16   3.09271   2.56126
         1        17   2.92277   2.71984
         1        18   4.78750   4.62618   4.97196
         1        19   4.81568   4.78816   4.94466   4.91787
         2         8   4.82787   2.55382   4.81692
         2         9   2.71878   4.69724   4.78719
         2        10   4.95882   2.86761
         2        11   4.80393   3.13286
         2        12   2.77647   4.84259   4.67990
         2        13   4.74801   2.61283   4.98401
         2        14   4.83003   4.87679   3.07417
         2        15   2.80214   4.99781
         2        16   4.78816   4.81568   4.91787   4.94466
         2        17   4.78750   4.62618   4.97196
         2        18   2.71984   2.92277
         2        19   3.09271   2.56126
         3         8   4.78719   2.71878   4.69724
         3         9   4.81692   4.82787   2.55382
         3        10   4.80393   3.13286
         3        11   2.86761   4.95882
         3        12   4.98401   4.74801   2.61283
         3        13   4.67990   2.77647   4.84259
         3        14   2.80214   4.99781
         3        15   4.87679   3.07417   4.83003
         3        16   4.97196   4.62618   4.78750
         3        17   4.91787   4.94466   4.78816   4.81568
         3        18   2.56126   3.09271
         3        19   2.71984   2.92277
         4         8   4.63036   4.18951
         4         9   4.56814   2.08429   4.27924
         4        10   4.18951   4.63036
         4        11   4.27924   2.08429   4.56814
         4        12   4.55506   4.26260
         4        13   4.28487   4.55476   2.07953
         4        14   4.26260   4.55506
         4        15   2.07953   4.55476   4.28487
         4        16   4.61718   4.56923   4.26104   4.20905
         4        17   2.09045
         4        18   4.20905   4.26104   4.56923   4.61718
         4        19   2.09045
         5         8   2.08429   4.27924   4.56814
         5         9   4.18951   4.63036
         5        10   4.56814   4.27924   2.08429
         5        11   4.63036   4.18951
         5        12   4.55476   2.07953   4.28487
         5        13   4.26260   4.55506
         5        14   4.28487   2.07953   4.55476
         5        15   4.55506   4.26260
         5        16   2.09045
         5        17   4.26104   4.20905   4.61718   4.56923
         5        18   2.09045
         5        19   4.56923   4.61718   4.20905   4.26104
         6         8   4.37339   4.60883   1.93657
         6         9   4.25935   4.69448
         6        10   1.93657   4.60883   4.37339
         6        11   4.69448   4.25935
         6        12   4.64517   1.92700   4.33019
         6        13   4.33324   4.62208
         6        14   4.33019   1.92700   4.64517
         6        15   4.62208   4.33324
         6        16   4.69114   4.64397   4.34198   4.29097
         6        17   1.91770
         6        18   4.29097   4.34198   4.64397   4.69114
         6        19   1.91770
         7         8   4.69448   4.25935
         7         9   4.60883   1.93657   4.37339
         7        10   4.25935   4.69448
         7        11   4.37339   1.93657   4.60883
         7        12   4.62208   4.33324
         7        13   1.92700   4.33019   4.64517
         7        14   4.33324   4.62208
         7        15   4.64517   4.33019   1.92700
         7        16   1.91770
         7        17   4.34198   4.29097   4.69114   4.64397
         7        18   1.91770
         7        19   4.64397   4.69114   4.29097   4.34198
         8         0   4.95882   2.86761
         8         1   4.80393   3.13286
         8         2   4.81692   2.55382   4.82787
         8         3   4.69724   2.71878   4.78719
         8         4   4.18951   4.63036
         8         5   4.56814   4.27924   2.08429
         8         6   1.93657   4.60883   4.37339
         8         7   4.25935   4.69448
         9         0   4.80393   3.13286
         9         1   2.86761   4.95882
         9         2   4.78719   4.69724   2.71878
         9         3   2.55382   4.82787   4.81692
         9         4   4.27924   2.08429   4.56814
         9         5   4.63036   4.18951
         9         6   4.69448   4.25935
         9         7   4.37339   1.93657   4.60883
        10         0   4.82787   2.55382   4.81692
        10         1   4.78719   2.71878   4.69724
        10         2   2.86761   4.95882
        10         3   3.13286   4.80393
        10         4   4.63036   4.18951
        10         5   2.08429   4.27924   4.56814
        10         6   4.37339   4.60883   1.93657
        10         7   4.69448   4.25935
        11         0   2.71878   4.69724   4.78719
        11         1   4.81692   4.82787   2.55382
        11         2   3.13286   4.80393
        11         3   4.95882   2.86761
        11         4   4.56814   2.08429   4.27924
        11         5   4.18951   4.63036
        11         6   4.25935   4.69448
        11         7   4.60883   1.93657   4.37339
        12         0   4.83003   4.87679   3.07417
        12         1   2.80214   4.99781
        12         2   4.67990   4.84259   2.77647
        12         3   2.61283   4.74801   4.98401
        12         4   4.26260   4.55506
        12         5   4.28487   2.07953   4.55476
        12         6   4.33019   1.92700   4.64517
        12         7   4.33324   4.62208
        13         0   2.80214   4.99781
        13         1   4.87679   3.07417   4.83003
        13         2   4.98401   2.61283   4.74801
        13         3   4.84259   2.77647   4.67990
        13         4   2.07953   4.55476   4.28487
        13         5   4.55506   4.26260
        13         6   4.62208   4.33324
        13         7   4.64517   4.33019   1.92700
        14         0   2.77647   4.84259   4.67990
        14         1   4.98401   4.74801   2.61283
        14         2   3.07417   4.87679   4.83003
        14         3   4.99781   2.80214
        14         4   4.55506   4.26260
        14         5   4.55476   2.07953   4.28487
        14         6   4.64517   1.92700   4.33019
        14         7   4.62208   4.33324
        15         0   4.74801   2.61283   4.98401
        15         1   4.67990   2.77647   4.84259
        15         2   4.99781   2.80214
        15         3   4.83003   3.07417   4.87679
        15         4   4.28487   4.55476   2.07953
        15         5   4.26260   4.55506
        15         6   4.33324   4.62208
        15         7   1.92700   4.33019   4.64517
        16         0   2.71984   2.92277
        16         1   2.56126   3.09271
        16         2   4.94466   4.91787   4.81568   4.78816
        16         3   4.78750   4.62618   4.97196
        16         4   4.20905   4.26104   4.56923   4.61718
        16         5   2.09045
        16         6   4.29097   4.34198   4.64397   4.69114
        16         7   1.91770
        17         0   3.09271   2.56126
        17         1   2.71984   2.92277
        17         2   4.97196   4.62618   4.78750
        17         3   4.81568   4.78816   4.94466   4.91787
        17         4   2.09045
        17         5   4.56923   4.61718   4.20905   4.26104
        17         6   1.91770
        17         7   4.64397   4.69114   4.29097   4.34198
        18         0   4.78816   4.81568   4.91787   4.94466
        18         1   4.97196   4.62618   4.78750
        18         2   2.92277   2.71984
        18         3   3.09271   2.56126
        18         4   4.61718   4.56923   4.26104   4.20905
        18         5   2.09045
        18         6   4.69114   4.64397   4.34198   4.29097
        18         7   1.91770
        19         0   4.78750   4.62618   4.97196
        19         1   4.91787   4.94466   4.78816   4.81568
        19         2   2.56126   3.09271
        19         3   2.92277   2.71984
        19         4   2.09045
        19         5   4.26104   4.20905   4.61718   4.56923
        19         6   1.91770
        19         7   4.34198   4.29097   4.69114   4.64397
