 8.8635  0  0  5.427328452121283e-16  8.8635  0  5.427328452121283e-16  0.0  8.8635 
5
0 44  -2.4197355000000003  0.0  0.0 
0 45  2.0120145  4.43175  4.43175 
1 44  -1.4816606674291103e-16  -2.4197355000000003  0.0 
1 45  4.43175  2.0120145  4.43175 
2 44  -6.4437645  0.0  0.0 
2 45  -2.0120145000000003  4.43175  4.43175 
3 44  -3.9456677846921725e-16  -6.4437645  0.0 
3 45  4.43175  -2.0120145000000003  4.43175 
4 44  -1.4816606674291103e-16  0.0  -2.4197355000000003 
4 45  4.43175  4.43175  2.0120145 
5 44  -3.9456677846921725e-16  0.0  -6.4437645 
5 45  4.43175  4.43175  -2.0120145000000003 
6 44  -6.8514855  -4.43175  -4.43175 
6 45  -2.4197355  0.0  0.0 
7 44  -4.43175  -6.8514855  -4.43175 
7 45  0.0  -2.4197355  0.0 
8 44  -2.012014500000001  -4.43175  -4.43175 
8 45  2.419735499999999  0.0  0.0 
9 44  -4.43175  -2.0120145000000003  -4.43175 
9 45  0.0  2.4197355  0.0 
10 44  -4.43175  -4.43175  -6.8514855 
10 45  0.0  0.0  -2.4197355 
11 44  -4.43175  -4.43175  -2.0120145000000003 
11 45  0.0  0.0  2.4197355 
12 44  -2.215875  -2.215875  -2.215875 
12 45  2.215875  2.215875  2.215875 
13 44  -2.215875000000001  -6.647625  -6.647625 
13 45  2.215874999999999  -2.2158749999999996  -2.2158749999999996 
14 44  -2.2158750000000005  -2.215875  -6.647625 
14 45  2.2158749999999996  2.215875  -2.2158749999999996 
15 44  -6.647625  -2.215875  -6.647625 
15 45  -2.2158749999999996  2.215875  -2.2158749999999996 
16 44  -4.43175  -1.3915695000000001  -1.3915695000000001 
16 45  0.0  3.0401805  3.0401805 
17 44  -3.040180500000001  0.0  -5.8233195 
17 45  1.3915694999999992  4.43175  -1.3915695000000001 
18 44  -5.427328452121283e-16  -3.0401805000000004  -5.8233195 
18 45  4.431749999999999  1.3915694999999997  -1.3915695000000001 
19 44  -1.3915695000000003  -4.43175  -1.3915695000000001 
19 45  3.0401805  0.0  3.0401805 
20 44  -4.431750000000002  -7.4719305  -7.4719305 
20 45  -1.7763568394002505e-15  -3.0401805  -3.0401805 
21 44  -1.3915695000000008  -4.43175  -7.4719305 
21 45  3.040180499999999  0.0  -3.0401805 
22 44  -4.431750000000001  -1.3915695000000001  -7.4719305 
22 45  -8.881784197001252e-16  3.0401805  -3.0401805 
23 44  -7.471930500000001  -4.43175  -7.4719305 
23 45  -3.040180500000001  0.0  -3.0401805 
24 44  -1.3915695000000003  -1.3915695000000001  -4.43175 
24 45  3.0401805  3.0401805  0.0 
25 44  -1.3915695000000008  -7.4719305  -4.43175 
25 45  3.040180499999999  -3.0401805  0.0 
26 44  -7.4719305  -1.3915695000000001  -4.43175 
26 45  -3.0401805  3.0401805  0.0 
27 44  -3.0401805000000004  -3.0401805000000004  0.0 
27 45  1.3915694999999997  1.3915694999999997  4.43175 
28 44  -6.647625  -6.647625  -6.647625 
28 45  -2.2158749999999996  -2.2158749999999996  -2.2158749999999996 
29 44  -6.647625  -2.215875  -2.215875 
29 45  -2.2158749999999996  2.215875  2.215875 
30 44  -6.647625  -6.647625  -2.215875 
30 45  -2.2158749999999996  -2.2158749999999996  2.215875 
31 44  -2.2158750000000005  -6.647625  -2.215875 
31 45  2.2158749999999996  -2.2158749999999996  2.215875 
32 44  -7.131509586087366e-16  -5.8233195  -5.8233195 
32 45  4.431749999999999  -1.3915695000000001  -1.3915695000000001 
33 44  -7.4719305  -4.43175  -1.3915695000000001 
33 45  -3.0401805  0.0  3.0401805 
34 44  -4.431750000000001  -7.4719305  -1.3915695000000001 
34 45  -8.881784197001252e-16  -3.0401805  3.0401805 
35 44  -5.8233195  0.0  -5.8233195 
35 45  -1.3915695000000001  4.43175  -1.3915695000000001 
36 44  -3.7231473181552e-16  -3.0401805000000004  -3.0401805000000004 
36 45  4.43175  1.3915694999999997  1.3915694999999997 
37 44  -5.8233195  0.0  -3.0401805000000004 
37 45  -1.3915695000000001  4.43175  1.3915694999999997 
38 44  -5.427328452121283e-16  -5.8233195  -3.0401805000000004 
38 45  4.431749999999999  -1.3915695000000001  1.3915694999999997 
39 44  -3.0401805000000004  0.0  -3.0401805000000004 
39 45  1.3915694999999997  4.43175  1.3915694999999997 
40 44  -5.8233195  -5.8233195  0.0 
40 45  -1.3915695000000001  -1.3915695000000001  4.43175 
41 44  -5.8233195  -3.0401805000000004  0.0 
41 45  -1.3915695000000001  1.3915694999999997  4.43175 
42 44  -3.040180500000001  -5.8233195  0.0 
42 45  1.3915694999999992  -1.3915695000000001  4.43175 
43 44  -7.471930500000001  -7.4719305  -4.43175 
43 45  -3.040180500000001  -3.0401805  0.0 
44 0  2.4197355000000003  0.0  0.0 
44 1  1.4816606674291103e-16  2.4197355000000003  0.0 
44 2  6.4437645  0.0  0.0 
44 3  3.9456677846921725e-16  6.4437645  0.0 
44 4  1.4816606674291103e-16  0.0  2.4197355000000003 
44 5  3.9456677846921725e-16  0.0  6.4437645 
44 6  6.8514855  4.43175  4.43175 
44 7  4.43175  6.8514855  4.43175 
44 8  2.012014500000001  4.43175  4.43175 
44 9  4.43175  2.0120145000000003  4.43175 
44 10  4.43175  4.43175  6.8514855 
44 11  4.43175  4.43175  2.0120145000000003 
44 12  2.215875  2.215875  2.215875 
44 13  2.215875000000001  6.647625  6.647625 
44 14  2.2158750000000005  2.215875  6.647625 
44 15  6.647625  2.215875  6.647625 
44 16  4.43175  1.3915695000000001  1.3915695000000001 
44 17  3.040180500000001  0.0  5.8233195 
44 18  5.427328452121283e-16  3.0401805000000004  5.8233195 
44 19  1.3915695000000003  4.43175  1.3915695000000001 
44 20  4.431750000000002  7.4719305  7.4719305 
44 21  1.3915695000000008  4.43175  7.4719305 
44 22  4.431750000000001  1.3915695000000001  7.4719305 
44 23  7.471930500000001  4.43175  7.4719305 
44 24  1.3915695000000003  1.3915695000000001  4.43175 
44 25  1.3915695000000008  7.4719305  4.43175 
44 26  7.4719305  1.3915695000000001  4.43175 
44 27  3.0401805000000004  3.0401805000000004  0.0 
44 28  6.647625  6.647625  6.647625 
44 29  6.647625  2.215875  2.215875 
44 30  6.647625  6.647625  2.215875 
44 31  2.2158750000000005  6.647625  2.215875 
44 32  7.131509586087366e-16  5.8233195  5.8233195 
44 33  7.4719305  4.43175  1.3915695000000001 
44 34  4.431750000000001  7.4719305  1.3915695000000001 
44 35  5.8233195  0.0  5.8233195 
44 36  3.7231473181552e-16  3.0401805000000004  3.0401805000000004 
44 37  5.8233195  0.0  3.0401805000000004 
44 38  5.427328452121283e-16  5.8233195  3.0401805000000004 
44 39  3.0401805000000004  0.0  3.0401805000000004 
44 40  5.8233195  5.8233195  0.0 
44 41  5.8233195  3.0401805000000004  0.0 
44 42  3.040180500000001  5.8233195  0.0 
44 43  7.471930500000001  7.4719305  4.43175 
45 0  -2.0120145  -4.43175  -4.43175 
45 1  -4.43175  -2.0120145  -4.43175 
45 2  2.0120145000000003  -4.43175  -4.43175 
45 3  -4.43175  2.0120145000000003  -4.43175 
45 4  -4.43175  -4.43175  -2.0120145 
45 5  -4.43175  -4.43175  2.0120145000000003 
45 6  2.4197355  0.0  0.0 
45 7  0.0  2.4197355  0.0 
45 8  -2.419735499999999  0.0  0.0 
45 9  0.0  -2.4197355  0.0 
45 10  0.0  0.0  2.4197355 
45 11  0.0  0.0  -2.4197355 
45 12  -2.215875  -2.215875  -2.215875 
45 13  -2.215874999999999  2.2158749999999996  2.2158749999999996 
45 14  -2.2158749999999996  -2.215875  2.2158749999999996 
45 15  2.2158749999999996  -2.215875  2.2158749999999996 
45 16  0.0  -3.0401805  -3.0401805 
45 17  -1.3915694999999992  -4.43175  1.3915695000000001 
45 18  -4.431749999999999  -1.3915694999999997  1.3915695000000001 
45 19  -3.0401805  0.0  -3.0401805 
45 20  1.7763568394002505e-15  3.0401805  3.0401805 
45 21  -3.040180499999999  0.0  3.0401805 
45 22  8.881784197001252e-16  -3.0401805  3.0401805 
45 23  3.040180500000001  0.0  3.0401805 
45 24  -3.0401805  -3.0401805  0.0 
45 25  -3.040180499999999  3.0401805  0.0 
45 26  3.0401805  -3.0401805  0.0 
45 27  -1.3915694999999997  -1.3915694999999997  -4.43175 
45 28  2.2158749999999996  2.2158749999999996  2.2158749999999996 
45 29  2.2158749999999996  -2.215875  -2.215875 
45 30  2.2158749999999996  2.2158749999999996  -2.215875 
45 31  -2.2158749999999996  2.2158749999999996  -2.215875 
45 32  -4.431749999999999  1.3915695000000001  1.3915695000000001 
45 33  3.0401805  0.0  -3.0401805 
45 34  8.881784197001252e-16  3.0401805  -3.0401805 
45 35  1.3915695000000001  -4.43175  1.3915695000000001 
45 36  -4.43175  -1.3915694999999997  -1.3915694999999997 
45 37  1.3915695000000001  -4.43175  -1.3915694999999997 
45 38  -4.431749999999999  1.3915695000000001  -1.3915694999999997 
45 39  -1.3915694999999997  -4.43175  -1.3915694999999997 
45 40  1.3915695000000001  1.3915695000000001  -4.43175 
45 41  1.3915695000000001  -1.3915694999999997  -4.43175 
45 42  -1.3915694999999992  1.3915695000000001  -4.43175 
45 43  3.040180500000001  3.0401805  0.0 