         0         8   1.92144   4.15720   3.52893
         0         9   4.28439   4.54928   3.16510   4.59759
         0        10   3.75535   1.85054   4.03102
         0        11   4.54478   2.87292   4.67376   4.40155
         0        12   4.97964   4.36508   1.83062   4.97553
         0        13   4.37453   4.03396   4.32380   3.97889
         0        14   4.66278   1.80250   4.40171
         0        15   4.42480   1.96878   3.10677
         0        16   2.90749   4.68074   1.84845
         0        17   3.00688   3.84931   3.80806   4.50302
         0        18   3.77502   4.43968   3.71611   4.38970
         0        19   4.31355   3.96775   3.68374   3.27205
         1         8   4.59759   4.54928   3.16510   4.28439
         1         9   3.52893   1.92144   4.15720
         1        10   4.40155   2.87292   4.67376   4.54478
         1        11   4.03102   3.75535   1.85054
         1        12   4.32380   3.97889   4.37453   4.03396
         1        13   1.83062   4.97553   4.36508   4.97964
         1        14   1.96878   3.10677   4.42480
         1        15   4.40171   4.66278   1.80250
         1        16   3.80806   4.50302   3.00688   3.84931
         1        17   4.68074   1.84845   2.90749
         1        18   3.68374   3.27205   4.31355   3.96775
         1        19   4.38970   3.71611   4.43968   3.77502
         2         8   3.16510   4.54928   4.28439   4.59759
         2         9   3.52893   4.15720   1.92144
         2        10   4.67376   2.87292   4.54478   4.40155
         2        11   4.03102   1.85054   3.75535
         2        12   4.40171   1.80250   4.66278
         2        13   3.10677   1.96878   4.42480
         2        14   4.97964   4.97553   1.83062   4.36508
         2        15   4.03396   4.37453   3.97889   4.32380
         2        16   4.43968   3.77502   4.38970   3.71611
         2        17   3.27205   3.68374   3.96775   4.31355
         2        18   1.84845   4.68074   2.90749
         2        19   4.50302   3.80806   3.84931   3.00688
         3         8   4.15720   1.92144   3.52893
         3         9   4.59759   4.28439   3.16510   4.54928
         3        10   1.85054   3.75535   4.03102
         3        11   4.40155   4.54478   4.67376   2.87292
         3        12   4.42480   3.10677   1.96878
         3        13   1.80250   4.66278   4.40171
         3        14   3.97889   4.32380   4.03396   4.37453
         3        15   4.36508   4.97553   1.83062   4.97964
         3        16   3.96775   4.31355   3.27205   3.68374
         3        17   3.71611   4.38970   3.77502   4.43968
         3        18   3.84931   3.00688   4.50302   3.80806
         3        19   2.90749   1.84845   4.68074
         4         8   4.03102   1.85054   3.75535
         4         9   4.40155   4.67376   2.87292   4.54478
         4        10   3.52893   4.15720   1.92144
         4        11   4.59759   3.16510   4.54928   4.28439
         4        12   1.84845   4.68074   2.90749
         4        13   4.50302   3.80806   3.84931   3.00688
         4        14   4.38970   3.71611   4.43968   3.77502
         4        15   3.27205   3.68374   3.96775   4.31355
         4        16   4.97553   1.83062   4.36508   4.97964
         4        17   3.97889   4.32380   4.03396   4.37453
         4        18   4.40171   1.80250   4.66278
         4        19   3.10677   1.96878   4.42480
         5         8   4.54478   4.67376   2.87292   4.40155
         5         9   1.85054   3.75535   4.03102
         5        10   4.28439   3.16510   4.54928   4.59759
         5        11   4.15720   1.92144   3.52893
         5        12   3.84931   3.00688   4.50302   3.80806
         5        13   2.90749   1.84845   4.68074
         5        14   3.96775   4.31355   3.27205   3.68374
         5        15   3.77502   4.43968   3.71611   4.38970
         5        16   4.03396   4.37453   3.97889   4.32380
         5        17   4.97964   4.36508   4.97553   1.83062
         5        18   4.42480   3.10677   1.96878
         5        19   1.80250   4.66278   4.40171
         6         8   4.40155   4.54478   2.87292   4.67376
         6         9   3.75535   1.85054   4.03102
         6        10   4.59759   4.28439   4.54928   3.16510
         6        11   1.92144   4.15720   3.52893
         6        12   3.71611   4.38970   3.77502   4.43968
         6        13   4.31355   3.96775   3.68374   3.27205
         6        14   2.90749   4.68074   1.84845
         6        15   3.00688   3.84931   3.80806   4.50302
         6        16   4.66278   1.80250   4.40171
         6        17   4.42480   1.96878   3.10677
         6        18   4.36508   1.83062   4.97553   4.97964
         6        19   4.32380   3.97889   4.37453   4.03396
         7         8   4.03102   3.75535   1.85054
         7         9   2.87292   4.67376   4.54478   4.40155
         7        10   3.52893   1.92144   4.15720
         7        11   4.54928   3.16510   4.28439   4.59759
         7        12   3.68374   3.27205   4.31355   3.96775
         7        13   4.43968   3.77502   4.38970   3.71611
         7        14   3.80806   4.50302   3.00688   3.84931
         7        15   4.68074   1.84845   2.90749
         7        16   1.96878   3.10677   4.42480
         7        17   4.40171   4.66278   1.80250
         7        18   4.37453   4.03396   4.32380   3.97889
         7        19   4.97964   1.83062   4.97553   4.36508
         8         0   3.52893   4.15720   1.92144
         8         1   4.28439   3.16510   4.54928   4.59759
         8         2   4.59759   4.28439   4.54928   3.16510
         8         3   3.52893   1.92144   4.15720
         8         4   3.75535   1.85054   4.03102
         8         5   4.40155   2.87292   4.67376   4.54478
         8         6   4.67376   2.87292   4.54478   4.40155
         8         7   1.85054   3.75535   4.03102
         9         0   4.59759   3.16510   4.54928   4.28439
         9         1   4.15720   1.92144   3.52893
         9         2   1.92144   4.15720   3.52893
         9         3   4.54928   3.16510   4.28439   4.59759
         9         4   4.54478   2.87292   4.67376   4.40155
         9         5   4.03102   3.75535   1.85054
         9         6   4.03102   1.85054   3.75535
         9         7   4.40155   4.54478   4.67376   2.87292
        10         0   4.03102   1.85054   3.75535
        10         1   4.54478   4.67376   2.87292   4.40155
        10         2   4.40155   4.54478   2.87292   4.67376
        10         3   4.03102   3.75535   1.85054
        10         4   1.92144   4.15720   3.52893
        10         5   4.59759   4.54928   3.16510   4.28439
        10         6   3.16510   4.54928   4.28439   4.59759
        10         7   4.15720   1.92144   3.52893
        11         0   4.40155   4.67376   2.87292   4.54478
        11         1   1.85054   3.75535   4.03102
        11         2   3.75535   1.85054   4.03102
        11         3   2.87292   4.67376   4.54478   4.40155
        11         4   4.28439   4.54928   3.16510   4.59759
        11         5   3.52893   1.92144   4.15720
        11         6   3.52893   4.15720   1.92144
        11         7   4.59759   4.28439   3.16510   4.54928
        12         0   4.97553   1.83062   4.36508   4.97964
        12         1   4.03396   4.37453   3.97889   4.32380
        12         2   4.66278   1.80250   4.40171
        12         3   1.96878   3.10677   4.42480
        12         4   2.90749   4.68074   1.84845
        12         5   3.80806   4.50302   3.00688   3.84931
        12         6   4.43968   3.77502   4.38970   3.71611
        12         7   3.96775   4.31355   3.27205   3.68374
        13         0   3.97889   4.32380   4.03396   4.37453
        13         1   4.97964   4.36508   4.97553   1.83062
        13         2   4.42480   1.96878   3.10677
        13         3   4.40171   4.66278   1.80250
        13         4   3.00688   3.84931   3.80806   4.50302
        13         5   4.68074   1.84845   2.90749
        13         6   3.27205   3.68374   3.96775   4.31355
        13         7   3.71611   4.38970   3.77502   4.43968
        14         0   4.40171   1.80250   4.66278
        14         1   4.42480   3.10677   1.96878
        14         2   4.36508   1.83062   4.97553   4.97964
        14         3   4.37453   4.03396   4.32380   3.97889
        14         4   3.77502   4.43968   3.71611   4.38970
        14         5   3.68374   3.27205   4.31355   3.96775
        14         6   1.84845   4.68074   2.90749
        14         7   3.84931   3.00688   4.50302   3.80806
        15         0   3.10677   1.96878   4.42480
        15         1   1.80250   4.66278   4.40171
        15         2   4.32380   3.97889   4.37453   4.03396
        15         3   4.97964   1.83062   4.97553   4.36508
        15         4   4.31355   3.96775   3.68374   3.27205
        15         5   4.38970   3.71611   4.43968   3.77502
        15         6   4.50302   3.80806   3.84931   3.00688
        15         7   2.90749   1.84845   4.68074
        16         0   1.84845   4.68074   2.90749
        16         1   3.84931   3.00688   4.50302   3.80806
        16         2   3.71611   4.38970   3.77502   4.43968
        16         3   3.68374   3.27205   4.31355   3.96775
        16         4   4.97964   4.36508   1.83062   4.97553
        16         5   4.32380   3.97889   4.37453   4.03396
        16         6   4.40171   1.80250   4.66278
        16         7   4.42480   3.10677   1.96878
        17         0   4.50302   3.80806   3.84931   3.00688
        17         1   2.90749   1.84845   4.68074
        17         2   4.31355   3.96775   3.68374   3.27205
        17         3   4.43968   3.77502   4.38970   3.71611
        17         4   4.37453   4.03396   4.32380   3.97889
        17         5   1.83062   4.97553   4.36508   4.97964
        17         6   3.10677   1.96878   4.42480
        17         7   1.80250   4.66278   4.40171
        18         0   4.38970   3.71611   4.43968   3.77502
        18         1   3.96775   4.31355   3.27205   3.68374
        18         2   2.90749   4.68074   1.84845
        18         3   3.80806   4.50302   3.00688   3.84931
        18         4   4.66278   1.80250   4.40171
        18         5   1.96878   3.10677   4.42480
        18         6   4.97964   4.97553   1.83062   4.36508
        18         7   3.97889   4.32380   4.03396   4.37453
        19         0   3.27205   3.68374   3.96775   4.31355
        19         1   3.77502   4.43968   3.71611   4.38970
        19         2   3.00688   3.84931   3.80806   4.50302
        19         3   4.68074   1.84845   2.90749
        19         4   4.42480   1.96878   3.10677
        19         5   4.40171   4.66278   1.80250
        19         6   4.03396   4.37453   3.97889   4.32380
        19         7   4.36508   4.97553   1.83062   4.97964
