         0        12   4.67467   2.59476   4.75899
         0        13   3.29517   4.38364   3.64007
         0        14   3.99470   3.16092   4.09306
         0        15   2.08563   4.13439   4.41244   2.95552
         0        16   4.88823   3.40056   1.79044   3.78847
         0        17   4.56990   3.75797   1.33840   4.30205
         0        18   4.76468
         0        19
         0        20   4.89745
         0        21   4.48614
         0        22   4.44753
         0        23   4.39933
         0        24   4.19016   1.56130   3.94688   4.89244
         0        25   2.71335   4.70095   3.96490   2.64181
         0        26   3.66738   2.16989   3.38675
         0        27   3.62406   4.80645   3.83978
         0        28   4.42137   3.34520   4.42290
         0        29   4.88818   2.96447
         1        12   4.70095   2.64181   2.71335   3.96490
         1        13   3.94688   4.19016   4.89244   1.56130
         1        14   2.16989   3.38675   3.66738
         1        15   3.78848   3.40056   1.79044   4.88823
         1        16   4.13440   2.95552   2.08563   4.41244
         1        17   1.33840   4.56990   4.30204   3.75797
         1        18
         1        19   4.76468
         1        20   4.89745
         1        21   4.42291   4.42137   3.34520
         1        22   4.80646   3.83978   3.62406
         1        23   2.96447   4.88817
         1        24   3.64007   3.29518   4.38364
         1        25   4.75899   4.67467   2.59476
         1        26   3.16093   4.09305   3.99470
         1        27   4.44753
         1        28   4.48614
         1        29   4.39933
         2        12   2.95552   4.41243   4.13440   2.08562
         2        13   3.78848   1.79043   3.40056   4.88822
         2        14   4.30204   1.33841   3.75796   4.56989
         2        15   4.75899   2.59474   4.67466
         2        16   3.64007   4.38363   3.29516
         2        17   4.09305   3.16092   3.99468
         2        18   3.83979   4.80647   3.62406
         2        19   4.42292   3.34521   4.42138
         2        20   2.96448   4.88817
         2        21   4.89244   3.94688   1.56130   4.19016
         2        22   2.64181   3.96490   4.70095   2.71335
         2        23   3.38675   2.16989   3.66738
         2        24   4.48614
         2        25   4.44753
         2        26   4.39933
         2        27   4.76469
         2        28
         2        29   4.89746
         3        12   4.88823   1.79044   3.40056   3.78848
         3        13   4.41244   2.08563   2.95552   4.13440
         3        14   3.75797   4.30204   4.56990   1.33840
         3        15   3.96490   2.71335   2.64181   4.70095
         3        16   1.56130   4.89244   4.19016   3.94688
         3        17   3.66738   3.38675   2.16989
         3        18   4.44753
         3        19   4.48614
         3        20   4.39933
         3        21   4.38363   3.29516   3.64007
         3        22   2.59475   4.67466   4.75899
         3        23   3.99468   4.09305   3.16092
         3        24   3.34521   4.42137   4.42292
         3        25   3.62406   3.83979   4.80647
         3        26   4.88817   2.96448
         3        27
         3        28   4.76468
         3        29   4.89745
         4        12   4.19016   1.56130   3.94688   4.89244
         4        13   2.71335   4.70095   3.96490   2.64181
         4        14   3.66738   2.16989   3.38675
         4        15   3.62406   4.80647   3.83979
         4        16   4.42138   3.34521   4.42292
         4        17   4.88817   2.96448
         4        18   4.67466   2.59474   4.75899
         4        19   3.29516   4.38363   3.64007
         4        20   3.99468   3.16092   4.09305
         4        21   2.08562   4.13440   4.41243   2.95552
         4        22   4.88822   3.40056   1.79043   3.78848
         4        23   4.56989   3.75796   1.33841   4.30204
         4        24   4.76469
         4        25
         4        26   4.89746
         4        27   4.48614
         4        28   4.44753
         4        29   4.39933
         5        12   3.64007   3.29516   4.38363
         5        13   4.75899   4.67466   2.59475
         5        14   3.16092   4.09305   3.99468
         5        15   4.44753
         5        16   4.48614
         5        17   4.39933
         5        18   4.70095   2.64181   2.71335   3.96490
         5        19   3.94688   4.19016   4.89244   1.56130
         5        20   2.16989   3.38675   3.66738
         5        21   3.78848   3.40056   1.79044   4.88823
         5        22   4.13440   2.95552   2.08563   4.41244
         5        23   1.33840   4.56990   4.30204   3.75797
         5        24
         5        25   4.76468
         5        26   4.89745
         5        27   4.42292   4.42137   3.34521
         5        28   4.80647   3.83979   3.62406
         5        29   2.96448   4.88817
         6        12   4.48614
         6        13   4.44753
         6        14   4.39933
         6        15   4.76468
         6        16
         6        17   4.89745
         6        18   2.95552   4.41244   4.13439   2.08563
         6        19   3.78847   1.79044   3.40056   4.88823
         6        20   4.30205   1.33840   3.75797   4.56990
         6        21   4.75899   2.59476   4.67467
         6        22   3.64007   4.38364   3.29517
         6        23   4.09306   3.16092   3.99470
         6        24   3.83978   4.80645   3.62406
         6        25   4.42290   3.34520   4.42137
         6        26   2.96447   4.88818
         6        27   4.89244   3.94688   1.56130   4.19016
         6        28   2.64181   3.96490   4.70095   2.71335
         6        29   3.38675   2.16989   3.66738
         7        12   3.34520   4.42137   4.42291
         7        13   3.62406   3.83978   4.80646
         7        14   4.88817   2.96447
         7        15
         7        16   4.76468
         7        17   4.89745
         7        18   4.88823   1.79044   3.40056   3.78848
         7        19   4.41244   2.08563   2.95552   4.13440
         7        20   3.75797   4.30204   4.56990   1.33840
         7        21   3.96490   2.71335   2.64181   4.70095
         7        22   1.56130   4.89244   4.19016   3.94688
         7        23   3.66738   3.38675   2.16989
         7        24   4.44753
         7        25   4.48614
         7        26   4.39933
         7        27   4.38364   3.29518   3.64007
         7        28   2.59476   4.67467   4.75899
         7        29   3.99470   4.09305   3.16093
         8        12   4.76468
         8        13
         8        14   4.89745
         8        15   4.48614
         8        16   4.44753
         8        17   4.39933
         8        18   4.19016   1.56130   3.94688   4.89244
         8        19   2.71335   4.70095   3.96490   2.64181
         8        20   3.66738   2.16989   3.38675
         8        21   3.62406   4.80647   3.83979
         8        22   4.42138   3.34521   4.42292
         8        23   4.88817   2.96448
         8        24   4.67466   2.59474   4.75899
         8        25   3.29516   4.38363   3.64007
         8        26   3.99468   3.16092   4.09305
         8        27   2.08563   4.13439   4.41244   2.95552
         8        28   4.88823   3.40056   1.79044   3.78847
         8        29   4.56990   3.75797   1.33840   4.30205
         9        12
         9        13   4.76469
         9        14   4.89746
         9        15   4.42292   4.42137   3.34521
         9        16   4.80647   3.83979   3.62406
         9        17   2.96448   4.88817
         9        18   3.64007   3.29516   4.38363
         9        19   4.75899   4.67466   2.59475
         9        20   3.16092   4.09305   3.99468
         9        21   4.44753
         9        22   4.48614
         9        23   4.39933
         9        24   4.70095   2.64181   2.71335   3.96490
         9        25   3.94688   4.19016   4.89244   1.56130
         9        26   2.16989   3.38675   3.66738
         9        27   3.78848   3.40055   1.79043   4.88822
         9        28   4.13440   2.95553   2.08562   4.41244
         9        29   1.33840   4.56989   4.30205   3.75796
        10        12   3.83979   4.80647   3.62406
        10        13   4.42292   3.34521   4.42138
        10        14   2.96448   4.88817
        10        15   4.89244   3.94688   1.56130   4.19016
        10        16   2.64181   3.96490   4.70095   2.71335
        10        17   3.38675   2.16989   3.66738
        10        18   4.48614
        10        19   4.44753
        10        20   4.39933
        10        21   4.76468
        10        22
        10        23   4.89745
        10        24   2.95552   4.41244   4.13439   2.08563
        10        25   3.78847   1.79044   3.40056   4.88823
        10        26   4.30205   1.33840   3.75797   4.56990
        10        27   4.75899   2.59474   4.67466
        10        28   3.64007   4.38363   3.29516
        10        29   4.09305   3.16092   3.99468
        11        12   4.44753
        11        13   4.48614
        11        14   4.39933
        11        15   4.38363   3.29516   3.64007
        11        16   2.59475   4.67466   4.75899
        11        17   3.99468   4.09305   3.16092
        11        18   3.34521   4.42137   4.42292
        11        19   3.62406   3.83979   4.80647
        11        20   4.88817   2.96448
        11        21
        11        22   4.76469
        11        23   4.89746
        11        24   4.88822   1.79043   3.40055   3.78848
        11        25   4.41244   2.08562   2.95553   4.13440
        11        26   3.75796   4.30205   4.56989   1.33840
        11        27   3.96490   2.71335   2.64181   4.70095
        11        28   1.56130   4.89244   4.19016   3.94688
        11        29   3.66738   3.38675   2.16989
        12         0   4.75899   2.59476   4.67467
        12         1   3.96490   2.71335   2.64181   4.70095
        12         2   2.08562   4.13440   4.41243   2.95552
        12         3   3.78848   3.40056   1.79044   4.88823
        12         4   4.89244   3.94688   1.56130   4.19016
        12         5   4.38363   3.29516   3.64007
        12         6   4.48614
        12         7   4.42291   4.42137   3.34520
        12         8   4.76468
        12         9
        12        10   3.62406   4.80647   3.83979
        12        11   4.44753
        13         0   3.64007   4.38364   3.29517
        13         1   1.56130   4.89244   4.19016   3.94688
        13         2   4.88822   3.40056   1.79043   3.78848
        13         3   4.13440   2.95552   2.08563   4.41244
        13         4   2.64181   3.96490   4.70095   2.71335
        13         5   2.59475   4.67466   4.75899
        13         6   4.44753
        13         7   4.80646   3.83978   3.62406
        13         8
        13         9   4.76469
        13        10   4.42138   3.34521   4.42292
        13        11   4.48614
        14         0   4.09306   3.16092   3.99470
        14         1   3.66738   3.38675   2.16989
        14         2   4.56989   3.75796   1.33841   4.30204
        14         3   1.33840   4.56990   4.30204   3.75797
        14         4   3.38675   2.16989   3.66738
        14         5   3.99468   4.09305   3.16092
        14         6   4.39933
        14         7   2.96447   4.88817
        14         8   4.89745
        14         9   4.89746
        14        10   4.88817   2.96448
        14        11   4.39933
        15         0   2.95552   4.41244   4.13439   2.08563
        15         1   4.88823   1.79044   3.40056   3.78848
        15         2   4.67466   2.59474   4.75899
        15         3   4.70095   2.64181   2.71335   3.96490
        15         4   3.83979   4.80647   3.62406
        15         5   4.44753
        15         6   4.76468
        15         7
        15         8   4.48614
        15         9   3.34521   4.42137   4.42292
        15        10   4.19016   1.56130   3.94688   4.89244
        15        11   3.64007   3.29516   4.38363
        16         0   3.78847   1.79044   3.40056   4.88823
        16         1   4.41244   2.08563   2.95552   4.13440
        16         2   3.29516   4.38363   3.64007
        16         3   3.94688   4.19016   4.89244   1.56130
        16         4   4.42292   3.34521   4.42138
        16         5   4.48614
        16         6
        16         7   4.76468
        16         8   4.44753
        16         9   3.62406   3.83979   4.80647
        16        10   2.71335   4.70095   3.96490   2.64181
        16        11   4.75899   4.67466   2.59475
        17         0   4.30205   1.33840   3.75797   4.56990
        17         1   3.75797   4.30204   4.56990   1.33840
        17         2   3.99468   3.16092   4.09305
        17         3   2.16989   3.38675   3.66738
        17         4   2.96448   4.88817
        17         5   4.39933
        17         6   4.89745
        17         7   4.89745
        17         8   4.39933
        17         9   4.88817   2.96448
        17        10   3.66738   2.16989   3.38675
        17        11   3.16092   4.09305   3.99468
        18         0   4.76468
        18         1
        18         2   3.62406   4.80647   3.83979
        18         3   4.44753
        18         4   4.75899   2.59474   4.67466
        18         5   3.96490   2.71335   2.64181   4.70095
        18         6   2.08563   4.13439   4.41244   2.95552
        18         7   3.78848   3.40056   1.79044   4.88823
        18         8   4.89244   3.94688   1.56130   4.19016
        18         9   4.38363   3.29516   3.64007
        18        10   4.48614
        18        11   4.42292   4.42137   3.34521
        19         0
        19         1   4.76468
        19         2   4.42138   3.34521   4.42292
        19         3   4.48614
        19         4   3.64007   4.38363   3.29516
        19         5   1.56130   4.89244   4.19016   3.94688
        19         6   4.88823   3.40056   1.79044   3.78847
        19         7   4.13440   2.95552   2.08563   4.41244
        19         8   2.64181   3.96490   4.70095   2.71335
        19         9   2.59475   4.67466   4.75899
        19        10   4.44753
        19        11   4.80647   3.83979   3.62406
        20         0   4.89745
        20         1   4.89745
        20         2   4.88817   2.96448
        20         3   4.39933
        20         4   4.09305   3.16092   3.99468
        20         5   3.66738   3.38675   2.16989
        20         6   4.56990   3.75797   1.33840   4.30205
        20         7   1.33840   4.56990   4.30204   3.75797
        20         8   3.38675   2.16989   3.66738
        20         9   3.99468   4.09305   3.16092
        20        10   4.39933
        20        11   2.96448   4.88817
        21         0   4.48614
        21         1   3.34520   4.42137   4.42291
        21         2   4.19016   1.56130   3.94688   4.89244
        21         3   3.64007   3.29516   4.38363
        21         4   2.95552   4.41243   4.13440   2.08562
        21         5   4.88823   1.79044   3.40056   3.78848
        21         6   4.67467   2.59476   4.75899
        21         7   4.70095   2.64181   2.71335   3.96490
        21         8   3.83979   4.80647   3.62406
        21         9   4.44753
        21        10   4.76468
        21        11
        22         0   4.44753
        22         1   3.62406   3.83978   4.80646
        22         2   2.71335   4.70095   3.96490   2.64181
        22         3   4.75899   4.67466   2.59475
        22         4   3.78848   1.79043   3.40056   4.88822
        22         5   4.41244   2.08563   2.95552   4.13440
        22         6   3.29517   4.38364   3.64007
        22         7   3.94688   4.19016   4.89244   1.56130
        22         8   4.42292   3.34521   4.42138
        22         9   4.48614
        22        10
        22        11   4.76469
        23         0   4.39933
        23         1   4.88817   2.96447
        23         2   3.66738   2.16989   3.38675
        23         3   3.16092   4.09305   3.99468
        23         4   4.30204   1.33841   3.75796   4.56989
        23         5   3.75797   4.30204   4.56990   1.33840
        23         6   3.99470   3.16092   4.09306
        23         7   2.16989   3.38675   3.66738
        23         8   2.96448   4.88817
        23         9   4.39933
        23        10   4.89745
        23        11   4.89746
        24         0   4.89244   3.94688   1.56130   4.19016
        24         1   4.38364   3.29518   3.64007
        24         2   4.48614
        24         3   4.42292   4.42137   3.34521
        24         4   4.76469
        24         5
        24         6   3.62406   4.80645   3.83978
        24         7   4.44753
        24         8   4.75899   2.59474   4.67466
        24         9   3.96490   2.71335   2.64181   4.70095
        24        10   2.08563   4.13439   4.41244   2.95552
        24        11   3.78848   3.40055   1.79043   4.88822
        25         0   2.64181   3.96490   4.70095   2.71335
        25         1   2.59476   4.67467   4.75899
        25         2   4.44753
        25         3   4.80647   3.83979   3.62406
        25         4
        25         5   4.76468
        25         6   4.42137   3.34520   4.42290
        25         7   4.48614
        25         8   3.64007   4.38363   3.29516
        25         9   1.56130   4.89244   4.19016   3.94688
        25        10   4.88823   3.40056   1.79044   3.78847
        25        11   4.13440   2.95553   2.08562   4.41244
        26         0   3.38675   2.16989   3.66738
        26         1   3.99470   4.09305   3.16093
        26         2   4.39933
        26         3   2.96448   4.88817
        26         4   4.89746
        26         5   4.89745
        26         6   4.88818   2.96447
        26         7   4.39933
        26         8   4.09305   3.16092   3.99468
        26         9   3.66738   3.38675   2.16989
        26        10   4.56990   3.75797   1.33840   4.30205
        26        11   1.33840   4.56989   4.30205   3.75796
        27         0   3.83978   4.80645   3.62406
        27         1   4.44753
        27         2   4.76469
        27         3
        27         4   4.48614
        27         5   3.34521   4.42137   4.42292
        27         6   4.19016   1.56130   3.94688   4.89244
        27         7   3.64007   3.29518   4.38364
        27         8   2.95552   4.41244   4.13439   2.08563
        27         9   4.88822   1.79043   3.40055   3.78848
        27        10   4.67466   2.59474   4.75899
        27        11   4.70095   2.64181   2.71335   3.96490
        28         0   4.42290   3.34520   4.42137
        28         1   4.48614
        28         2
        28         3   4.76468
        28         4   4.44753
        28         5   3.62406   3.83979   4.80647
        28         6   2.71335   4.70095   3.96490   2.64181
        28         7   4.75899   4.67467   2.59476
        28         8   3.78847   1.79044   3.40056   4.88823
        28         9   4.41244   2.08562   2.95553   4.13440
        28        10   3.29516   4.38363   3.64007
        28        11   3.94688   4.19016   4.89244   1.56130
        29         0   2.96447   4.88818
        29         1   4.39933
        29         2   4.89746
        29         3   4.89745
        29         4   4.39933
        29         5   4.88817   2.96448
        29         6   3.66738   2.16989   3.38675
        29         7   3.16093   4.09305   3.99470
        29         8   4.30205   1.33840   3.75797   4.56990
        29         9   3.75796   4.30205   4.56989   1.33840
        29        10   3.99468   3.16092   4.09305
        29        11   2.16989   3.38675   3.66738
