         0        44   2.41974
         0        45
         1        44   2.41974
         1        45
         2        44   2.41974
         2        45
         3        44   2.41974
         3        45
         4        44   2.41974
         4        45
         5        44   2.41974
         5        45
         6        44
         6        45   2.41974
         7        44
         7        45   2.41974
         8        44
         8        45   2.41974
         9        44
         9        45   2.41974
        10        44
        10        45   2.41974
        11        44
        11        45   2.41974
        12        44   3.83801
        12        45   3.83801
        13        44   3.83801
        13        45   3.83801
        14        44   3.83801
        14        45   3.83801
        15        44   3.83801
        15        45   3.83801
        16        44   4.84906   4.84906
        16        45   4.29946
        17        44   4.29946
        17        45   4.84906   4.84906
        18        44   4.29946
        18        45   4.84906   4.84906
        19        44   4.84906   4.84906
        19        45   4.29946
        20        44   4.84906   4.84906
        20        45   4.29946
        21        44   4.84906   4.84906
        21        45   4.29946
        22        44   4.84906   4.84906
        22        45   4.29946
        23        44   4.84906   4.84906
        23        45   4.29946
        24        44   4.84906   4.84906
        24        45   4.29946
        25        44   4.84906   4.84906
        25        45   4.29946
        26        44   4.84906   4.84906
        26        45   4.29946
        27        44   4.29946
        27        45   4.84906   4.84906
        28        44   3.83801
        28        45   3.83801
        29        44   3.83801
        29        45   3.83801
        30        44   3.83801
        30        45   3.83801
        31        44   3.83801
        31        45   3.83801
        32        44   4.29946
        32        45   4.84906   4.84906
        33        44   4.84906   4.84906
        33        45   4.29946
        34        44   4.84906   4.84906
        34        45   4.29946
        35        44   4.29946
        35        45   4.84906   4.84906
        36        44   4.29946
        36        45   4.84906   4.84906
        37        44   4.29946
        37        45   4.84906   4.84906
        38        44   4.29946
        38        45   4.84906   4.84906
        39        44   4.29946
        39        45   4.84906   4.84906
        40        44   4.29946
        40        45   4.84906   4.84906
        41        44   4.29946
        41        45   4.84906   4.84906
        42        44   4.29946
        42        45   4.84906   4.84906
        43        44   4.84906   4.84906
        43        45   4.29946
        44         0   2.41974
        44         1   2.41974
        44         2   2.41974
        44         3   2.41974
        44         4   2.41974
        44         5   2.41974
        44         6
        44         7
        44         8
        44         9
        44        10
        44        11
        44        12   3.83801
        44        13   3.83801
        44        14   3.83801
        44        15   3.83801
        44        16   4.84906   4.84906
        44        17   4.29946
        44        18   4.29946
        44        19   4.84906   4.84906
        44        20   4.84906   4.84906
        44        21   4.84906   4.84906
        44        22   4.84906   4.84906
        44        23   4.84906   4.84906
        44        24   4.84906   4.84906
        44        25   4.84906   4.84906
        44        26   4.84906   4.84906
        44        27   4.29946
        44        28   3.83801
        44        29   3.83801
        44        30   3.83801
        44        31   3.83801
        44        32   4.29946
        44        33   4.84906   4.84906
        44        34   4.84906   4.84906
        44        35   4.29946
        44        36   4.29946
        44        37   4.29946
        44        38   4.29946
        44        39   4.29946
        44        40   4.29946
        44        41   4.29946
        44        42   4.29946
        44        43   4.84906   4.84906
        45         0
        45         1
        45         2
        45         3
        45         4
        45         5
        45         6   2.41974
        45         7   2.41974
        45         8   2.41974
        45         9   2.41974
        45        10   2.41974
        45        11   2.41974
        45        12   3.83801
        45        13   3.83801
        45        14   3.83801
        45        15   3.83801
        45        16   4.29946
        45        17   4.84906   4.84906
        45        18   4.84906   4.84906
        45        19   4.29946
        45        20   4.29946
        45        21   4.29946
        45        22   4.29946
        45        23   4.29946
        45        24   4.29946
        45        25   4.29946
        45        26   4.29946
        45        27   4.84906   4.84906
        45        28   3.83801
        45        29   3.83801
        45        30   3.83801
        45        31   3.83801
        45        32   4.84906   4.84906
        45        33   4.29946
        45        34   4.29946
        45        35   4.84906   4.84906
        45        36   4.84906   4.84906
        45        37   4.84906   4.84906
        45        38   4.84906   4.84906
        45        39   4.84906   4.84906
        45        40   4.84906   4.84906
        45        41   4.84906   4.84906
        45        42   4.84906   4.84906
        45        43   4.29946
