         0        44   2.43992
         0        45
         0        46   3.12812
         0        47
         0        48   4.16762
         0        49
         0        50   2.38204
         0        51
         0        52   2.36678
         0        53
         0        54   4.82276
         0        55   4.26008
         0        56   2.30607
         0        57
         0        58
         0        59
         0        60   4.75955
         0        61   4.82135
         0        62   4.73463
         0        63   4.32755
         0        64   4.50918
         0        65   4.85182
         0        66   3.39133
         0        67
         0        68   4.98054
         0        69
         0        70
         0        71   4.61321
         1        44
         1        45   2.43992
         1        46
         1        47   3.12812
         1        48
         1        49   4.16762
         1        50
         1        51   2.38204
         1        52
         1        53   2.36678
         1        54   4.26008
         1        55   4.82276
         1        56
         1        57   2.30607
         1        58
         1        59
         1        60   4.82135
         1        61   4.75955
         1        62   4.32755
         1        63   4.73463
         1        64   4.85182
         1        65   4.50918
         1        66
         1        67   3.39133
         1        68
         1        69   4.98054
         1        70   4.61321
         1        71
         2        44   3.12812
         2        45
         2        46   2.43992
         2        47
         2        48   2.38204
         2        49
         2        50   4.16762
         2        51
         2        52   4.82276
         2        53   4.26008
         2        54   2.36678
         2        55
         2        56
         2        57
         2        58   2.30607
         2        59
         2        60   4.73463
         2        61   4.32755
         2        62   4.75955
         2        63   4.82135
         2        64   3.39133
         2        65
         2        66   4.50918
         2        67   4.85182
         2        68
         2        69   4.61321
         2        70   4.98054
         2        71
         3        44
         3        45   3.12812
         3        46
         3        47   2.43992
         3        48
         3        49   2.38204
         3        50
         3        51   4.16762
         3        52   4.26008
         3        53   4.82276
         3        54
         3        55   2.36678
         3        56
         3        57
         3        58
         3        59   2.30607
         3        60   4.32755
         3        61   4.73463
         3        62   4.82135
         3        63   4.75955
         3        64
         3        65   3.39133
         3        66   4.85182
         3        67   4.50918
         3        68   4.61321
         3        69
         3        70
         3        71   4.98054
         4        44
         4        45   4.52467
         4        46   4.54004
         4        47
         4        48
         4        49   2.49459
         4        50
         4        51
         4        52   4.41085
         4        53   4.42346
         4        54   4.77733
         4        55   4.81505
         4        56   3.48401
         4        57
         4        58   4.92296
         4        59   4.78936
         4        60   4.61182
         4        61   4.28489
         4        62   2.63830
         4        63
         4        64
         4        65   4.96626
         4        66   2.35439
         4        67
         4        68   2.45760
         4        69
         4        70   2.87801
         4        71
         5        44   4.52467
         5        45
         5        46
         5        47   4.54004
         5        48   2.49459
         5        49
         5        50
         5        51
         5        52   4.42346
         5        53   4.41085
         5        54   4.81505
         5        55   4.77733
         5        56
         5        57   3.48401
         5        58   4.78936
         5        59   4.92296
         5        60   4.28489
         5        61   4.61182
         5        62
         5        63   2.63830
         5        64   4.96626
         5        65
         5        66
         5        67   2.35439
         5        68
         5        69   2.45760
         5        70
         5        71   2.87801
         6        44   4.54004
         6        45
         6        46
         6        47   4.52467
         6        48
         6        49
         6        50
         6        51   2.49459
         6        52   4.77733
         6        53   4.81505
         6        54   4.41085
         6        55   4.42346
         6        56   4.92296
         6        57   4.78936
         6        58   3.48401
         6        59
         6        60   2.63830
         6        61
         6        62   4.61182
         6        63   4.28489
         6        64   2.35439
         6        65
         6        66
         6        67   4.96626
         6        68   2.87801
         6        69
         6        70   2.45760
         6        71
         7        44
         7        45   4.54004
         7        46   4.52467
         7        47
         7        48
         7        49
         7        50   2.49459
         7        51
         7        52   4.81505
         7        53   4.77733
         7        54   4.42346
         7        55   4.41085
         7        56   4.78936
         7        57   4.92296
         7        58
         7        59   3.48401
         7        60
         7        61   2.63830
         7        62   4.28489
         7        63   4.61182
         7        64
         7        65   2.35439
         7        66   4.96626
         7        67
         7        68
         7        69   2.87801
         7        70
         7        71   2.45760
         8        44   4.34152
         8        45
         8        46
         8        47   2.30446
         8        48   4.41875
         8        49   3.25308
         8        50
         8        51
         8        52   2.52127
         8        53   4.82282
         8        54
         8        55   4.66712
         8        56   4.54334
         8        57   4.86086
         8        58
         8        59   4.88467
         8        60   2.74226
         8        61
         8        62
         8        63
         8        64   2.41396
         8        65   4.54374
         8        66   4.20613
         8        67   4.86851
         8        68   2.71400
         8        69
         8        70   4.65529
         8        71
         9        44
         9        45   4.34152
         9        46   2.30446
         9        47
         9        48   3.25308
         9        49   4.41875
         9        50
         9        51
         9        52   4.82282
         9        53   2.52127
         9        54   4.66712
         9        55
         9        56   4.86086
         9        57   4.54334
         9        58   4.88467
         9        59
         9        60
         9        61   2.74226
         9        62
         9        63
         9        64   4.54374
         9        65   2.41396
         9        66   4.86851
         9        67   4.20613
         9        68
         9        69   2.71400
         9        70
         9        71   4.65529
        10        44
        10        45   2.30446
        10        46   4.34152
        10        47
        10        48
        10        49
        10        50   4.41875
        10        51   3.25308
        10        52
        10        53   4.66712
        10        54   2.52127
        10        55   4.82282
        10        56
        10        57   4.88467
        10        58   4.54334
        10        59   4.86086
        10        60
        10        61
        10        62   2.74226
        10        63
        10        64   4.20613
        10        65   4.86851
        10        66   2.41396
        10        67   4.54374
        10        68   4.65529
        10        69
        10        70   2.71400
        10        71
        11        44   2.30446
        11        45
        11        46
        11        47   4.34152
        11        48
        11        49
        11        50   3.25308
        11        51   4.41875
        11        52   4.66712
        11        53
        11        54   4.82282
        11        55   2.52127
        11        56   4.88467
        11        57
        11        58   4.86086
        11        59   4.54334
        11        60
        11        61
        11        62
        11        63   2.74226
        11        64   4.86851
        11        65   4.20613
        11        66   4.54374
        11        67   2.41396
        11        68
        11        69   4.65529
        11        70
        11        71   2.71400
        12        44   3.67603
        12        45
        12        46   4.93061
        12        47
        12        48   2.32426
        12        49
        12        50
        12        51
        12        52   2.85899
        12        53
        12        54
        12        55
        12        56   2.38460
        12        57   4.50335
        12        58   4.67134
        12        59   4.51270
        12        60   2.65730
        12        61   4.42857
        12        62
        12        63   4.30072
        12        64   4.67913
        12        65   4.65432
        12        66
        12        67   4.65601
        12        68   4.73406
        12        69
        12        70
        12        71   2.30840
        13        44
        13        45   3.67603
        13        46
        13        47   4.93061
        13        48
        13        49   2.32426
        13        50
        13        51
        13        52
        13        53   2.85899
        13        54
        13        55
        13        56   4.50335
        13        57   2.38460
        13        58   4.51270
        13        59   4.67134
        13        60   4.42857
        13        61   2.65730
        13        62   4.30072
        13        63
        13        64   4.65432
        13        65   4.67913
        13        66   4.65601
        13        67
        13        68
        13        69   4.73406
        13        70   2.30840
        13        71
        14        44   4.93061
        14        45
        14        46   3.67603
        14        47
        14        48
        14        49
        14        50   2.32426
        14        51
        14        52
        14        53
        14        54   2.85899
        14        55
        14        56   4.67134
        14        57   4.51270
        14        58   2.38460
        14        59   4.50335
        14        60
        14        61   4.30072
        14        62   2.65730
        14        63   4.42857
        14        64
        14        65   4.65601
        14        66   4.67913
        14        67   4.65432
        14        68
        14        69   2.30840
        14        70   4.73406
        14        71
        15        44
        15        45   4.93061
        15        46
        15        47   3.67603
        15        48
        15        49
        15        50
        15        51   2.32426
        15        52
        15        53
        15        54
        15        55   2.85899
        15        56   4.51270
        15        57   4.67134
        15        58   4.50335
        15        59   2.38460
        15        60   4.30072
        15        61
        15        62   4.42857
        15        63   2.65730
        15        64   4.65601
        15        65
        15        66   4.65432
        15        67   4.67913
        15        68   2.30840
        15        69
        15        70
        15        71   4.73406
        16        44   2.56353
        16        45
        16        46   4.83707
        16        47
        16        48   4.54362
        16        49
        16        50   4.59998
        16        51   4.66898
        16        52
        16        53
        16        54   2.62922
        16        55   4.70732
        16        56
        16        57   4.67506
        16        58   2.56433
        16        59
        16        60
        16        61
        16        62   4.94526
        16        63   2.52476
        16        64   4.58040
        16        65
        16        66
        16        67   2.41833
        16        68
        16        69   2.41061
        16        70
        16        71   4.54333
        17        44
        17        45   2.56353
        17        46
        17        47   4.83707
        17        48
        17        49   4.54362
        17        50   4.66898
        17        51   4.59998
        17        52
        17        53
        17        54   4.70732
        17        55   2.62922
        17        56   4.67506
        17        57
        17        58
        17        59   2.56433
        17        60
        17        61
        17        62   2.52476
        17        63   4.94526
        17        64
        17        65   4.58040
        17        66   2.41833
        17        67
        17        68   2.41061
        17        69
        17        70   4.54333
        17        71
        18        44   4.83707
        18        45
        18        46   2.56353
        18        47
        18        48   4.59998
        18        49   4.66898
        18        50   4.54362
        18        51
        18        52   2.62922
        18        53   4.70732
        18        54
        18        55
        18        56   2.56433
        18        57
        18        58
        18        59   4.67506
        18        60   4.94526
        18        61   2.52476
        18        62
        18        63
        18        64
        18        65   2.41833
        18        66   4.58040
        18        67
        18        68
        18        69   4.54333
        18        70
        18        71   2.41061
        19        44
        19        45   4.83707
        19        46
        19        47   2.56353
        19        48   4.66898
        19        49   4.59998
        19        50
        19        51   4.54362
        19        52   4.70732
        19        53   2.62922
        19        54
        19        55
        19        56
        19        57   2.56433
        19        58   4.67506
        19        59
        19        60   2.52476
        19        61   4.94526
        19        62
        19        63
        19        64   2.41833
        19        65
        19        66
        19        67   4.58040
        19        68   4.54333
        19        69
        19        70   2.41061
        19        71
        20        44   4.64422
        20        45   4.75994
        20        46   4.61326
        20        47   2.41041
        20        48   2.43292
        20        49
        20        50
        20        51   4.23566
        20        52   3.56355
        20        53   2.28648
        20        54
        20        55   4.41019
        20        56
        20        57   4.52467
        20        58
        20        59
        20        60   4.81638
        20        61
        20        62
        20        63
        20        64   2.61848
        20        65   4.83186
        20        66
        20        67   2.41879
        20        68
        20        69   3.93437
        20        70   4.50843
        20        71   4.36745
        21        44   4.75994
        21        45   4.64422
        21        46   2.41041
        21        47   4.61326
        21        48
        21        49   2.43292
        21        50   4.23566
        21        51
        21        52   2.28648
        21        53   3.56355
        21        54   4.41019
        21        55
        21        56   4.52467
        21        57
        21        58
        21        59
        21        60
        21        61   4.81638
        21        62
        21        63
        21        64   4.83186
        21        65   2.61848
        21        66   2.41879
        21        67
        21        68   3.93437
        21        69
        21        70   4.36745
        21        71   4.50843
        22        44   4.61326
        22        45   2.41041
        22        46   4.64422
        22        47   4.75994
        22        48
        22        49   4.23566
        22        50   2.43292
        22        51
        22        52
        22        53   4.41019
        22        54   3.56355
        22        55   2.28648
        22        56
        22        57
        22        58
        22        59   4.52467
        22        60
        22        61
        22        62   4.81638
        22        63
        22        64
        22        65   2.41879
        22        66   2.61848
        22        67   4.83186
        22        68   4.50843
        22        69   4.36745
        22        70
        22        71   3.93437
        23        44   2.41041
        23        45   4.61326
        23        46   4.75994
        23        47   4.64422
        23        48   4.23566
        23        49
        23        50
        23        51   2.43292
        23        52   4.41019
        23        53
        23        54   2.28648
        23        55   3.56355
        23        56
        23        57
        23        58   4.52467
        23        59
        23        60
        23        61
        23        62
        23        63   4.81638
        23        64   2.41879
        23        65
        23        66   4.83186
        23        67   2.61848
        23        68   4.36745
        23        69   4.50843
        23        70   3.93437
        23        71
        24        44   2.80653
        24        45   4.70712
        24        46   4.55704
        24        47
        24        48   4.96644
        24        49   4.64553
        24        50   3.78192
        24        51   3.78609
        24        52   2.79313
        24        53
        24        54
        24        55   2.35531
        24        56
        24        57
        24        58
        24        59   4.73924
        24        60   4.72768
        24        61
        24        62   4.94620
        24        63
        24        64   3.20576
        24        65
        24        66   2.44879
        24        67   4.30325
        24        68   2.30449
        24        69
        24        70
        24        71
        25        44   4.70712
        25        45   2.80653
        25        46
        25        47   4.55704
        25        48   4.64553
        25        49   4.96644
        25        50   3.78609
        25        51   3.78192
        25        52
        25        53   2.79313
        25        54   2.35531
        25        55
        25        56
        25        57
        25        58   4.73924
        25        59
        25        60
        25        61   4.72768
        25        62
        25        63   4.94620
        25        64
        25        65   3.20576
        25        66   4.30325
        25        67   2.44879
        25        68
        25        69   2.30449
        25        70
        25        71
        26        44   4.55704
        26        45
        26        46   2.80653
        26        47   4.70712
        26        48   3.78192
        26        49   3.78609
        26        50   4.96644
        26        51   4.64553
        26        52
        26        53   2.35531
        26        54   2.79313
        26        55
        26        56
        26        57   4.73924
        26        58
        26        59
        26        60   4.94620
        26        61
        26        62   4.72768
        26        63
        26        64   2.44879
        26        65   4.30325
        26        66   3.20576
        26        67
        26        68
        26        69
        26        70   2.30449
        26        71
        27        44
        27        45   4.55704
        27        46   4.70712
        27        47   2.80653
        27        48   3.78609
        27        49   3.78192
        27        50   4.64553
        27        51   4.96644
        27        52   2.35531
        27        53
        27        54
        27        55   2.79313
        27        56   4.73924
        27        57
        27        58
        27        59
        27        60
        27        61   4.94620
        27        62
        27        63   4.72768
        27        64   4.30325
        27        65   2.44879
        27        66
        27        67   3.20576
        27        68
        27        69
        27        70
        27        71   2.30449
        28        44   2.28992
        28        45
        28        46
        28        47
        28        48   3.41905
        28        49
        28        50   4.76472
        28        51   4.42337
        28        52   4.39933
        28        53
        28        54   4.55137
        28        55
        28        56   3.36378
        28        57
        28        58   2.29336
        28        59   4.62436
        28        60   3.11219
        28        61
        28        62
        28        63   2.34837
        28        64   4.90485
        28        65
        28        66
        28        67   4.56619
        28        68   3.85405
        28        69   4.68274
        28        70   4.61972
        28        71
        29        44
        29        45   2.28992
        29        46
        29        47
        29        48
        29        49   3.41905
        29        50   4.42337
        29        51   4.76472
        29        52
        29        53   4.39933
        29        54
        29        55   4.55137
        29        56
        29        57   3.36378
        29        58   4.62436
        29        59   2.29336
        29        60
        29        61   3.11219
        29        62   2.34837
        29        63
        29        64
        29        65   4.90485
        29        66   4.56619
        29        67
        29        68   4.68274
        29        69   3.85405
        29        70
        29        71   4.61972
        30        44
        30        45
        30        46   2.28992
        30        47
        30        48   4.76472
        30        49   4.42337
        30        50   3.41905
        30        51
        30        52   4.55137
        30        53
        30        54   4.39933
        30        55
        30        56   2.29336
        30        57   4.62436
        30        58   3.36378
        30        59
        30        60
        30        61   2.34837
        30        62   3.11219
        30        63
        30        64
        30        65   4.56619
        30        66   4.90485
        30        67
        30        68   4.61972
        30        69
        30        70   3.85405
        30        71   4.68274
        31        44
        31        45
        31        46
        31        47   2.28992
        31        48   4.42337
        31        49   4.76472
        31        50
        31        51   3.41905
        31        52
        31        53   4.55137
        31        54
        31        55   4.39933
        31        56   4.62436
        31        57   2.29336
        31        58
        31        59   3.36378
        31        60   2.34837
        31        61
        31        62
        31        63   3.11219
        31        64   4.56619
        31        65
        31        66
        31        67   4.90485
        31        68
        31        69   4.61972
        31        70   4.68274
        31        71   3.85405
        32        44   4.34806
        32        45   4.83768
        32        46   4.36277
        32        47
        32        48
        32        49
        32        50   2.50359
        32        51
        32        52
        32        53
        32        54
        32        55
        32        56   2.60741
        32        57
        32        58   4.61603
        32        59   2.67864
        32        60   4.79439
        32        61
        32        62   2.24266
        32        63   3.65161
        32        64
        32        65
        32        66   4.94378
        32        67
        32        68   3.12332
        32        69   4.88308
        32        70
        32        71   4.23571
        33        44   4.83768
        33        45   4.34806
        33        46
        33        47   4.36277
        33        48
        33        49
        33        50
        33        51   2.50359
        33        52
        33        53
        33        54
        33        55
        33        56
        33        57   2.60741
        33        58   2.67864
        33        59   4.61603
        33        60
        33        61   4.79439
        33        62   3.65161
        33        63   2.24266
        33        64
        33        65
        33        66
        33        67   4.94378
        33        68   4.88308
        33        69   3.12332
        33        70   4.23571
        33        71
        34        44   4.36277
        34        45
        34        46   4.34806
        34        47   4.83768
        34        48   2.50359
        34        49
        34        50
        34        51
        34        52
        34        53
        34        54
        34        55
        34        56   4.61603
        34        57   2.67864
        34        58   2.60741
        34        59
        34        60   2.24266
        34        61   3.65161
        34        62   4.79439
        34        63
        34        64   4.94378
        34        65
        34        66
        34        67
        34        68
        34        69   4.23571
        34        70   3.12332
        34        71   4.88308
        35        44
        35        45   4.36277
        35        46   4.83768
        35        47   4.34806
        35        48
        35        49   2.50359
        35        50
        35        51
        35        52
        35        53
        35        54
        35        55
        35        56   2.67864
        35        57   4.61603
        35        58
        35        59   2.60741
        35        60   3.65161
        35        61   2.24266
        35        62
        35        63   4.79439
        35        64
        35        65   4.94378
        35        66
        35        67
        35        68   4.23571
        35        69
        35        70   4.88308
        35        71   3.12332
        36        44   1.88732
        36        45
        36        46
        36        47   4.02312
        36        48   1.92903
        36        49
        36        50
        36        51   4.98487
        36        52   1.89827
        36        53   4.51447
        36        54   4.15124
        36        55   4.83302
        36        56   4.16993
        36        57
        36        58   4.36150
        36        59
        36        60   4.84820
        36        61
        36        62
        36        63
        36        64   1.88462
        36        65
        36        66   4.89293
        36        67   4.95776   4.78471
        36        68   4.56431
        36        69
        36        70
        36        71   4.34894
        37        44
        37        45   1.88732
        37        46   4.02312
        37        47
        37        48
        37        49   1.92903
        37        50   4.98487
        37        51
        37        52   4.51447
        37        53   1.89827
        37        54   4.83302
        37        55   4.15124
        37        56
        37        57   4.16993
        37        58
        37        59   4.36150
        37        60
        37        61   4.84820
        37        62
        37        63
        37        64
        37        65   1.88462
        37        66   4.78471   4.95776
        37        67   4.89293
        37        68
        37        69   4.56431
        37        70   4.34894
        37        71
        38        44
        38        45   4.02312
        38        46   1.88732
        38        47
        38        48
        38        49   4.98487
        38        50   1.92903
        38        51
        38        52   4.15124
        38        53   4.83302
        38        54   1.89827
        38        55   4.51447
        38        56   4.36150
        38        57
        38        58   4.16993
        38        59
        38        60
        38        61
        38        62   4.84820
        38        63
        38        64   4.89293
        38        65   4.78471   4.95776
        38        66   1.88462
        38        67
        38        68
        38        69   4.34894
        38        70   4.56431
        38        71
        39        44   4.02312
        39        45
        39        46
        39        47   1.88732
        39        48   4.98487
        39        49
        39        50
        39        51   1.92903
        39        52   4.83302
        39        53   4.15124
        39        54   4.51447
        39        55   1.89827
        39        56
        39        57   4.36150
        39        58
        39        59   4.16993
        39        60
        39        61
        39        62
        39        63   4.84820
        39        64   4.95776   4.78471
        39        65   4.89293
        39        66
        39        67   1.88462
        39        68   4.34894
        39        69
        39        70
        39        71   4.56431
        40        44   4.52802
        40        45
        40        46
        40        47   4.44944
        40        48   4.56964
        40        49   3.95277
        40        50
        40        51   4.80477
        40        52
        40        53
        40        54
        40        55
        40        56   1.87450
        40        57
        40        58   4.56830
        40        59   4.67983
        40        60   1.85180
        40        61   4.66378
        40        62   4.22561
        40        63   4.36577
        40        64   4.41342
        40        65
        40        66   4.74203
        40        67
        40        68   1.84596
        40        69
        40        70
        40        71   4.61532
        41        44
        41        45   4.52802
        41        46   4.44944
        41        47
        41        48   3.95277
        41        49   4.56964
        41        50   4.80477
        41        51
        41        52
        41        53
        41        54
        41        55
        41        56
        41        57   1.87450
        41        58   4.67983
        41        59   4.56830
        41        60   4.66378
        41        61   1.85180
        41        62   4.36577
        41        63   4.22561
        41        64
        41        65   4.41342
        41        66
        41        67   4.74203
        41        68
        41        69   1.84596
        41        70   4.61532
        41        71
        42        44
        42        45   4.44944
        42        46   4.52802
        42        47
        42        48
        42        49   4.80477
        42        50   4.56964
        42        51   3.95277
        42        52
        42        53
        42        54
        42        55
        42        56   4.56830
        42        57   4.67983
        42        58   1.87450
        42        59
        42        60   4.22561
        42        61   4.36577
        42        62   1.85180
        42        63   4.66378
        42        64   4.74203
        42        65
        42        66   4.41342
        42        67
        42        68
        42        69   4.61532
        42        70   1.84596
        42        71
        43        44   4.44944
        43        45
        43        46
        43        47   4.52802
        43        48   4.80477
        43        49
        43        50   3.95277
        43        51   4.56964
        43        52
        43        53
        43        54
        43        55
        43        56   4.67983
        43        57   4.56830
        43        58
        43        59   1.87450
        43        60   4.36577
        43        61   4.22561
        43        62   4.66378
        43        63   1.85180
        43        64
        43        65   4.74203
        43        66
        43        67   4.41342
        43        68   4.61532
        43        69
        43        70
        43        71   1.84596
        44         0   2.43992
        44         1
        44         2   3.12812
        44         3
        44         4
        44         5   4.52467
        44         6   4.54004
        44         7
        44         8   4.34152
        44         9
        44        10
        44        11   2.30446
        44        12   3.67603
        44        13
        44        14   4.93061
        44        15
        44        16   2.56353
        44        17
        44        18   4.83707
        44        19
        44        20   4.64422
        44        21   4.75994
        44        22   4.61326
        44        23   2.41041
        44        24   2.80653
        44        25   4.70712
        44        26   4.55704
        44        27
        44        28   2.28992
        44        29
        44        30
        44        31
        44        32   4.34806
        44        33   4.83768
        44        34   4.36277
        44        35
        44        36   1.88732
        44        37
        44        38
        44        39   4.02312
        44        40   4.52802
        44        41
        44        42
        44        43   4.44944
        45         0
        45         1   2.43992
        45         2
        45         3   3.12812
        45         4   4.52467
        45         5
        45         6
        45         7   4.54004
        45         8
        45         9   4.34152
        45        10   2.30446
        45        11
        45        12
        45        13   3.67603
        45        14
        45        15   4.93061
        45        16
        45        17   2.56353
        45        18
        45        19   4.83707
        45        20   4.75994
        45        21   4.64422
        45        22   2.41041
        45        23   4.61326
        45        24   4.70712
        45        25   2.80653
        45        26
        45        27   4.55704
        45        28
        45        29   2.28992
        45        30
        45        31
        45        32   4.83768
        45        33   4.34806
        45        34
        45        35   4.36277
        45        36
        45        37   1.88732
        45        38   4.02312
        45        39
        45        40
        45        41   4.52802
        45        42   4.44944
        45        43
        46         0   3.12812
        46         1
        46         2   2.43992
        46         3
        46         4   4.54004
        46         5
        46         6
        46         7   4.52467
        46         8
        46         9   2.30446
        46        10   4.34152
        46        11
        46        12   4.93061
        46        13
        46        14   3.67603
        46        15
        46        16   4.83707
        46        17
        46        18   2.56353
        46        19
        46        20   4.61326
        46        21   2.41041
        46        22   4.64422
        46        23   4.75994
        46        24   4.55704
        46        25
        46        26   2.80653
        46        27   4.70712
        46        28
        46        29
        46        30   2.28992
        46        31
        46        32   4.36277
        46        33
        46        34   4.34806
        46        35   4.83768
        46        36
        46        37   4.02312
        46        38   1.88732
        46        39
        46        40
        46        41   4.44944
        46        42   4.52802
        46        43
        47         0
        47         1   3.12812
        47         2
        47         3   2.43992
        47         4
        47         5   4.54004
        47         6   4.52467
        47         7
        47         8   2.30446
        47         9
        47        10
        47        11   4.34152
        47        12
        47        13   4.93061
        47        14
        47        15   3.67603
        47        16
        47        17   4.83707
        47        18
        47        19   2.56353
        47        20   2.41041
        47        21   4.61326
        47        22   4.75994
        47        23   4.64422
        47        24
        47        25   4.55704
        47        26   4.70712
        47        27   2.80653
        47        28
        47        29
        47        30
        47        31   2.28992
        47        32
        47        33   4.36277
        47        34   4.83768
        47        35   4.34806
        47        36   4.02312
        47        37
        47        38
        47        39   1.88732
        47        40   4.44944
        47        41
        47        42
        47        43   4.52802
        48         0   4.16762
        48         1
        48         2   2.38204
        48         3
        48         4
        48         5   2.49459
        48         6
        48         7
        48         8   4.41875
        48         9   3.25308
        48        10
        48        11
        48        12   2.32426
        48        13
        48        14
        48        15
        48        16   4.54362
        48        17
        48        18   4.59998
        48        19   4.66898
        48        20   2.43292
        48        21
        48        22
        48        23   4.23566
        48        24   4.96644
        48        25   4.64553
        48        26   3.78192
        48        27   3.78609
        48        28   3.41905
        48        29
        48        30   4.76472
        48        31   4.42337
        48        32
        48        33
        48        34   2.50359
        48        35
        48        36   1.92903
        48        37
        48        38
        48        39   4.98487
        48        40   4.56964
        48        41   3.95277
        48        42
        48        43   4.80477
        49         0
        49         1   4.16762
        49         2
        49         3   2.38204
        49         4   2.49459
        49         5
        49         6
        49         7
        49         8   3.25308
        49         9   4.41875
        49        10
        49        11
        49        12
        49        13   2.32426
        49        14
        49        15
        49        16
        49        17   4.54362
        49        18   4.66898
        49        19   4.59998
        49        20
        49        21   2.43292
        49        22   4.23566
        49        23
        49        24   4.64553
        49        25   4.96644
        49        26   3.78609
        49        27   3.78192
        49        28
        49        29   3.41905
        49        30   4.42337
        49        31   4.76472
        49        32
        49        33
        49        34
        49        35   2.50359
        49        36
        49        37   1.92903
        49        38   4.98487
        49        39
        49        40   3.95277
        49        41   4.56964
        49        42   4.80477
        49        43
        50         0   2.38204
        50         1
        50         2   4.16762
        50         3
        50         4
        50         5
        50         6
        50         7   2.49459
        50         8
        50         9
        50        10   4.41875
        50        11   3.25308
        50        12
        50        13
        50        14   2.32426
        50        15
        50        16   4.59998
        50        17   4.66898
        50        18   4.54362
        50        19
        50        20
        50        21   4.23566
        50        22   2.43292
        50        23
        50        24   3.78192
        50        25   3.78609
        50        26   4.96644
        50        27   4.64553
        50        28   4.76472
        50        29   4.42337
        50        30   3.41905
        50        31
        50        32   2.50359
        50        33
        50        34
        50        35
        50        36
        50        37   4.98487
        50        38   1.92903
        50        39
        50        40
        50        41   4.80477
        50        42   4.56964
        50        43   3.95277
        51         0
        51         1   2.38204
        51         2
        51         3   4.16762
        51         4
        51         5
        51         6   2.49459
        51         7
        51         8
        51         9
        51        10   3.25308
        51        11   4.41875
        51        12
        51        13
        51        14
        51        15   2.32426
        51        16   4.66898
        51        17   4.59998
        51        18
        51        19   4.54362
        51        20   4.23566
        51        21
        51        22
        51        23   2.43292
        51        24   3.78609
        51        25   3.78192
        51        26   4.64553
        51        27   4.96644
        51        28   4.42337
        51        29   4.76472
        51        30
        51        31   3.41905
        51        32
        51        33   2.50359
        51        34
        51        35
        51        36   4.98487
        51        37
        51        38
        51        39   1.92903
        51        40   4.80477
        51        41
        51        42   3.95277
        51        43   4.56964
        52         0   2.36678
        52         1
        52         2   4.82276
        52         3   4.26008
        52         4   4.41085
        52         5   4.42346
        52         6   4.77733
        52         7   4.81505
        52         8   2.52127
        52         9   4.82282
        52        10
        52        11   4.66712
        52        12   2.85899
        52        13
        52        14
        52        15
        52        16
        52        17
        52        18   2.62922
        52        19   4.70732
        52        20   3.56355
        52        21   2.28648
        52        22
        52        23   4.41019
        52        24   2.79313
        52        25
        52        26
        52        27   2.35531
        52        28   4.39933
        52        29
        52        30   4.55137
        52        31
        52        32
        52        33
        52        34
        52        35
        52        36   1.89827
        52        37   4.51447
        52        38   4.15124
        52        39   4.83302
        52        40
        52        41
        52        42
        52        43
        53         0
        53         1   2.36678
        53         2   4.26008
        53         3   4.82276
        53         4   4.42346
        53         5   4.41085
        53         6   4.81505
        53         7   4.77733
        53         8   4.82282
        53         9   2.52127
        53        10   4.66712
        53        11
        53        12
        53        13   2.85899
        53        14
        53        15
        53        16
        53        17
        53        18   4.70732
        53        19   2.62922
        53        20   2.28648
        53        21   3.56355
        53        22   4.41019
        53        23
        53        24
        53        25   2.79313
        53        26   2.35531
        53        27
        53        28
        53        29   4.39933
        53        30
        53        31   4.55137
        53        32
        53        33
        53        34
        53        35
        53        36   4.51447
        53        37   1.89827
        53        38   4.83302
        53        39   4.15124
        53        40
        53        41
        53        42
        53        43
        54         0   4.82276
        54         1   4.26008
        54         2   2.36678
        54         3
        54         4   4.77733
        54         5   4.81505
        54         6   4.41085
        54         7   4.42346
        54         8
        54         9   4.66712
        54        10   2.52127
        54        11   4.82282
        54        12
        54        13
        54        14   2.85899
        54        15
        54        16   2.62922
        54        17   4.70732
        54        18
        54        19
        54        20
        54        21   4.41019
        54        22   3.56355
        54        23   2.28648
        54        24
        54        25   2.35531
        54        26   2.79313
        54        27
        54        28   4.55137
        54        29
        54        30   4.39933
        54        31
        54        32
        54        33
        54        34
        54        35
        54        36   4.15124
        54        37   4.83302
        54        38   1.89827
        54        39   4.51447
        54        40
        54        41
        54        42
        54        43
        55         0   4.26008
        55         1   4.82276
        55         2
        55         3   2.36678
        55         4   4.81505
        55         5   4.77733
        55         6   4.42346
        55         7   4.41085
        55         8   4.66712
        55         9
        55        10   4.82282
        55        11   2.52127
        55        12
        55        13
        55        14
        55        15   2.85899
        55        16   4.70732
        55        17   2.62922
        55        18
        55        19
        55        20   4.41019
        55        21
        55        22   2.28648
        55        23   3.56355
        55        24   2.35531
        55        25
        55        26
        55        27   2.79313
        55        28
        55        29   4.55137
        55        30
        55        31   4.39933
        55        32
        55        33
        55        34
        55        35
        55        36   4.83302
        55        37   4.15124
        55        38   4.51447
        55        39   1.89827
        55        40
        55        41
        55        42
        55        43
        56         0   2.30607
        56         1
        56         2
        56         3
        56         4   3.48401
        56         5
        56         6   4.92296
        56         7   4.78936
        56         8   4.54334
        56         9   4.86086
        56        10
        56        11   4.88467
        56        12   2.38460
        56        13   4.50335
        56        14   4.67134
        56        15   4.51270
        56        16
        56        17   4.67506
        56        18   2.56433
        56        19
        56        20
        56        21   4.52467
        56        22
        56        23
        56        24
        56        25
        56        26
        56        27   4.73924
        56        28   3.36378
        56        29
        56        30   2.29336
        56        31   4.62436
        56        32   2.60741
        56        33
        56        34   4.61603
        56        35   2.67864
        56        36   4.16993
        56        37
        56        38   4.36150
        56        39
        56        40   1.87450
        56        41
        56        42   4.56830
        56        43   4.67983
        57         0
        57         1   2.30607
        57         2
        57         3
        57         4
        57         5   3.48401
        57         6   4.78936
        57         7   4.92296
        57         8   4.86086
        57         9   4.54334
        57        10   4.88467
        57        11
        57        12   4.50335
        57        13   2.38460
        57        14   4.51270
        57        15   4.67134
        57        16   4.67506
        57        17
        57        18
        57        19   2.56433
        57        20   4.52467
        57        21
        57        22
        57        23
        57        24
        57        25
        57        26   4.73924
        57        27
        57        28
        57        29   3.36378
        57        30   4.62436
        57        31   2.29336
        57        32
        57        33   2.60741
        57        34   2.67864
        57        35   4.61603
        57        36
        57        37   4.16993
        57        38
        57        39   4.36150
        57        40
        57        41   1.87450
        57        42   4.67983
        57        43   4.56830
        58         0
        58         1
        58         2   2.30607
        58         3
        58         4   4.92296
        58         5   4.78936
        58         6   3.48401
        58         7
        58         8
        58         9   4.88467
        58        10   4.54334
        58        11   4.86086
        58        12   4.67134
        58        13   4.51270
        58        14   2.38460
        58        15   4.50335
        58        16   2.56433
        58        17
        58        18
        58        19   4.67506
        58        20
        58        21
        58        22
        58        23   4.52467
        58        24
        58        25   4.73924
        58        26
        58        27
        58        28   2.29336
        58        29   4.62436
        58        30   3.36378
        58        31
        58        32   4.61603
        58        33   2.67864
        58        34   2.60741
        58        35
        58        36   4.36150
        58        37
        58        38   4.16993
        58        39
        58        40   4.56830
        58        41   4.67983
        58        42   1.87450
        58        43
        59         0
        59         1
        59         2
        59         3   2.30607
        59         4   4.78936
        59         5   4.92296
        59         6
        59         7   3.48401
        59         8   4.88467
        59         9
        59        10   4.86086
        59        11   4.54334
        59        12   4.51270
        59        13   4.67134
        59        14   4.50335
        59        15   2.38460
        59        16
        59        17   2.56433
        59        18   4.67506
        59        19
        59        20
        59        21
        59        22   4.52467
        59        23
        59        24   4.73924
        59        25
        59        26
        59        27
        59        28   4.62436
        59        29   2.29336
        59        30
        59        31   3.36378
        59        32   2.67864
        59        33   4.61603
        59        34
        59        35   2.60741
        59        36
        59        37   4.36150
        59        38
        59        39   4.16993
        59        40   4.67983
        59        41   4.56830
        59        42
        59        43   1.87450
        60         0   4.75955
        60         1   4.82135
        60         2   4.73463
        60         3   4.32755
        60         4   4.61182
        60         5   4.28489
        60         6   2.63830
        60         7
        60         8   2.74226
        60         9
        60        10
        60        11
        60        12   2.65730
        60        13   4.42857
        60        14
        60        15   4.30072
        60        16
        60        17
        60        18   4.94526
        60        19   2.52476
        60        20   4.81638
        60        21
        60        22
        60        23
        60        24   4.72768
        60        25
        60        26   4.94620
        60        27
        60        28   3.11219
        60        29
        60        30
        60        31   2.34837
        60        32   4.79439
        60        33
        60        34   2.24266
        60        35   3.65161
        60        36   4.84820
        60        37
        60        38
        60        39
        60        40   1.85180
        60        41   4.66378
        60        42   4.22561
        60        43   4.36577
        61         0   4.82135
        61         1   4.75955
        61         2   4.32755
        61         3   4.73463
        61         4   4.28489
        61         5   4.61182
        61         6
        61         7   2.63830
        61         8
        61         9   2.74226
        61        10
        61        11
        61        12   4.42857
        61        13   2.65730
        61        14   4.30072
        61        15
        61        16
        61        17
        61        18   2.52476
        61        19   4.94526
        61        20
        61        21   4.81638
        61        22
        61        23
        61        24
        61        25   4.72768
        61        26
        61        27   4.94620
        61        28
        61        29   3.11219
        61        30   2.34837
        61        31
        61        32
        61        33   4.79439
        61        34   3.65161
        61        35   2.24266
        61        36
        61        37   4.84820
        61        38
        61        39
        61        40   4.66378
        61        41   1.85180
        61        42   4.36577
        61        43   4.22561
        62         0   4.73463
        62         1   4.32755
        62         2   4.75955
        62         3   4.82135
        62         4   2.63830
        62         5
        62         6   4.61182
        62         7   4.28489
        62         8
        62         9
        62        10   2.74226
        62        11
        62        12
        62        13   4.30072
        62        14   2.65730
        62        15   4.42857
        62        16   4.94526
        62        17   2.52476
        62        18
        62        19
        62        20
        62        21
        62        22   4.81638
        62        23
        62        24   4.94620
        62        25
        62        26   4.72768
        62        27
        62        28
        62        29   2.34837
        62        30   3.11219
        62        31
        62        32   2.24266
        62        33   3.65161
        62        34   4.79439
        62        35
        62        36
        62        37
        62        38   4.84820
        62        39
        62        40   4.22561
        62        41   4.36577
        62        42   1.85180
        62        43   4.66378
        63         0   4.32755
        63         1   4.73463
        63         2   4.82135
        63         3   4.75955
        63         4
        63         5   2.63830
        63         6   4.28489
        63         7   4.61182
        63         8
        63         9
        63        10
        63        11   2.74226
        63        12   4.30072
        63        13
        63        14   4.42857
        63        15   2.65730
        63        16   2.52476
        63        17   4.94526
        63        18
        63        19
        63        20
        63        21
        63        22
        63        23   4.81638
        63        24
        63        25   4.94620
        63        26
        63        27   4.72768
        63        28   2.34837
        63        29
        63        30
        63        31   3.11219
        63        32   3.65161
        63        33   2.24266
        63        34
        63        35   4.79439
        63        36
        63        37
        63        38
        63        39   4.84820
        63        40   4.36577
        63        41   4.22561
        63        42   4.66378
        63        43   1.85180
        64         0   4.50918
        64         1   4.85182
        64         2   3.39133
        64         3
        64         4
        64         5   4.96626
        64         6   2.35439
        64         7
        64         8   2.41396
        64         9   4.54374
        64        10   4.20613
        64        11   4.86851
        64        12   4.67913
        64        13   4.65432
        64        14
        64        15   4.65601
        64        16   4.58040
        64        17
        64        18
        64        19   2.41833
        64        20   2.61848
        64        21   4.83186
        64        22
        64        23   2.41879
        64        24   3.20576
        64        25
        64        26   2.44879
        64        27   4.30325
        64        28   4.90485
        64        29
        64        30
        64        31   4.56619
        64        32
        64        33
        64        34   4.94378
        64        35
        64        36   1.88462
        64        37
        64        38   4.89293
        64        39   4.78471   4.95776
        64        40   4.41342
        64        41
        64        42   4.74203
        64        43
        65         0   4.85182
        65         1   4.50918
        65         2
        65         3   3.39133
        65         4   4.96626
        65         5
        65         6
        65         7   2.35439
        65         8   4.54374
        65         9   2.41396
        65        10   4.86851
        65        11   4.20613
        65        12   4.65432
        65        13   4.67913
        65        14   4.65601
        65        15
        65        16
        65        17   4.58040
        65        18   2.41833
        65        19
        65        20   4.83186
        65        21   2.61848
        65        22   2.41879
        65        23
        65        24
        65        25   3.20576
        65        26   4.30325
        65        27   2.44879
        65        28
        65        29   4.90485
        65        30   4.56619
        65        31
        65        32
        65        33
        65        34
        65        35   4.94378
        65        36
        65        37   1.88462
        65        38   4.95776   4.78471
        65        39   4.89293
        65        40
        65        41   4.41342
        65        42
        65        43   4.74203
        66         0   3.39133
        66         1
        66         2   4.50918
        66         3   4.85182
        66         4   2.35439
        66         5
        66         6
        66         7   4.96626
        66         8   4.20613
        66         9   4.86851
        66        10   2.41396
        66        11   4.54374
        66        12
        66        13   4.65601
        66        14   4.67913
        66        15   4.65432
        66        16
        66        17   2.41833
        66        18   4.58040
        66        19
        66        20
        66        21   2.41879
        66        22   2.61848
        66        23   4.83186
        66        24   2.44879
        66        25   4.30325
        66        26   3.20576
        66        27
        66        28
        66        29   4.56619
        66        30   4.90485
        66        31
        66        32   4.94378
        66        33
        66        34
        66        35
        66        36   4.89293
        66        37   4.95776   4.78471
        66        38   1.88462
        66        39
        66        40   4.74203
        66        41
        66        42   4.41342
        66        43
        67         0
        67         1   3.39133
        67         2   4.85182
        67         3   4.50918
        67         4
        67         5   2.35439
        67         6   4.96626
        67         7
        67         8   4.86851
        67         9   4.20613
        67        10   4.54374
        67        11   2.41396
        67        12   4.65601
        67        13
        67        14   4.65432
        67        15   4.67913
        67        16   2.41833
        67        17
        67        18
        67        19   4.58040
        67        20   2.41879
        67        21
        67        22   4.83186
        67        23   2.61848
        67        24   4.30325
        67        25   2.44879
        67        26
        67        27   3.20576
        67        28   4.56619
        67        29
        67        30
        67        31   4.90485
        67        32
        67        33   4.94378
        67        34
        67        35
        67        36   4.78471   4.95776
        67        37   4.89293
        67        38
        67        39   1.88462
        67        40
        67        41   4.74203
        67        42
        67        43   4.41342
        68         0   4.98054
        68         1
        68         2
        68         3   4.61321
        68         4   2.45760
        68         5
        68         6   2.87801
        68         7
        68         8   2.71400
        68         9
        68        10   4.65529
        68        11
        68        12   4.73406
        68        13
        68        14
        68        15   2.30840
        68        16
        68        17   2.41061
        68        18
        68        19   4.54333
        68        20
        68        21   3.93437
        68        22   4.50843
        68        23   4.36745
        68        24   2.30449
        68        25
        68        26
        68        27
        68        28   3.85405
        68        29   4.68274
        68        30   4.61972
        68        31
        68        32   3.12332
        68        33   4.88308
        68        34
        68        35   4.23571
        68        36   4.56431
        68        37
        68        38
        68        39   4.34894
        68        40   1.84596
        68        41
        68        42
        68        43   4.61532
        69         0
        69         1   4.98054
        69         2   4.61321
        69         3
        69         4
        69         5   2.45760
        69         6
        69         7   2.87801
        69         8
        69         9   2.71400
        69        10
        69        11   4.65529
        69        12
        69        13   4.73406
        69        14   2.30840
        69        15
        69        16   2.41061
        69        17
        69        18   4.54333
        69        19
        69        20   3.93437
        69        21
        69        22   4.36745
        69        23   4.50843
        69        24
        69        25   2.30449
        69        26
        69        27
        69        28   4.68274
        69        29   3.85405
        69        30
        69        31   4.61972
        69        32   4.88308
        69        33   3.12332
        69        34   4.23571
        69        35
        69        36
        69        37   4.56431
        69        38   4.34894
        69        39
        69        40
        69        41   1.84596
        69        42   4.61532
        69        43
        70         0
        70         1   4.61321
        70         2   4.98054
        70         3
        70         4   2.87801
        70         5
        70         6   2.45760
        70         7
        70         8   4.65529
        70         9
        70        10   2.71400
        70        11
        70        12
        70        13   2.30840
        70        14   4.73406
        70        15
        70        16
        70        17   4.54333
        70        18
        70        19   2.41061
        70        20   4.50843
        70        21   4.36745
        70        22
        70        23   3.93437
        70        24
        70        25
        70        26   2.30449
        70        27
        70        28   4.61972
        70        29
        70        30   3.85405
        70        31   4.68274
        70        32
        70        33   4.23571
        70        34   3.12332
        70        35   4.88308
        70        36
        70        37   4.34894
        70        38   4.56431
        70        39
        70        40
        70        41   4.61532
        70        42   1.84596
        70        43
        71         0   4.61321
        71         1
        71         2
        71         3   4.98054
        71         4
        71         5   2.87801
        71         6
        71         7   2.45760
        71         8
        71         9   4.65529
        71        10
        71        11   2.71400
        71        12   2.30840
        71        13
        71        14
        71        15   4.73406
        71        16   4.54333
        71        17
        71        18   2.41061
        71        19
        71        20   4.36745
        71        21   4.50843
        71        22   3.93437
        71        23
        71        24
        71        25
        71        26
        71        27   2.30449
        71        28
        71        29   4.61972
        71        30   4.68274
        71        31   3.85405
        71        32   4.23571
        71        33
        71        34   4.88308
        71        35   3.12332
        71        36   4.34894
        71        37
        71        38
        71        39   4.56431
        71        40   4.61532
        71        41
        71        42
        71        43   1.84596
