 5.7994  0  0  7.751401915203173e-16  12.659  0  -3.2426130883321753  0.0  5.23754930900673 
5
0 16  3.17393046212225  -2.7113046200000017  -2.6339635474994845 
0 17  -0.9001723775942888  -9.040804620000001  -2.057833123508744 
0 18  -2.521478921760376  -4.316465820000001  0.5609415309946217 
0 19  1.552623917956164  2.0130341799999982  -0.015188892996119474 
0 20  0.16359002459754612  -1.9074581200000011  -1.2983884737027682 
0 21  2.110168059930416  -8.23695812  -3.39340819730546 
0 22  0.48886151576432857  -5.120312320000002  -0.774633542802095 
0 23  -1.457716519568541  1.2091876799999994  1.3203861808005963 
0 24  -3.876876683701369  -0.5997834200000014  1.34605017241473 
0 25  2.908021679897156  -6.929283420000002  -0.8002975344162278 
0 26  4.529328224063244  -6.4279870200000016  -3.419072188919593 
0 27  -2.2555701395352816  -0.09848702000000031  -1.272724482088635 
1 16  4.142785465926464  3.61819538  -3.179716185497986 
1 17  0.0686826262099246  -2.71130462  -2.6035857615072455 
1 18  -1.5526239179561627  2.0130341800000005  0.015188892996119918 
1 19  2.5214789217603775  8.34253418  -0.5609415309946213 
1 20  1.1324450284017595  4.42204188  -1.84414111170127 
1 21  3.0790230637346294  -1.9074581199999998  -3.9391608353039618 
1 22  1.457716519568542  1.2091876799999999  -1.3203861808005968 
1 23  -0.4888615157643277  7.538687680000001  0.7746335428020945 
1 24  -2.9080216798971557  5.72971658  0.8002975344162282 
1 25  3.8768766837013695  -0.5997834200000001  -1.3460501724147296 
1 26  5.498183227867457  -0.09848702000000031  -3.964824826918095 
1 27  -1.2867151357310682  6.231012980000001  -1.8184771200871368 
2 16  2.5214789217603757  4.3164658199999995  -0.5609415309946206 
2 17  -1.5526239179561632  -2.01303418  0.015188892996119696 
2 18  -3.1739304621222506  2.7113046200000004  2.6339635474994854 
2 19  0.9001723775942896  9.04080462  2.057833123508744 
2 20  -0.48886151576432835  5.12031232  0.7746335428020954 
2 21  1.4577165195685415  -1.2091876799999999  -1.3203861808005963 
2 22  -0.1635900245975459  1.9074581199999998  1.2983884737027687 
2 23  -2.1101680599304156  8.23695812  3.39340819730546 
2 24  -4.529328224063244  6.42798702  3.4190721889195936 
2 25  2.2555701395352816  0.09848701999999987  1.2727244820886359 
2 26  3.8768766837013695  0.5997834199999996  -1.3460501724147294 
2 27  -2.908021679897156  6.929283420000001  0.8002975344162286 
3 16  1.5526239179561623  -2.01303418  -0.015188892996119474 
3 17  -2.5214789217603766  -8.34253418  0.5609415309946209 
3 18  -4.142785465926464  -3.6181953799999995  3.1797161854979867 
3 19  -0.06868262620992382  2.71130462  2.6035857615072455 
3 20  -1.4577165195685418  -1.2091876799999994  1.3203861808005966 
3 21  0.4888615157643281  -7.53868768  -0.7746335428020953 
3 22  -1.1324450284017593  -4.42204188  1.8441411117012698 
3 23  -3.079023063734629  1.9074581200000011  3.9391608353039613 
3 24  -5.498183227867457  0.09848702000000031  3.964824826918095 
3 25  1.2867151357310682  -6.23101298  1.818477120087137 
3 26  2.908021679897156  -5.72971658  -0.8002975344162283 
3 27  -3.8768766837013695  0.5997834200000014  1.3460501724147298 
4 16  3.5595294022771564  0.6144678599999995  -3.05820504152903 
4 17  -0.5145734374393826  -5.715032140000001  -2.4820746175382897 
4 18  -2.13587998160547  -0.99069334  0.1367000369650757 
4 19  1.9382228581110703  5.3388066599999995  -0.4394303870256655 
4 20  0.5491889647524524  1.41831436  -1.7226299677323142 
4 21  2.4957670000853223  -4.91118564  -3.817649691335006 
4 22  0.8744604559192348  -1.7945398400000006  -1.198875036831641 
4 23  -1.0721175794136348  4.534960160000001  0.8961446867710503 
4 24  -3.491277743546463  2.72598906  0.921808678385184 
4 25  3.2936206200520624  -3.6035109400000005  -1.2245390284457738 
4 26  4.914927164218151  -3.1022145400000007  -3.843313682949139 
4 27  -1.8699711993803754  3.227285460000001  -1.696965976118181 
5 16  3.7571865257715573  6.94396786  -2.7554746914684403 
5 17  -0.31691631394498165  0.61446786  -2.1793442674777 
5 18  -1.938222858111069  5.33880666  0.4394303870256655 
5 19  2.135879981605471  11.66830666  -0.1367000369650757 
5 20  0.7468460882468533  7.7478143600000005  -1.4198996176717245 
5 21  2.693424123579723  1.4183143600000003  -3.514919341274416 
5 22  1.0721175794136357  4.53496016  -0.8961446867710512 
5 23  -0.8744604559192339  10.864460160000002  1.19887503683164 
5 24  -3.293620620052062  9.055489060000001  1.2245390284457738 
5 25  3.4912777435464633  2.72598906  -0.921808678385184 
5 26  5.112584287712551  3.22728546  -3.5405833328885494 
5 27  -1.6723140758859745  9.556785460000002  -1.3942356260575912 
6 16  2.135879981605469  0.99069334  -0.1367000369650757 
6 17  -1.9382228581110699  -5.33880666  0.4394303870256646 
6 18  -3.5595294022771573  -0.6144678599999995  3.05820504152903 
6 19  0.5145734374393829  5.71503214  2.482074617538289 
6 20  -0.874460455919235  1.7945398400000006  1.1988750368316403 
6 21  1.0721175794136348  -4.53496016  -0.8961446867710515 
6 22  -0.5491889647524526  -1.41831436  1.7226299677323136 
6 23  -2.4957670000853223  4.911185640000001  3.8176496913350046 
6 24  -4.914927164218151  3.1022145400000003  3.8433136829491383 
6 25  1.869971199380375  -3.22728546  1.6969659761181808 
6 26  3.491277743546463  -2.7259890600000003  -0.9218086783851845 
6 27  -3.293620620052063  3.6035109400000014  1.2245390284457736 
7 16  1.938222858111068  -5.338806660000001  -0.4394303870256646 
7 17  -2.1358799816054708  -11.66830666  0.1367000369650757 
7 18  -3.757186525771558  -6.943967860000001  2.755474691468441 
7 19  0.316916313944982  -0.6144678600000013  2.1793442674777 
7 20  -1.072117579413636  -4.534960160000001  0.8961446867710514 
7 21  0.8744604559192339  -10.86446016  -1.1988750368316405 
7 22  -0.7468460882468535  -7.747814360000001  1.4198996176717247 
7 23  -2.693424123579723  -1.41831436  3.5149193412744157 
7 24  -5.112584287712551  -3.227285460000001  3.5405833328885494 
7 25  1.672314075885974  -9.55678546  1.3942356260575919 
7 26  3.293620620052062  -9.055489060000001  -1.2245390284457733 
7 27  -3.4912777435464637  -2.72598906  0.9218086783851847 
8 16  -0.7794424931077772  -4.33672022  0.2613537105194358 
8 17  -4.853545332824316  -10.66622022  0.8374841345101761 
8 18  -6.474851876990403  -5.94188142  3.4562587890135417 
8 19  -2.4007490372738634  0.3876185799999998  2.8801283650228005 
8 20  -3.789782930632481  -3.5328737199999996  1.5969287843161517 
8 21  -1.8432048952996114  -9.86237372  -0.49809093928654 
8 22  -3.464511439465699  -6.74572792  2.120683715216825 
8 23  -5.411089474798569  -0.416227919999999  4.215703438819516 
8 24  -7.830249638931397  -2.22519902  4.24136743043365 
8 25  -1.0453512753328713  -8.554699020000001  2.095019723602692 
8 26  0.5759552688332166  -8.05340262  -0.523754930900673 
8 27  -6.208943094765309  -1.7239026199999987  1.622592775930285 
9 16  4.853545332824314  1.9927797799999993  -0.837484134510176 
9 17  0.7794424931077754  -4.336720220000001  -0.2613537105194357 
9 18  -0.841864051058312  0.3876185799999998  2.35742094398393 
9 19  3.2322387886582282  6.717118579999999  1.7812905199931888 
9 20  1.8432048952996103  2.79662628  0.49809093928654 
9 21  3.78978293063248  -3.5328737200000004  -1.5969287843161517 
9 22  2.1684763864663927  -0.41622792000000075  1.0218458701872133 
9 23  0.22189835113352308  5.9132720800000005  3.1168655937899046 
9 24  -2.197261812999305  4.10430098  3.1425295854040383 
9 25  4.58763655059922  -2.2251990200000007  0.9961818785730805 
9 26  6.208943094765308  -1.723902620000001  -1.6225927759302847 
9 27  -0.5759552688332175  4.605597380000001  0.5237549309006733 
10 16  6.474851876990402  5.94188142  -3.4562587890135408 
10 17  2.4007490372738634  -0.38761858000000027  -2.8801283650228005 
10 18  0.7794424931077759  4.33672022  -0.261353710519435 
10 19  4.853545332824316  10.66622022  -0.8374841345101762 
10 20  3.4645114394656984  6.74572792  -2.120683715216825 
10 21  5.411089474798568  0.4162279200000001  -4.215703438819517 
10 22  3.7897829306324806  3.5328737199999996  -1.5969287843161517 
10 23  1.843204895299611  9.86237372  0.4980909392865396 
10 24  -0.575955268833217  8.05340262  0.5237549309006733 
10 25  6.208943094765308  1.7239026199999998  -1.6225927759302845 
10 26  7.830249638931396  2.22519902  -4.24136743043365 
10 27  1.0453512753328704  8.554699020000001  -2.0950197236026917 
11 16  0.8418640510583106  -0.3876185799999998  -2.3574209439839295 
11 17  -3.2322387886582282  -6.71711858  -1.781290519993189 
11 18  -4.853545332824316  -1.9927797799999993  0.8374841345101767 
11 19  -0.7794424931077755  4.33672022  0.26135371051943546 
11 20  -2.168476386466393  0.41622792000000075  -1.0218458701872133 
11 21  -0.22189835113352352  -5.91327208  -3.116865593789905 
11 22  -1.843204895299611  -2.79662628  -0.49809093928654 
11 23  -3.7897829306324806  3.5328737200000013  1.5969287843161513 
11 24  -6.208943094765308  1.7239026200000005  1.622592775930285 
11 25  0.5759552688332166  -4.60559738  -0.5237549309006728 
11 26  2.1972618129993045  -4.10430098  -3.1425295854040383 
11 27  -4.587636550599221  2.2251990200000016  -0.99618187857308 
12 16  4.49357200030316  -1.285521450000001  -0.3298608554812439 
12 17  0.4194691605866207  -7.615021450000001  0.24626956850949644 
12 18  -1.2018373835794667  -2.8906826500000005  2.865044223012862 
12 19  2.8722654561370735  3.438817349999999  2.288913799022121 
12 20  1.4832315627784556  -0.4816749500000004  1.0057142183154721 
12 21  3.4298095981113255  -6.811174950000001  -1.0893055052872196 
12 22  1.808503053945238  -3.694529150000001  1.5294691492161454 
12 23  -0.13807498138763158  2.63497085  3.6244888728188367 
12 24  -2.5572351455204596  0.8259997499999994  3.6501528644329704 
12 25  4.2276632180780656  -5.503500250000001  1.5038051576020126 
12 26  5.848969762244153  -5.002203850000001  -1.1149694969013526 
12 27  -0.9359286013543722  1.3272961500000005  1.0313782099296054 
13 16  -0.41946916058662165  5.04397855  -0.24626956850949644 
13 17  -4.4935720003031605  -1.2855214500000003  0.3298608554812439 
13 18  -6.1148785444692475  3.4388173500000003  2.9486355099846095 
13 19  -2.0407757047527078  9.76831735  2.3725050859938683 
13 20  -3.4298095981113255  5.847825050000001  1.0893055052872196 
13 21  -1.4832315627784558  -0.48167494999999994  -1.0057142183154721 
13 22  -3.1045381069445432  2.6349708499999998  1.6130604361878929 
13 23  -5.051116142277413  8.964470850000001  3.708080159790584 
13 24  -7.470276306410241  7.155499750000001  3.733744151404718 
13 25  -0.6853779428117157  0.8259997499999998  1.58739644457376 
13 26  0.9359286013543722  1.3272961499999996  -1.0313782099296052 
13 27  -5.848969762244153  7.656796150000002  1.1149694969013528 
14 16  1.2018373835794662  2.8906826499999996  -2.8650442230128617 
14 17  -2.8722654561370726  -3.4388173500000008  -2.2889137990221213 
14 18  -4.4935720003031605  1.28552145  0.32986085548124455 
14 19  -0.41946916058661987  7.6150214499999995  -0.24626956850949666 
14 20  -1.8085030539452378  3.69452915  -1.5294691492161454 
14 21  0.13807498138763208  -2.63497085  -3.624488872818837 
14 22  -1.4832315627784554  0.4816749499999995  -1.0057142183154721 
14 23  -3.429809598111325  6.811174950000001  1.0893055052872191 
14 24  -5.8489697622441525  5.00220385  1.1149694969013528 
14 25  0.9359286013543722  -1.3272961500000005  -1.031378209929605 
14 26  2.55723514552046  -0.8259997500000007  -3.6501528644329704 
14 27  -4.2276632180780656  5.503500250000001  -1.5038051576020122 
15 16  6.1148785444692475  -3.4388173500000008  -2.9486355099846087 
15 17  2.040775704752708  -9.76831735  -2.3725050859938683 
15 18  0.419469160586621  -5.04397855  0.2462695685094971 
15 19  4.493572000303161  1.2855214499999992  -0.3298608554812441 
15 20  3.1045381069445432  -2.63497085  -1.6130604361878929 
15 21  5.051116142277413  -8.964470850000001  -3.7080801597905846 
15 22  3.4298095981113255  -5.847825050000001  -1.0893055052872196 
15 23  1.483231562778456  0.4816749500000004  1.0057142183154717 
15 24  -0.935928601354372  -1.3272961500000005  1.0313782099296054 
15 25  5.848969762244153  -7.656796150000001  -1.1149694969013524 
15 26  7.470276306410241  -7.155499750000001  -3.733744151404718 
15 27  0.6853779428117155  -0.8259997499999994  -1.5873964445737596 
16 0  -3.17393046212225  2.7113046200000017  2.6339635474994845 
16 1  -4.142785465926464  -3.61819538  3.179716185497986 
16 2  -2.5214789217603757  -4.3164658199999995  0.5609415309946206 
16 3  -1.5526239179561623  2.01303418  0.015188892996119474 
16 4  -3.5595294022771564  -0.6144678599999995  3.05820504152903 
16 5  -3.7571865257715573  -6.94396786  2.7554746914684403 
16 6  -2.135879981605469  -0.99069334  0.1367000369650757 
16 7  -1.938222858111068  5.338806660000001  0.4394303870256646 
16 8  0.7794424931077772  4.33672022  -0.2613537105194358 
16 9  -4.853545332824314  -1.9927797799999993  0.837484134510176 
16 10  -6.474851876990402  -5.94188142  3.4562587890135408 
16 11  -0.8418640510583106  0.3876185799999998  2.3574209439839295 
16 12  -4.49357200030316  1.285521450000001  0.3298608554812439 
16 13  0.41946916058662165  -5.04397855  0.24626956850949644 
16 14  -1.2018373835794662  -2.8906826499999996  2.8650442230128617 
16 15  -6.1148785444692475  3.4388173500000008  2.9486355099846087 
17 0  0.9001723775942888  9.040804620000001  2.057833123508744 
17 1  -0.0686826262099246  2.71130462  2.6035857615072455 
17 2  1.5526239179561632  2.01303418  -0.015188892996119696 
17 3  2.5214789217603766  8.34253418  -0.5609415309946209 
17 4  0.5145734374393826  5.715032140000001  2.4820746175382897 
17 5  0.31691631394498165  -0.61446786  2.1793442674777 
17 6  1.9382228581110699  5.33880666  -0.4394303870256646 
17 7  2.1358799816054708  11.66830666  -0.1367000369650757 
17 8  4.853545332824316  10.66622022  -0.8374841345101761 
17 9  -0.7794424931077754  4.336720220000001  0.2613537105194357 
17 10  -2.4007490372738634  0.38761858000000027  2.8801283650228005 
17 11  3.2322387886582282  6.71711858  1.781290519993189 
17 12  -0.4194691605866207  7.615021450000001  -0.24626956850949644 
17 13  4.4935720003031605  1.2855214500000003  -0.3298608554812439 
17 14  2.8722654561370726  3.4388173500000008  2.2889137990221213 
17 15  -2.040775704752708  9.76831735  2.3725050859938683 
18 0  2.521478921760376  4.316465820000001  -0.5609415309946217 
18 1  1.5526239179561627  -2.0130341800000005  -0.015188892996119918 
18 2  3.1739304621222506  -2.7113046200000004  -2.6339635474994854 
18 3  4.142785465926464  3.6181953799999995  -3.1797161854979867 
18 4  2.13587998160547  0.99069334  -0.1367000369650757 
18 5  1.938222858111069  -5.33880666  -0.4394303870256655 
18 6  3.5595294022771573  0.6144678599999995  -3.05820504152903 
18 7  3.757186525771558  6.943967860000001  -2.755474691468441 
18 8  6.474851876990403  5.94188142  -3.4562587890135417 
18 9  0.841864051058312  -0.3876185799999998  -2.35742094398393 
18 10  -0.7794424931077759  -4.33672022  0.261353710519435 
18 11  4.853545332824316  1.9927797799999993  -0.8374841345101767 
18 12  1.2018373835794667  2.8906826500000005  -2.865044223012862 
18 13  6.1148785444692475  -3.4388173500000003  -2.9486355099846095 
18 14  4.4935720003031605  -1.28552145  -0.32986085548124455 
18 15  -0.419469160586621  5.04397855  -0.2462695685094971 
19 0  -1.552623917956164  -2.0130341799999982  0.015188892996119474 
19 1  -2.5214789217603775  -8.34253418  0.5609415309946213 
19 2  -0.9001723775942896  -9.04080462  -2.057833123508744 
19 3  0.06868262620992382  -2.71130462  -2.6035857615072455 
19 4  -1.9382228581110703  -5.3388066599999995  0.4394303870256655 
19 5  -2.135879981605471  -11.66830666  0.1367000369650757 
19 6  -0.5145734374393829  -5.71503214  -2.482074617538289 
19 7  -0.316916313944982  0.6144678600000013  -2.1793442674777 
19 8  2.4007490372738634  -0.3876185799999998  -2.8801283650228005 
19 9  -3.2322387886582282  -6.717118579999999  -1.7812905199931888 
19 10  -4.853545332824316  -10.66622022  0.8374841345101762 
19 11  0.7794424931077755  -4.33672022  -0.26135371051943546 
19 12  -2.8722654561370735  -3.438817349999999  -2.288913799022121 
19 13  2.0407757047527078  -9.76831735  -2.3725050859938683 
19 14  0.41946916058661987  -7.6150214499999995  0.24626956850949666 
19 15  -4.493572000303161  -1.2855214499999992  0.3298608554812441 
20 0  -0.16359002459754612  1.9074581200000011  1.2983884737027682 
20 1  -1.1324450284017595  -4.42204188  1.84414111170127 
20 2  0.48886151576432835  -5.12031232  -0.7746335428020954 
20 3  1.4577165195685418  1.2091876799999994  -1.3203861808005966 
20 4  -0.5491889647524524  -1.41831436  1.7226299677323142 
20 5  -0.7468460882468533  -7.7478143600000005  1.4198996176717245 
20 6  0.874460455919235  -1.7945398400000006  -1.1988750368316403 
20 7  1.072117579413636  4.534960160000001  -0.8961446867710514 
20 8  3.789782930632481  3.5328737199999996  -1.5969287843161517 
20 9  -1.8432048952996103  -2.79662628  -0.49809093928654 
20 10  -3.4645114394656984  -6.74572792  2.120683715216825 
20 11  2.168476386466393  -0.41622792000000075  1.0218458701872133 
20 12  -1.4832315627784556  0.4816749500000004  -1.0057142183154721 
20 13  3.4298095981113255  -5.847825050000001  -1.0893055052872196 
20 14  1.8085030539452378  -3.69452915  1.5294691492161454 
20 15  -3.1045381069445432  2.63497085  1.6130604361878929 
21 0  -2.110168059930416  8.23695812  3.39340819730546 
21 1  -3.0790230637346294  1.9074581199999998  3.9391608353039618 
21 2  -1.4577165195685415  1.2091876799999999  1.3203861808005963 
21 3  -0.4888615157643281  7.53868768  0.7746335428020953 
21 4  -2.4957670000853223  4.91118564  3.817649691335006 
21 5  -2.693424123579723  -1.4183143600000003  3.514919341274416 
21 6  -1.0721175794136348  4.53496016  0.8961446867710515 
21 7  -0.8744604559192339  10.86446016  1.1988750368316405 
21 8  1.8432048952996114  9.86237372  0.49809093928654 
21 9  -3.78978293063248  3.5328737200000004  1.5969287843161517 
21 10  -5.411089474798568  -0.4162279200000001  4.215703438819517 
21 11  0.22189835113352352  5.91327208  3.116865593789905 
21 12  -3.4298095981113255  6.811174950000001  1.0893055052872196 
21 13  1.4832315627784558  0.48167494999999994  1.0057142183154721 
21 14  -0.13807498138763208  2.63497085  3.624488872818837 
21 15  -5.051116142277413  8.964470850000001  3.7080801597905846 
22 0  -0.48886151576432857  5.120312320000002  0.774633542802095 
22 1  -1.457716519568542  -1.2091876799999999  1.3203861808005968 
22 2  0.1635900245975459  -1.9074581199999998  -1.2983884737027687 
22 3  1.1324450284017593  4.42204188  -1.8441411117012698 
22 4  -0.8744604559192348  1.7945398400000006  1.198875036831641 
22 5  -1.0721175794136357  -4.53496016  0.8961446867710512 
22 6  0.5491889647524526  1.41831436  -1.7226299677323136 
22 7  0.7468460882468535  7.747814360000001  -1.4198996176717247 
22 8  3.464511439465699  6.74572792  -2.120683715216825 
22 9  -2.1684763864663927  0.41622792000000075  -1.0218458701872133 
22 10  -3.7897829306324806  -3.5328737199999996  1.5969287843161517 
22 11  1.843204895299611  2.79662628  0.49809093928654 
22 12  -1.808503053945238  3.694529150000001  -1.5294691492161454 
22 13  3.1045381069445432  -2.6349708499999998  -1.6130604361878929 
22 14  1.4832315627784554  -0.4816749499999995  1.0057142183154721 
22 15  -3.4298095981113255  5.847825050000001  1.0893055052872196 
23 0  1.457716519568541  -1.2091876799999994  -1.3203861808005963 
23 1  0.4888615157643277  -7.538687680000001  -0.7746335428020945 
23 2  2.1101680599304156  -8.23695812  -3.39340819730546 
23 3  3.079023063734629  -1.9074581200000011  -3.9391608353039613 
23 4  1.0721175794136348  -4.534960160000001  -0.8961446867710503 
23 5  0.8744604559192339  -10.864460160000002  -1.19887503683164 
23 6  2.4957670000853223  -4.911185640000001  -3.8176496913350046 
23 7  2.693424123579723  1.41831436  -3.5149193412744157 
23 8  5.411089474798569  0.416227919999999  -4.215703438819516 
23 9  -0.22189835113352308  -5.9132720800000005  -3.1168655937899046 
23 10  -1.843204895299611  -9.86237372  -0.4980909392865396 
23 11  3.7897829306324806  -3.5328737200000013  -1.5969287843161513 
23 12  0.13807498138763158  -2.63497085  -3.6244888728188367 
23 13  5.051116142277413  -8.964470850000001  -3.708080159790584 
23 14  3.429809598111325  -6.811174950000001  -1.0893055052872191 
23 15  -1.483231562778456  -0.4816749500000004  -1.0057142183154717 
24 0  3.876876683701369  0.5997834200000014  -1.34605017241473 
24 1  2.9080216798971557  -5.72971658  -0.8002975344162282 
24 2  4.529328224063244  -6.42798702  -3.4190721889195936 
24 3  5.498183227867457  -0.09848702000000031  -3.964824826918095 
24 4  3.491277743546463  -2.72598906  -0.921808678385184 
24 5  3.293620620052062  -9.055489060000001  -1.2245390284457738 
24 6  4.914927164218151  -3.1022145400000003  -3.8433136829491383 
24 7  5.112584287712551  3.227285460000001  -3.5405833328885494 
24 8  7.830249638931397  2.22519902  -4.24136743043365 
24 9  2.197261812999305  -4.10430098  -3.1425295854040383 
24 10  0.575955268833217  -8.05340262  -0.5237549309006733 
24 11  6.208943094765308  -1.7239026200000005  -1.622592775930285 
24 12  2.5572351455204596  -0.8259997499999994  -3.6501528644329704 
24 13  7.470276306410241  -7.155499750000001  -3.733744151404718 
24 14  5.8489697622441525  -5.00220385  -1.1149694969013528 
24 15  0.935928601354372  1.3272961500000005  -1.0313782099296054 
25 0  -2.908021679897156  6.929283420000002  0.8002975344162278 
25 1  -3.8768766837013695  0.5997834200000001  1.3460501724147296 
25 2  -2.2555701395352816  -0.09848701999999987  -1.2727244820886359 
25 3  -1.2867151357310682  6.23101298  -1.818477120087137 
25 4  -3.2936206200520624  3.6035109400000005  1.2245390284457738 
25 5  -3.4912777435464633  -2.72598906  0.921808678385184 
25 6  -1.869971199380375  3.22728546  -1.6969659761181808 
25 7  -1.672314075885974  9.55678546  -1.3942356260575919 
25 8  1.0453512753328713  8.554699020000001  -2.095019723602692 
25 9  -4.58763655059922  2.2251990200000007  -0.9961818785730805 
25 10  -6.208943094765308  -1.7239026199999998  1.6225927759302845 
25 11  -0.5759552688332166  4.60559738  0.5237549309006728 
25 12  -4.2276632180780656  5.503500250000001  -1.5038051576020126 
25 13  0.6853779428117157  -0.8259997499999998  -1.58739644457376 
25 14  -0.9359286013543722  1.3272961500000005  1.031378209929605 
25 15  -5.848969762244153  7.656796150000001  1.1149694969013524 
26 0  -4.529328224063244  6.4279870200000016  3.419072188919593 
26 1  -5.498183227867457  0.09848702000000031  3.964824826918095 
26 2  -3.8768766837013695  -0.5997834199999996  1.3460501724147294 
26 3  -2.908021679897156  5.72971658  0.8002975344162283 
26 4  -4.914927164218151  3.1022145400000007  3.843313682949139 
26 5  -5.112584287712551  -3.22728546  3.5405833328885494 
26 6  -3.491277743546463  2.7259890600000003  0.9218086783851845 
26 7  -3.293620620052062  9.055489060000001  1.2245390284457733 
26 8  -0.5759552688332166  8.05340262  0.523754930900673 
26 9  -6.208943094765308  1.723902620000001  1.6225927759302847 
26 10  -7.830249638931396  -2.22519902  4.24136743043365 
26 11  -2.1972618129993045  4.10430098  3.1425295854040383 
26 12  -5.848969762244153  5.002203850000001  1.1149694969013526 
26 13  -0.9359286013543722  -1.3272961499999996  1.0313782099296052 
26 14  -2.55723514552046  0.8259997500000007  3.6501528644329704 
26 15  -7.470276306410241  7.155499750000001  3.733744151404718 
27 0  2.2555701395352816  0.09848702000000031  1.272724482088635 
27 1  1.2867151357310682  -6.231012980000001  1.8184771200871368 
27 2  2.908021679897156  -6.929283420000001  -0.8002975344162286 
27 3  3.8768766837013695  -0.5997834200000014  -1.3460501724147298 
27 4  1.8699711993803754  -3.227285460000001  1.696965976118181 
27 5  1.6723140758859745  -9.556785460000002  1.3942356260575912 
27 6  3.293620620052063  -3.6035109400000014  -1.2245390284457736 
27 7  3.4912777435464637  2.72598906  -0.9218086783851847 
27 8  6.208943094765309  1.7239026199999987  -1.622592775930285 
27 9  0.5759552688332175  -4.605597380000001  -0.5237549309006733 
27 10  -1.0453512753328704  -8.554699020000001  2.0950197236026917 
27 11  4.587636550599221  -2.2251990200000016  0.99618187857308 
27 12  0.9359286013543722  -1.3272961500000005  -1.0313782099296054 
27 13  5.848969762244153  -7.656796150000002  -1.1149694969013528 
27 14  4.2276632180780656  -5.503500250000001  1.5038051576020122 
27 15  -0.6853779428117155  0.8259997499999994  1.5873964445737596 