 10.101  0  0  3.084272963652609e-16  5.037  0  -2.505727707221048  0.0  6.5618522276309115 
5
0 12  -1.8792957804157862  1.0154592  4.921389170723184 
0 13  -0.6264319268052618  4.0215408  1.6404630569077279 
0 14  7.862330459116652  3.3178718999999997  3.637890874998577 
0 15  3.5305779800517767  0.7993719  6.20488746644779 
0 16  4.783441833662301  4.2376281  2.9239613526323343 
0 17  9.115194312727176  1.7191280999999998  0.35696476118312154 
0 18  6.5629323039469085  3.3077978999999997  1.0387412076339733 
0 19  7.335703842442569  0.7892979  2.2421849061814827 
0 20  6.082839988832045  4.247702100000001  5.523111019996938 
0 21  5.310068450336384  1.7292021  4.319667321449429 
0 22  3.1712042195842143  3.5339592  4.921389170723184 
0 23  4.424068073194738  1.5030408  1.6404630569077279 
0 24  2.811830459116651  0.7993719  3.637890874998577 
0 25  -1.5199220199482228  3.3178718999999997  6.20488746644779 
0 26  -0.26705816633769885  1.7191280999999998  2.9239613526323343 
0 27  4.064694312727175  4.2376281  0.35696476118312154 
0 28  1.5124323039469083  0.7892979  1.0387412076339733 
0 29  2.2852038424425682  3.3077978999999997  2.2421849061814827 
0 30  1.0323399888320437  1.7292021  5.523111019996938 
0 31  0.2595684503363844  4.247702100000001  4.319667321449429 
1 12  -0.626431926805262  1.0154592  1.6404630569077279 
1 13  0.6264319268052623  4.0215408  -1.6404630569077279 
1 14  9.115194312727176  3.3178718999999997  0.3569647611831215 
1 15  4.783441833662301  0.7993719  2.9239613526323343 
1 16  6.036305687272825  4.2376281  -0.3569647611831215 
1 17  10.3680581663377  1.7191280999999998  -2.9239613526323343 
1 18  7.815796157557433  3.3077978999999997  -2.2421849061814827 
1 19  8.588567696053094  0.7892979  -1.038741207633973 
1 20  7.335703842442569  4.247702100000001  2.2421849061814827 
1 21  6.5629323039469085  1.7292021  1.038741207633973 
1 22  4.424068073194738  3.5339592  1.6404630569077279 
1 23  5.6769319268052625  1.5030408  -1.6404630569077279 
1 24  4.064694312727175  0.7993719  0.3569647611831215 
1 25  -0.26705816633769874  3.3178718999999997  2.9239613526323343 
1 26  0.9858056872728252  1.7191280999999998  -0.3569647611831215 
1 27  5.317558166337699  4.2376281  -2.9239613526323343 
1 28  2.765296157557432  0.7892979  -2.2421849061814827 
1 29  3.5380676960530923  3.3077978999999997  -1.038741207633973 
1 30  2.285203842442568  1.7292021  2.2421849061814827 
1 31  1.5124323039469085  4.247702100000001  1.038741207633973 
2 12  -6.929795780415787  -1.5030408  4.921389170723184 
2 13  -5.6769319268052625  1.5030408000000004  1.6404630569077279 
2 14  2.811830459116652  0.7993718999999997  3.637890874998577 
2 15  -1.5199220199482237  -1.7191280999999998  6.20488746644779 
2 16  -0.26705816633769963  1.7191281000000003  2.9239613526323343 
2 17  4.064694312727176  -0.7993719000000001  0.35696476118312154 
2 18  1.512432303946908  0.7892978999999998  1.0387412076339733 
2 19  2.2852038424425682  -1.7292021  2.2421849061814827 
2 20  1.0323399888320441  1.7292021000000006  5.523111019996938 
2 21  0.259568450336384  -0.7892979  4.319667321449429 
2 22  -1.8792957804157862  1.0154592  4.921389170723184 
2 23  -0.626431926805262  -1.0154592  1.6404630569077279 
2 24  -2.2386695408833495  -1.7191280999999998  3.637890874998577 
2 25  -6.570422019948223  0.7993718999999997  6.20488746644779 
2 26  -5.317558166337699  -0.7993719000000001  2.9239613526323343 
2 27  -0.9858056872728254  1.7191281000000003  0.35696476118312154 
2 28  -3.5380676960530923  -1.7292021  1.0387412076339733 
2 29  -2.765296157557432  0.7892978999999998  2.2421849061814827 
2 30  -4.018160011167957  -0.7892979  5.523111019996938 
2 31  -4.7909315496636165  1.7292021000000006  4.319667321449429 
3 12  -5.6769319268052625  -1.5030408  1.6404630569077279 
3 13  -4.424068073194738  1.5030408000000004  -1.6404630569077279 
3 14  4.064694312727176  0.7993718999999997  0.3569647611831215 
3 15  -0.26705816633769963  -1.7191280999999998  2.9239613526323343 
3 16  0.9858056872728245  1.7191281000000003  -0.3569647611831215 
3 17  5.3175581663377  -0.7993719000000001  -2.9239613526323343 
3 18  2.765296157557432  0.7892978999999998  -2.2421849061814827 
3 19  3.5380676960530923  -1.7292021  -1.038741207633973 
3 20  2.2852038424425682  1.7292021000000006  2.2421849061814827 
3 21  1.512432303946908  -0.7892979  1.038741207633973 
3 22  -0.626431926805262  1.0154592  1.6404630569077279 
3 23  0.626431926805262  -1.0154592  -1.6404630569077279 
3 24  -0.9858056872728254  -1.7191280999999998  0.3569647611831215 
3 25  -5.317558166337699  0.7993718999999997  2.9239613526323343 
3 26  -4.064694312727175  -0.7993719000000001  -0.3569647611831215 
3 27  0.26705816633769874  1.7191281000000003  -2.9239613526323343 
3 28  -2.2852038424425682  -1.7292021  -2.2421849061814827 
3 29  -1.512432303946908  0.7892978999999998  -1.038741207633973 
3 30  -2.7652961575574326  -0.7892979  2.2421849061814827 
3 31  -3.538067696053092  1.7292021000000006  1.038741207633973 
4 12  -9.934358934656608  -1.5035444999999998  3.131972068248234 
4 13  -8.681495081046084  1.5025371000000005  -0.14895404556722158 
4 14  -0.19273269512416924  0.7988681999999998  1.8484737725236278 
4 15  -4.524485174189045  -1.7196317999999997  4.41547036397284 
4 16  -3.2716213205785207  1.7186244000000004  1.1345442501573848 
4 17  1.0601311584863549  -0.7998756  -1.432452341291828 
4 18  -1.492130850293913  0.7887941999999999  -0.7506758948409762 
4 19  -0.7193593117982529  -1.7297057999999998  0.45276780370653325 
4 20  -1.972223165408777  1.7286984000000007  3.7336939175219888 
4 21  -2.744994703904437  -0.7898015999999999  2.530250218974479 
4 22  -4.883858934656607  1.0149555000000001  3.131972068248234 
4 23  -3.630995081046083  -1.0159629  -0.14895404556722158 
4 24  -5.243232695124171  -1.7196317999999997  1.8484737725236278 
4 25  -9.574985174189045  0.7988681999999998  4.41547036397284 
4 26  -8.322121320578521  -0.7998756  1.1345442501573848 
4 27  -3.9903688415136465  1.7186244000000004  -1.432452341291828 
4 28  -6.5426308502939134  -1.7297057999999998  -0.7506758948409762 
4 29  -5.769859311798253  0.7887941999999999  0.45276780370653325 
4 30  -7.022723165408777  -0.7898015999999999  3.7336939175219888 
4 31  -7.795494703904437  1.7286984000000007  2.530250218974479 
5 12  -7.722868772564443  1.0149555  3.4298801593826775 
5 13  -6.470004918953919  4.0210371  0.14895404556722158 
5 14  2.0187574669679957  3.3173681999999998  2.146381863658071 
5 15  -2.31299501209688  0.7988682  4.713378455107284 
5 16  -1.0601311584863558  4.2371244  1.432452341291828 
5 17  3.27162132057852  1.7186243999999997  -1.1345442501573848 
5 18  0.719359311798252  3.3072942  -0.452767803706533 
5 19  1.4921308502939121  0.7887942  0.7506758948409764 
5 20  0.23926699668338802  4.2471984  4.031602008656432 
5 21  -0.5335045418122721  1.7286983999999999  2.8281583101089227 
5 22  -2.6723687725644423  3.5334555  3.4298801593826775 
5 23  -1.4195049189539182  1.5025370999999998  0.14895404556722158 
5 24  -3.0317425330320056  0.7988682  2.146381863658071 
5 25  -7.363495012096879  3.3173681999999998  4.713378455107284 
5 26  -6.110631158486355  1.7186243999999997  1.432452341291828 
5 27  -1.7788786794214815  4.2371244  -1.1345442501573848 
5 28  -4.3311406882017485  0.7887942  -0.452767803706533 
5 29  -3.5583691497060883  3.3072942  0.7506758948409764 
5 30  -4.811233003316612  1.7286983999999999  4.031602008656432 
5 31  -5.584004541812272  4.2471984  2.8281583101089227 
6 12  -6.470004918953919  -4.021037099999999  0.1489540455672218 
6 13  -5.2171410653433945  -1.0149554999999992  -3.131972068248234 
6 14  3.27162132057852  -1.7186244  -1.1345442501573846 
6 15  -1.0601311584863558  -4.2371244  1.4324523412918282 
6 16  0.19273269512416835  -0.7988681999999994  -1.8484737725236275 
6 17  4.524485174189044  -3.3173681999999998  -4.41547036397284 
6 18  1.972223165408776  -1.7286983999999999  -3.7336939175219888 
6 19  2.7449947039044362  -4.247198399999999  -2.530250218974479 
6 20  1.4921308502939121  -0.788794199999999  0.7506758948409766 
6 21  0.719359311798252  -3.3072941999999994  -0.452767803706533 
6 22  -1.4195049189539182  -1.5025370999999996  0.1489540455672218 
6 23  -0.16664106534339407  -3.5334554999999996  -3.131972068248234 
6 24  -1.7788786794214815  -4.2371244  -1.1345442501573846 
6 25  -6.110631158486355  -1.7186244  1.4324523412918282 
6 26  -4.857767304875831  -3.3173681999999998  -1.8484737725236275 
6 27  -0.5260148258109574  -0.7988681999999994  -4.41547036397284 
6 28  -3.0782768345912244  -4.247198399999999  -3.7336939175219888 
6 29  -2.305505296095564  -1.7286983999999999  -2.530250218974479 
6 30  -3.5583691497060888  -3.3072941999999994  0.7506758948409766 
6 31  -4.331140688201748  -0.788794199999999  -0.452767803706533 
7 12  -8.681495081046084  -1.5025371  -0.1489540455672218 
7 13  -7.428631227435559  1.5035445000000003  -3.4298801593826775 
7 14  1.0601311584863558  0.7998755999999996  -1.4324523412918282 
7 15  -3.27162132057852  -1.7186244  1.1345442501573846 
7 16  -2.0187574669679957  1.7196318000000002  -2.146381863658071 
7 17  2.31299501209688  -0.7988682000000003  -4.713378455107284 
7 18  -0.23926699668338802  0.7898015999999997  -4.031602008656432 
7 19  0.5335045418122721  -1.7286984  -2.8281583101089227 
7 20  -0.719359311798252  1.7297058000000005  0.452767803706533 
7 21  -1.4921308502939121  -0.7887942000000001  -0.7506758948409766 
7 22  -3.6309950810460823  1.0159629  -0.1489540455672218 
7 23  -2.378131227435558  -1.0149555000000001  -3.4298801593826775 
7 24  -3.9903688415136456  -1.7186244  -1.4324523412918282 
7 25  -8.32212132057852  0.7998755999999996  1.1345442501573846 
7 26  -7.069257466967995  -0.7988682000000003  -2.146381863658071 
7 27  -2.7375049879031215  1.7196318000000002  -4.713378455107284 
7 28  -5.2897669966833885  -1.7286984  -4.031602008656432 
7 29  -4.516995458187728  0.7898015999999997  -2.8281583101089227 
7 30  -5.769859311798253  -0.7887942000000001  0.452767803706533 
7 31  -6.542630850293913  1.7297058000000005  -0.7506758948409766 
8 12  -4.883858934656606  1.0149555  3.131972068248234 
8 13  -3.6309950810460823  4.0210371  -0.14895404556722158 
8 14  4.857767304875832  3.3173681999999998  1.8484737725236278 
8 15  0.5260148258109565  0.7988682  4.41547036397284 
8 16  1.7788786794214806  4.2371244  1.1345442501573848 
8 17  6.110631158486356  1.7186243999999997  -1.432452341291828 
8 18  3.5583691497060883  3.3072942  -0.7506758948409762 
8 19  4.3311406882017485  0.7887942  0.45276780370653325 
8 20  3.0782768345912244  4.2471984  3.7336939175219888 
8 21  2.305505296095564  1.7286983999999999  2.530250218974479 
8 22  0.16664106534339407  3.5334555  3.131972068248234 
8 23  1.4195049189539182  1.5025370999999998  -0.14895404556722158 
8 24  -0.19273269512416924  0.7988682  1.8484737725236278 
8 25  -4.524485174189043  3.3173681999999998  4.41547036397284 
8 26  -3.271621320578519  1.7186243999999997  1.1345442501573848 
8 27  1.0601311584863549  4.2371244  -1.432452341291828 
8 28  -1.492130850293912  0.7887942  -0.7506758948409762 
8 29  -0.719359311798252  3.3072942  0.45276780370653325 
8 30  -1.9722231654087765  1.7286983999999999  3.7336939175219888 
8 31  -2.744994703904436  4.2471984  2.530250218974479 
9 12  -2.6723687725644423  -1.5035444999999998  3.4298801593826775 
9 13  -1.419504918953918  1.5025371000000005  0.14895404556722158 
9 14  7.069257466967996  0.7988681999999998  2.146381863658071 
9 15  2.7375049879031206  -1.7196317999999997  4.713378455107284 
9 16  3.9903688415136447  1.7186244000000004  1.432452341291828 
9 17  8.322121320578521  -0.7998756  -1.1345442501573848 
9 18  5.769859311798252  0.7887941999999999  -0.452767803706533 
9 19  6.542630850293913  -1.7297057999999998  0.7506758948409764 
9 20  5.2897669966833885  1.7286984000000007  4.031602008656432 
9 21  4.516995458187728  -0.7898015999999999  2.8281583101089227 
9 22  2.378131227435558  1.0149555000000001  3.4298801593826775 
9 23  3.6309950810460823  -1.0159629  0.14895404556722158 
9 24  2.018757466967995  -1.7196317999999997  2.146381863658071 
9 25  -2.312995012096879  0.7988681999999998  4.713378455107284 
9 26  -1.0601311584863549  -0.7998756  1.432452341291828 
9 27  3.271621320578519  1.7186244000000004  -1.1345442501573848 
9 28  0.7193593117982522  -1.7297057999999998  -0.452767803706533 
9 29  1.4921308502939121  0.7887941999999999  0.7506758948409764 
9 30  0.23926699668338758  -0.7898015999999999  4.031602008656432 
9 31  -0.5335045418122717  1.7286984000000007  2.8281583101089227 
10 12  -1.4195049189539184  -1.5025371  0.1489540455672218 
10 13  -0.16664106534339407  1.5035445000000003  -3.131972068248234 
10 14  8.32212132057852  0.7998755999999996  -1.1345442501573846 
10 15  3.9903688415136447  -1.7186244  1.4324523412918282 
10 16  5.243232695124169  1.7196318000000002  -1.8484737725236275 
10 17  9.574985174189043  -0.7988682000000003  -4.41547036397284 
10 18  7.0227231654087765  0.7898015999999997  -3.7336939175219888 
10 19  7.795494703904437  -1.7286984  -2.530250218974479 
10 20  6.542630850293913  1.7297058000000005  0.7506758948409766 
10 21  5.769859311798252  -0.7887942000000001  -0.452767803706533 
10 22  3.6309950810460823  1.0159629  0.1489540455672218 
10 23  4.883858934656606  -1.0149555000000001  -3.131972068248234 
10 24  3.271621320578519  -1.7186244  -1.1345442501573846 
10 25  -1.060131158486355  0.7998755999999996  1.4324523412918282 
10 26  0.1927326951241689  -0.7988682000000003  -1.8484737725236275 
10 27  4.524485174189043  1.7196318000000002  -4.41547036397284 
10 28  1.972223165408776  -1.7286984  -3.7336939175219888 
10 29  2.7449947039044362  0.7898015999999997  -2.530250218974479 
10 30  1.4921308502939115  -0.7887942000000001  0.7506758948409766 
10 31  0.7193593117982522  1.7297058000000005  -0.452767803706533 
11 12  -3.6309950810460827  -4.021037099999999  -0.1489540455672218 
11 13  -2.378131227435558  -1.0149554999999992  -3.4298801593826775 
11 14  6.110631158486356  -1.7186244  -1.4324523412918282 
11 15  1.7788786794214801  -4.2371244  1.1345442501573846 
11 16  3.0317425330320042  -0.7988681999999994  -2.146381863658071 
11 17  7.36349501209688  -3.3173681999999998  -4.713378455107284 
11 18  4.811233003316612  -1.7286983999999999  -4.031602008656432 
11 19  5.584004541812272  -4.247198399999999  -2.8281583101089227 
11 20  4.331140688201748  -0.788794199999999  0.452767803706533 
11 21  3.558369149706088  -3.3072941999999994  -0.7506758948409766 
11 22  1.4195049189539177  -1.5025370999999996  -0.1489540455672218 
11 23  2.672368772564442  -3.5334554999999996  -3.4298801593826775 
11 24  1.0601311584863544  -4.2371244  -1.4324523412918282 
11 25  -3.2716213205785194  -1.7186244  1.1345442501573846 
11 26  -2.0187574669679953  -3.3173681999999998  -2.146381863658071 
11 27  2.3129950120968785  -0.7988681999999994  -4.713378455107284 
11 28  -0.23926699668338824  -4.247198399999999  -4.031602008656432 
11 29  0.5335045418122717  -1.7286983999999999  -2.8281583101089227 
11 30  -0.7193593117982529  -3.3072941999999994  0.452767803706533 
11 31  -1.4921308502939121  -0.788794199999999  -0.7506758948409766 
12 0  1.8792957804157862  -1.0154592  -4.921389170723184 
12 1  0.626431926805262  -1.0154592  -1.6404630569077279 
12 2  6.929795780415787  1.5030408  -4.921389170723184 
12 3  5.6769319268052625  1.5030408  -1.6404630569077279 
12 4  9.934358934656608  1.5035444999999998  -3.131972068248234 
12 5  7.722868772564443  -1.0149555  -3.4298801593826775 
12 6  6.470004918953919  4.021037099999999  -0.1489540455672218 
12 7  8.681495081046084  1.5025371  0.1489540455672218 
12 8  4.883858934656606  -1.0149555  -3.131972068248234 
12 9  2.6723687725644423  1.5035444999999998  -3.4298801593826775 
12 10  1.4195049189539184  1.5025371  -0.1489540455672218 
12 11  3.6309950810460827  4.021037099999999  0.1489540455672218 
13 0  0.6264319268052618  -4.0215408  -1.6404630569077279 
13 1  -0.6264319268052623  -4.0215408  1.6404630569077279 
13 2  5.6769319268052625  -1.5030408000000004  -1.6404630569077279 
13 3  4.424068073194738  -1.5030408000000004  1.6404630569077279 
13 4  8.681495081046084  -1.5025371000000005  0.14895404556722158 
13 5  6.470004918953919  -4.0210371  -0.14895404556722158 
13 6  5.2171410653433945  1.0149554999999992  3.131972068248234 
13 7  7.428631227435559  -1.5035445000000003  3.4298801593826775 
13 8  3.6309950810460823  -4.0210371  0.14895404556722158 
13 9  1.419504918953918  -1.5025371000000005  -0.14895404556722158 
13 10  0.16664106534339407  -1.5035445000000003  3.131972068248234 
13 11  2.378131227435558  1.0149554999999992  3.4298801593826775 
14 0  -7.862330459116652  -3.3178718999999997  -3.637890874998577 
14 1  -9.115194312727176  -3.3178718999999997  -0.3569647611831215 
14 2  -2.811830459116652  -0.7993718999999997  -3.637890874998577 
14 3  -4.064694312727176  -0.7993718999999997  -0.3569647611831215 
14 4  0.19273269512416924  -0.7988681999999998  -1.8484737725236278 
14 5  -2.0187574669679957  -3.3173681999999998  -2.146381863658071 
14 6  -3.27162132057852  1.7186244  1.1345442501573846 
14 7  -1.0601311584863558  -0.7998755999999996  1.4324523412918282 
14 8  -4.857767304875832  -3.3173681999999998  -1.8484737725236278 
14 9  -7.069257466967996  -0.7988681999999998  -2.146381863658071 
14 10  -8.32212132057852  -0.7998755999999996  1.1345442501573846 
14 11  -6.110631158486356  1.7186244  1.4324523412918282 
15 0  -3.5305779800517767  -0.7993719  -6.20488746644779 
15 1  -4.783441833662301  -0.7993719  -2.9239613526323343 
15 2  1.5199220199482237  1.7191280999999998  -6.20488746644779 
15 3  0.26705816633769963  1.7191280999999998  -2.9239613526323343 
15 4  4.524485174189045  1.7196317999999997  -4.41547036397284 
15 5  2.31299501209688  -0.7988682  -4.713378455107284 
15 6  1.0601311584863558  4.2371244  -1.4324523412918282 
15 7  3.27162132057852  1.7186244  -1.1345442501573846 
15 8  -0.5260148258109565  -0.7988682  -4.41547036397284 
15 9  -2.7375049879031206  1.7196317999999997  -4.713378455107284 
15 10  -3.9903688415136447  1.7186244  -1.4324523412918282 
15 11  -1.7788786794214801  4.2371244  -1.1345442501573846 
16 0  -4.783441833662301  -4.2376281  -2.9239613526323343 
16 1  -6.036305687272825  -4.2376281  0.3569647611831215 
16 2  0.26705816633769963  -1.7191281000000003  -2.9239613526323343 
16 3  -0.9858056872728245  -1.7191281000000003  0.3569647611831215 
16 4  3.2716213205785207  -1.7186244000000004  -1.1345442501573848 
16 5  1.0601311584863558  -4.2371244  -1.432452341291828 
16 6  -0.19273269512416835  0.7988681999999994  1.8484737725236275 
16 7  2.0187574669679957  -1.7196318000000002  2.146381863658071 
16 8  -1.7788786794214806  -4.2371244  -1.1345442501573848 
16 9  -3.9903688415136447  -1.7186244000000004  -1.432452341291828 
16 10  -5.243232695124169  -1.7196318000000002  1.8484737725236275 
16 11  -3.0317425330320042  0.7988681999999994  2.146381863658071 
17 0  -9.115194312727176  -1.7191280999999998  -0.35696476118312154 
17 1  -10.3680581663377  -1.7191280999999998  2.9239613526323343 
17 2  -4.064694312727176  0.7993719000000001  -0.35696476118312154 
17 3  -5.3175581663377  0.7993719000000001  2.9239613526323343 
17 4  -1.0601311584863549  0.7998756  1.432452341291828 
17 5  -3.27162132057852  -1.7186243999999997  1.1345442501573848 
17 6  -4.524485174189044  3.3173681999999998  4.41547036397284 
17 7  -2.31299501209688  0.7988682000000003  4.713378455107284 
17 8  -6.110631158486356  -1.7186243999999997  1.432452341291828 
17 9  -8.322121320578521  0.7998756  1.1345442501573848 
17 10  -9.574985174189043  0.7988682000000003  4.41547036397284 
17 11  -7.36349501209688  3.3173681999999998  4.713378455107284 
18 0  -6.5629323039469085  -3.3077978999999997  -1.0387412076339733 
18 1  -7.815796157557433  -3.3077978999999997  2.2421849061814827 
18 2  -1.512432303946908  -0.7892978999999998  -1.0387412076339733 
18 3  -2.765296157557432  -0.7892978999999998  2.2421849061814827 
18 4  1.492130850293913  -0.7887941999999999  0.7506758948409762 
18 5  -0.719359311798252  -3.3072942  0.452767803706533 
18 6  -1.972223165408776  1.7286983999999999  3.7336939175219888 
18 7  0.23926699668338802  -0.7898015999999997  4.031602008656432 
18 8  -3.5583691497060883  -3.3072942  0.7506758948409762 
18 9  -5.769859311798252  -0.7887941999999999  0.452767803706533 
18 10  -7.0227231654087765  -0.7898015999999997  3.7336939175219888 
18 11  -4.811233003316612  1.7286983999999999  4.031602008656432 
19 0  -7.335703842442569  -0.7892979  -2.2421849061814827 
19 1  -8.588567696053094  -0.7892979  1.038741207633973 
19 2  -2.2852038424425682  1.7292021  -2.2421849061814827 
19 3  -3.5380676960530923  1.7292021  1.038741207633973 
19 4  0.7193593117982529  1.7297057999999998  -0.45276780370653325 
19 5  -1.4921308502939121  -0.7887942  -0.7506758948409764 
19 6  -2.7449947039044362  4.247198399999999  2.530250218974479 
19 7  -0.5335045418122721  1.7286984  2.8281583101089227 
19 8  -4.3311406882017485  -0.7887942  -0.45276780370653325 
19 9  -6.542630850293913  1.7297057999999998  -0.7506758948409764 
19 10  -7.795494703904437  1.7286984  2.530250218974479 
19 11  -5.584004541812272  4.247198399999999  2.8281583101089227 
20 0  -6.082839988832045  -4.247702100000001  -5.523111019996938 
20 1  -7.335703842442569  -4.247702100000001  -2.2421849061814827 
20 2  -1.0323399888320441  -1.7292021000000006  -5.523111019996938 
20 3  -2.2852038424425682  -1.7292021000000006  -2.2421849061814827 
20 4  1.972223165408777  -1.7286984000000007  -3.7336939175219888 
20 5  -0.23926699668338802  -4.2471984  -4.031602008656432 
20 6  -1.4921308502939121  0.788794199999999  -0.7506758948409766 
20 7  0.719359311798252  -1.7297058000000005  -0.452767803706533 
20 8  -3.0782768345912244  -4.2471984  -3.7336939175219888 
20 9  -5.2897669966833885  -1.7286984000000007  -4.031602008656432 
20 10  -6.542630850293913  -1.7297058000000005  -0.7506758948409766 
20 11  -4.331140688201748  0.788794199999999  -0.452767803706533 
21 0  -5.310068450336384  -1.7292021  -4.319667321449429 
21 1  -6.5629323039469085  -1.7292021  -1.038741207633973 
21 2  -0.259568450336384  0.7892979  -4.319667321449429 
21 3  -1.512432303946908  0.7892979  -1.038741207633973 
21 4  2.744994703904437  0.7898015999999999  -2.530250218974479 
21 5  0.5335045418122721  -1.7286983999999999  -2.8281583101089227 
21 6  -0.719359311798252  3.3072941999999994  0.452767803706533 
21 7  1.4921308502939121  0.7887942000000001  0.7506758948409766 
21 8  -2.305505296095564  -1.7286983999999999  -2.530250218974479 
21 9  -4.516995458187728  0.7898015999999999  -2.8281583101089227 
21 10  -5.769859311798252  0.7887942000000001  0.452767803706533 
21 11  -3.558369149706088  3.3072941999999994  0.7506758948409766 
22 0  -3.1712042195842143  -3.5339592  -4.921389170723184 
22 1  -4.424068073194738  -3.5339592  -1.6404630569077279 
22 2  1.8792957804157862  -1.0154592  -4.921389170723184 
22 3  0.626431926805262  -1.0154592  -1.6404630569077279 
22 4  4.883858934656607  -1.0149555000000001  -3.131972068248234 
22 5  2.6723687725644423  -3.5334555  -3.4298801593826775 
22 6  1.4195049189539182  1.5025370999999996  -0.1489540455672218 
22 7  3.6309950810460823  -1.0159629  0.1489540455672218 
22 8  -0.16664106534339407  -3.5334555  -3.131972068248234 
22 9  -2.378131227435558  -1.0149555000000001  -3.4298801593826775 
22 10  -3.6309950810460823  -1.0159629  -0.1489540455672218 
22 11  -1.4195049189539177  1.5025370999999996  0.1489540455672218 
23 0  -4.424068073194738  -1.5030408  -1.6404630569077279 
23 1  -5.6769319268052625  -1.5030408  1.6404630569077279 
23 2  0.626431926805262  1.0154592  -1.6404630569077279 
23 3  -0.626431926805262  1.0154592  1.6404630569077279 
23 4  3.630995081046083  1.0159629  0.14895404556722158 
23 5  1.4195049189539182  -1.5025370999999998  -0.14895404556722158 
23 6  0.16664106534339407  3.5334554999999996  3.131972068248234 
23 7  2.378131227435558  1.0149555000000001  3.4298801593826775 
23 8  -1.4195049189539182  -1.5025370999999998  0.14895404556722158 
23 9  -3.6309950810460823  1.0159629  -0.14895404556722158 
23 10  -4.883858934656606  1.0149555000000001  3.131972068248234 
23 11  -2.672368772564442  3.5334554999999996  3.4298801593826775 
24 0  -2.811830459116651  -0.7993719  -3.637890874998577 
24 1  -4.064694312727175  -0.7993719  -0.3569647611831215 
24 2  2.2386695408833495  1.7191280999999998  -3.637890874998577 
24 3  0.9858056872728254  1.7191280999999998  -0.3569647611831215 
24 4  5.243232695124171  1.7196317999999997  -1.8484737725236278 
24 5  3.0317425330320056  -0.7988682  -2.146381863658071 
24 6  1.7788786794214815  4.2371244  1.1345442501573846 
24 7  3.9903688415136456  1.7186244  1.4324523412918282 
24 8  0.19273269512416924  -0.7988682  -1.8484737725236278 
24 9  -2.018757466967995  1.7196317999999997  -2.146381863658071 
24 10  -3.271621320578519  1.7186244  1.1345442501573846 
24 11  -1.0601311584863544  4.2371244  1.4324523412918282 
25 0  1.5199220199482228  -3.3178718999999997  -6.20488746644779 
25 1  0.26705816633769874  -3.3178718999999997  -2.9239613526323343 
25 2  6.570422019948223  -0.7993718999999997  -6.20488746644779 
25 3  5.317558166337699  -0.7993718999999997  -2.9239613526323343 
25 4  9.574985174189045  -0.7988681999999998  -4.41547036397284 
25 5  7.363495012096879  -3.3173681999999998  -4.713378455107284 
25 6  6.110631158486355  1.7186244  -1.4324523412918282 
25 7  8.32212132057852  -0.7998755999999996  -1.1345442501573846 
25 8  4.524485174189043  -3.3173681999999998  -4.41547036397284 
25 9  2.312995012096879  -0.7988681999999998  -4.713378455107284 
25 10  1.060131158486355  -0.7998755999999996  -1.4324523412918282 
25 11  3.2716213205785194  1.7186244  -1.1345442501573846 
26 0  0.26705816633769885  -1.7191280999999998  -2.9239613526323343 
26 1  -0.9858056872728252  -1.7191280999999998  0.3569647611831215 
26 2  5.317558166337699  0.7993719000000001  -2.9239613526323343 
26 3  4.064694312727175  0.7993719000000001  0.3569647611831215 
26 4  8.322121320578521  0.7998756  -1.1345442501573848 
26 5  6.110631158486355  -1.7186243999999997  -1.432452341291828 
26 6  4.857767304875831  3.3173681999999998  1.8484737725236275 
26 7  7.069257466967995  0.7988682000000003  2.146381863658071 
26 8  3.271621320578519  -1.7186243999999997  -1.1345442501573848 
26 9  1.0601311584863549  0.7998756  -1.432452341291828 
26 10  -0.1927326951241689  0.7988682000000003  1.8484737725236275 
26 11  2.0187574669679953  3.3173681999999998  2.146381863658071 
27 0  -4.064694312727175  -4.2376281  -0.35696476118312154 
27 1  -5.317558166337699  -4.2376281  2.9239613526323343 
27 2  0.9858056872728254  -1.7191281000000003  -0.35696476118312154 
27 3  -0.26705816633769874  -1.7191281000000003  2.9239613526323343 
27 4  3.9903688415136465  -1.7186244000000004  1.432452341291828 
27 5  1.7788786794214815  -4.2371244  1.1345442501573848 
27 6  0.5260148258109574  0.7988681999999994  4.41547036397284 
27 7  2.7375049879031215  -1.7196318000000002  4.713378455107284 
27 8  -1.0601311584863549  -4.2371244  1.432452341291828 
27 9  -3.271621320578519  -1.7186244000000004  1.1345442501573848 
27 10  -4.524485174189043  -1.7196318000000002  4.41547036397284 
27 11  -2.3129950120968785  0.7988681999999994  4.713378455107284 
28 0  -1.5124323039469083  -0.7892979  -1.0387412076339733 
28 1  -2.765296157557432  -0.7892979  2.2421849061814827 
28 2  3.5380676960530923  1.7292021  -1.0387412076339733 
28 3  2.2852038424425682  1.7292021  2.2421849061814827 
28 4  6.5426308502939134  1.7297057999999998  0.7506758948409762 
28 5  4.3311406882017485  -0.7887942  0.452767803706533 
28 6  3.0782768345912244  4.247198399999999  3.7336939175219888 
28 7  5.2897669966833885  1.7286984  4.031602008656432 
28 8  1.492130850293912  -0.7887942  0.7506758948409762 
28 9  -0.7193593117982522  1.7297057999999998  0.452767803706533 
28 10  -1.972223165408776  1.7286984  3.7336939175219888 
28 11  0.23926699668338824  4.247198399999999  4.031602008656432 
29 0  -2.2852038424425682  -3.3077978999999997  -2.2421849061814827 
29 1  -3.5380676960530923  -3.3077978999999997  1.038741207633973 
29 2  2.765296157557432  -0.7892978999999998  -2.2421849061814827 
29 3  1.512432303946908  -0.7892978999999998  1.038741207633973 
29 4  5.769859311798253  -0.7887941999999999  -0.45276780370653325 
29 5  3.5583691497060883  -3.3072942  -0.7506758948409764 
29 6  2.305505296095564  1.7286983999999999  2.530250218974479 
29 7  4.516995458187728  -0.7898015999999997  2.8281583101089227 
29 8  0.719359311798252  -3.3072942  -0.45276780370653325 
29 9  -1.4921308502939121  -0.7887941999999999  -0.7506758948409764 
29 10  -2.7449947039044362  -0.7898015999999997  2.530250218974479 
29 11  -0.5335045418122717  1.7286983999999999  2.8281583101089227 
30 0  -1.0323399888320437  -1.7292021  -5.523111019996938 
30 1  -2.285203842442568  -1.7292021  -2.2421849061814827 
30 2  4.018160011167957  0.7892979  -5.523111019996938 
30 3  2.7652961575574326  0.7892979  -2.2421849061814827 
30 4  7.022723165408777  0.7898015999999999  -3.7336939175219888 
30 5  4.811233003316612  -1.7286983999999999  -4.031602008656432 
30 6  3.5583691497060888  3.3072941999999994  -0.7506758948409766 
30 7  5.769859311798253  0.7887942000000001  -0.452767803706533 
30 8  1.9722231654087765  -1.7286983999999999  -3.7336939175219888 
30 9  -0.23926699668338758  0.7898015999999999  -4.031602008656432 
30 10  -1.4921308502939115  0.7887942000000001  -0.7506758948409766 
30 11  0.7193593117982529  3.3072941999999994  -0.452767803706533 
31 0  -0.2595684503363844  -4.247702100000001  -4.319667321449429 
31 1  -1.5124323039469085  -4.247702100000001  -1.038741207633973 
31 2  4.7909315496636165  -1.7292021000000006  -4.319667321449429 
31 3  3.538067696053092  -1.7292021000000006  -1.038741207633973 
31 4  7.795494703904437  -1.7286984000000007  -2.530250218974479 
31 5  5.584004541812272  -4.2471984  -2.8281583101089227 
31 6  4.331140688201748  0.788794199999999  0.452767803706533 
31 7  6.542630850293913  -1.7297058000000005  0.7506758948409766 
31 8  2.744994703904436  -4.2471984  -2.530250218974479 
31 9  0.5335045418122717  -1.7286984000000007  -2.8281583101089227 
31 10  -0.7193593117982522  -1.7297058000000005  0.452767803706533 
31 11  1.4921308502939121  0.788794199999999  0.7506758948409766 