 5.804  0  0  7.058864150285345e-16  11.528  0  7.823043752953292e-16  0.0  12.776 
5
0 24  2.030434511604412e-16  0.3250896000000001  2.9908616 
0 25  8.401264658040474e-16  4.3414448000000005  9.3788616 
0 26  2.902000000000001  4.3414448000000005  6.1414232 
0 27  2.902  0.3250896000000001  -0.24657679999999993 
0 28  1.4510000000000003  2.5615216  1.3721424 
0 29  4.353000000000001  2.1050128  7.760142400000001 
0 30  1.4510000000000007  2.1050128  7.760142400000001 
0 31  4.353  2.5615216  1.3721424 
0 32  4.414902656233054e-16  3.2635768  3.9465064 
0 33  7.187123858853645e-16  1.4029576000000001  10.3345064 
0 34  2.9020000000000006  1.4029576000000001  5.1857784 
0 35  2.9020000000000006  3.2635768  -1.2022216000000001 
0 36  2.902000000000001  6.0890896  2.9908616 
0 37  2.9020000000000015  10.1054448  9.3788616 
0 38  9.94833744618478e-16  10.1054448  6.1414232 
0 39  3.5775072997487203e-16  6.0890896  -0.24657679999999993 
0 40  4.353000000000001  8.325521600000002  1.3721424 
0 41  1.451000000000001  7.8690128  7.760142400000001 
0 42  4.3530000000000015  7.8690128  7.760142400000001 
0 43  1.4510000000000005  8.325521600000002  1.3721424 
0 44  2.902000000000001  9.0275768  3.9465064 
0 45  2.9020000000000015  7.166957600000001  10.3345064 
0 46  7.563869301556141e-16  7.166957600000001  5.1857784 
0 47  4.791648098935549e-16  9.0275768  -1.2022216000000001 
1 24  -4.738515572907741e-16  -4.3414448000000005  -3.3971383999999993 
1 25  1.632314573528321e-16  -0.3250896000000001  2.9908616000000006 
1 26  2.902  -0.3250896000000001  -0.2465767999999997 
1 27  2.9019999999999992  -4.3414448000000005  -6.6345768 
1 28  1.4509999999999996  -2.1050128000000004  -5.0158575999999995 
1 29  4.353  -2.5615216000000003  1.3721424000000013 
1 30  1.451  -2.5615216000000003  1.3721424000000013 
1 31  4.352999999999999  -2.1050128000000004  -5.0158575999999995 
1 32  -2.3540474282790993e-16  -1.4029576000000001  -2.4414935999999994 
1 33  4.181737743414918e-17  -3.2635768  3.9465064000000005 
1 34  2.9019999999999997  -3.2635768  -1.2022215999999997 
1 35  2.9019999999999997  -1.4029576000000001  -7.5902216 
1 36  2.902  1.4225551999999997  -3.3971383999999993 
1 37  2.9020000000000006  5.4389104  2.9908616000000006 
1 38  3.179387361672627e-16  5.4389104  -0.2465767999999997 
1 39  -3.191442784763433e-16  1.4225551999999997  -6.6345768 
1 40  4.353  3.658987200000001  -5.0158575999999995 
1 41  1.4510000000000003  3.2024783999999995  1.3721424000000013 
1 42  4.353000000000001  3.2024783999999995  1.3721424000000013 
1 43  1.4509999999999998  3.658987200000001  -5.0158575999999995 
1 44  2.902  4.3610424  -2.4414935999999994 
1 45  2.9020000000000006  2.5004232  3.9465064000000005 
1 46  7.949192170439876e-17  2.5004232  -1.2022215999999997 
1 47  -1.9773019855766045e-16  4.3610424  -7.5902216 
2 24  -2.902000000000001  -4.3414448000000005  -6.1414232 
2 25  -2.9020000000000006  -0.3250896000000001  0.2465767999999997 
2 26  -4.440892098500626e-16  -0.3250896000000001  -2.9908616000000006 
2 27  -1.3322676295501878e-15  -4.3414448000000005  -9.3788616 
2 28  -1.451000000000001  -2.1050128000000004  -7.7601424 
2 29  1.4509999999999992  -2.5615216000000003  -1.3721423999999995 
2 30  -1.4510000000000005  -2.5615216000000003  -1.3721423999999995 
2 31  1.4509999999999983  -2.1050128000000004  -7.7601424 
2 32  -2.902000000000001  -1.4029576000000001  -5.1857784 
2 33  -2.9020000000000006  -3.2635768  1.2022215999999997 
2 34  -8.881784197001252e-16  -3.2635768  -3.9465064000000005 
2 35  -8.881784197001252e-16  -1.4029576000000001  -10.3345064 
2 36  -4.440892098500626e-16  1.4225551999999997  -6.1414232 
2 37  0.0  5.4389104  0.2465767999999997 
2 38  -2.902  5.4389104  -2.9908616000000006 
2 39  -2.902000000000001  1.4225551999999997  -9.3788616 
2 40  1.4509999999999992  3.658987200000001  -7.7601424 
2 41  -1.4510000000000003  3.2024783999999995  -1.3721423999999995 
2 42  1.451  3.2024783999999995  -1.3721423999999995 
2 43  -1.4510000000000007  3.658987200000001  -7.7601424 
2 44  -4.440892098500626e-16  4.3610424  -5.1857784 
2 45  0.0  2.5004232  1.2022215999999997 
2 46  -2.9020000000000006  2.5004232  -3.9465064000000005 
2 47  -2.902000000000001  4.3610424  -10.3345064 
3 24  -2.902  0.3250896000000001  0.2465768000000006 
3 25  -2.9019999999999997  4.3414448000000005  6.6345768000000005 
3 26  4.440892098500626e-16  4.3414448000000005  3.3971384000000002 
3 27  -4.440892098500626e-16  0.3250896000000001  -2.9908615999999997 
3 28  -1.451  2.5615216  -1.3721423999999995 
3 29  1.451  2.1050128  5.015857600000001 
3 30  -1.4509999999999996  2.1050128  5.015857600000001 
3 31  1.4509999999999992  2.5615216  -1.3721423999999995 
3 32  -2.902  3.2635768  1.2022216000000006 
3 33  -2.9019999999999997  1.4029576000000001  7.5902216000000005 
3 34  0.0  1.4029576000000001  2.4414936000000003 
3 35  0.0  3.2635768  -3.9465063999999996 
3 36  4.440892098500626e-16  6.0890896  0.2465768000000006 
3 37  8.881784197001252e-16  10.1054448  6.6345768000000005 
3 38  -2.9019999999999992  10.1054448  3.3971384000000002 
3 39  -2.902  6.0890896  -2.9908615999999997 
3 40  1.451  8.325521600000002  -1.3721423999999995 
3 41  -1.4509999999999994  7.8690128  5.015857600000001 
3 42  1.451000000000001  7.8690128  5.015857600000001 
3 43  -1.4509999999999998  8.325521600000002  -1.3721423999999995 
3 44  4.440892098500626e-16  9.0275768  1.2022216000000006 
3 45  8.881784197001252e-16  7.166957600000001  7.5902216000000005 
3 46  -2.9019999999999997  7.166957600000001  2.4414936000000003 
3 47  -2.902  9.0275768  -3.9465063999999996 
4 24  -2.902  -5.4389104  2.9908616 
4 25  -2.9019999999999997  -1.4225551999999997  9.3788616 
4 26  4.440892098500626e-16  -1.4225551999999997  6.1414232 
4 27  -4.440892098500626e-16  -5.4389104  -0.24657679999999993 
4 28  -1.451  -3.2024784  1.3721424 
4 29  1.451  -3.6589872  7.760142400000001 
4 30  -1.4509999999999996  -3.6589872  7.760142400000001 
4 31  1.4509999999999992  -3.2024784  1.3721424 
4 32  -2.902  -2.5004231999999997  3.9465064 
4 33  -2.9019999999999997  -4.3610424  10.3345064 
4 34  0.0  -4.3610424  5.1857784 
4 35  0.0  -2.5004231999999997  -1.2022216000000001 
4 36  4.440892098500626e-16  0.3250896000000001  2.9908616 
4 37  8.881784197001252e-16  4.3414448000000005  9.3788616 
4 38  -2.9019999999999992  4.3414448000000005  6.1414232 
4 39  -2.902  0.3250896000000001  -0.24657679999999993 
4 40  1.451  2.5615216000000016  1.3721424 
4 41  -1.4509999999999994  2.1050128  7.760142400000001 
4 42  1.451000000000001  2.1050128  7.760142400000001 
4 43  -1.4509999999999998  2.5615216000000016  1.3721424 
4 44  4.440892098500626e-16  3.2635768  3.9465064 
4 45  8.881784197001252e-16  1.4029576000000006  10.3345064 
4 46  -2.9019999999999997  1.4029576000000006  5.1857784 
4 47  -2.902  3.2635768  -1.2022216000000001 
5 24  -2.902000000000001  -10.1054448  -3.3971383999999993 
5 25  -2.9020000000000006  -6.0890896  2.9908616000000006 
5 26  -4.440892098500626e-16  -6.0890896  -0.2465767999999997 
5 27  -1.3322676295501878e-15  -10.1054448  -6.6345768 
5 28  -1.451000000000001  -7.8690128  -5.0158575999999995 
5 29  1.4509999999999992  -8.3255216  1.3721424000000013 
5 30  -1.4510000000000005  -8.3255216  1.3721424000000013 
5 31  1.4509999999999983  -7.8690128  -5.0158575999999995 
5 32  -2.902000000000001  -7.1669576  -2.4414935999999994 
5 33  -2.9020000000000006  -9.0275768  3.9465064000000005 
5 34  -8.881784197001252e-16  -9.0275768  -1.2022215999999997 
5 35  -8.881784197001252e-16  -7.1669576  -7.5902216 
5 36  -4.440892098500626e-16  -4.3414448000000005  -3.3971383999999993 
5 37  0.0  -0.3250896000000001  2.9908616000000006 
5 38  -2.902  -0.3250896000000001  -0.2465767999999997 
5 39  -2.902000000000001  -4.3414448000000005  -6.6345768 
5 40  1.4509999999999992  -2.105012799999999  -5.0158575999999995 
5 41  -1.4510000000000003  -2.5615216000000007  1.3721424000000013 
5 42  1.451  -2.5615216000000007  1.3721424000000013 
5 43  -1.4510000000000007  -2.105012799999999  -5.0158575999999995 
5 44  -4.440892098500626e-16  -1.4029576000000006  -2.4414935999999994 
5 45  0.0  -3.2635768  3.9465064000000005 
5 46  -2.9020000000000006  -3.2635768  -1.2022215999999997 
5 47  -2.902000000000001  -1.4029576000000006  -7.5902216 
6 24  -9.948337446184782e-16  -10.1054448  -6.1414232 
6 25  -3.5775072997487203e-16  -6.0890896  0.2465767999999997 
6 26  2.9019999999999997  -6.0890896  -2.9908616000000006 
6 27  2.901999999999999  -10.1054448  -9.3788616 
6 28  1.4509999999999992  -7.8690128  -7.7601424 
6 29  4.352999999999999  -8.3255216  -1.3721423999999995 
6 30  1.4509999999999996  -8.3255216  -1.3721423999999995 
6 31  4.352999999999998  -7.8690128  -7.7601424 
6 32  -7.563869301556141e-16  -7.1669576  -5.1857784 
6 33  -4.79164809893555e-16  -9.0275768  1.2022215999999997 
6 34  2.9019999999999992  -9.0275768  -3.9465064000000005 
6 35  2.9019999999999992  -7.1669576  -10.3345064 
6 36  2.9019999999999997  -4.3414448000000005  -6.1414232 
6 37  2.902  -0.3250896000000001  0.2465767999999997 
6 38  -2.0304345116044142e-16  -0.3250896000000001  -2.9908616000000006 
6 39  -8.401264658040474e-16  -4.3414448000000005  -9.3788616 
6 40  4.352999999999999  -2.105012799999999  -7.7601424 
6 41  1.4509999999999998  -2.5615216000000007  -1.3721423999999995 
6 42  4.353  -2.5615216000000007  -1.3721423999999995 
6 43  1.4509999999999994  -2.105012799999999  -7.7601424 
6 44  2.9019999999999997  -1.4029576000000006  -5.1857784 
6 45  2.902  -3.2635768  1.2022215999999997 
6 46  -4.414902656233054e-16  -3.2635768  -3.9465064000000005 
6 47  -7.187123858853646e-16  -1.4029576000000006  -10.3345064 
7 24  -3.179387361672627e-16  -5.4389104  0.2465768000000006 
7 25  3.191442784763435e-16  -1.4225551999999997  6.6345768000000005 
7 26  2.902  -1.4225551999999997  3.3971384000000002 
7 27  2.9019999999999992  -5.4389104  -2.9908615999999997 
7 28  1.4509999999999998  -3.2024784  -1.3721423999999995 
7 29  4.353  -3.6589872  5.015857600000001 
7 30  1.4510000000000003  -3.6589872  5.015857600000001 
7 31  4.352999999999999  -3.2024784  -1.3721423999999995 
7 32  -7.949192170439856e-17  -2.5004231999999997  1.2022216000000006 
7 33  1.9773019855766055e-16  -4.3610424  7.5902216000000005 
7 34  2.9019999999999997  -4.3610424  2.4414936000000003 
7 35  2.9019999999999997  -2.5004231999999997  -3.9465063999999996 
7 36  2.902  0.3250896000000001  0.2465768000000006 
7 37  2.9020000000000006  4.3414448000000005  6.6345768000000005 
7 38  4.738515572907741e-16  4.3414448000000005  3.3971384000000002 
7 39  -1.632314573528319e-16  0.3250896000000001  -2.9908615999999997 
7 40  4.353  2.5615216000000016  -1.3721423999999995 
7 41  1.4510000000000005  2.1050128  5.015857600000001 
7 42  4.353000000000001  2.1050128  5.015857600000001 
7 43  1.451  2.5615216000000016  -1.3721423999999995 
7 44  2.902  3.2635768  1.2022216000000006 
7 45  2.9020000000000006  1.4029576000000006  7.5902216000000005 
7 46  2.3540474282791012e-16  1.4029576000000006  2.4414936000000003 
7 47  -4.181737743414908e-17  3.2635768  -3.9465063999999996 
8 24  3.344270377698783e-17  -3.2393680000000007  3.7855288 
8 25  6.70525718420594e-16  0.7769871999999998  10.1735288 
8 26  2.9020000000000006  0.7769871999999998  6.936090399999999 
8 27  2.9019999999999997  -3.2393680000000007  0.5480904 
8 28  1.4510000000000003  -1.0029360000000005  2.1668095999999997 
8 29  4.353000000000001  -1.4594448000000004  8.5548096 
8 30  1.4510000000000007  -1.4594448000000004  8.5548096 
8 31  4.353  -1.0029360000000005  2.1668095999999997 
8 32  2.71889518239852e-16  -0.3008808000000003  4.7411736 
8 33  5.491116385019111e-16  -2.1615  11.1291736 
8 34  2.902  -2.1615  5.9804455999999995 
8 35  2.902  -0.3008808000000003  -0.4075544000000001 
8 36  2.9020000000000006  2.5246319999999995  3.7855288 
8 37  2.902000000000001  6.5409872  10.1735288 
8 38  8.252329972350246e-16  6.5409872  6.936090399999999 
8 39  1.8814998259141864e-16  2.5246319999999995  0.5480904 
8 40  4.353000000000001  4.761064000000001  2.1668095999999997 
8 41  1.451000000000001  4.304555199999999  8.5548096 
8 42  4.3530000000000015  4.304555199999999  8.5548096 
8 43  1.4510000000000005  4.761064000000001  2.1668095999999997 
8 44  2.9020000000000006  5.4631191999999995  4.7411736 
8 45  2.902000000000001  3.6025  11.1291736 
8 46  5.867861827721607e-16  3.6025  5.9804455999999995 
8 47  3.0956406251010147e-16  5.4631191999999995  -0.4075544000000001 
9 24  -2.0693214562058189e-16  -0.7769872  -2.6024712 
9 25  4.301508690230243e-16  3.2393680000000002  3.7855288 
9 26  2.9020000000000006  3.2393680000000002  0.5480903999999995 
9 27  2.9019999999999997  -0.7769872  -5.8399096 
9 28  1.4509999999999998  1.4594448  -4.2211904 
9 29  4.353  1.002936  2.1668096000000006 
9 30  1.4510000000000003  1.002936  2.1668096000000006 
9 31  4.352999999999999  1.4594448  -4.2211904 
9 32  3.151466884228227e-17  2.1615  -1.6468264000000001 
9 33  3.087367891043414e-16  0.30088080000000006  4.7411736 
9 34  2.902  0.30088080000000006  -0.4075544000000004 
9 35  2.902  2.1615  -6.7955544 
9 36  2.9020000000000006  4.9870128000000005  -2.6024712 
9 37  2.902000000000001  9.003368  3.7855288 
9 38  5.848581478374549e-16  9.003368  0.5480903999999995 
9 39  -5.222486680615108e-17  4.9870128000000005  -5.8399096 
9 40  4.353  7.223444800000001  -4.2211904 
9 41  1.4510000000000005  6.766935999999999  2.1668096000000006 
9 42  4.353000000000001  6.766935999999999  2.1668096000000006 
9 43  1.451  7.223444800000001  -4.2211904 
9 44  2.9020000000000006  7.9254999999999995  -1.6468264000000001 
9 45  2.902000000000001  6.064880800000001  4.7411736 
9 46  3.4641133337459095e-16  6.064880800000001  -0.4075544000000004 
9 47  6.918921311253175e-17  7.9254999999999995  -6.7955544 
10 24  -2.9020000000000006  -0.7769872  -6.936090399999999 
10 25  -2.902  3.2393680000000002  -0.5480903999999995 
10 26  0.0  3.2393680000000002  -3.7855288 
10 27  -8.881784197001252e-16  -0.7769872  -10.1735288 
10 28  -1.4510000000000005  1.4594448  -8.554809599999999 
10 29  1.4509999999999996  1.002936  -2.166809599999999 
10 30  -1.451  1.002936  -2.166809599999999 
10 31  1.4509999999999987  1.4594448  -8.554809599999999 
10 32  -2.9020000000000006  2.1615  -5.9804455999999995 
10 33  -2.902  0.30088080000000006  0.4075544000000004 
10 34  -4.440892098500626e-16  0.30088080000000006  -4.7411736 
10 35  -4.440892098500626e-16  2.1615  -11.1291736 
10 36  0.0  4.9870128000000005  -6.936090399999999 
10 37  4.440892098500626e-16  9.003368  -0.5480903999999995 
10 38  -2.9019999999999997  9.003368  -3.7855288 
10 39  -2.9020000000000006  4.9870128000000005  -10.1735288 
10 40  1.4509999999999996  7.223444800000001  -8.554809599999999 
10 41  -1.4509999999999998  6.766935999999999  -2.166809599999999 
10 42  1.4510000000000005  6.766935999999999  -2.166809599999999 
10 43  -1.4510000000000003  7.223444800000001  -8.554809599999999 
10 44  0.0  7.9254999999999995  -5.9804455999999995 
10 45  4.440892098500626e-16  6.064880800000001  0.4075544000000004 
10 46  -2.902  6.064880800000001  -4.7411736 
10 47  -2.9020000000000006  7.9254999999999995  -11.1291736 
11 24  -2.9020000000000006  -3.2393680000000007  -0.5480903999999995 
11 25  -2.902  0.7769871999999998  5.8399096 
11 26  0.0  0.7769871999999998  2.6024712 
11 27  -8.881784197001252e-16  -3.2393680000000007  -3.7855288 
11 28  -1.4510000000000005  -1.0029360000000005  -2.1668095999999997 
11 29  1.4509999999999996  -1.4594448000000004  4.221190400000001 
11 30  -1.451  -1.4594448000000004  4.221190400000001 
11 31  1.4509999999999987  -1.0029360000000005  -2.1668095999999997 
11 32  -2.9020000000000006  -0.3008808000000003  0.4075544000000004 
11 33  -2.902  -2.1615  6.7955544 
11 34  -4.440892098500626e-16  -2.1615  1.6468264000000001 
11 35  -4.440892098500626e-16  -0.3008808000000003  -4.7411736 
11 36  0.0  2.5246319999999995  -0.5480903999999995 
11 37  4.440892098500626e-16  6.5409872  5.8399096 
11 38  -2.9019999999999997  6.5409872  2.6024712 
11 39  -2.9020000000000006  2.5246319999999995  -3.7855288 
11 40  1.4509999999999996  4.761064000000001  -2.1668095999999997 
11 41  -1.4509999999999998  4.304555199999999  4.221190400000001 
11 42  1.4510000000000005  4.304555199999999  4.221190400000001 
11 43  -1.4510000000000003  4.761064000000001  -2.1668095999999997 
11 44  0.0  5.4631191999999995  0.4075544000000004 
11 45  4.440892098500626e-16  3.6025  6.7955544 
11 46  -2.902  3.6025  1.6468264000000001 
11 47  -2.9020000000000006  5.4631191999999995  -4.7411736 
12 24  -2.902  -9.003368  3.7855288 
12 25  -2.9019999999999997  -4.9870128  10.1735288 
12 26  4.440892098500626e-16  -4.9870128  6.936090399999999 
12 27  -4.440892098500626e-16  -9.003368  0.5480904 
12 28  -1.451  -6.766935999999999  2.1668095999999997 
12 29  1.451  -7.223444799999999  8.5548096 
12 30  -1.4509999999999996  -7.223444799999999  8.5548096 
12 31  1.4509999999999992  -6.766935999999999  2.1668095999999997 
12 32  -2.902  -6.064880799999999  4.7411736 
12 33  -2.9019999999999997  -7.9254999999999995  11.1291736 
12 34  0.0  -7.9254999999999995  5.9804455999999995 
12 35  0.0  -6.064880799999999  -0.4075544000000001 
12 36  4.440892098500626e-16  -3.239368  3.7855288 
12 37  8.881784197001252e-16  0.7769872000000007  10.1735288 
12 38  -2.9019999999999992  0.7769872000000007  6.936090399999999 
12 39  -2.902  -3.239368  0.5480904 
12 40  1.451  -1.0029359999999983  2.1668095999999997 
12 41  -1.4509999999999994  -1.4594448  8.5548096 
12 42  1.451000000000001  -1.4594448  8.5548096 
12 43  -1.4509999999999998  -1.0029359999999983  2.1668095999999997 
12 44  4.440892098500626e-16  -0.30088079999999984  4.7411736 
12 45  8.881784197001252e-16  -2.1614999999999993  11.1291736 
12 46  -2.9019999999999997  -2.1614999999999993  5.9804455999999995 
12 47  -2.902  -0.30088079999999984  -0.4075544000000001 
13 24  -2.9020000000000006  -6.5409872  -2.6024712 
13 25  -2.902  -2.5246319999999995  3.7855288 
13 26  0.0  -2.5246319999999995  0.5480903999999995 
13 27  -8.881784197001252e-16  -6.5409872  -5.8399096 
13 28  -1.4510000000000005  -4.304555199999999  -4.2211904 
13 29  1.4509999999999996  -4.761063999999999  2.1668096000000006 
13 30  -1.451  -4.761063999999999  2.1668096000000006 
13 31  1.4509999999999987  -4.304555199999999  -4.2211904 
13 32  -2.9020000000000006  -3.6024999999999996  -1.6468264000000001 
13 33  -2.902  -5.4631191999999995  4.7411736 
13 34  -4.440892098500626e-16  -5.4631191999999995  -0.4075544000000004 
13 35  -4.440892098500626e-16  -3.6024999999999996  -6.7955544 
13 36  0.0  -0.7769871999999998  -2.6024712 
13 37  4.440892098500626e-16  3.2393680000000007  3.7855288 
13 38  -2.9019999999999997  3.2393680000000007  0.5480903999999995 
13 39  -2.9020000000000006  -0.7769871999999998  -5.8399096 
13 40  1.4509999999999996  1.4594448000000018  -4.2211904 
13 41  -1.4509999999999998  1.002936  2.1668096000000006 
13 42  1.4510000000000005  1.002936  2.1668096000000006 
13 43  -1.4510000000000003  1.4594448000000018  -4.2211904 
13 44  0.0  2.1615  -1.6468264000000001 
13 45  4.440892098500626e-16  0.3008808000000007  4.7411736 
13 46  -2.902  0.3008808000000007  -0.4075544000000004 
13 47  -2.9020000000000006  2.1615  -6.7955544 
14 24  -8.252329972350246e-16  -6.5409872  -6.936090399999999 
14 25  -1.8814998259141844e-16  -2.5246319999999995  -0.5480903999999995 
14 26  2.9019999999999997  -2.5246319999999995  -3.7855288 
14 27  2.901999999999999  -6.5409872  -10.1735288 
14 28  1.4509999999999994  -4.304555199999999  -8.554809599999999 
14 29  4.353  -4.761063999999999  -2.166809599999999 
14 30  1.4509999999999998  -4.761063999999999  -2.166809599999999 
14 31  4.352999999999999  -4.304555199999999  -8.554809599999999 
14 32  -5.867861827721605e-16  -3.6024999999999996  -5.9804455999999995 
14 33  -3.0956406251010137e-16  -5.4631191999999995  0.4075544000000004 
14 34  2.9019999999999992  -5.4631191999999995  -4.7411736 
14 35  2.9019999999999992  -3.6024999999999996  -11.1291736 
14 36  2.9019999999999997  -0.7769871999999998  -6.936090399999999 
14 37  2.902  3.2393680000000007  -0.5480903999999995 
14 38  -3.344270377698783e-17  3.2393680000000007  -3.7855288 
14 39  -6.705257184205938e-16  -0.7769871999999998  -10.1735288 
14 40  4.353  1.4594448000000018  -8.554809599999999 
14 41  1.451  1.002936  -2.166809599999999 
14 42  4.353000000000001  1.002936  -2.166809599999999 
14 43  1.4509999999999996  1.4594448000000018  -8.554809599999999 
14 44  2.9019999999999997  2.1615  -5.9804455999999995 
14 45  2.902  0.3008808000000007  0.4075544000000004 
14 46  -2.718895182398518e-16  0.3008808000000007  -4.7411736 
14 47  -5.49111638501911e-16  2.1615  -11.1291736 
15 24  -5.848581478374551e-16  -9.003368  -0.5480903999999995 
15 25  5.222486680615108e-17  -4.9870128  5.8399096 
15 26  2.902  -4.9870128  2.6024712 
15 27  2.9019999999999992  -9.003368  -3.7855288 
15 28  1.4509999999999996  -6.766935999999999  -2.1668095999999997 
15 29  4.353  -7.223444799999999  4.221190400000001 
15 30  1.451  -7.223444799999999  4.221190400000001 
15 31  4.352999999999999  -6.766935999999999  -2.1668095999999997 
15 32  -3.4641133337459095e-16  -6.064880799999999  0.4075544000000004 
15 33  -6.918921311253185e-17  -7.9254999999999995  6.7955544 
15 34  2.9019999999999997  -7.9254999999999995  1.6468264000000001 
15 35  2.9019999999999997  -6.064880799999999  -4.7411736 
15 36  2.902  -3.239368  -0.5480903999999995 
15 37  2.9020000000000006  0.7769872000000007  5.8399096 
15 38  2.069321456205817e-16  0.7769872000000007  2.6024712 
15 39  -4.301508690230243e-16  -3.239368  -3.7855288 
15 40  4.353  -1.0029359999999983  -2.1668095999999997 
15 41  1.4510000000000003  -1.4594448  4.221190400000001 
15 42  4.353000000000001  -1.4594448  4.221190400000001 
15 43  1.4509999999999998  -1.0029359999999983  -2.1668095999999997 
15 44  2.902  -0.30088079999999984  0.4075544000000004 
15 45  2.9020000000000006  -2.1614999999999993  6.7955544 
15 46  -3.151466884228227e-17  -2.1614999999999993  1.6468264000000001 
15 47  -3.087367891043415e-16  -0.30088079999999984  -4.7411736 
16 24  -7.828613446595817e-17  -1.7972152  0.5187055999999997 
16 25  5.58796880177648e-16  2.2191400000000003  6.9067056 
16 26  2.9020000000000006  2.2191400000000003  3.6692671999999993 
16 27  2.9019999999999997  -1.7972152  -2.7187328000000006 
16 28  1.451  0.4392168000000001  -1.1000136000000005 
16 29  4.353000000000001  -0.017291999999999863  5.2879864 
16 30  1.4510000000000005  -0.017291999999999863  5.2879864 
16 31  4.353  0.4392168000000001  -1.1000136000000005 
16 32  1.60160679996906e-16  1.1412720000000003  1.4743503999999996 
16 33  4.373828002589651e-16  -0.7193471999999999  7.8623503999999995 
16 34  2.902  -0.7193471999999999  2.7136223999999993 
16 35  2.902  1.1412720000000003  -3.6743776000000006 
16 36  2.9020000000000006  3.9667848  0.5187055999999997 
16 37  2.902000000000001  7.983140000000001  6.9067056 
16 38  7.135041589920786e-16  7.983140000000001  3.6692671999999993 
16 39  7.642114434847264e-17  3.9667848  -2.7187328000000006 
16 40  4.353000000000001  6.203216800000002  -1.1000136000000005 
16 41  1.4510000000000007  5.746708  5.2879864 
16 42  4.3530000000000015  5.746708  5.2879864 
16 43  1.4510000000000003  6.203216800000002  -1.1000136000000005 
16 44  2.9020000000000006  6.905272  1.4743503999999996 
16 45  2.902000000000001  5.044652800000001  7.8623503999999995 
16 46  4.750573445292147e-16  5.044652800000001  2.7136223999999993 
16 47  1.9783522426715546e-16  6.905272  -3.6743776000000006 
17 24  -4.952737649036671e-16  -2.2191399999999994  -5.869294399999999 
17 25  1.4180924973993905e-16  1.7972152000000006  0.5187056000000005 
17 26  2.902  1.7972152000000006  -2.7187327999999997 
17 27  2.9019999999999992  -2.2191399999999994  -9.1067328 
17 28  1.4509999999999996  0.017292000000000307  -7.4880135999999995 
17 29  4.353  -0.43921679999999963  -1.1000135999999987 
17 30  1.451  -0.43921679999999963  -1.1000135999999987 
17 31  4.352999999999999  0.017292000000000307  -7.4880135999999995 
17 32  -2.56826950440803e-16  0.7193472000000005  -4.913649599999999 
17 33  2.0395169821256127e-17  -1.1412719999999996  1.4743504000000005 
17 34  2.9019999999999997  -1.1412719999999996  -3.6743775999999997 
17 35  2.9019999999999997  0.7193472000000005  -10.0623776 
17 36  2.902  3.5448600000000003  -5.869294399999999 
17 37  2.9020000000000006  7.561215200000001  0.5187056000000005 
17 38  2.9651652855436966e-16  7.561215200000001  -2.7187327999999997 
17 39  -3.4056648608923633e-16  3.5448600000000003  -9.1067328 
17 40  4.353  5.781292000000002  -7.4880135999999995 
17 41  1.4510000000000003  5.324783200000001  -1.1000135999999987 
17 42  4.353000000000001  5.324783200000001  -1.1000135999999987 
17 43  1.4509999999999998  5.781292000000002  -7.4880135999999995 
17 44  2.902  6.483347200000001  -4.913649599999999 
17 45  2.9020000000000006  4.622728  1.4743504000000005 
17 46  5.80697140915057e-17  4.622728  -3.6743775999999997 
17 47  -2.191524061705535e-16  6.483347200000001  -10.0623776 
18 24  -2.902  -2.2191399999999994  -3.6692672 
18 25  -2.9019999999999997  1.7972152000000006  2.7187327999999997 
18 26  4.440892098500626e-16  1.7972152000000006  -0.5187056000000005 
18 27  -4.440892098500626e-16  -2.2191399999999994  -6.9067056000000004 
18 28  -1.451  0.017292000000000307  -5.2879864 
18 29  1.451  -0.43921679999999963  1.1000136000000005 
18 30  -1.4509999999999996  -0.43921679999999963  1.1000136000000005 
18 31  1.4509999999999992  0.017292000000000307  -5.2879864 
18 32  -2.902  0.7193472000000005  -2.7136224 
18 33  -2.9019999999999997  -1.1412719999999996  3.6743775999999997 
18 34  0.0  -1.1412719999999996  -1.4743504000000005 
18 35  0.0  0.7193472000000005  -7.8623504 
18 36  4.440892098500626e-16  3.5448600000000003  -3.6692672 
18 37  8.881784197001252e-16  7.561215200000001  2.7187327999999997 
18 38  -2.9019999999999992  7.561215200000001  -0.5187056000000005 
18 39  -2.902  3.5448600000000003  -6.9067056000000004 
18 40  1.451  5.781292000000002  -5.2879864 
18 41  -1.4509999999999994  5.324783200000001  1.1000136000000005 
18 42  1.451000000000001  5.324783200000001  1.1000136000000005 
18 43  -1.4509999999999998  5.781292000000002  -5.2879864 
18 44  4.440892098500626e-16  6.483347200000001  -2.7136224 
18 45  8.881784197001252e-16  4.622728  3.6743775999999997 
18 46  -2.9019999999999997  4.622728  -1.4743504000000005 
18 47  -2.902  6.483347200000001  -7.8623504 
19 24  -2.9019999999999997  -1.7972152  2.7187328 
19 25  -2.9019999999999992  2.2191400000000003  9.1067328 
19 26  8.881784197001252e-16  2.2191400000000003  5.869294399999999 
19 27  0.0  -1.7972152  -0.5187055999999999 
19 28  -1.4509999999999996  0.4392168000000001  1.1000136 
19 29  1.4510000000000005  -0.017291999999999863  7.4880136 
19 30  -1.4509999999999992  -0.017291999999999863  7.4880136 
19 31  1.4509999999999996  0.4392168000000001  1.1000136 
19 32  -2.9019999999999997  1.1412720000000003  3.6743776 
19 33  -2.9019999999999992  -0.7193471999999999  10.0623776 
19 34  4.440892098500626e-16  -0.7193471999999999  4.913649599999999 
19 35  4.440892098500626e-16  1.1412720000000003  -1.4743504 
19 36  8.881784197001252e-16  3.9667848  2.7187328 
19 37  1.3322676295501878e-15  7.983140000000001  9.1067328 
19 38  -2.901999999999999  7.983140000000001  5.869294399999999 
19 39  -2.9019999999999997  3.9667848  -0.5187055999999999 
19 40  1.4510000000000005  6.203216800000002  1.1000136 
19 41  -1.450999999999999  5.746708  7.4880136 
19 42  1.4510000000000014  5.746708  7.4880136 
19 43  -1.4509999999999994  6.203216800000002  1.1000136 
19 44  8.881784197001252e-16  6.905272  3.6743776 
19 45  1.3322676295501878e-15  5.044652800000001  10.0623776 
19 46  -2.9019999999999992  5.044652800000001  4.913649599999999 
19 47  -2.9019999999999997  6.905272  -1.4743504 
20 24  -2.9020000000000006  -7.561215200000001  0.5187055999999997 
20 25  -2.902  -3.544860000000001  6.9067056 
20 26  0.0  -3.544860000000001  3.6692671999999993 
20 27  -8.881784197001252e-16  -7.561215200000001  -2.7187328000000006 
20 28  -1.4510000000000005  -5.324783200000001  -1.1000136000000005 
20 29  1.4509999999999996  -5.7812920000000005  5.2879864 
20 30  -1.451  -5.7812920000000005  5.2879864 
20 31  1.4509999999999987  -5.324783200000001  -1.1000136000000005 
20 32  -2.9020000000000006  -4.622728  1.4743503999999996 
20 33  -2.902  -6.483347200000001  7.8623503999999995 
20 34  -4.440892098500626e-16  -6.483347200000001  2.7136223999999993 
20 35  -4.440892098500626e-16  -4.622728  -3.6743776000000006 
20 36  0.0  -1.797215200000001  0.5187055999999997 
20 37  4.440892098500626e-16  2.2191399999999994  6.9067056 
20 38  -2.9019999999999997  2.2191399999999994  3.6692671999999993 
20 39  -2.9020000000000006  -1.797215200000001  -2.7187328000000006 
20 40  1.4509999999999996  0.4392168000000005  -1.1000136000000005 
20 41  -1.4509999999999998  -0.017292000000001195  5.2879864 
20 42  1.4510000000000005  -0.017292000000001195  5.2879864 
20 43  -1.4510000000000003  0.4392168000000005  -1.1000136000000005 
20 44  0.0  1.141271999999999  1.4743503999999996 
20 45  4.440892098500626e-16  -0.7193472000000005  7.8623503999999995 
20 46  -2.902  -0.7193472000000005  2.7136223999999993 
20 47  -2.9020000000000006  1.141271999999999  -3.6743776000000006 
21 24  -2.9020000000000006  -7.983140000000001  -5.869294399999999 
21 25  -2.902  -3.9667848  0.5187056000000005 
21 26  0.0  -3.9667848  -2.7187327999999997 
21 27  -8.881784197001252e-16  -7.983140000000001  -9.1067328 
21 28  -1.4510000000000005  -5.746708  -7.4880135999999995 
21 29  1.4509999999999996  -6.2032168  -1.1000135999999987 
21 30  -1.451  -6.2032168  -1.1000135999999987 
21 31  1.4509999999999987  -5.746708  -7.4880135999999995 
21 32  -2.9020000000000006  -5.0446528  -4.913649599999999 
21 33  -2.902  -6.905272  1.4743504000000005 
21 34  -4.440892098500626e-16  -6.905272  -3.6743775999999997 
21 35  -4.440892098500626e-16  -5.0446528  -10.0623776 
21 36  0.0  -2.2191400000000003  -5.869294399999999 
21 37  4.440892098500626e-16  1.7972152000000001  0.5187056000000005 
21 38  -2.9019999999999997  1.7972152000000001  -2.7187327999999997 
21 39  -2.9020000000000006  -2.2191400000000003  -9.1067328 
21 40  1.4509999999999996  0.017292000000001195  -7.4880135999999995 
21 41  -1.4509999999999998  -0.4392168000000005  -1.1000135999999987 
21 42  1.4510000000000005  -0.4392168000000005  -1.1000135999999987 
21 43  -1.4510000000000003  0.017292000000001195  -7.4880135999999995 
21 44  0.0  0.7193471999999996  -4.913649599999999 
21 45  4.440892098500626e-16  -1.1412719999999998  1.4743504000000005 
21 46  -2.902  -1.1412719999999998  -3.6743775999999997 
21 47  -2.9020000000000006  0.7193471999999996  -10.0623776 
22 24  -7.135041589920788e-16  -7.983140000000001  -3.6692672 
22 25  -7.642114434847264e-17  -3.9667848  2.7187327999999997 
22 26  2.902  -3.9667848  -0.5187056000000005 
22 27  2.9019999999999992  -7.983140000000001  -6.9067056000000004 
22 28  1.4509999999999994  -5.746708  -5.2879864 
22 29  4.353  -6.2032168  1.1000136000000005 
22 30  1.4509999999999998  -6.2032168  1.1000136000000005 
22 31  4.352999999999999  -5.746708  -5.2879864 
22 32  -4.750573445292147e-16  -5.0446528  -2.7136224 
22 33  -1.9783522426715556e-16  -6.905272  3.6743775999999997 
22 34  2.9019999999999997  -6.905272  -1.4743504000000005 
22 35  2.9019999999999997  -5.0446528  -7.8623504 
22 36  2.902  -2.2191400000000003  -3.6692672 
22 37  2.9020000000000006  1.7972152000000001  2.7187327999999997 
22 38  7.828613446595797e-17  1.7972152000000001  -0.5187056000000005 
22 39  -5.58796880177648e-16  -2.2191400000000003  -6.9067056000000004 
22 40  4.353  0.017292000000001195  -5.2879864 
22 41  1.451  -0.4392168000000005  1.1000136000000005 
22 42  4.353000000000001  -0.4392168000000005  1.1000136000000005 
22 43  1.4509999999999996  0.017292000000001195  -5.2879864 
22 44  2.902  0.7193471999999996  -2.7136224 
22 45  2.9020000000000006  -1.1412719999999998  3.6743775999999997 
22 46  -1.60160679996906e-16  -1.1412719999999998  -1.4743504000000005 
22 47  -4.373828002589652e-16  0.7193471999999996  -7.8623504 
23 24  -2.9651652855436976e-16  -7.561215200000001  2.7187328 
23 25  3.4056648608923643e-16  -3.544860000000001  9.1067328 
23 26  2.9020000000000006  -3.544860000000001  5.869294399999999 
23 27  2.9019999999999997  -7.561215200000001  -0.5187055999999999 
23 28  1.4509999999999998  -5.324783200000001  1.1000136 
23 29  4.353  -5.7812920000000005  7.4880136 
23 30  1.4510000000000003  -5.7812920000000005  7.4880136 
23 31  4.352999999999999  -5.324783200000001  1.1000136 
23 32  -5.80697140915056e-17  -4.622728  3.6743776 
23 33  2.191524061705535e-16  -6.483347200000001  10.0623776 
23 34  2.902  -6.483347200000001  4.913649599999999 
23 35  2.902  -4.622728  -1.4743504 
23 36  2.9020000000000006  -1.797215200000001  2.7187328 
23 37  2.902000000000001  2.2191399999999994  9.1067328 
23 38  4.95273764903667e-16  2.2191399999999994  5.869294399999999 
23 39  -1.4180924973993895e-16  -1.797215200000001  -0.5187055999999999 
23 40  4.353  0.4392168000000005  1.1000136 
23 41  1.4510000000000005  -0.017292000000001195  7.4880136 
23 42  4.353000000000001  -0.017292000000001195  7.4880136 
23 43  1.451  0.4392168000000005  1.1000136 
23 44  2.9020000000000006  1.141271999999999  3.6743776 
23 45  2.902000000000001  -0.7193472000000005  10.0623776 
23 46  2.568269504408031e-16  -0.7193472000000005  4.913649599999999 
23 47  -2.0395169821256127e-17  1.141271999999999  -1.4743504 
24 0  -2.030434511604412e-16  -0.3250896000000001  -2.9908616 
24 1  4.738515572907741e-16  4.3414448000000005  3.3971383999999993 
24 2  2.902000000000001  4.3414448000000005  6.1414232 
24 3  2.902  -0.3250896000000001  -0.2465768000000006 
24 4  2.902  5.4389104  -2.9908616 
24 5  2.902000000000001  10.1054448  3.3971383999999993 
24 6  9.948337446184782e-16  10.1054448  6.1414232 
24 7  3.179387361672627e-16  5.4389104  -0.2465768000000006 
24 8  -3.344270377698783e-17  3.2393680000000007  -3.7855288 
24 9  2.0693214562058189e-16  0.7769872  2.6024712 
24 10  2.9020000000000006  0.7769872  6.936090399999999 
24 11  2.9020000000000006  3.2393680000000007  0.5480903999999995 
24 12  2.902  9.003368  -3.7855288 
24 13  2.9020000000000006  6.5409872  2.6024712 
24 14  8.252329972350246e-16  6.5409872  6.936090399999999 
24 15  5.848581478374551e-16  9.003368  0.5480903999999995 
24 16  7.828613446595817e-17  1.7972152  -0.5187055999999997 
24 17  4.952737649036671e-16  2.2191399999999994  5.869294399999999 
24 18  2.902  2.2191399999999994  3.6692672 
24 19  2.9019999999999997  1.7972152  -2.7187328 
24 20  2.9020000000000006  7.561215200000001  -0.5187055999999997 
24 21  2.9020000000000006  7.983140000000001  5.869294399999999 
24 22  7.135041589920788e-16  7.983140000000001  3.6692672 
24 23  2.9651652855436976e-16  7.561215200000001  -2.7187328 
25 0  -8.401264658040474e-16  -4.3414448000000005  -9.3788616 
25 1  -1.632314573528321e-16  0.3250896000000001  -2.9908616000000006 
25 2  2.9020000000000006  0.3250896000000001  -0.2465767999999997 
25 3  2.9019999999999997  -4.3414448000000005  -6.6345768000000005 
25 4  2.9019999999999997  1.4225551999999997  -9.3788616 
25 5  2.9020000000000006  6.0890896  -2.9908616000000006 
25 6  3.5775072997487203e-16  6.0890896  -0.2465767999999997 
25 7  -3.191442784763435e-16  1.4225551999999997  -6.6345768000000005 
25 8  -6.70525718420594e-16  -0.7769871999999998  -10.1735288 
25 9  -4.301508690230243e-16  -3.2393680000000002  -3.7855288 
25 10  2.902  -3.2393680000000002  0.5480903999999995 
25 11  2.902  -0.7769871999999998  -5.8399096 
25 12  2.9019999999999997  4.9870128  -10.1735288 
25 13  2.902  2.5246319999999995  -3.7855288 
25 14  1.8814998259141844e-16  2.5246319999999995  0.5480903999999995 
25 15  -5.222486680615108e-17  4.9870128  -5.8399096 
25 16  -5.58796880177648e-16  -2.2191400000000003  -6.9067056 
25 17  -1.4180924973993905e-16  -1.7972152000000006  -0.5187056000000005 
25 18  2.9019999999999997  -1.7972152000000006  -2.7187327999999997 
25 19  2.9019999999999992  -2.2191400000000003  -9.1067328 
25 20  2.902  3.544860000000001  -6.9067056 
25 21  2.902  3.9667848  -0.5187056000000005 
25 22  7.642114434847264e-17  3.9667848  -2.7187327999999997 
25 23  -3.4056648608923643e-16  3.544860000000001  -9.1067328 
26 0  -2.902000000000001  -4.3414448000000005  -6.1414232 
26 1  -2.902  0.3250896000000001  0.2465767999999997 
26 2  4.440892098500626e-16  0.3250896000000001  2.9908616000000006 
26 3  -4.440892098500626e-16  -4.3414448000000005  -3.3971384000000002 
26 4  -4.440892098500626e-16  1.4225551999999997  -6.1414232 
26 5  4.440892098500626e-16  6.0890896  0.2465767999999997 
26 6  -2.9019999999999997  6.0890896  2.9908616000000006 
26 7  -2.902  1.4225551999999997  -3.3971384000000002 
26 8  -2.9020000000000006  -0.7769871999999998  -6.936090399999999 
26 9  -2.9020000000000006  -3.2393680000000002  -0.5480903999999995 
26 10  0.0  -3.2393680000000002  3.7855288 
26 11  0.0  -0.7769871999999998  -2.6024712 
26 12  -4.440892098500626e-16  4.9870128  -6.936090399999999 
26 13  0.0  2.5246319999999995  -0.5480903999999995 
26 14  -2.9019999999999997  2.5246319999999995  3.7855288 
26 15  -2.902  4.9870128  -2.6024712 
26 16  -2.9020000000000006  -2.2191400000000003  -3.6692671999999993 
26 17  -2.902  -1.7972152000000006  2.7187327999999997 
26 18  -4.440892098500626e-16  -1.7972152000000006  0.5187056000000005 
26 19  -8.881784197001252e-16  -2.2191400000000003  -5.869294399999999 
26 20  0.0  3.544860000000001  -3.6692671999999993 
26 21  0.0  3.9667848  2.7187327999999997 
26 22  -2.902  3.9667848  0.5187056000000005 
26 23  -2.9020000000000006  3.544860000000001  -5.869294399999999 
27 0  -2.902  -0.3250896000000001  0.24657679999999993 
27 1  -2.9019999999999992  4.3414448000000005  6.6345768 
27 2  1.3322676295501878e-15  4.3414448000000005  9.3788616 
27 3  4.440892098500626e-16  -0.3250896000000001  2.9908615999999997 
27 4  4.440892098500626e-16  5.4389104  0.24657679999999993 
27 5  1.3322676295501878e-15  10.1054448  6.6345768 
27 6  -2.901999999999999  10.1054448  9.3788616 
27 7  -2.9019999999999992  5.4389104  2.9908615999999997 
27 8  -2.9019999999999997  3.2393680000000007  -0.5480904 
27 9  -2.9019999999999997  0.7769872  5.8399096 
27 10  8.881784197001252e-16  0.7769872  10.1735288 
27 11  8.881784197001252e-16  3.2393680000000007  3.7855288 
27 12  4.440892098500626e-16  9.003368  -0.5480904 
27 13  8.881784197001252e-16  6.5409872  5.8399096 
27 14  -2.901999999999999  6.5409872  10.1735288 
27 15  -2.9019999999999992  9.003368  3.7855288 
27 16  -2.9019999999999997  1.7972152  2.7187328000000006 
27 17  -2.9019999999999992  2.2191399999999994  9.1067328 
27 18  4.440892098500626e-16  2.2191399999999994  6.9067056000000004 
27 19  0.0  1.7972152  0.5187055999999999 
27 20  8.881784197001252e-16  7.561215200000001  2.7187328000000006 
27 21  8.881784197001252e-16  7.983140000000001  9.1067328 
27 22  -2.9019999999999992  7.983140000000001  6.9067056000000004 
27 23  -2.9019999999999997  7.561215200000001  0.5187055999999999 
28 0  -1.4510000000000003  -2.5615216  -1.3721424 
28 1  -1.4509999999999996  2.1050128000000004  5.0158575999999995 
28 2  1.451000000000001  2.1050128000000004  7.7601424 
28 3  1.451  -2.5615216  1.3721423999999995 
28 4  1.451  3.2024784  -1.3721424 
28 5  1.451000000000001  7.8690128  5.0158575999999995 
28 6  -1.4509999999999992  7.8690128  7.7601424 
28 7  -1.4509999999999998  3.2024784  1.3721423999999995 
28 8  -1.4510000000000003  1.0029360000000005  -2.1668095999999997 
28 9  -1.4509999999999998  -1.4594448  4.2211904 
28 10  1.4510000000000005  -1.4594448  8.554809599999999 
28 11  1.4510000000000005  1.0029360000000005  2.1668095999999997 
28 12  1.451  6.766935999999999  -2.1668095999999997 
28 13  1.4510000000000005  4.304555199999999  4.2211904 
28 14  -1.4509999999999994  4.304555199999999  8.554809599999999 
28 15  -1.4509999999999996  6.766935999999999  2.1668095999999997 
28 16  -1.451  -0.4392168000000001  1.1000136000000005 
28 17  -1.4509999999999996  -0.017292000000000307  7.4880135999999995 
28 18  1.451  -0.017292000000000307  5.2879864 
28 19  1.4509999999999996  -0.4392168000000001  -1.1000136 
28 20  1.4510000000000005  5.324783200000001  1.1000136000000005 
28 21  1.4510000000000005  5.746708  7.4880135999999995 
28 22  -1.4509999999999994  5.746708  5.2879864 
28 23  -1.4509999999999998  5.324783200000001  -1.1000136 
29 0  -4.353000000000001  -2.1050128  -7.760142400000001 
29 1  -4.353  2.5615216000000003  -1.3721424000000013 
29 2  -1.4509999999999992  2.5615216000000003  1.3721423999999995 
29 3  -1.451  -2.1050128  -5.015857600000001 
29 4  -1.451  3.6589872  -7.760142400000001 
29 5  -1.4509999999999992  8.3255216  -1.3721424000000013 
29 6  -4.352999999999999  8.3255216  1.3721423999999995 
29 7  -4.353  3.6589872  -5.015857600000001 
29 8  -4.353000000000001  1.4594448000000004  -8.5548096 
29 9  -4.353  -1.002936  -2.1668096000000006 
29 10  -1.4509999999999996  -1.002936  2.166809599999999 
29 11  -1.4509999999999996  1.4594448000000004  -4.221190400000001 
29 12  -1.451  7.223444799999999  -8.5548096 
29 13  -1.4509999999999996  4.761063999999999  -2.1668096000000006 
29 14  -4.353  4.761063999999999  2.166809599999999 
29 15  -4.353  7.223444799999999  -4.221190400000001 
29 16  -4.353000000000001  0.017291999999999863  -5.2879864 
29 17  -4.353  0.43921679999999963  1.1000135999999987 
29 18  -1.451  0.43921679999999963  -1.1000136000000005 
29 19  -1.4510000000000005  0.017291999999999863  -7.4880136 
29 20  -1.4509999999999996  5.7812920000000005  -5.2879864 
29 21  -1.4509999999999996  6.2032168  1.1000135999999987 
29 22  -4.353  6.2032168  -1.1000136000000005 
29 23  -4.353  5.7812920000000005  -7.4880136 
30 0  -1.4510000000000007  -2.1050128  -7.760142400000001 
30 1  -1.451  2.5615216000000003  -1.3721424000000013 
30 2  1.4510000000000005  2.5615216000000003  1.3721423999999995 
30 3  1.4509999999999996  -2.1050128  -5.015857600000001 
30 4  1.4509999999999996  3.6589872  -7.760142400000001 
30 5  1.4510000000000005  8.3255216  -1.3721424000000013 
30 6  -1.4509999999999996  8.3255216  1.3721423999999995 
30 7  -1.4510000000000003  3.6589872  -5.015857600000001 
30 8  -1.4510000000000007  1.4594448000000004  -8.5548096 
30 9  -1.4510000000000003  -1.002936  -2.1668096000000006 
30 10  1.451  -1.002936  2.166809599999999 
30 11  1.451  1.4594448000000004  -4.221190400000001 
30 12  1.4509999999999996  7.223444799999999  -8.5548096 
30 13  1.451  4.761063999999999  -2.1668096000000006 
30 14  -1.4509999999999998  4.761063999999999  2.166809599999999 
30 15  -1.451  7.223444799999999  -4.221190400000001 
30 16  -1.4510000000000005  0.017291999999999863  -5.2879864 
30 17  -1.451  0.43921679999999963  1.1000135999999987 
30 18  1.4509999999999996  0.43921679999999963  -1.1000136000000005 
30 19  1.4509999999999992  0.017291999999999863  -7.4880136 
30 20  1.451  5.7812920000000005  -5.2879864 
30 21  1.451  6.2032168  1.1000135999999987 
30 22  -1.4509999999999998  6.2032168  -1.1000136000000005 
30 23  -1.4510000000000003  5.7812920000000005  -7.4880136 
31 0  -4.353  -2.5615216  -1.3721424 
31 1  -4.352999999999999  2.1050128000000004  5.0158575999999995 
31 2  -1.4509999999999983  2.1050128000000004  7.7601424 
31 3  -1.4509999999999992  -2.5615216  1.3721423999999995 
31 4  -1.4509999999999992  3.2024784  -1.3721424 
31 5  -1.4509999999999983  7.8690128  5.0158575999999995 
31 6  -4.352999999999998  7.8690128  7.7601424 
31 7  -4.352999999999999  3.2024784  1.3721423999999995 
31 8  -4.353  1.0029360000000005  -2.1668095999999997 
31 9  -4.352999999999999  -1.4594448  4.2211904 
31 10  -1.4509999999999987  -1.4594448  8.554809599999999 
31 11  -1.4509999999999987  1.0029360000000005  2.1668095999999997 
31 12  -1.4509999999999992  6.766935999999999  -2.1668095999999997 
31 13  -1.4509999999999987  4.304555199999999  4.2211904 
31 14  -4.352999999999999  4.304555199999999  8.554809599999999 
31 15  -4.352999999999999  6.766935999999999  2.1668095999999997 
31 16  -4.353  -0.4392168000000001  1.1000136000000005 
31 17  -4.352999999999999  -0.017292000000000307  7.4880135999999995 
31 18  -1.4509999999999992  -0.017292000000000307  5.2879864 
31 19  -1.4509999999999996  -0.4392168000000001  -1.1000136 
31 20  -1.4509999999999987  5.324783200000001  1.1000136000000005 
31 21  -1.4509999999999987  5.746708  7.4880135999999995 
31 22  -4.352999999999999  5.746708  5.2879864 
31 23  -4.352999999999999  5.324783200000001  -1.1000136 
32 0  -4.414902656233054e-16  -3.2635768  -3.9465064 
32 1  2.3540474282790993e-16  1.4029576000000001  2.4414935999999994 
32 2  2.902000000000001  1.4029576000000001  5.1857784 
32 3  2.902  -3.2635768  -1.2022216000000006 
32 4  2.902  2.5004231999999997  -3.9465064 
32 5  2.902000000000001  7.1669576  2.4414935999999994 
32 6  7.563869301556141e-16  7.1669576  5.1857784 
32 7  7.949192170439856e-17  2.5004231999999997  -1.2022216000000006 
32 8  -2.71889518239852e-16  0.3008808000000003  -4.7411736 
32 9  -3.151466884228227e-17  -2.1615  1.6468264000000001 
32 10  2.9020000000000006  -2.1615  5.9804455999999995 
32 11  2.9020000000000006  0.3008808000000003  -0.4075544000000004 
32 12  2.902  6.064880799999999  -4.7411736 
32 13  2.9020000000000006  3.6024999999999996  1.6468264000000001 
32 14  5.867861827721605e-16  3.6024999999999996  5.9804455999999995 
32 15  3.4641133337459095e-16  6.064880799999999  -0.4075544000000004 
32 16  -1.60160679996906e-16  -1.1412720000000003  -1.4743503999999996 
32 17  2.56826950440803e-16  -0.7193472000000005  4.913649599999999 
32 18  2.902  -0.7193472000000005  2.7136224 
32 19  2.9019999999999997  -1.1412720000000003  -3.6743776 
32 20  2.9020000000000006  4.622728  -1.4743503999999996 
32 21  2.9020000000000006  5.0446528  4.913649599999999 
32 22  4.750573445292147e-16  5.0446528  2.7136224 
32 23  5.80697140915056e-17  4.622728  -3.6743776 
33 0  -7.187123858853645e-16  -1.4029576000000001  -10.3345064 
33 1  -4.181737743414918e-17  3.2635768  -3.9465064000000005 
33 2  2.9020000000000006  3.2635768  -1.2022215999999997 
33 3  2.9019999999999997  -1.4029576000000001  -7.5902216000000005 
33 4  2.9019999999999997  4.3610424  -10.3345064 
33 5  2.9020000000000006  9.0275768  -3.9465064000000005 
33 6  4.79164809893555e-16  9.0275768  -1.2022215999999997 
33 7  -1.9773019855766055e-16  4.3610424  -7.5902216000000005 
33 8  -5.491116385019111e-16  2.1615  -11.1291736 
33 9  -3.087367891043414e-16  -0.30088080000000006  -4.7411736 
33 10  2.902  -0.30088080000000006  -0.4075544000000004 
33 11  2.902  2.1615  -6.7955544 
33 12  2.9019999999999997  7.9254999999999995  -11.1291736 
33 13  2.902  5.4631191999999995  -4.7411736 
33 14  3.0956406251010137e-16  5.4631191999999995  -0.4075544000000004 
33 15  6.918921311253185e-17  7.9254999999999995  -6.7955544 
33 16  -4.373828002589651e-16  0.7193471999999999  -7.8623503999999995 
33 17  -2.0395169821256127e-17  1.1412719999999996  -1.4743504000000005 
33 18  2.9019999999999997  1.1412719999999996  -3.6743775999999997 
33 19  2.9019999999999992  0.7193471999999999  -10.0623776 
33 20  2.902  6.483347200000001  -7.8623503999999995 
33 21  2.902  6.905272  -1.4743504000000005 
33 22  1.9783522426715556e-16  6.905272  -3.6743775999999997 
33 23  -2.191524061705535e-16  6.483347200000001  -10.0623776 
34 0  -2.9020000000000006  -1.4029576000000001  -5.1857784 
34 1  -2.9019999999999997  3.2635768  1.2022215999999997 
34 2  8.881784197001252e-16  3.2635768  3.9465064000000005 
34 3  0.0  -1.4029576000000001  -2.4414936000000003 
34 4  0.0  4.3610424  -5.1857784 
34 5  8.881784197001252e-16  9.0275768  1.2022215999999997 
34 6  -2.9019999999999992  9.0275768  3.9465064000000005 
34 7  -2.9019999999999997  4.3610424  -2.4414936000000003 
34 8  -2.902  2.1615  -5.9804455999999995 
34 9  -2.902  -0.30088080000000006  0.4075544000000004 
34 10  4.440892098500626e-16  -0.30088080000000006  4.7411736 
34 11  4.440892098500626e-16  2.1615  -1.6468264000000001 
34 12  0.0  7.9254999999999995  -5.9804455999999995 
34 13  4.440892098500626e-16  5.4631191999999995  0.4075544000000004 
34 14  -2.9019999999999992  5.4631191999999995  4.7411736 
34 15  -2.9019999999999997  7.9254999999999995  -1.6468264000000001 
34 16  -2.902  0.7193471999999999  -2.7136223999999993 
34 17  -2.9019999999999997  1.1412719999999996  3.6743775999999997 
34 18  0.0  1.1412719999999996  1.4743504000000005 
34 19  -4.440892098500626e-16  0.7193471999999999  -4.913649599999999 
34 20  4.440892098500626e-16  6.483347200000001  -2.7136223999999993 
34 21  4.440892098500626e-16  6.905272  3.6743775999999997 
34 22  -2.9019999999999997  6.905272  1.4743504000000005 
34 23  -2.902  6.483347200000001  -4.913649599999999 
35 0  -2.9020000000000006  -3.2635768  1.2022216000000001 
35 1  -2.9019999999999997  1.4029576000000001  7.5902216 
35 2  8.881784197001252e-16  1.4029576000000001  10.3345064 
35 3  0.0  -3.2635768  3.9465063999999996 
35 4  0.0  2.5004231999999997  1.2022216000000001 
35 5  8.881784197001252e-16  7.1669576  7.5902216 
35 6  -2.9019999999999992  7.1669576  10.3345064 
35 7  -2.9019999999999997  2.5004231999999997  3.9465063999999996 
35 8  -2.902  0.3008808000000003  0.4075544000000001 
35 9  -2.902  -2.1615  6.7955544 
35 10  4.440892098500626e-16  -2.1615  11.1291736 
35 11  4.440892098500626e-16  0.3008808000000003  4.7411736 
35 12  0.0  6.064880799999999  0.4075544000000001 
35 13  4.440892098500626e-16  3.6024999999999996  6.7955544 
35 14  -2.9019999999999992  3.6024999999999996  11.1291736 
35 15  -2.9019999999999997  6.064880799999999  4.7411736 
35 16  -2.902  -1.1412720000000003  3.6743776000000006 
35 17  -2.9019999999999997  -0.7193472000000005  10.0623776 
35 18  0.0  -0.7193472000000005  7.8623504 
35 19  -4.440892098500626e-16  -1.1412720000000003  1.4743504 
35 20  4.440892098500626e-16  4.622728  3.6743776000000006 
35 21  4.440892098500626e-16  5.0446528  10.0623776 
35 22  -2.9019999999999997  5.0446528  7.8623504 
35 23  -2.902  4.622728  1.4743504 
36 0  -2.902000000000001  -6.0890896  -2.9908616 
36 1  -2.902  -1.4225551999999997  3.3971383999999993 
36 2  4.440892098500626e-16  -1.4225551999999997  6.1414232 
36 3  -4.440892098500626e-16  -6.0890896  -0.2465768000000006 
36 4  -4.440892098500626e-16  -0.3250896000000001  -2.9908616 
36 5  4.440892098500626e-16  4.3414448000000005  3.3971383999999993 
36 6  -2.9019999999999997  4.3414448000000005  6.1414232 
36 7  -2.902  -0.3250896000000001  -0.2465768000000006 
36 8  -2.9020000000000006  -2.5246319999999995  -3.7855288 
36 9  -2.9020000000000006  -4.9870128000000005  2.6024712 
36 10  0.0  -4.9870128000000005  6.936090399999999 
36 11  0.0  -2.5246319999999995  0.5480903999999995 
36 12  -4.440892098500626e-16  3.239368  -3.7855288 
36 13  0.0  0.7769871999999998  2.6024712 
36 14  -2.9019999999999997  0.7769871999999998  6.936090399999999 
36 15  -2.902  3.239368  0.5480903999999995 
36 16  -2.9020000000000006  -3.9667848  -0.5187055999999997 
36 17  -2.902  -3.5448600000000003  5.869294399999999 
36 18  -4.440892098500626e-16  -3.5448600000000003  3.6692672 
36 19  -8.881784197001252e-16  -3.9667848  -2.7187328 
36 20  0.0  1.797215200000001  -0.5187055999999997 
36 21  0.0  2.2191400000000003  5.869294399999999 
36 22  -2.902  2.2191400000000003  3.6692672 
36 23  -2.9020000000000006  1.797215200000001  -2.7187328 
37 0  -2.9020000000000015  -10.1054448  -9.3788616 
37 1  -2.9020000000000006  -5.4389104  -2.9908616000000006 
37 2  0.0  -5.4389104  -0.2465767999999997 
37 3  -8.881784197001252e-16  -10.1054448  -6.6345768000000005 
37 4  -8.881784197001252e-16  -4.3414448000000005  -9.3788616 
37 5  0.0  0.3250896000000001  -2.9908616000000006 
37 6  -2.902  0.3250896000000001  -0.2465767999999997 
37 7  -2.9020000000000006  -4.3414448000000005  -6.6345768000000005 
37 8  -2.902000000000001  -6.5409872  -10.1735288 
37 9  -2.902000000000001  -9.003368  -3.7855288 
37 10  -4.440892098500626e-16  -9.003368  0.5480903999999995 
37 11  -4.440892098500626e-16  -6.5409872  -5.8399096 
37 12  -8.881784197001252e-16  -0.7769872000000007  -10.1735288 
37 13  -4.440892098500626e-16  -3.2393680000000007  -3.7855288 
37 14  -2.902  -3.2393680000000007  0.5480903999999995 
37 15  -2.9020000000000006  -0.7769872000000007  -5.8399096 
37 16  -2.902000000000001  -7.983140000000001  -6.9067056 
37 17  -2.9020000000000006  -7.561215200000001  -0.5187056000000005 
37 18  -8.881784197001252e-16  -7.561215200000001  -2.7187327999999997 
37 19  -1.3322676295501878e-15  -7.983140000000001  -9.1067328 
37 20  -4.440892098500626e-16  -2.2191399999999994  -6.9067056 
37 21  -4.440892098500626e-16  -1.7972152000000001  -0.5187056000000005 
37 22  -2.9020000000000006  -1.7972152000000001  -2.7187327999999997 
37 23  -2.902000000000001  -2.2191399999999994  -9.1067328 
38 0  -9.94833744618478e-16  -10.1054448  -6.1414232 
38 1  -3.179387361672627e-16  -5.4389104  0.2465767999999997 
38 2  2.902  -5.4389104  2.9908616000000006 
38 3  2.9019999999999992  -10.1054448  -3.3971384000000002 
38 4  2.9019999999999992  -4.3414448000000005  -6.1414232 
38 5  2.902  0.3250896000000001  0.2465767999999997 
38 6  2.0304345116044142e-16  0.3250896000000001  2.9908616000000006 
38 7  -4.738515572907741e-16  -4.3414448000000005  -3.3971384000000002 
38 8  -8.252329972350246e-16  -6.5409872  -6.936090399999999 
38 9  -5.848581478374549e-16  -9.003368  -0.5480903999999995 
38 10  2.9019999999999997  -9.003368  3.7855288 
38 11  2.9019999999999997  -6.5409872  -2.6024712 
38 12  2.9019999999999992  -0.7769872000000007  -6.936090399999999 
38 13  2.9019999999999997  -3.2393680000000007  -0.5480903999999995 
38 14  3.344270377698783e-17  -3.2393680000000007  3.7855288 
38 15  -2.069321456205817e-16  -0.7769872000000007  -2.6024712 
38 16  -7.135041589920786e-16  -7.983140000000001  -3.6692671999999993 
38 17  -2.9651652855436966e-16  -7.561215200000001  2.7187327999999997 
38 18  2.9019999999999992  -7.561215200000001  0.5187056000000005 
38 19  2.901999999999999  -7.983140000000001  -5.869294399999999 
38 20  2.9019999999999997  -2.2191399999999994  -3.6692671999999993 
38 21  2.9019999999999997  -1.7972152000000001  2.7187327999999997 
38 22  -7.828613446595797e-17  -1.7972152000000001  0.5187056000000005 
38 23  -4.95273764903667e-16  -2.2191399999999994  -5.869294399999999 
39 0  -3.5775072997487203e-16  -6.0890896  0.24657679999999993 
39 1  3.191442784763433e-16  -1.4225551999999997  6.6345768 
39 2  2.902000000000001  -1.4225551999999997  9.3788616 
39 3  2.902  -6.0890896  2.9908615999999997 
39 4  2.902  -0.3250896000000001  0.24657679999999993 
39 5  2.902000000000001  4.3414448000000005  6.6345768 
39 6  8.401264658040474e-16  4.3414448000000005  9.3788616 
39 7  1.632314573528319e-16  -0.3250896000000001  2.9908615999999997 
39 8  -1.8814998259141864e-16  -2.5246319999999995  -0.5480904 
39 9  5.222486680615108e-17  -4.9870128000000005  5.8399096 
39 10  2.9020000000000006  -4.9870128000000005  10.1735288 
39 11  2.9020000000000006  -2.5246319999999995  3.7855288 
39 12  2.902  3.239368  -0.5480904 
39 13  2.9020000000000006  0.7769871999999998  5.8399096 
39 14  6.705257184205938e-16  0.7769871999999998  10.1735288 
39 15  4.301508690230243e-16  3.239368  3.7855288 
39 16  -7.642114434847264e-17  -3.9667848  2.7187328000000006 
39 17  3.4056648608923633e-16  -3.5448600000000003  9.1067328 
39 18  2.902  -3.5448600000000003  6.9067056000000004 
39 19  2.9019999999999997  -3.9667848  0.5187055999999999 
39 20  2.9020000000000006  1.797215200000001  2.7187328000000006 
39 21  2.9020000000000006  2.2191400000000003  9.1067328 
39 22  5.58796880177648e-16  2.2191400000000003  6.9067056000000004 
39 23  1.4180924973993895e-16  1.797215200000001  0.5187055999999999 
40 0  -4.353000000000001  -8.325521600000002  -1.3721424 
40 1  -4.353  -3.658987200000001  5.0158575999999995 
40 2  -1.4509999999999992  -3.658987200000001  7.7601424 
40 3  -1.451  -8.325521600000002  1.3721423999999995 
40 4  -1.451  -2.5615216000000016  -1.3721424 
40 5  -1.4509999999999992  2.105012799999999  5.0158575999999995 
40 6  -4.352999999999999  2.105012799999999  7.7601424 
40 7  -4.353  -2.5615216000000016  1.3721423999999995 
40 8  -4.353000000000001  -4.761064000000001  -2.1668095999999997 
40 9  -4.353  -7.223444800000001  4.2211904 
40 10  -1.4509999999999996  -7.223444800000001  8.554809599999999 
40 11  -1.4509999999999996  -4.761064000000001  2.1668095999999997 
40 12  -1.451  1.0029359999999983  -2.1668095999999997 
40 13  -1.4509999999999996  -1.4594448000000018  4.2211904 
40 14  -4.353  -1.4594448000000018  8.554809599999999 
40 15  -4.353  1.0029359999999983  2.1668095999999997 
40 16  -4.353000000000001  -6.203216800000002  1.1000136000000005 
40 17  -4.353  -5.781292000000002  7.4880135999999995 
40 18  -1.451  -5.781292000000002  5.2879864 
40 19  -1.4510000000000005  -6.203216800000002  -1.1000136 
40 20  -1.4509999999999996  -0.4392168000000005  1.1000136000000005 
40 21  -1.4509999999999996  -0.017292000000001195  7.4880135999999995 
40 22  -4.353  -0.017292000000001195  5.2879864 
40 23  -4.353  -0.4392168000000005  -1.1000136 
41 0  -1.451000000000001  -7.8690128  -7.760142400000001 
41 1  -1.4510000000000003  -3.2024783999999995  -1.3721424000000013 
41 2  1.4510000000000003  -3.2024783999999995  1.3721423999999995 
41 3  1.4509999999999994  -7.8690128  -5.015857600000001 
41 4  1.4509999999999994  -2.1050128  -7.760142400000001 
41 5  1.4510000000000003  2.5615216000000007  -1.3721424000000013 
41 6  -1.4509999999999998  2.5615216000000007  1.3721423999999995 
41 7  -1.4510000000000005  -2.1050128  -5.015857600000001 
41 8  -1.451000000000001  -4.304555199999999  -8.5548096 
41 9  -1.4510000000000005  -6.766935999999999  -2.1668096000000006 
41 10  1.4509999999999998  -6.766935999999999  2.166809599999999 
41 11  1.4509999999999998  -4.304555199999999  -4.221190400000001 
41 12  1.4509999999999994  1.4594448  -8.5548096 
41 13  1.4509999999999998  -1.002936  -2.1668096000000006 
41 14  -1.451  -1.002936  2.166809599999999 
41 15  -1.4510000000000003  1.4594448  -4.221190400000001 
41 16  -1.4510000000000007  -5.746708  -5.2879864 
41 17  -1.4510000000000003  -5.324783200000001  1.1000135999999987 
41 18  1.4509999999999994  -5.324783200000001  -1.1000136000000005 
41 19  1.450999999999999  -5.746708  -7.4880136 
41 20  1.4509999999999998  0.017292000000001195  -5.2879864 
41 21  1.4509999999999998  0.4392168000000005  1.1000135999999987 
41 22  -1.451  0.4392168000000005  -1.1000136000000005 
41 23  -1.4510000000000005  0.017292000000001195  -7.4880136 
42 0  -4.3530000000000015  -7.8690128  -7.760142400000001 
42 1  -4.353000000000001  -3.2024783999999995  -1.3721424000000013 
42 2  -1.451  -3.2024783999999995  1.3721423999999995 
42 3  -1.451000000000001  -7.8690128  -5.015857600000001 
42 4  -1.451000000000001  -2.1050128  -7.760142400000001 
42 5  -1.451  2.5615216000000007  -1.3721424000000013 
42 6  -4.353  2.5615216000000007  1.3721423999999995 
42 7  -4.353000000000001  -2.1050128  -5.015857600000001 
42 8  -4.3530000000000015  -4.304555199999999  -8.5548096 
42 9  -4.353000000000001  -6.766935999999999  -2.1668096000000006 
42 10  -1.4510000000000005  -6.766935999999999  2.166809599999999 
42 11  -1.4510000000000005  -4.304555199999999  -4.221190400000001 
42 12  -1.451000000000001  1.4594448  -8.5548096 
42 13  -1.4510000000000005  -1.002936  -2.1668096000000006 
42 14  -4.353000000000001  -1.002936  2.166809599999999 
42 15  -4.353000000000001  1.4594448  -4.221190400000001 
42 16  -4.3530000000000015  -5.746708  -5.2879864 
42 17  -4.353000000000001  -5.324783200000001  1.1000135999999987 
42 18  -1.451000000000001  -5.324783200000001  -1.1000136000000005 
42 19  -1.4510000000000014  -5.746708  -7.4880136 
42 20  -1.4510000000000005  0.017292000000001195  -5.2879864 
42 21  -1.4510000000000005  0.4392168000000005  1.1000135999999987 
42 22  -4.353000000000001  0.4392168000000005  -1.1000136000000005 
42 23  -4.353000000000001  0.017292000000001195  -7.4880136 
43 0  -1.4510000000000005  -8.325521600000002  -1.3721424 
43 1  -1.4509999999999998  -3.658987200000001  5.0158575999999995 
43 2  1.4510000000000007  -3.658987200000001  7.7601424 
43 3  1.4509999999999998  -8.325521600000002  1.3721423999999995 
43 4  1.4509999999999998  -2.5615216000000016  -1.3721424 
43 5  1.4510000000000007  2.105012799999999  5.0158575999999995 
43 6  -1.4509999999999994  2.105012799999999  7.7601424 
43 7  -1.451  -2.5615216000000016  1.3721423999999995 
43 8  -1.4510000000000005  -4.761064000000001  -2.1668095999999997 
43 9  -1.451  -7.223444800000001  4.2211904 
43 10  1.4510000000000003  -7.223444800000001  8.554809599999999 
43 11  1.4510000000000003  -4.761064000000001  2.1668095999999997 
43 12  1.4509999999999998  1.0029359999999983  -2.1668095999999997 
43 13  1.4510000000000003  -1.4594448000000018  4.2211904 
43 14  -1.4509999999999996  -1.4594448000000018  8.554809599999999 
43 15  -1.4509999999999998  1.0029359999999983  2.1668095999999997 
43 16  -1.4510000000000003  -6.203216800000002  1.1000136000000005 
43 17  -1.4509999999999998  -5.781292000000002  7.4880135999999995 
43 18  1.4509999999999998  -5.781292000000002  5.2879864 
43 19  1.4509999999999994  -6.203216800000002  -1.1000136 
43 20  1.4510000000000003  -0.4392168000000005  1.1000136000000005 
43 21  1.4510000000000003  -0.017292000000001195  7.4880135999999995 
43 22  -1.4509999999999996  -0.017292000000001195  5.2879864 
43 23  -1.451  -0.4392168000000005  -1.1000136 
44 0  -2.902000000000001  -9.0275768  -3.9465064 
44 1  -2.902  -4.3610424  2.4414935999999994 
44 2  4.440892098500626e-16  -4.3610424  5.1857784 
44 3  -4.440892098500626e-16  -9.0275768  -1.2022216000000006 
44 4  -4.440892098500626e-16  -3.2635768  -3.9465064 
44 5  4.440892098500626e-16  1.4029576000000006  2.4414935999999994 
44 6  -2.9019999999999997  1.4029576000000006  5.1857784 
44 7  -2.902  -3.2635768  -1.2022216000000006 
44 8  -2.9020000000000006  -5.4631191999999995  -4.7411736 
44 9  -2.9020000000000006  -7.9254999999999995  1.6468264000000001 
44 10  0.0  -7.9254999999999995  5.9804455999999995 
44 11  0.0  -5.4631191999999995  -0.4075544000000004 
44 12  -4.440892098500626e-16  0.30088079999999984  -4.7411736 
44 13  0.0  -2.1615  1.6468264000000001 
44 14  -2.9019999999999997  -2.1615  5.9804455999999995 
44 15  -2.902  0.30088079999999984  -0.4075544000000004 
44 16  -2.9020000000000006  -6.905272  -1.4743503999999996 
44 17  -2.902  -6.483347200000001  4.913649599999999 
44 18  -4.440892098500626e-16  -6.483347200000001  2.7136224 
44 19  -8.881784197001252e-16  -6.905272  -3.6743776 
44 20  0.0  -1.141271999999999  -1.4743503999999996 
44 21  0.0  -0.7193471999999996  4.913649599999999 
44 22  -2.902  -0.7193471999999996  2.7136224 
44 23  -2.9020000000000006  -1.141271999999999  -3.6743776 
45 0  -2.9020000000000015  -7.166957600000001  -10.3345064 
45 1  -2.9020000000000006  -2.5004232  -3.9465064000000005 
45 2  0.0  -2.5004232  -1.2022215999999997 
45 3  -8.881784197001252e-16  -7.166957600000001  -7.5902216000000005 
45 4  -8.881784197001252e-16  -1.4029576000000006  -10.3345064 
45 5  0.0  3.2635768  -3.9465064000000005 
45 6  -2.902  3.2635768  -1.2022215999999997 
45 7  -2.9020000000000006  -1.4029576000000006  -7.5902216000000005 
45 8  -2.902000000000001  -3.6025  -11.1291736 
45 9  -2.902000000000001  -6.064880800000001  -4.7411736 
45 10  -4.440892098500626e-16  -6.064880800000001  -0.4075544000000004 
45 11  -4.440892098500626e-16  -3.6025  -6.7955544 
45 12  -8.881784197001252e-16  2.1614999999999993  -11.1291736 
45 13  -4.440892098500626e-16  -0.3008808000000007  -4.7411736 
45 14  -2.902  -0.3008808000000007  -0.4075544000000004 
45 15  -2.9020000000000006  2.1614999999999993  -6.7955544 
45 16  -2.902000000000001  -5.044652800000001  -7.8623503999999995 
45 17  -2.9020000000000006  -4.622728  -1.4743504000000005 
45 18  -8.881784197001252e-16  -4.622728  -3.6743775999999997 
45 19  -1.3322676295501878e-15  -5.044652800000001  -10.0623776 
45 20  -4.440892098500626e-16  0.7193472000000005  -7.8623503999999995 
45 21  -4.440892098500626e-16  1.1412719999999998  -1.4743504000000005 
45 22  -2.9020000000000006  1.1412719999999998  -3.6743775999999997 
45 23  -2.902000000000001  0.7193472000000005  -10.0623776 
46 0  -7.563869301556141e-16  -7.166957600000001  -5.1857784 
46 1  -7.949192170439876e-17  -2.5004232  1.2022215999999997 
46 2  2.9020000000000006  -2.5004232  3.9465064000000005 
46 3  2.9019999999999997  -7.166957600000001  -2.4414936000000003 
46 4  2.9019999999999997  -1.4029576000000006  -5.1857784 
46 5  2.9020000000000006  3.2635768  1.2022215999999997 
46 6  4.414902656233054e-16  3.2635768  3.9465064000000005 
46 7  -2.3540474282791012e-16  -1.4029576000000006  -2.4414936000000003 
46 8  -5.867861827721607e-16  -3.6025  -5.9804455999999995 
46 9  -3.4641133337459095e-16  -6.064880800000001  0.4075544000000004 
46 10  2.902  -6.064880800000001  4.7411736 
46 11  2.902  -3.6025  -1.6468264000000001 
46 12  2.9019999999999997  2.1614999999999993  -5.9804455999999995 
46 13  2.902  -0.3008808000000007  0.4075544000000004 
46 14  2.718895182398518e-16  -0.3008808000000007  4.7411736 
46 15  3.151466884228227e-17  2.1614999999999993  -1.6468264000000001 
46 16  -4.750573445292147e-16  -5.044652800000001  -2.7136223999999993 
46 17  -5.80697140915057e-17  -4.622728  3.6743775999999997 
46 18  2.9019999999999997  -4.622728  1.4743504000000005 
46 19  2.9019999999999992  -5.044652800000001  -4.913649599999999 
46 20  2.902  0.7193472000000005  -2.7136223999999993 
46 21  2.902  1.1412719999999998  3.6743775999999997 
46 22  1.60160679996906e-16  1.1412719999999998  1.4743504000000005 
46 23  -2.568269504408031e-16  0.7193472000000005  -4.913649599999999 
47 0  -4.791648098935549e-16  -9.0275768  1.2022216000000001 
47 1  1.9773019855766045e-16  -4.3610424  7.5902216 
47 2  2.902000000000001  -4.3610424  10.3345064 
47 3  2.902  -9.0275768  3.9465063999999996 
47 4  2.902  -3.2635768  1.2022216000000001 
47 5  2.902000000000001  1.4029576000000006  7.5902216 
47 6  7.187123858853646e-16  1.4029576000000006  10.3345064 
47 7  4.181737743414908e-17  -3.2635768  3.9465063999999996 
47 8  -3.0956406251010147e-16  -5.4631191999999995  0.4075544000000001 
47 9  -6.918921311253175e-17  -7.9254999999999995  6.7955544 
47 10  2.9020000000000006  -7.9254999999999995  11.1291736 
47 11  2.9020000000000006  -5.4631191999999995  4.7411736 
47 12  2.902  0.30088079999999984  0.4075544000000001 
47 13  2.9020000000000006  -2.1615  6.7955544 
47 14  5.49111638501911e-16  -2.1615  11.1291736 
47 15  3.087367891043415e-16  0.30088079999999984  4.7411736 
47 16  -1.9783522426715546e-16  -6.905272  3.6743776000000006 
47 17  2.191524061705535e-16  -6.483347200000001  10.0623776 
47 18  2.902  -6.483347200000001  7.8623504 
47 19  2.9019999999999997  -6.905272  1.4743504 
47 20  2.9020000000000006  -1.141271999999999  3.6743776000000006 
47 21  2.9020000000000006  -0.7193471999999996  10.0623776 
47 22  4.373828002589652e-16  -0.7193471999999996  7.8623504 
47 23  2.0395169821256127e-17  -1.141271999999999  1.4743504 