         0        24   4.63872
         0        25   4.63872
         0        26   1.71996
         0        27   1.71996
         0        28
         0        29   3.47315
         0        30   3.47315
         0        31   3.47315
         0        32   4.63872
         0        33   4.63872
         0        34   4.63872
         0        35   4.63872
         0        36   3.47315
         0        37
         0        38   3.47315
         0        39   3.47315
         0        40   1.71996
         0        41   1.71996
         0        42   4.63872
         0        43   4.63872
         0        44   3.47315
         0        45   3.47315
         0        46   3.47315
         0        47
         0        48   4.63872
         0        49   4.63872
         0        50   4.63872
         0        51   4.63872
         0        52   3.47315
         0        53   3.47315
         0        54
         0        55   3.47315
         1        24   3.66682
         1        25   4.66488   4.76944
         1        26   2.04649
         1        27   2.04649
         1        28   3.58968
         1        29   2.07272
         1        30   2.07272
         1        31   2.07272
         1        32   3.66682
         1        33   4.66488   4.76944
         1        34   4.66488   4.76944
         1        35   4.66488   4.76944
         1        36   3.65002
         1        37
         1        38   4.72292   4.68547
         1        39   4.72292   4.68547
         1        40   3.54170
         1        41   2.04649
         1        42   4.66488   4.76944
         1        43
         1        44   3.65002
         1        45   4.72292   4.68547
         1        46   4.72292   4.68547
         1        47
         1        48   3.66682
         1        49
         1        50
         1        51   4.66488   4.76944
         1        52   3.65002
         1        53   4.72292   4.68547
         1        54
         1        55   4.72292   4.68547
         2        24   4.76944   4.66488
         2        25   3.66682
         2        26   2.04649
         2        27   2.04649
         2        28
         2        29   3.65002
         2        30   4.68547   4.72292
         2        31   4.68547   4.72292
         2        32   4.76944   4.66488
         2        33   3.66682
         2        34   4.76944   4.66488
         2        35   4.76944   4.66488
         2        36   2.07272
         2        37   3.58968
         2        38   2.07272
         2        39   2.07272
         2        40   2.04649
         2        41   3.54170
         2        42
         2        43   4.66488   4.76944
         2        44   4.68547   4.72292
         2        45   3.65002
         2        46   4.72292   4.68547
         2        47
         2        48
         2        49   3.66682
         2        50   4.66488   4.76944
         2        51
         2        52   4.68547   4.72292
         2        53   3.65002
         2        54
         2        55   4.72292   4.68547
         3        24   2.04649
         3        25   2.04649
         3        26   3.66682
         3        27   4.66488   4.76944
         3        28   4.68547   4.72292
         3        29   4.72292   4.68547
         3        30   3.65002
         3        31
         3        32   4.76944   4.66488
         3        33   4.66488   4.76944
         3        34   3.66682
         3        35   4.76944   4.66488
         3        36   2.07272
         3        37   2.07272
         3        38   3.58968
         3        39   2.07272
         3        40   4.76944   4.66488
         3        41
         3        42   3.54170
         3        43   2.04649
         3        44
         3        45   4.68547   4.72292
         3        46   3.65002
         3        47   4.68547   4.72292
         3        48
         3        49   4.76944   4.66488
         3        50   3.66682
         3        51
         3        52   4.68547   4.72292
         3        53
         3        54   3.65002
         3        55   4.72292   4.68547
         4        24   2.04649
         4        25   2.04649
         4        26   4.76944   4.66488
         4        27   3.66682
         4        28   2.07272
         4        29   2.07272
         4        30   2.07272
         4        31   3.58968
         4        32   4.76944   4.66488
         4        33   4.66488   4.76944
         4        34   4.66488   4.76944
         4        35   3.66682
         4        36   4.68547   4.72292
         4        37   4.72292   4.68547
         4        38
         4        39   3.65002
         4        40
         4        41   4.76944   4.66488
         4        42   2.04649
         4        43   3.54170
         4        44
         4        45   4.68547   4.72292
         4        46   4.68547   4.72292
         4        47   3.65002
         4        48   4.76944   4.66488
         4        49
         4        50
         4        51   3.66682
         4        52   4.68547   4.72292
         4        53
         4        54   4.72292   4.68547
         4        55   3.65002
         5        24   3.49828
         5        25   3.49828
         5        26   3.49828
         5        27   3.49828
         5        28   4.54677
         5        29   4.54677
         5        30   1.85809
         5        31   4.54677
         5        32
         5        33
         5        34   3.49828
         5        35   3.49828
         5        36   4.54677
         5        37   4.54677
         5        38   4.54677
         5        39   1.85809
         5        40   3.49828
         5        41   3.49828
         5        42   3.49828
         5        43   3.49828
         5        44   4.54677
         5        45   1.85809
         5        46   4.54677
         5        47   4.54677
         5        48   3.49828
         5        49   3.49828
         5        50
         5        51
         5        52   1.85809
         5        53   4.54677
         5        54   4.54677
         5        55   4.54677
         6        24   4.63872
         6        25   4.63872
         6        26   4.63872
         6        27   4.63872
         6        28   3.47315
         6        29
         6        30   3.47315
         6        31   3.47315
         6        32   4.63872
         6        33   4.63872
         6        34   1.71996
         6        35   1.71996
         6        36
         6        37   3.47315
         6        38   3.47315
         6        39   3.47315
         6        40   4.63872
         6        41   4.63872
         6        42   4.63872
         6        43   4.63872
         6        44   3.47315
         6        45   3.47315
         6        46
         6        47   3.47315
         6        48   1.71996
         6        49   1.71996
         6        50   4.63872
         6        51   4.63872
         6        52   3.47315
         6        53   3.47315
         6        54   3.47315
         6        55
         7        24   3.66682
         7        25   4.66488   4.76944
         7        26   4.66488   4.76944
         7        27   4.66488   4.76944
         7        28   3.65002
         7        29
         7        30   4.72292   4.68547
         7        31   4.72292   4.68547
         7        32   3.66682
         7        33   4.66488   4.76944
         7        34   2.04649
         7        35   2.04649
         7        36   3.58968
         7        37   2.07272
         7        38   2.07272
         7        39   2.07272
         7        40   3.66682
         7        41
         7        42
         7        43   4.66488   4.76944
         7        44   3.65002
         7        45   4.72292   4.68547
         7        46
         7        47   4.72292   4.68547
         7        48   3.54170
         7        49   2.04649
         7        50   4.66488   4.76944
         7        51
         7        52   3.65002
         7        53   4.72292   4.68547
         7        54   4.72292   4.68547
         7        55
         8        24   4.76944   4.66488
         8        25   3.66682
         8        26   4.76944   4.66488
         8        27   4.76944   4.66488
         8        28   2.07272
         8        29   3.58968
         8        30   2.07272
         8        31   2.07272
         8        32   4.76944   4.66488
         8        33   3.66682
         8        34   2.04649
         8        35   2.04649
         8        36
         8        37   3.65002
         8        38   4.68547   4.72292
         8        39   4.68547   4.72292
         8        40
         8        41   3.66682
         8        42   4.66488   4.76944
         8        43
         8        44   4.68547   4.72292
         8        45   3.65002
         8        46
         8        47   4.72292   4.68547
         8        48   2.04649
         8        49   3.54170
         8        50
         8        51   4.66488   4.76944
         8        52   4.68547   4.72292
         8        53   3.65002
         8        54   4.72292   4.68547
         8        55
         9        24   4.76944   4.66488
         9        25   4.66488   4.76944
         9        26   3.66682
         9        27   4.76944   4.66488
         9        28   2.07272
         9        29   2.07272
         9        30   3.58968
         9        31   2.07272
         9        32   2.04649
         9        33   2.04649
         9        34   3.66682
         9        35   4.66488   4.76944
         9        36   4.68547   4.72292
         9        37   4.72292   4.68547
         9        38   3.65002
         9        39
         9        40
         9        41   4.76944   4.66488
         9        42   3.66682
         9        43
         9        44   4.68547   4.72292
         9        45
         9        46   3.65002
         9        47   4.72292   4.68547
         9        48   4.76944   4.66488
         9        49
         9        50   3.54170
         9        51   2.04649
         9        52
         9        53   4.68547   4.72292
         9        54   3.65002
         9        55   4.68547   4.72292
        10        24   4.76944   4.66488
        10        25   4.66488   4.76944
        10        26   4.66488   4.76944
        10        27   3.66682
        10        28   4.68547   4.72292
        10        29   4.72292   4.68547
        10        30
        10        31   3.65002
        10        32   2.04649
        10        33   2.04649
        10        34   4.76944   4.66488
        10        35   3.66682
        10        36   2.07272
        10        37   2.07272
        10        38   2.07272
        10        39   3.58968
        10        40   4.76944   4.66488
        10        41
        10        42
        10        43   3.66682
        10        44   4.68547   4.72292
        10        45
        10        46   4.72292   4.68547
        10        47   3.65002
        10        48
        10        49   4.76944   4.66488
        10        50   2.04649
        10        51   3.54170
        10        52
        10        53   4.68547   4.72292
        10        54   4.68547   4.72292
        10        55   3.65002
        11        24
        11        25
        11        26   3.49828
        11        27   3.49828
        11        28   4.54677
        11        29   4.54677
        11        30   4.54677
        11        31   1.85809
        11        32   3.49828
        11        33   3.49828
        11        34   3.49828
        11        35   3.49828
        11        36   4.54677
        11        37   4.54677
        11        38   1.85809
        11        39   4.54677
        11        40   3.49828
        11        41   3.49828
        11        42
        11        43
        11        44   1.85809
        11        45   4.54677
        11        46   4.54677
        11        47   4.54677
        11        48   3.49828
        11        49   3.49828
        11        50   3.49828
        11        51   3.49828
        11        52   4.54677
        11        53   1.85809
        11        54   4.54677
        11        55   4.54677
        12        24   1.71996
        12        25   1.71996
        12        26   4.63872
        12        27   4.63872
        12        28   3.47315
        12        29   3.47315
        12        30   3.47315
        12        31
        12        32   4.63872
        12        33   4.63872
        12        34   4.63872
        12        35   4.63872
        12        36   3.47315
        12        37   3.47315
        12        38
        12        39   3.47315
        12        40   4.63872
        12        41   4.63872
        12        42   1.71996
        12        43   1.71996
        12        44
        12        45   3.47315
        12        46   3.47315
        12        47   3.47315
        12        48   4.63872
        12        49   4.63872
        12        50   4.63872
        12        51   4.63872
        12        52   3.47315
        12        53
        12        54   3.47315
        12        55   3.47315
        13        24   3.54170
        13        25   2.04649
        13        26   4.66488   4.76944
        13        27
        13        28   3.65002
        13        29   4.72292   4.68547
        13        30   4.72292   4.68547
        13        31
        13        32   3.66682
        13        33
        13        34
        13        35   4.66488   4.76944
        13        36   3.65002
        13        37   4.72292   4.68547
        13        38
        13        39   4.72292   4.68547
        13        40   3.66682
        13        41   4.66488   4.76944
        13        42   2.04649
        13        43   2.04649
        13        44   3.58968
        13        45   2.07272
        13        46   2.07272
        13        47   2.07272
        13        48   3.66682
        13        49   4.66488   4.76944
        13        50   4.66488   4.76944
        13        51   4.66488   4.76944
        13        52   3.65002
        13        53
        13        54   4.72292   4.68547
        13        55   4.72292   4.68547
        14        24   2.04649
        14        25   3.54170
        14        26
        14        27   4.66488   4.76944
        14        28   4.68547   4.72292
        14        29   3.65002
        14        30   4.72292   4.68547
        14        31
        14        32
        14        33   3.66682
        14        34   4.66488   4.76944
        14        35
        14        36   4.68547   4.72292
        14        37   3.65002
        14        38
        14        39   4.72292   4.68547
        14        40   4.76944   4.66488
        14        41   3.66682
        14        42   2.04649
        14        43   2.04649
        14        44
        14        45   3.65002
        14        46   4.68547   4.72292
        14        47   4.68547   4.72292
        14        48   4.76944   4.66488
        14        49   3.66682
        14        50   4.76944   4.66488
        14        51   4.76944   4.66488
        14        52   2.07272
        14        53   3.58968
        14        54   2.07272
        14        55   2.07272
        15        24   4.76944   4.66488
        15        25
        15        26   3.54170
        15        27   2.04649
        15        28
        15        29   4.68547   4.72292
        15        30   3.65002
        15        31   4.68547   4.72292
        15        32
        15        33   4.76944   4.66488
        15        34   3.66682
        15        35
        15        36   4.68547   4.72292
        15        37
        15        38   3.65002
        15        39   4.72292   4.68547
        15        40   2.04649
        15        41   2.04649
        15        42   3.66682
        15        43   4.66488   4.76944
        15        44   4.68547   4.72292
        15        45   4.72292   4.68547
        15        46   3.65002
        15        47
        15        48   4.76944   4.66488
        15        49   4.66488   4.76944
        15        50   3.66682
        15        51   4.76944   4.66488
        15        52   2.07272
        15        53   2.07272
        15        54   3.58968
        15        55   2.07272
        16        24
        16        25   4.76944   4.66488
        16        26   2.04649
        16        27   3.54170
        16        28
        16        29   4.68547   4.72292
        16        30   4.68547   4.72292
        16        31   3.65002
        16        32   4.76944   4.66488
        16        33
        16        34
        16        35   3.66682
        16        36   4.68547   4.72292
        16        37
        16        38   4.72292   4.68547
        16        39   3.65002
        16        40   2.04649
        16        41   2.04649
        16        42   4.76944   4.66488
        16        43   3.66682
        16        44   2.07272
        16        45   2.07272
        16        46   2.07272
        16        47   3.58968
        16        48   4.76944   4.66488
        16        49   4.66488   4.76944
        16        50   4.66488   4.76944
        16        51   3.66682
        16        52   4.68547   4.72292
        16        53   4.72292   4.68547
        16        54
        16        55   3.65002
        17        24   3.49828
        17        25   3.49828
        17        26   3.49828
        17        27   3.49828
        17        28   4.54677
        17        29   1.85809
        17        30   4.54677
        17        31   4.54677
        17        32   3.49828
        17        33   3.49828
        17        34
        17        35
        17        36   1.85809
        17        37   4.54677
        17        38   4.54677
        17        39   4.54677
        17        40   3.49828
        17        41   3.49828
        17        42   3.49828
        17        43   3.49828
        17        44   4.54677
        17        45   4.54677
        17        46   1.85809
        17        47   4.54677
        17        48
        17        49
        17        50   3.49828
        17        51   3.49828
        17        52   4.54677
        17        53   4.54677
        17        54   4.54677
        17        55   1.85809
        18        24   4.63872
        18        25   4.63872
        18        26   4.63872
        18        27   4.63872
        18        28   3.47315
        18        29   3.47315
        18        30
        18        31   3.47315
        18        32   1.71996
        18        33   1.71996
        18        34   4.63872
        18        35   4.63872
        18        36   3.47315
        18        37   3.47315
        18        38   3.47315
        18        39
        18        40   4.63872
        18        41   4.63872
        18        42   4.63872
        18        43   4.63872
        18        44   3.47315
        18        45
        18        46   3.47315
        18        47   3.47315
        18        48   4.63872
        18        49   4.63872
        18        50   1.71996
        18        51   1.71996
        18        52
        18        53   3.47315
        18        54   3.47315
        18        55   3.47315
        19        24   3.66682
        19        25
        19        26
        19        27   4.66488   4.76944
        19        28   3.65002
        19        29   4.72292   4.68547
        19        30
        19        31   4.72292   4.68547
        19        32   3.54170
        19        33   2.04649
        19        34   4.66488   4.76944
        19        35
        19        36   3.65002
        19        37   4.72292   4.68547
        19        38   4.72292   4.68547
        19        39
        19        40   3.66682
        19        41   4.66488   4.76944
        19        42   4.66488   4.76944
        19        43   4.66488   4.76944
        19        44   3.65002
        19        45
        19        46   4.72292   4.68547
        19        47   4.72292   4.68547
        19        48   3.66682
        19        49   4.66488   4.76944
        19        50   2.04649
        19        51   2.04649
        19        52   3.58968
        19        53   2.07272
        19        54   2.07272
        19        55   2.07272
        20        24
        20        25   3.66682
        20        26   4.66488   4.76944
        20        27
        20        28   4.68547   4.72292
        20        29   3.65002
        20        30
        20        31   4.72292   4.68547
        20        32   2.04649
        20        33   3.54170
        20        34
        20        35   4.66488   4.76944
        20        36   4.68547   4.72292
        20        37   3.65002
        20        38   4.72292   4.68547
        20        39
        20        40   4.76944   4.66488
        20        41   3.66682
        20        42   4.76944   4.66488
        20        43   4.76944   4.66488
        20        44   2.07272
        20        45   3.58968
        20        46   2.07272
        20        47   2.07272
        20        48   4.76944   4.66488
        20        49   3.66682
        20        50   2.04649
        20        51   2.04649
        20        52
        20        53   3.65002
        20        54   4.68547   4.72292
        20        55   4.68547   4.72292
        21        24
        21        25   4.76944   4.66488
        21        26   3.66682
        21        27
        21        28   4.68547   4.72292
        21        29
        21        30   3.65002
        21        31   4.72292   4.68547
        21        32   4.76944   4.66488
        21        33
        21        34   3.54170
        21        35   2.04649
        21        36
        21        37   4.68547   4.72292
        21        38   3.65002
        21        39   4.68547   4.72292
        21        40   4.76944   4.66488
        21        41   4.66488   4.76944
        21        42   3.66682
        21        43   4.76944   4.66488
        21        44   2.07272
        21        45   2.07272
        21        46   3.58968
        21        47   2.07272
        21        48   2.04649
        21        49   2.04649
        21        50   3.66682
        21        51   4.66488   4.76944
        21        52   4.68547   4.72292
        21        53   4.72292   4.68547
        21        54   3.65002
        21        55
        22        24   4.76944   4.66488
        22        25
        22        26
        22        27   3.66682
        22        28   4.68547   4.72292
        22        29
        22        30   4.72292   4.68547
        22        31   3.65002
        22        32
        22        33   4.76944   4.66488
        22        34   2.04649
        22        35   3.54170
        22        36
        22        37   4.68547   4.72292
        22        38   4.68547   4.72292
        22        39   3.65002
        22        40   4.76944   4.66488
        22        41   4.66488   4.76944
        22        42   4.66488   4.76944
        22        43   3.66682
        22        44   4.68547   4.72292
        22        45   4.72292   4.68547
        22        46
        22        47   3.65002
        22        48   2.04649
        22        49   2.04649
        22        50   4.76944   4.66488
        22        51   3.66682
        22        52   2.07272
        22        53   2.07272
        22        54   2.07272
        22        55   3.58968
        23        24   3.49828
        23        25   3.49828
        23        26
        23        27
        23        28   1.85809
        23        29   4.54677
        23        30   4.54677
        23        31   4.54677
        23        32   3.49828
        23        33   3.49828
        23        34   3.49828
        23        35   3.49828
        23        36   4.54677
        23        37   1.85809
        23        38   4.54677
        23        39   4.54677
        23        40
        23        41
        23        42   3.49828
        23        43   3.49828
        23        44   4.54677
        23        45   4.54677
        23        46   4.54677
        23        47   1.85809
        23        48   3.49828
        23        49   3.49828
        23        50   3.49828
        23        51   3.49828
        23        52   4.54677
        23        53   4.54677
        23        54   1.85809
        23        55   4.54677
        24         0   4.63872
        24         1   3.66682
        24         2   4.66488   4.76944
        24         3   2.04649
        24         4   2.04649
        24         5   3.49828
        24         6   4.63872
        24         7   3.66682
        24         8   4.66488   4.76944
        24         9   4.66488   4.76944
        24        10   4.66488   4.76944
        24        11
        24        12   1.71996
        24        13   3.54170
        24        14   2.04649
        24        15   4.66488   4.76944
        24        16
        24        17   3.49828
        24        18   4.63872
        24        19   3.66682
        24        20
        24        21
        24        22   4.66488   4.76944
        24        23   3.49828
        25         0   4.63872
        25         1   4.76944   4.66488
        25         2   3.66682
        25         3   2.04649
        25         4   2.04649
        25         5   3.49828
        25         6   4.63872
        25         7   4.76944   4.66488
        25         8   3.66682
        25         9   4.76944   4.66488
        25        10   4.76944   4.66488
        25        11
        25        12   1.71996
        25        13   2.04649
        25        14   3.54170
        25        15
        25        16   4.66488   4.76944
        25        17   3.49828
        25        18   4.63872
        25        19
        25        20   3.66682
        25        21   4.66488   4.76944
        25        22
        25        23   3.49828
        26         0   1.71996
        26         1   2.04649
        26         2   2.04649
        26         3   3.66682
        26         4   4.66488   4.76944
        26         5   3.49828
        26         6   4.63872
        26         7   4.76944   4.66488
        26         8   4.66488   4.76944
        26         9   3.66682
        26        10   4.76944   4.66488
        26        11   3.49828
        26        12   4.63872
        26        13   4.76944   4.66488
        26        14
        26        15   3.54170
        26        16   2.04649
        26        17   3.49828
        26        18   4.63872
        26        19
        26        20   4.76944   4.66488
        26        21   3.66682
        26        22
        26        23
        27         0   1.71996
        27         1   2.04649
        27         2   2.04649
        27         3   4.76944   4.66488
        27         4   3.66682
        27         5   3.49828
        27         6   4.63872
        27         7   4.76944   4.66488
        27         8   4.66488   4.76944
        27         9   4.66488   4.76944
        27        10   3.66682
        27        11   3.49828
        27        12   4.63872
        27        13
        27        14   4.76944   4.66488
        27        15   2.04649
        27        16   3.54170
        27        17   3.49828
        27        18   4.63872
        27        19   4.76944   4.66488
        27        20
        27        21
        27        22   3.66682
        27        23
        28         0
        28         1   3.58968
        28         2
        28         3   4.72292   4.68547
        28         4   2.07272
        28         5   4.54677
        28         6   3.47315
        28         7   3.65002
        28         8   2.07272
        28         9   2.07272
        28        10   4.72292   4.68547
        28        11   4.54677
        28        12   3.47315
        28        13   3.65002
        28        14   4.72292   4.68547
        28        15
        28        16
        28        17   4.54677
        28        18   3.47315
        28        19   3.65002
        28        20   4.72292   4.68547
        28        21   4.72292   4.68547
        28        22   4.72292   4.68547
        28        23   1.85809
        29         0   3.47315
        29         1   2.07272
        29         2   3.65002
        29         3   4.68547   4.72292
        29         4   2.07272
        29         5   4.54677
        29         6
        29         7
        29         8   3.58968
        29         9   2.07272
        29        10   4.68547   4.72292
        29        11   4.54677
        29        12   3.47315
        29        13   4.68547   4.72292
        29        14   3.65002
        29        15   4.72292   4.68547
        29        16   4.72292   4.68547
        29        17   1.85809
        29        18   3.47315
        29        19   4.68547   4.72292
        29        20   3.65002
        29        21
        29        22
        29        23   4.54677
        30         0   3.47315
        30         1   2.07272
        30         2   4.72292   4.68547
        30         3   3.65002
        30         4   2.07272
        30         5   1.85809
        30         6   3.47315
        30         7   4.68547   4.72292
        30         8   2.07272
        30         9   3.58968
        30        10
        30        11   4.54677
        30        12   3.47315
        30        13   4.68547   4.72292
        30        14   4.68547   4.72292
        30        15   3.65002
        30        16   4.72292   4.68547
        30        17   4.54677
        30        18
        30        19
        30        20
        30        21   3.65002
        30        22   4.68547   4.72292
        30        23   4.54677
        31         0   3.47315
        31         1   2.07272
        31         2   4.72292   4.68547
        31         3
        31         4   3.58968
        31         5   4.54677
        31         6   3.47315
        31         7   4.68547   4.72292
        31         8   2.07272
        31         9   2.07272
        31        10   3.65002
        31        11   1.85809
        31        12
        31        13
        31        14
        31        15   4.72292   4.68547
        31        16   3.65002
        31        17   4.54677
        31        18   3.47315
        31        19   4.68547   4.72292
        31        20   4.68547   4.72292
        31        21   4.68547   4.72292
        31        22   3.65002
        31        23   4.54677
        32         0   4.63872
        32         1   3.66682
        32         2   4.66488   4.76944
        32         3   4.66488   4.76944
        32         4   4.66488   4.76944
        32         5
        32         6   4.63872
        32         7   3.66682
        32         8   4.66488   4.76944
        32         9   2.04649
        32        10   2.04649
        32        11   3.49828
        32        12   4.63872
        32        13   3.66682
        32        14
        32        15
        32        16   4.66488   4.76944
        32        17   3.49828
        32        18   1.71996
        32        19   3.54170
        32        20   2.04649
        32        21   4.66488   4.76944
        32        22
        32        23   3.49828
        33         0   4.63872
        33         1   4.76944   4.66488
        33         2   3.66682
        33         3   4.76944   4.66488
        33         4   4.76944   4.66488
        33         5
        33         6   4.63872
        33         7   4.76944   4.66488
        33         8   3.66682
        33         9   2.04649
        33        10   2.04649
        33        11   3.49828
        33        12   4.63872
        33        13
        33        14   3.66682
        33        15   4.66488   4.76944
        33        16
        33        17   3.49828
        33        18   1.71996
        33        19   2.04649
        33        20   3.54170
        33        21
        33        22   4.66488   4.76944
        33        23   3.49828
        34         0   4.63872
        34         1   4.76944   4.66488
        34         2   4.66488   4.76944
        34         3   3.66682
        34         4   4.76944   4.66488
        34         5   3.49828
        34         6   1.71996
        34         7   2.04649
        34         8   2.04649
        34         9   3.66682
        34        10   4.66488   4.76944
        34        11   3.49828
        34        12   4.63872
        34        13
        34        14   4.76944   4.66488
        34        15   3.66682
        34        16
        34        17
        34        18   4.63872
        34        19   4.76944   4.66488
        34        20
        34        21   3.54170
        34        22   2.04649
        34        23   3.49828
        35         0   4.63872
        35         1   4.76944   4.66488
        35         2   4.66488   4.76944
        35         3   4.66488   4.76944
        35         4   3.66682
        35         5   3.49828
        35         6   1.71996
        35         7   2.04649
        35         8   2.04649
        35         9   4.76944   4.66488
        35        10   3.66682
        35        11   3.49828
        35        12   4.63872
        35        13   4.76944   4.66488
        35        14
        35        15
        35        16   3.66682
        35        17
        35        18   4.63872
        35        19
        35        20   4.76944   4.66488
        35        21   2.04649
        35        22   3.54170
        35        23   3.49828
        36         0   3.47315
        36         1   3.65002
        36         2   2.07272
        36         3   2.07272
        36         4   4.72292   4.68547
        36         5   4.54677
        36         6
        36         7   3.58968
        36         8
        36         9   4.72292   4.68547
        36        10   2.07272
        36        11   4.54677
        36        12   3.47315
        36        13   3.65002
        36        14   4.72292   4.68547
        36        15   4.72292   4.68547
        36        16   4.72292   4.68547
        36        17   1.85809
        36        18   3.47315
        36        19   3.65002
        36        20   4.72292   4.68547
        36        21
        36        22
        36        23   4.54677
        37         0
        37         1
        37         2   3.58968
        37         3   2.07272
        37         4   4.68547   4.72292
        37         5   4.54677
        37         6   3.47315
        37         7   2.07272
        37         8   3.65002
        37         9   4.68547   4.72292
        37        10   2.07272
        37        11   4.54677
        37        12   3.47315
        37        13   4.68547   4.72292
        37        14   3.65002
        37        15
        37        16
        37        17   4.54677
        37        18   3.47315
        37        19   4.68547   4.72292
        37        20   3.65002
        37        21   4.72292   4.68547
        37        22   4.72292   4.68547
        37        23   1.85809
        38         0   3.47315
        38         1   4.68547   4.72292
        38         2   2.07272
        38         3   3.58968
        38         4
        38         5   4.54677
        38         6   3.47315
        38         7   2.07272
        38         8   4.72292   4.68547
        38         9   3.65002
        38        10   2.07272
        38        11   1.85809
        38        12
        38        13
        38        14
        38        15   3.65002
        38        16   4.68547   4.72292
        38        17   4.54677
        38        18   3.47315
        38        19   4.68547   4.72292
        38        20   4.68547   4.72292
        38        21   3.65002
        38        22   4.72292   4.68547
        38        23   4.54677
        39         0   3.47315
        39         1   4.68547   4.72292
        39         2   2.07272
        39         3   2.07272
        39         4   3.65002
        39         5   1.85809
        39         6   3.47315
        39         7   2.07272
        39         8   4.72292   4.68547
        39         9
        39        10   3.58968
        39        11   4.54677
        39        12   3.47315
        39        13   4.68547   4.72292
        39        14   4.68547   4.72292
        39        15   4.68547   4.72292
        39        16   3.65002
        39        17   4.54677
        39        18
        39        19
        39        20
        39        21   4.72292   4.68547
        39        22   3.65002
        39        23   4.54677
        40         0   1.71996
        40         1   3.54170
        40         2   2.04649
        40         3   4.66488   4.76944
        40         4
        40         5   3.49828
        40         6   4.63872
        40         7   3.66682
        40         8
        40         9
        40        10   4.66488   4.76944
        40        11   3.49828
        40        12   4.63872
        40        13   3.66682
        40        14   4.66488   4.76944
        40        15   2.04649
        40        16   2.04649
        40        17   3.49828
        40        18   4.63872
        40        19   3.66682
        40        20   4.66488   4.76944
        40        21   4.66488   4.76944
        40        22   4.66488   4.76944
        40        23
        41         0   1.71996
        41         1   2.04649
        41         2   3.54170
        41         3
        41         4   4.66488   4.76944
        41         5   3.49828
        41         6   4.63872
        41         7
        41         8   3.66682
        41         9   4.66488   4.76944
        41        10
        41        11   3.49828
        41        12   4.63872
        41        13   4.76944   4.66488
        41        14   3.66682
        41        15   2.04649
        41        16   2.04649
        41        17   3.49828
        41        18   4.63872
        41        19   4.76944   4.66488
        41        20   3.66682
        41        21   4.76944   4.66488
        41        22   4.76944   4.66488
        41        23
        42         0   4.63872
        42         1   4.76944   4.66488
        42         2
        42         3   3.54170
        42         4   2.04649
        42         5   3.49828
        42         6   4.63872
        42         7
        42         8   4.76944   4.66488
        42         9   3.66682
        42        10
        42        11
        42        12   1.71996
        42        13   2.04649
        42        14   2.04649
        42        15   3.66682
        42        16   4.66488   4.76944
        42        17   3.49828
        42        18   4.63872
        42        19   4.76944   4.66488
        42        20   4.66488   4.76944
        42        21   3.66682
        42        22   4.76944   4.66488
        42        23   3.49828
        43         0   4.63872
        43         1
        43         2   4.76944   4.66488
        43         3   2.04649
        43         4   3.54170
        43         5   3.49828
        43         6   4.63872
        43         7   4.76944   4.66488
        43         8
        43         9
        43        10   3.66682
        43        11
        43        12   1.71996
        43        13   2.04649
        43        14   2.04649
        43        15   4.76944   4.66488
        43        16   3.66682
        43        17   3.49828
        43        18   4.63872
        43        19   4.76944   4.66488
        43        20   4.66488   4.76944
        43        21   4.66488   4.76944
        43        22   3.66682
        43        23   3.49828
        44         0   3.47315
        44         1   3.65002
        44         2   4.72292   4.68547
        44         3
        44         4
        44         5   4.54677
        44         6   3.47315
        44         7   3.65002
        44         8   4.72292   4.68547
        44         9   4.72292   4.68547
        44        10   4.72292   4.68547
        44        11   1.85809
        44        12
        44        13   3.58968
        44        14
        44        15   4.72292   4.68547
        44        16   2.07272
        44        17   4.54677
        44        18   3.47315
        44        19   3.65002
        44        20   2.07272
        44        21   2.07272
        44        22   4.72292   4.68547
        44        23   4.54677
        45         0   3.47315
        45         1   4.68547   4.72292
        45         2   3.65002
        45         3   4.72292   4.68547
        45         4   4.72292   4.68547
        45         5   1.85809
        45         6   3.47315
        45         7   4.68547   4.72292
        45         8   3.65002
        45         9
        45        10
        45        11   4.54677
        45        12   3.47315
        45        13   2.07272
        45        14   3.65002
        45        15   4.68547   4.72292
        45        16   2.07272
        45        17   4.54677
        45        18
        45        19
        45        20   3.58968
        45        21   2.07272
        45        22   4.68547   4.72292
        45        23   4.54677
        46         0   3.47315
        46         1   4.68547   4.72292
        46         2   4.68547   4.72292
        46         3   3.65002
        46         4   4.72292   4.68547
        46         5   4.54677
        46         6
        46         7
        46         8
        46         9   3.65002
        46        10   4.68547   4.72292
        46        11   4.54677
        46        12   3.47315
        46        13   2.07272
        46        14   4.72292   4.68547
        46        15   3.65002
        46        16   2.07272
        46        17   1.85809
        46        18   3.47315
        46        19   4.68547   4.72292
        46        20   2.07272
        46        21   3.58968
        46        22
        46        23   4.54677
        47         0
        47         1
        47         2
        47         3   4.72292   4.68547
        47         4   3.65002
        47         5   4.54677
        47         6   3.47315
        47         7   4.68547   4.72292
        47         8   4.68547   4.72292
        47         9   4.68547   4.72292
        47        10   3.65002
        47        11   4.54677
        47        12   3.47315
        47        13   2.07272
        47        14   4.72292   4.68547
        47        15
        47        16   3.58968
        47        17   4.54677
        47        18   3.47315
        47        19   4.68547   4.72292
        47        20   2.07272
        47        21   2.07272
        47        22   3.65002
        47        23   1.85809
        48         0   4.63872
        48         1   3.66682
        48         2
        48         3
        48         4   4.66488   4.76944
        48         5   3.49828
        48         6   1.71996
        48         7   3.54170
        48         8   2.04649
        48         9   4.66488   4.76944
        48        10
        48        11   3.49828
        48        12   4.63872
        48        13   3.66682
        48        14   4.66488   4.76944
        48        15   4.66488   4.76944
        48        16   4.66488   4.76944
        48        17
        48        18   4.63872
        48        19   3.66682
        48        20   4.66488   4.76944
        48        21   2.04649
        48        22   2.04649
        48        23   3.49828
        49         0   4.63872
        49         1
        49         2   3.66682
        49         3   4.66488   4.76944
        49         4
        49         5   3.49828
        49         6   1.71996
        49         7   2.04649
        49         8   3.54170
        49         9
        49        10   4.66488   4.76944
        49        11   3.49828
        49        12   4.63872
        49        13   4.76944   4.66488
        49        14   3.66682
        49        15   4.76944   4.66488
        49        16   4.76944   4.66488
        49        17
        49        18   4.63872
        49        19   4.76944   4.66488
        49        20   3.66682
        49        21   2.04649
        49        22   2.04649
        49        23   3.49828
        50         0   4.63872
        50         1
        50         2   4.76944   4.66488
        50         3   3.66682
        50         4
        50         5
        50         6   4.63872
        50         7   4.76944   4.66488
        50         8
        50         9   3.54170
        50        10   2.04649
        50        11   3.49828
        50        12   4.63872
        50        13   4.76944   4.66488
        50        14   4.66488   4.76944
        50        15   3.66682
        50        16   4.76944   4.66488
        50        17   3.49828
        50        18   1.71996
        50        19   2.04649
        50        20   2.04649
        50        21   3.66682
        50        22   4.66488   4.76944
        50        23   3.49828
        51         0   4.63872
        51         1   4.76944   4.66488
        51         2
        51         3
        51         4   3.66682
        51         5
        51         6   4.63872
        51         7
        51         8   4.76944   4.66488
        51         9   2.04649
        51        10   3.54170
        51        11   3.49828
        51        12   4.63872
        51        13   4.76944   4.66488
        51        14   4.66488   4.76944
        51        15   4.66488   4.76944
        51        16   3.66682
        51        17   3.49828
        51        18   1.71996
        51        19   2.04649
        51        20   2.04649
        51        21   4.76944   4.66488
        51        22   3.66682
        51        23   3.49828
        52         0   3.47315
        52         1   3.65002
        52         2   4.72292   4.68547
        52         3   4.72292   4.68547
        52         4   4.72292   4.68547
        52         5   1.85809
        52         6   3.47315
        52         7   3.65002
        52         8   4.72292   4.68547
        52         9
        52        10
        52        11   4.54677
        52        12   3.47315
        52        13   3.65002
        52        14   2.07272
        52        15   2.07272
        52        16   4.72292   4.68547
        52        17   4.54677
        52        18
        52        19   3.58968
        52        20
        52        21   4.72292   4.68547
        52        22   2.07272
        52        23   4.54677
        53         0   3.47315
        53         1   4.68547   4.72292
        53         2   3.65002
        53         3
        53         4
        53         5   4.54677
        53         6   3.47315
        53         7   4.68547   4.72292
        53         8   3.65002
        53         9   4.72292   4.68547
        53        10   4.72292   4.68547
        53        11   1.85809
        53        12
        53        13
        53        14   3.58968
        53        15   2.07272
        53        16   4.68547   4.72292
        53        17   4.54677
        53        18   3.47315
        53        19   2.07272
        53        20   3.65002
        53        21   4.68547   4.72292
        53        22   2.07272
        53        23   4.54677
        54         0
        54         1
        54         2
        54         3   3.65002
        54         4   4.68547   4.72292
        54         5   4.54677
        54         6   3.47315
        54         7   4.68547   4.72292
        54         8   4.68547   4.72292
        54         9   3.65002
        54        10   4.72292   4.68547
        54        11   4.54677
        54        12   3.47315
        54        13   4.68547   4.72292
        54        14   2.07272
        54        15   3.58968
        54        16
        54        17   4.54677
        54        18   3.47315
        54        19   2.07272
        54        20   4.72292   4.68547
        54        21   3.65002
        54        22   2.07272
        54        23   1.85809
        55         0   3.47315
        55         1   4.68547   4.72292
        55         2   4.68547   4.72292
        55         3   4.68547   4.72292
        55         4   3.65002
        55         5   4.54677
        55         6
        55         7
        55         8
        55         9   4.72292   4.68547
        55        10   3.65002
        55        11   4.54677
        55        12   3.47315
        55        13   4.68547   4.72292
        55        14   2.07272
        55        15   2.07272
        55        16   3.65002
        55        17   1.85809
        55        18   3.47315
        55        19   2.07272
        55        20   4.72292   4.68547
        55        21
        55        22   3.58968
        55        23   4.54677
