         0        16   2.75281
         0        17   4.58227
         0        18   2.73967
         0        19
         0        20   4.43402
         0        21   4.85579
         0        22   3.44876
         0        23   2.73025
         0        24   4.82291
         0        25   4.85953
         0        26   2.78792
         0        27   2.81769
         0        28   3.06179
         0        29   4.82447
         0        30   4.82240
         0        31   2.83882
         1        16   4.58227
         1        17   2.75281
         1        18
         1        19   2.73967
         1        20   4.85579
         1        21   4.43402
         1        22   2.73025
         1        23   3.44876
         1        24   4.85953
         1        25   4.82291
         1        26   2.81769
         1        27   2.78792
         1        28   4.82447
         1        29   3.06179
         1        30   2.83882
         1        31   4.82240
         2        16   2.73967
         2        17
         2        18   2.75281
         2        19   4.58227
         2        20   3.44876
         2        21   2.73025
         2        22   4.43402
         2        23   4.85579
         2        24   2.78792
         2        25   2.81769
         2        26   4.82291
         2        27   4.85953
         2        28   4.82240
         2        29   2.83882
         2        30   3.06179
         2        31   4.82447
         3        16
         3        17   2.73967
         3        18   4.58227
         3        19   2.75281
         3        20   2.73025
         3        21   3.44876
         3        22   4.85579
         3        23   4.43402
         3        24   2.81769
         3        25   2.78792
         3        26   4.85953
         3        27   4.82291
         3        28   2.83882
         3        29   4.82240
         3        30   4.82447
         3        31   3.06179
         4        16
         4        17   2.73967
         4        18   4.58227
         4        19   2.75281
         4        20   4.82291
         4        21   4.85953
         4        22   2.78792
         4        23   2.81769
         4        24   4.43402
         4        25   4.85579
         4        26   3.44876
         4        27   2.73025
         4        28   2.83882
         4        29   4.82240
         4        30   4.82447
         4        31   3.06179
         5        16   2.73967
         5        17
         5        18   2.75281
         5        19   4.58227
         5        20   4.85953
         5        21   4.82291
         5        22   2.81769
         5        23   2.78792
         5        24   4.85579
         5        25   4.43402
         5        26   2.73025
         5        27   3.44876
         5        28   4.82240
         5        29   2.83882
         5        30   3.06179
         5        31   4.82447
         6        16   4.58227
         6        17   2.75281
         6        18
         6        19   2.73967
         6        20   2.78792
         6        21   2.81769
         6        22   4.82291
         6        23   4.85953
         6        24   3.44876
         6        25   2.73025
         6        26   4.43402
         6        27   4.85579
         6        28   4.82447
         6        29   3.06179
         6        30   2.83882
         6        31   4.82240
         7        16   2.75281
         7        17   4.58227
         7        18   2.73967
         7        19
         7        20   2.81769
         7        21   2.78792
         7        22   4.85953
         7        23   4.82291
         7        24   2.73025
         7        25   3.44876
         7        26   4.85579
         7        27   4.43402
         7        28   3.06179
         7        29   4.82447
         7        30   4.82240
         7        31   2.83882
         8        16   2.64328
         8        17   4.80608   4.80608
         8        18   4.18835   4.76099
         8        19
         8        20   3.61018
         8        21   3.14700
         8        22   3.12486
         8        23
         8        24
         8        25   3.12486
         8        26   3.14700
         8        27   3.61018
         8        28   2.69064
         8        29
         8        30   3.05015
         8        31
         9        16   4.80608   4.80608
         9        17   2.64328
         9        18
         9        19   4.76099   4.18835
         9        20   3.14700
         9        21   3.61018
         9        22
         9        23   3.12486
         9        24   3.12486
         9        25
         9        26   3.61018
         9        27   3.14700
         9        28
         9        29   2.69064
         9        30
         9        31   3.05015
        10        16   4.18835   4.76099
        10        17
        10        18   2.64328
        10        19   4.80608   4.80608
        10        20   3.12486
        10        21
        10        22   3.61018
        10        23   3.14700
        10        24   3.14700
        10        25   3.61018
        10        26
        10        27   3.12486
        10        28   3.05015
        10        29
        10        30   2.69064
        10        31
        11        16
        11        17   4.76099   4.18835
        11        18   4.80608   4.80608
        11        19   2.64328
        11        20
        11        21   3.12486
        11        22   3.14700
        11        23   3.61018
        11        24   3.61018
        11        25   3.14700
        11        26   3.12486
        11        27
        11        28
        11        29   3.05015
        11        30
        11        31   2.69064
        12        16   1.71806
        12        17
        12        18   4.43863   4.30155
        12        19
        12        20   1.72366
        12        21   4.64261
        12        22
        12        23   4.65419
        12        24   4.65419
        12        25
        12        26   4.64261
        12        27   1.72366
        12        28   4.07247
        12        29   4.95624   4.95624
        12        30   1.71357
        12        31
        13        16
        13        17   1.71806
        13        18
        13        19   4.30155   4.43863
        13        20   4.64261
        13        21   1.72366
        13        22   4.65419
        13        23
        13        24
        13        25   4.65419
        13        26   1.72366
        13        27   4.64261
        13        28   4.95624   4.95624
        13        29   4.07247
        13        30
        13        31   1.71357
        14        16   4.43863   4.30155
        14        17
        14        18   1.71806
        14        19
        14        20
        14        21   4.65419
        14        22   1.72366
        14        23   4.64261
        14        24   4.64261
        14        25   1.72366
        14        26   4.65419
        14        27
        14        28   1.71357
        14        29
        14        30   4.07247
        14        31   4.95624   4.95624
        15        16
        15        17   4.30155   4.43863
        15        18
        15        19   1.71806
        15        20   4.65419
        15        21
        15        22   4.64261
        15        23   1.72366
        15        24   1.72366
        15        25   4.64261
        15        26
        15        27   4.65419
        15        28
        15        29   1.71357
        15        30   4.95624   4.95624
        15        31   4.07247
        16         0   2.75281
        16         1   4.58227
        16         2   2.73967
        16         3
        16         4
        16         5   2.73967
        16         6   4.58227
        16         7   2.75281
        16         8   2.64328
        16         9   4.80608   4.80608
        16        10   4.76099   4.18835
        16        11
        16        12   1.71806
        16        13
        16        14   4.30155   4.43863
        16        15
        17         0   4.58227
        17         1   2.75281
        17         2
        17         3   2.73967
        17         4   2.73967
        17         5
        17         6   2.75281
        17         7   4.58227
        17         8   4.80608   4.80608
        17         9   2.64328
        17        10
        17        11   4.18835   4.76099
        17        12
        17        13   1.71806
        17        14
        17        15   4.43863   4.30155
        18         0   2.73967
        18         1
        18         2   2.75281
        18         3   4.58227
        18         4   4.58227
        18         5   2.75281
        18         6
        18         7   2.73967
        18         8   4.76099   4.18835
        18         9
        18        10   2.64328
        18        11   4.80608   4.80608
        18        12   4.30155   4.43863
        18        13
        18        14   1.71806
        18        15
        19         0
        19         1   2.73967
        19         2   4.58227
        19         3   2.75281
        19         4   2.75281
        19         5   4.58227
        19         6   2.73967
        19         7
        19         8
        19         9   4.18835   4.76099
        19        10   4.80608   4.80608
        19        11   2.64328
        19        12
        19        13   4.43863   4.30155
        19        14
        19        15   1.71806
        20         0   4.43402
        20         1   4.85579
        20         2   3.44876
        20         3   2.73025
        20         4   4.82291
        20         5   4.85953
        20         6   2.78792
        20         7   2.81769
        20         8   3.61018
        20         9   3.14700
        20        10   3.12486
        20        11
        20        12   1.72366
        20        13   4.64261
        20        14
        20        15   4.65419
        21         0   4.85579
        21         1   4.43402
        21         2   2.73025
        21         3   3.44876
        21         4   4.85953
        21         5   4.82291
        21         6   2.81769
        21         7   2.78792
        21         8   3.14700
        21         9   3.61018
        21        10
        21        11   3.12486
        21        12   4.64261
        21        13   1.72366
        21        14   4.65419
        21        15
        22         0   3.44876
        22         1   2.73025
        22         2   4.43402
        22         3   4.85579
        22         4   2.78792
        22         5   2.81769
        22         6   4.82291
        22         7   4.85953
        22         8   3.12486
        22         9
        22        10   3.61018
        22        11   3.14700
        22        12
        22        13   4.65419
        22        14   1.72366
        22        15   4.64261
        23         0   2.73025
        23         1   3.44876
        23         2   4.85579
        23         3   4.43402
        23         4   2.81769
        23         5   2.78792
        23         6   4.85953
        23         7   4.82291
        23         8
        23         9   3.12486
        23        10   3.14700
        23        11   3.61018
        23        12   4.65419
        23        13
        23        14   4.64261
        23        15   1.72366
        24         0   4.82291
        24         1   4.85953
        24         2   2.78792
        24         3   2.81769
        24         4   4.43402
        24         5   4.85579
        24         6   3.44876
        24         7   2.73025
        24         8
        24         9   3.12486
        24        10   3.14700
        24        11   3.61018
        24        12   4.65419
        24        13
        24        14   4.64261
        24        15   1.72366
        25         0   4.85953
        25         1   4.82291
        25         2   2.81769
        25         3   2.78792
        25         4   4.85579
        25         5   4.43402
        25         6   2.73025
        25         7   3.44876
        25         8   3.12486
        25         9
        25        10   3.61018
        25        11   3.14700
        25        12
        25        13   4.65419
        25        14   1.72366
        25        15   4.64261
        26         0   2.78792
        26         1   2.81769
        26         2   4.82291
        26         3   4.85953
        26         4   3.44876
        26         5   2.73025
        26         6   4.43402
        26         7   4.85579
        26         8   3.14700
        26         9   3.61018
        26        10
        26        11   3.12486
        26        12   4.64261
        26        13   1.72366
        26        14   4.65419
        26        15
        27         0   2.81769
        27         1   2.78792
        27         2   4.85953
        27         3   4.82291
        27         4   2.73025
        27         5   3.44876
        27         6   4.85579
        27         7   4.43402
        27         8   3.61018
        27         9   3.14700
        27        10   3.12486
        27        11
        27        12   1.72366
        27        13   4.64261
        27        14
        27        15   4.65419
        28         0   3.06179
        28         1   4.82447
        28         2   4.82240
        28         3   2.83882
        28         4   2.83882
        28         5   4.82240
        28         6   4.82447
        28         7   3.06179
        28         8   2.69064
        28         9
        28        10   3.05015
        28        11
        28        12   4.07247
        28        13   4.95624   4.95624
        28        14   1.71357
        28        15
        29         0   4.82447
        29         1   3.06179
        29         2   2.83882
        29         3   4.82240
        29         4   4.82240
        29         5   2.83882
        29         6   3.06179
        29         7   4.82447
        29         8
        29         9   2.69064
        29        10
        29        11   3.05015
        29        12   4.95624   4.95624
        29        13   4.07247
        29        14
        29        15   1.71357
        30         0   4.82240
        30         1   2.83882
        30         2   3.06179
        30         3   4.82447
        30         4   4.82447
        30         5   3.06179
        30         6   2.83882
        30         7   4.82240
        30         8   3.05015
        30         9
        30        10   2.69064
        30        11
        30        12   1.71357
        30        13
        30        14   4.07247
        30        15   4.95624   4.95624
        31         0   2.83882
        31         1   4.82240
        31         2   4.82447
        31         3   3.06179
        31         4   3.06179
        31         5   4.82447
        31         6   4.82240
        31         7   2.83882
        31         8
        31         9   3.05015
        31        10
        31        11   2.69064
        31        12
        31        13   1.71357
        31        14   4.95624   4.95624
        31        15   4.07247
