 4.3598  0  0  2.6696075574613153e-16  4.3598  0  2.6696075574613153e-16  0.0  4.3598 
5
0 4  1.3348037787306576e-16  0.0  2.1799 
0 5  1.3348037787306576e-16  2.1799  0.0 
0 6  2.1799  0.0  0.0 
0 7  2.1799  2.1799  2.1799 
1 4  -1.3348037787306576e-16  -2.1799  0.0 
1 5  -1.3348037787306576e-16  0.0  -2.1799 
1 6  2.1798999999999995  -2.1799  -2.1799 
1 7  2.1798999999999995  0.0  0.0 
2 4  -2.1799  0.0  0.0 
2 5  -2.1799  2.1799  -2.1799 
2 6  0.0  0.0  -2.1799 
2 7  0.0  2.1799  0.0 
3 4  -2.1799  -2.1799  2.1799 
3 5  -2.1799  0.0  0.0 
3 6  0.0  -2.1799  0.0 
3 7  0.0  0.0  2.1799 
4 0  -1.3348037787306576e-16  0.0  -2.1799 
4 1  1.3348037787306576e-16  2.1799  0.0 
4 2  2.1799  0.0  0.0 
4 3  2.1799  2.1799  -2.1799 
5 0  -1.3348037787306576e-16  -2.1799  0.0 
5 1  1.3348037787306576e-16  0.0  2.1799 
5 2  2.1799  -2.1799  2.1799 
5 3  2.1799  0.0  0.0 
6 0  -2.1799  0.0  0.0 
6 1  -2.1798999999999995  2.1799  2.1799 
6 2  0.0  0.0  2.1799 
6 3  0.0  2.1799  0.0 
7 0  -2.1799  -2.1799  -2.1799 
7 1  -2.1798999999999995  0.0  0.0 
7 2  0.0  -2.1799  0.0 
7 3  0.0  0.0  -2.1799 