         0        48   3.80119
         0        49   3.64973
         0        50
         0        51   4.05415
         0        52   4.93057
         0        53
         0        54   1.94556
         0        55   4.92676
         0        56   2.07915
         0        57   4.55223
         0        58
         0        59   3.99222
         0        60   3.78564
         0        61   4.01941
         0        62   4.63942
         0        63   4.90360
         0        64   3.89528
         0        65   4.86928
         0        66   4.86442
         0        67   4.15824
         0        68   1.97427
         0        69
         0        70   3.56492
         0        71
         0        72   1.97150
         0        73   3.86938
         0        74
         0        75
         0        76   3.83310
         0        77
         0        78   3.41657
         0        79
         1        48   3.64973
         1        49   3.80119
         1        50   4.05415
         1        51
         1        52
         1        53   4.93057
         1        54   4.92676
         1        55   1.94556
         1        56   4.55223
         1        57   2.07915
         1        58   3.99222
         1        59
         1        60   4.01941
         1        61   3.78564
         1        62   4.90360
         1        63   4.63942
         1        64   4.86928
         1        65   3.89528
         1        66   4.15824
         1        67   4.86442
         1        68
         1        69   1.97427
         1        70
         1        71   3.56492
         1        72   3.86938
         1        73   1.97150
         1        74
         1        75
         1        76
         1        77   3.83310
         1        78
         1        79   3.41657
         2        48
         2        49   4.05415
         2        50   3.80119
         2        51   3.64973
         2        52   1.94556
         2        53   4.92676
         2        54   4.93057
         2        55
         2        56
         2        57   3.99222
         2        58   2.07915
         2        59   4.55223
         2        60   4.63942
         2        61   4.90360
         2        62   3.78564
         2        63   4.01941
         2        64   4.86442
         2        65   4.15824
         2        66   3.89528
         2        67   4.86928
         2        68   3.56492
         2        69
         2        70   1.97427
         2        71
         2        72
         2        73
         2        74   1.97150
         2        75   3.86938
         2        76   3.41657
         2        77
         2        78   3.83310
         2        79
         3        48   4.05415
         3        49
         3        50   3.64973
         3        51   3.80119
         3        52   4.92676
         3        53   1.94556
         3        54
         3        55   4.93057
         3        56   3.99222
         3        57
         3        58   4.55223
         3        59   2.07915
         3        60   4.90360
         3        61   4.63942
         3        62   4.01941
         3        63   3.78564
         3        64   4.15824
         3        65   4.86442
         3        66   4.86928
         3        67   3.89528
         3        68
         3        69   3.56492
         3        70
         3        71   1.97427
         3        72
         3        73
         3        74   3.86938
         3        75   1.97150
         3        76
         3        77   3.41657
         3        78
         3        79   3.83310
         4        48   4.93057
         4        49
         4        50   1.94556
         4        51   4.92676
         4        52   3.80119
         4        53   3.64973
         4        54
         4        55   4.05415
         4        56   3.78564
         4        57   4.01941
         4        58   4.63942
         4        59   4.90360
         4        60   2.07915
         4        61   4.55223
         4        62
         4        63   3.99222
         4        64   1.97427
         4        65
         4        66   3.56492
         4        67
         4        68   3.89528
         4        69   4.86928
         4        70   4.86442
         4        71   4.15824
         4        72   3.83310
         4        73
         4        74   3.41657
         4        75
         4        76   1.97150
         4        77   3.86938
         4        78
         4        79
         5        48
         5        49   4.93057
         5        50   4.92676
         5        51   1.94556
         5        52   3.64973
         5        53   3.80119
         5        54   4.05415
         5        55
         5        56   4.01941
         5        57   3.78564
         5        58   4.90360
         5        59   4.63942
         5        60   4.55223
         5        61   2.07915
         5        62   3.99222
         5        63
         5        64
         5        65   1.97427
         5        66
         5        67   3.56492
         5        68   4.86928
         5        69   3.89528
         5        70   4.15824
         5        71   4.86442
         5        72
         5        73   3.83310
         5        74
         5        75   3.41657
         5        76   3.86938
         5        77   1.97150
         5        78
         5        79
         6        48   1.94556
         6        49   4.92676
         6        50   4.93057
         6        51
         6        52
         6        53   4.05415
         6        54   3.80119
         6        55   3.64973
         6        56   4.63942
         6        57   4.90360
         6        58   3.78564
         6        59   4.01941
         6        60
         6        61   3.99222
         6        62   2.07915
         6        63   4.55223
         6        64   3.56492
         6        65
         6        66   1.97427
         6        67
         6        68   4.86442
         6        69   4.15824
         6        70   3.89528
         6        71   4.86928
         6        72   3.41657
         6        73
         6        74   3.83310
         6        75
         6        76
         6        77
         6        78   1.97150
         6        79   3.86938
         7        48   4.92676
         7        49   1.94556
         7        50
         7        51   4.93057
         7        52   4.05415
         7        53
         7        54   3.64973
         7        55   3.80119
         7        56   4.90360
         7        57   4.63942
         7        58   4.01941
         7        59   3.78564
         7        60   3.99222
         7        61
         7        62   4.55223
         7        63   2.07915
         7        64
         7        65   3.56492
         7        66
         7        67   1.97427
         7        68   4.15824
         7        69   4.86442
         7        70   4.86928
         7        71   3.89528
         7        72
         7        73   3.41657
         7        74
         7        75   3.83310
         7        76
         7        77
         7        78   3.86938
         7        79   1.97150
         8        48   4.07770
         8        49   3.63871
         8        50   3.75011
         8        51
         8        52   4.76877
         8        53
         8        54
         8        55   1.95743
         8        56   3.94132
         8        57   3.47398
         8        58
         8        59
         8        60   1.93114
         8        61
         8        62
         8        63   3.70942
         8        64   2.15738
         8        65
         8        66   4.11008
         8        67   4.58042
         8        68   3.87633
         8        69   4.79227
         8        70   4.98460
         8        71   3.62084
         8        72   2.01859
         8        73   3.57679
         8        74
         8        75
         8        76   3.88768
         8        77   4.70077
         8        78   4.35368
         8        79   4.65069
         9        48   3.63871
         9        49   4.07770
         9        50
         9        51   3.75011
         9        52
         9        53   4.76877
         9        54   1.95743
         9        55
         9        56   3.47398
         9        57   3.94132
         9        58
         9        59
         9        60
         9        61   1.93114
         9        62   3.70942
         9        63
         9        64
         9        65   2.15738
         9        66   4.58042
         9        67   4.11008
         9        68   4.79227
         9        69   3.87633
         9        70   3.62084
         9        71   4.98460
         9        72   3.57679
         9        73   2.01859
         9        74
         9        75
         9        76   4.70077
         9        77   3.88768
         9        78   4.65069
         9        79   4.35368
        10        48   3.75011
        10        49
        10        50   4.07770
        10        51   3.63871
        10        52
        10        53   1.95743
        10        54   4.76877
        10        55
        10        56
        10        57
        10        58   3.94132
        10        59   3.47398
        10        60
        10        61   3.70942
        10        62   1.93114
        10        63
        10        64   4.11008
        10        65   4.58042
        10        66   2.15738
        10        67
        10        68   4.98460
        10        69   3.62084
        10        70   3.87633
        10        71   4.79227
        10        72
        10        73
        10        74   2.01859
        10        75   3.57679
        10        76   4.35368
        10        77   4.65069
        10        78   3.88768
        10        79   4.70077
        11        48
        11        49   3.75011
        11        50   3.63871
        11        51   4.07770
        11        52   1.95743
        11        53
        11        54
        11        55   4.76877
        11        56
        11        57
        11        58   3.47398
        11        59   3.94132
        11        60   3.70942
        11        61
        11        62
        11        63   1.93114
        11        64   4.58042
        11        65   4.11008
        11        66
        11        67   2.15738
        11        68   3.62084
        11        69   4.98460
        11        70   4.79227
        11        71   3.87633
        11        72
        11        73
        11        74   3.57679
        11        75   2.01859
        11        76   4.65069
        11        77   4.35368
        11        78   4.70077
        11        79   3.88768
        12        48   4.76877
        12        49
        12        50
        12        51   1.95743
        12        52   4.07770
        12        53   3.63871
        12        54   3.75011
        12        55
        12        56   1.93114
        12        57
        12        58
        12        59   3.70942
        12        60   3.94132
        12        61   3.47398
        12        62
        12        63
        12        64   3.87633
        12        65   4.79227
        12        66   4.98460
        12        67   3.62084
        12        68   2.15738
        12        69
        12        70   4.11008
        12        71   4.58042
        12        72   3.88768
        12        73   4.70077
        12        74   4.35368
        12        75   4.65069
        12        76   2.01859
        12        77   3.57679
        12        78
        12        79
        13        48
        13        49   4.76877
        13        50   1.95743
        13        51
        13        52   3.63871
        13        53   4.07770
        13        54
        13        55   3.75011
        13        56
        13        57   1.93114
        13        58   3.70942
        13        59
        13        60   3.47398
        13        61   3.94132
        13        62
        13        63
        13        64   4.79227
        13        65   3.87633
        13        66   3.62084
        13        67   4.98460
        13        68
        13        69   2.15738
        13        70   4.58042
        13        71   4.11008
        13        72   4.70077
        13        73   3.88768
        13        74   4.65069
        13        75   4.35368
        13        76   3.57679
        13        77   2.01859
        13        78
        13        79
        14        48
        14        49   1.95743
        14        50   4.76877
        14        51
        14        52   3.75011
        14        53
        14        54   4.07770
        14        55   3.63871
        14        56
        14        57   3.70942
        14        58   1.93114
        14        59
        14        60
        14        61
        14        62   3.94132
        14        63   3.47398
        14        64   4.98460
        14        65   3.62084
        14        66   3.87633
        14        67   4.79227
        14        68   4.11008
        14        69   4.58042
        14        70   2.15738
        14        71
        14        72   4.35368
        14        73   4.65069
        14        74   3.88768
        14        75   4.70077
        14        76
        14        77
        14        78   2.01859
        14        79   3.57679
        15        48   1.95743
        15        49
        15        50
        15        51   4.76877
        15        52
        15        53   3.75011
        15        54   3.63871
        15        55   4.07770
        15        56   3.70942
        15        57
        15        58
        15        59   1.93114
        15        60
        15        61
        15        62   3.47398
        15        63   3.94132
        15        64   3.62084
        15        65   4.98460
        15        66   4.79227
        15        67   3.87633
        15        68   4.58042
        15        69   4.11008
        15        70
        15        71   2.15738
        15        72   4.65069
        15        73   4.35368
        15        74   4.70077
        15        75   3.88768
        15        76
        15        77
        15        78   3.57679
        15        79   2.01859
        16        48   4.67543
        16        49   2.05261
        16        50
        16        51
        16        52   4.19671
        16        53
        16        54   3.45917
        16        55   3.79416
        16        56   4.40139
        16        57   2.08068
        16        58   4.22253
        16        59
        16        60   3.83332
        16        61   3.88740
        16        62   4.84096
        16        63   4.78492
        16        64   4.65826
        16        65   4.22848
        16        66   3.84395
        16        67   4.89831
        16        68   3.57550
        16        69
        16        70   2.03911
        16        71
        16        72   1.88697
        16        73   3.80725
        16        74
        16        75
        16        76   4.02159
        16        77
        16        78   3.45630
        16        79
        17        48   2.05261
        17        49   4.67543
        17        50
        17        51
        17        52
        17        53   4.19671
        17        54   3.79416
        17        55   3.45917
        17        56   2.08068
        17        57   4.40139
        17        58
        17        59   4.22253
        17        60   3.88740
        17        61   3.83332
        17        62   4.78492
        17        63   4.84096
        17        64   4.22848
        17        65   4.65826
        17        66   4.89831
        17        67   3.84395
        17        68
        17        69   3.57550
        17        70
        17        71   2.03911
        17        72   3.80725
        17        73   1.88697
        17        74
        17        75
        17        76
        17        77   4.02159
        17        78
        17        79   3.45630
        18        48
        18        49
        18        50   4.67543
        18        51   2.05261
        18        52   3.45917
        18        53   3.79416
        18        54   4.19671
        18        55
        18        56   4.22253
        18        57
        18        58   4.40139
        18        59   2.08068
        18        60   4.84096
        18        61   4.78492
        18        62   3.83332
        18        63   3.88740
        18        64   3.84395
        18        65   4.89831
        18        66   4.65826
        18        67   4.22848
        18        68   2.03911
        18        69
        18        70   3.57550
        18        71
        18        72
        18        73
        18        74   1.88697
        18        75   3.80725
        18        76   3.45630
        18        77
        18        78   4.02159
        18        79
        19        48
        19        49
        19        50   2.05261
        19        51   4.67543
        19        52   3.79416
        19        53   3.45917
        19        54
        19        55   4.19671
        19        56
        19        57   4.22253
        19        58   2.08068
        19        59   4.40139
        19        60   4.78492
        19        61   4.84096
        19        62   3.88740
        19        63   3.83332
        19        64   4.89831
        19        65   3.84395
        19        66   4.22848
        19        67   4.65826
        19        68
        19        69   2.03911
        19        70
        19        71   3.57550
        19        72
        19        73
        19        74   3.80725
        19        75   1.88697
        19        76
        19        77   3.45630
        19        78
        19        79   4.02159
        20        48   4.19671
        20        49
        20        50   3.45917
        20        51   3.79416
        20        52   4.67543
        20        53   2.05261
        20        54
        20        55
        20        56   3.83332
        20        57   3.88740
        20        58   4.84096
        20        59   4.78492
        20        60   4.40139
        20        61   2.08068
        20        62   4.22253
        20        63
        20        64   3.57550
        20        65
        20        66   2.03911
        20        67
        20        68   4.65826
        20        69   4.22848
        20        70   3.84395
        20        71   4.89831
        20        72   4.02159
        20        73
        20        74   3.45630
        20        75
        20        76   1.88697
        20        77   3.80725
        20        78
        20        79
        21        48
        21        49   4.19671
        21        50   3.79416
        21        51   3.45917
        21        52   2.05261
        21        53   4.67543
        21        54
        21        55
        21        56   3.88740
        21        57   3.83332
        21        58   4.78492
        21        59   4.84096
        21        60   2.08068
        21        61   4.40139
        21        62
        21        63   4.22253
        21        64
        21        65   3.57550
        21        66
        21        67   2.03911
        21        68   4.22848
        21        69   4.65826
        21        70   4.89831
        21        71   3.84395
        21        72
        21        73   4.02159
        21        74
        21        75   3.45630
        21        76   3.80725
        21        77   1.88697
        21        78
        21        79
        22        48   3.45917
        22        49   3.79416
        22        50   4.19671
        22        51
        22        52
        22        53
        22        54   4.67543
        22        55   2.05261
        22        56   4.84096
        22        57   4.78492
        22        58   3.83332
        22        59   3.88740
        22        60   4.22253
        22        61
        22        62   4.40139
        22        63   2.08068
        22        64   2.03911
        22        65
        22        66   3.57550
        22        67
        22        68   3.84395
        22        69   4.89831
        22        70   4.65826
        22        71   4.22848
        22        72   3.45630
        22        73
        22        74   4.02159
        22        75
        22        76
        22        77
        22        78   1.88697
        22        79   3.80725
        23        48   3.79416
        23        49   3.45917
        23        50
        23        51   4.19671
        23        52
        23        53
        23        54   2.05261
        23        55   4.67543
        23        56   4.78492
        23        57   4.84096
        23        58   3.88740
        23        59   3.83332
        23        60
        23        61   4.22253
        23        62   2.08068
        23        63   4.40139
        23        64
        23        65   2.03911
        23        66
        23        67   3.57550
        23        68   4.89831
        23        69   3.84395
        23        70   4.22848
        23        71   4.65826
        23        72
        23        73   3.45630
        23        74
        23        75   4.02159
        23        76
        23        77
        23        78   3.80725
        23        79   1.88697
        24        48   2.05973
        24        49
        24        50   4.94252
        24        51   4.84137
        24        52
        24        53   3.64015
        24        54   3.70134
        24        55   4.13295
        24        56   3.58292
        24        57   3.85579
        24        58
        24        59
        24        60
        24        61   1.91639
        24        62   3.81508
        24        63
        24        64   4.07125
        24        65   4.68361
        24        66   2.00017
        24        67
        24        68
        24        69   3.78169
        24        70   3.74591
        24        71   4.93565
        24        72   2.03967
        24        73   3.75967
        24        74   4.77674
        24        75
        24        76   3.83043
        24        77   4.64874
        24        78   4.27028
        24        79   4.84282
        25        48
        25        49   2.05973
        25        50   4.84137
        25        51   4.94252
        25        52   3.64015
        25        53
        25        54   4.13295
        25        55   3.70134
        25        56   3.85579
        25        57   3.58292
        25        58
        25        59
        25        60   1.91639
        25        61
        25        62
        25        63   3.81508
        25        64   4.68361
        25        65   4.07125
        25        66
        25        67   2.00017
        25        68   3.78169
        25        69
        25        70   4.93565
        25        71   3.74591
        25        72   3.75967
        25        73   2.03967
        25        74
        25        75   4.77674
        25        76   4.64874
        25        77   3.83043
        25        78   4.84282
        25        79   4.27028
        26        48   4.94252
        26        49   4.84137
        26        50   2.05973
        26        51
        26        52   3.70134
        26        53   4.13295
        26        54
        26        55   3.64015
        26        56
        26        57
        26        58   3.58292
        26        59   3.85579
        26        60   3.81508
        26        61
        26        62
        26        63   1.91639
        26        64   2.00017
        26        65
        26        66   4.07125
        26        67   4.68361
        26        68   3.74591
        26        69   4.93565
        26        70
        26        71   3.78169
        26        72   4.77674
        26        73
        26        74   2.03967
        26        75   3.75967
        26        76   4.27028
        26        77   4.84282
        26        78   3.83043
        26        79   4.64874
        27        48   4.84137
        27        49   4.94252
        27        50
        27        51   2.05973
        27        52   4.13295
        27        53   3.70134
        27        54   3.64015
        27        55
        27        56
        27        57
        27        58   3.85579
        27        59   3.58292
        27        60
        27        61   3.81508
        27        62   1.91639
        27        63
        27        64
        27        65   2.00017
        27        66   4.68361
        27        67   4.07125
        27        68   4.93565
        27        69   3.74591
        27        70   3.78169
        27        71
        27        72
        27        73   4.77674
        27        74   3.75967
        27        75   2.03967
        27        76   4.84282
        27        77   4.27028
        27        78   4.64874
        27        79   3.83043
        28        48
        28        49   3.64015
        28        50   3.70134
        28        51   4.13295
        28        52   2.05973
        28        53
        28        54   4.94252
        28        55   4.84137
        28        56
        28        57   1.91639
        28        58   3.81508
        28        59
        28        60   3.58292
        28        61   3.85579
        28        62
        28        63
        28        64
        28        65   3.78169
        28        66   3.74591
        28        67   4.93565
        28        68   4.07125
        28        69   4.68361
        28        70   2.00017
        28        71
        28        72   3.83043
        28        73   4.64874
        28        74   4.27028
        28        75   4.84282
        28        76   2.03967
        28        77   3.75967
        28        78   4.77674
        28        79
        29        48   3.64015
        29        49
        29        50   4.13295
        29        51   3.70134
        29        52
        29        53   2.05973
        29        54   4.84137
        29        55   4.94252
        29        56   1.91639
        29        57
        29        58
        29        59   3.81508
        29        60   3.85579
        29        61   3.58292
        29        62
        29        63
        29        64   3.78169
        29        65
        29        66   4.93565
        29        67   3.74591
        29        68   4.68361
        29        69   4.07125
        29        70
        29        71   2.00017
        29        72   4.64874
        29        73   3.83043
        29        74   4.84282
        29        75   4.27028
        29        76   3.75967
        29        77   2.03967
        29        78
        29        79   4.77674
        30        48   3.70134
        30        49   4.13295
        30        50
        30        51   3.64015
        30        52   4.94252
        30        53   4.84137
        30        54   2.05973
        30        55
        30        56   3.81508
        30        57
        30        58
        30        59   1.91639
        30        60
        30        61
        30        62   3.58292
        30        63   3.85579
        30        64   3.74591
        30        65   4.93565
        30        66
        30        67   3.78169
        30        68   2.00017
        30        69
        30        70   4.07125
        30        71   4.68361
        30        72   4.27028
        30        73   4.84282
        30        74   3.83043
        30        75   4.64874
        30        76   4.77674
        30        77
        30        78   2.03967
        30        79   3.75967
        31        48   4.13295
        31        49   3.70134
        31        50   3.64015
        31        51
        31        52   4.84137
        31        53   4.94252
        31        54
        31        55   2.05973
        31        56
        31        57   3.81508
        31        58   1.91639
        31        59
        31        60
        31        61
        31        62   3.85579
        31        63   3.58292
        31        64   4.93565
        31        65   3.74591
        31        66   3.78169
        31        67
        31        68
        31        69   2.00017
        31        70   4.68361
        31        71   4.07125
        31        72   4.84282
        31        73   4.27028
        31        74   4.64874
        31        75   3.83043
        31        76
        31        77   4.77674
        31        78   3.75967
        31        79   2.03967
        32        48   3.65096
        32        49
        32        50   3.69759
        32        51   4.02739
        32        52
        32        53   1.97882
        32        54
        32        55   4.97463
        32        56   3.63903
        32        57
        32        58   4.84817
        32        59   2.01484
        32        60   4.80836
        32        61   4.64829
        32        62   4.21961
        32        63   3.99325
        32        64   1.96219
        32        65
        32        66   3.73161
        32        67
        32        68   3.95579
        32        69
        32        70
        32        71   3.60222
        32        72   4.60191
        32        73
        32        74   2.02940
        32        75   3.96324
        32        76   3.88726
        32        77   4.67734
        32        78   4.02243
        32        79   4.90628
        33        48
        33        49   3.65096
        33        50   4.02739
        33        51   3.69759
        33        52   1.97882
        33        53
        33        54   4.97463
        33        55
        33        56
        33        57   3.63903
        33        58   2.01484
        33        59   4.84817
        33        60   4.64829
        33        61   4.80836
        33        62   3.99325
        33        63   4.21961
        33        64
        33        65   1.96219
        33        66
        33        67   3.73161
        33        68
        33        69   3.95579
        33        70   3.60222
        33        71
        33        72
        33        73   4.60191
        33        74   3.96324
        33        75   2.02940
        33        76   4.67734
        33        77   3.88726
        33        78   4.90628
        33        79   4.02243
        34        48   3.69759
        34        49   4.02739
        34        50   3.65096
        34        51
        34        52
        34        53   4.97463
        34        54
        34        55   1.97882
        34        56   4.84817
        34        57   2.01484
        34        58   3.63903
        34        59
        34        60   4.21961
        34        61   3.99325
        34        62   4.80836
        34        63   4.64829
        34        64   3.73161
        34        65
        34        66   1.96219
        34        67
        34        68
        34        69   3.60222
        34        70   3.95579
        34        71
        34        72   2.02940
        34        73   3.96324
        34        74   4.60191
        34        75
        34        76   4.02243
        34        77   4.90628
        34        78   3.88726
        34        79   4.67734
        35        48   4.02739
        35        49   3.69759
        35        50
        35        51   3.65096
        35        52   4.97463
        35        53
        35        54   1.97882
        35        55
        35        56   2.01484
        35        57   4.84817
        35        58
        35        59   3.63903
        35        60   3.99325
        35        61   4.21961
        35        62   4.64829
        35        63   4.80836
        35        64
        35        65   3.73161
        35        66
        35        67   1.96219
        35        68   3.60222
        35        69
        35        70
        35        71   3.95579
        35        72   3.96324
        35        73   2.02940
        35        74
        35        75   4.60191
        35        76   4.90628
        35        77   4.02243
        35        78   4.67734
        35        79   3.88726
        36        48
        36        49   1.97882
        36        50
        36        51   4.97463
        36        52   3.65096
        36        53
        36        54   3.69759
        36        55   4.02739
        36        56   4.80836
        36        57   4.64829
        36        58   4.21961
        36        59   3.99325
        36        60   3.63903
        36        61
        36        62   4.84817
        36        63   2.01484
        36        64   3.95579
        36        65
        36        66
        36        67   3.60222
        36        68   1.96219
        36        69
        36        70   3.73161
        36        71
        36        72   3.88726
        36        73   4.67734
        36        74   4.02243
        36        75   4.90628
        36        76   4.60191
        36        77
        36        78   2.02940
        36        79   3.96324
        37        48   1.97882
        37        49
        37        50   4.97463
        37        51
        37        52
        37        53   3.65096
        37        54   4.02739
        37        55   3.69759
        37        56   4.64829
        37        57   4.80836
        37        58   3.99325
        37        59   4.21961
        37        60
        37        61   3.63903
        37        62   2.01484
        37        63   4.84817
        37        64
        37        65   3.95579
        37        66   3.60222
        37        67
        37        68
        37        69   1.96219
        37        70
        37        71   3.73161
        37        72   4.67734
        37        73   3.88726
        37        74   4.90628
        37        75   4.02243
        37        76
        37        77   4.60191
        37        78   3.96324
        37        79   2.02940
        38        48
        38        49   4.97463
        38        50
        38        51   1.97882
        38        52   3.69759
        38        53   4.02739
        38        54   3.65096
        38        55
        38        56   4.21961
        38        57   3.99325
        38        58   4.80836
        38        59   4.64829
        38        60   4.84817
        38        61   2.01484
        38        62   3.63903
        38        63
        38        64
        38        65   3.60222
        38        66   3.95579
        38        67
        38        68   3.73161
        38        69
        38        70   1.96219
        38        71
        38        72   4.02243
        38        73   4.90628
        38        74   3.88726
        38        75   4.67734
        38        76   2.02940
        38        77   3.96324
        38        78   4.60191
        38        79
        39        48   4.97463
        39        49
        39        50   1.97882
        39        51
        39        52   4.02739
        39        53   3.69759
        39        54
        39        55   3.65096
        39        56   3.99325
        39        57   4.21961
        39        58   4.64829
        39        59   4.80836
        39        60   2.01484
        39        61   4.84817
        39        62
        39        63   3.63903
        39        64   3.60222
        39        65
        39        66
        39        67   3.95579
        39        68
        39        69   3.73161
        39        70
        39        71   1.96219
        39        72   4.90628
        39        73   4.02243
        39        74   4.67734
        39        75   3.88726
        39        76   3.96324
        39        77   2.02940
        39        78
        39        79   4.60191
        40        48   1.88879
        40        49
        40        50   4.83661
        40        51
        40        52
        40        53   3.78236
        40        54   4.03191
        40        55   3.78353
        40        56   1.89274
        40        57   4.89432
        40        58
        40        59   3.82130
        40        60   3.86545
        40        61   4.24201
        40        62   4.77594
        40        63   4.73993
        40        64   1.86460
        40        65
        40        66   3.81685
        40        67
        40        68   3.93248
        40        69
        40        70
        40        71   3.65270
        40        72   1.89555
        40        73   4.08062
        40        74   4.67662
        40        75
        40        76   3.85442
        40        77
        40        78   3.93590
        40        79   4.74268
        41        48
        41        49   1.88879
        41        50
        41        51   4.83661
        41        52   3.78236
        41        53
        41        54   3.78353
        41        55   4.03191
        41        56   4.89432
        41        57   1.89274
        41        58   3.82130
        41        59
        41        60   4.24201
        41        61   3.86545
        41        62   4.73993
        41        63   4.77594
        41        64
        41        65   1.86460
        41        66
        41        67   3.81685
        41        68
        41        69   3.93248
        41        70   3.65270
        41        71
        41        72   4.08062
        41        73   1.89555
        41        74
        41        75   4.67662
        41        76
        41        77   3.85442
        41        78   4.74268
        41        79   3.93590
        42        48   4.83661
        42        49
        42        50   1.88879
        42        51
        42        52   4.03191
        42        53   3.78353
        42        54
        42        55   3.78236
        42        56
        42        57   3.82130
        42        58   1.89274
        42        59   4.89432
        42        60   4.77594
        42        61   4.73993
        42        62   3.86545
        42        63   4.24201
        42        64   3.81685
        42        65
        42        66   1.86460
        42        67
        42        68
        42        69   3.65270
        42        70   3.93248
        42        71
        42        72   4.67662
        42        73
        42        74   1.89555
        42        75   4.08062
        42        76   3.93590
        42        77   4.74268
        42        78   3.85442
        42        79
        43        48
        43        49   4.83661
        43        50
        43        51   1.88879
        43        52   3.78353
        43        53   4.03191
        43        54   3.78236
        43        55
        43        56   3.82130
        43        57
        43        58   4.89432
        43        59   1.89274
        43        60   4.73993
        43        61   4.77594
        43        62   4.24201
        43        63   3.86545
        43        64
        43        65   3.81685
        43        66
        43        67   1.86460
        43        68   3.65270
        43        69
        43        70
        43        71   3.93248
        43        72
        43        73   4.67662
        43        74   4.08062
        43        75   1.89555
        43        76   4.74268
        43        77   3.93590
        43        78
        43        79   3.85442
        44        48
        44        49   3.78236
        44        50   4.03191
        44        51   3.78353
        44        52   1.88879
        44        53
        44        54   4.83661
        44        55
        44        56   3.86545
        44        57   4.24201
        44        58   4.77594
        44        59   4.73993
        44        60   1.89274
        44        61   4.89432
        44        62
        44        63   3.82130
        44        64   3.93248
        44        65
        44        66
        44        67   3.65270
        44        68   1.86460
        44        69
        44        70   3.81685
        44        71
        44        72   3.85442
        44        73
        44        74   3.93590
        44        75   4.74268
        44        76   1.89555
        44        77   4.08062
        44        78   4.67662
        44        79
        45        48   3.78236
        45        49
        45        50   3.78353
        45        51   4.03191
        45        52
        45        53   1.88879
        45        54
        45        55   4.83661
        45        56   4.24201
        45        57   3.86545
        45        58   4.73993
        45        59   4.77594
        45        60   4.89432
        45        61   1.89274
        45        62   3.82130
        45        63
        45        64
        45        65   3.93248
        45        66   3.65270
        45        67
        45        68
        45        69   1.86460
        45        70
        45        71   3.81685
        45        72
        45        73   3.85442
        45        74   4.74268
        45        75   3.93590
        45        76   4.08062
        45        77   1.89555
        45        78
        45        79   4.67662
        46        48   4.03191
        46        49   3.78353
        46        50
        46        51   3.78236
        46        52   4.83661
        46        53
        46        54   1.88879
        46        55
        46        56   4.77594
        46        57   4.73993
        46        58   3.86545
        46        59   4.24201
        46        60
        46        61   3.82130
        46        62   1.89274
        46        63   4.89432
        46        64
        46        65   3.65270
        46        66   3.93248
        46        67
        46        68   3.81685
        46        69
        46        70   1.86460
        46        71
        46        72   3.93590
        46        73   4.74268
        46        74   3.85442
        46        75
        46        76   4.67662
        46        77
        46        78   1.89555
        46        79   4.08062
        47        48   3.78353
        47        49   4.03191
        47        50   3.78236
        47        51
        47        52
        47        53   4.83661
        47        54
        47        55   1.88879
        47        56   4.73993
        47        57   4.77594
        47        58   4.24201
        47        59   3.86545
        47        60   3.82130
        47        61
        47        62   4.89432
        47        63   1.89274
        47        64   3.65270
        47        65
        47        66
        47        67   3.93248
        47        68
        47        69   3.81685
        47        70
        47        71   1.86460
        47        72   4.74268
        47        73   3.93590
        47        74
        47        75   3.85442
        47        76
        47        77   4.67662
        47        78   4.08062
        47        79   1.89555
        48         0   3.80119
        48         1   3.64973
        48         2
        48         3   4.05415
        48         4   4.93057
        48         5
        48         6   1.94556
        48         7   4.92676
        48         8   4.07770
        48         9   3.63871
        48        10   3.75011
        48        11
        48        12   4.76877
        48        13
        48        14
        48        15   1.95743
        48        16   4.67543
        48        17   2.05261
        48        18
        48        19
        48        20   4.19671
        48        21
        48        22   3.45917
        48        23   3.79416
        48        24   2.05973
        48        25
        48        26   4.94252
        48        27   4.84137
        48        28
        48        29   3.64015
        48        30   3.70134
        48        31   4.13295
        48        32   3.65096
        48        33
        48        34   3.69759
        48        35   4.02739
        48        36
        48        37   1.97882
        48        38
        48        39   4.97463
        48        40   1.88879
        48        41
        48        42   4.83661
        48        43
        48        44
        48        45   3.78236
        48        46   4.03191
        48        47   3.78353
        49         0   3.64973
        49         1   3.80119
        49         2   4.05415
        49         3
        49         4
        49         5   4.93057
        49         6   4.92676
        49         7   1.94556
        49         8   3.63871
        49         9   4.07770
        49        10
        49        11   3.75011
        49        12
        49        13   4.76877
        49        14   1.95743
        49        15
        49        16   2.05261
        49        17   4.67543
        49        18
        49        19
        49        20
        49        21   4.19671
        49        22   3.79416
        49        23   3.45917
        49        24
        49        25   2.05973
        49        26   4.84137
        49        27   4.94252
        49        28   3.64015
        49        29
        49        30   4.13295
        49        31   3.70134
        49        32
        49        33   3.65096
        49        34   4.02739
        49        35   3.69759
        49        36   1.97882
        49        37
        49        38   4.97463
        49        39
        49        40
        49        41   1.88879
        49        42
        49        43   4.83661
        49        44   3.78236
        49        45
        49        46   3.78353
        49        47   4.03191
        50         0
        50         1   4.05415
        50         2   3.80119
        50         3   3.64973
        50         4   1.94556
        50         5   4.92676
        50         6   4.93057
        50         7
        50         8   3.75011
        50         9
        50        10   4.07770
        50        11   3.63871
        50        12
        50        13   1.95743
        50        14   4.76877
        50        15
        50        16
        50        17
        50        18   4.67543
        50        19   2.05261
        50        20   3.45917
        50        21   3.79416
        50        22   4.19671
        50        23
        50        24   4.94252
        50        25   4.84137
        50        26   2.05973
        50        27
        50        28   3.70134
        50        29   4.13295
        50        30
        50        31   3.64015
        50        32   3.69759
        50        33   4.02739
        50        34   3.65096
        50        35
        50        36
        50        37   4.97463
        50        38
        50        39   1.97882
        50        40   4.83661
        50        41
        50        42   1.88879
        50        43
        50        44   4.03191
        50        45   3.78353
        50        46
        50        47   3.78236
        51         0   4.05415
        51         1
        51         2   3.64973
        51         3   3.80119
        51         4   4.92676
        51         5   1.94556
        51         6
        51         7   4.93057
        51         8
        51         9   3.75011
        51        10   3.63871
        51        11   4.07770
        51        12   1.95743
        51        13
        51        14
        51        15   4.76877
        51        16
        51        17
        51        18   2.05261
        51        19   4.67543
        51        20   3.79416
        51        21   3.45917
        51        22
        51        23   4.19671
        51        24   4.84137
        51        25   4.94252
        51        26
        51        27   2.05973
        51        28   4.13295
        51        29   3.70134
        51        30   3.64015
        51        31
        51        32   4.02739
        51        33   3.69759
        51        34
        51        35   3.65096
        51        36   4.97463
        51        37
        51        38   1.97882
        51        39
        51        40
        51        41   4.83661
        51        42
        51        43   1.88879
        51        44   3.78353
        51        45   4.03191
        51        46   3.78236
        51        47
        52         0   4.93057
        52         1
        52         2   1.94556
        52         3   4.92676
        52         4   3.80119
        52         5   3.64973
        52         6
        52         7   4.05415
        52         8   4.76877
        52         9
        52        10
        52        11   1.95743
        52        12   4.07770
        52        13   3.63871
        52        14   3.75011
        52        15
        52        16   4.19671
        52        17
        52        18   3.45917
        52        19   3.79416
        52        20   4.67543
        52        21   2.05261
        52        22
        52        23
        52        24
        52        25   3.64015
        52        26   3.70134
        52        27   4.13295
        52        28   2.05973
        52        29
        52        30   4.94252
        52        31   4.84137
        52        32
        52        33   1.97882
        52        34
        52        35   4.97463
        52        36   3.65096
        52        37
        52        38   3.69759
        52        39   4.02739
        52        40
        52        41   3.78236
        52        42   4.03191
        52        43   3.78353
        52        44   1.88879
        52        45
        52        46   4.83661
        52        47
        53         0
        53         1   4.93057
        53         2   4.92676
        53         3   1.94556
        53         4   3.64973
        53         5   3.80119
        53         6   4.05415
        53         7
        53         8
        53         9   4.76877
        53        10   1.95743
        53        11
        53        12   3.63871
        53        13   4.07770
        53        14
        53        15   3.75011
        53        16
        53        17   4.19671
        53        18   3.79416
        53        19   3.45917
        53        20   2.05261
        53        21   4.67543
        53        22
        53        23
        53        24   3.64015
        53        25
        53        26   4.13295
        53        27   3.70134
        53        28
        53        29   2.05973
        53        30   4.84137
        53        31   4.94252
        53        32   1.97882
        53        33
        53        34   4.97463
        53        35
        53        36
        53        37   3.65096
        53        38   4.02739
        53        39   3.69759
        53        40   3.78236
        53        41
        53        42   3.78353
        53        43   4.03191
        53        44
        53        45   1.88879
        53        46
        53        47   4.83661
        54         0   1.94556
        54         1   4.92676
        54         2   4.93057
        54         3
        54         4
        54         5   4.05415
        54         6   3.80119
        54         7   3.64973
        54         8
        54         9   1.95743
        54        10   4.76877
        54        11
        54        12   3.75011
        54        13
        54        14   4.07770
        54        15   3.63871
        54        16   3.45917
        54        17   3.79416
        54        18   4.19671
        54        19
        54        20
        54        21
        54        22   4.67543
        54        23   2.05261
        54        24   3.70134
        54        25   4.13295
        54        26
        54        27   3.64015
        54        28   4.94252
        54        29   4.84137
        54        30   2.05973
        54        31
        54        32
        54        33   4.97463
        54        34
        54        35   1.97882
        54        36   3.69759
        54        37   4.02739
        54        38   3.65096
        54        39
        54        40   4.03191
        54        41   3.78353
        54        42
        54        43   3.78236
        54        44   4.83661
        54        45
        54        46   1.88879
        54        47
        55         0   4.92676
        55         1   1.94556
        55         2
        55         3   4.93057
        55         4   4.05415
        55         5
        55         6   3.64973
        55         7   3.80119
        55         8   1.95743
        55         9
        55        10
        55        11   4.76877
        55        12
        55        13   3.75011
        55        14   3.63871
        55        15   4.07770
        55        16   3.79416
        55        17   3.45917
        55        18
        55        19   4.19671
        55        20
        55        21
        55        22   2.05261
        55        23   4.67543
        55        24   4.13295
        55        25   3.70134
        55        26   3.64015
        55        27
        55        28   4.84137
        55        29   4.94252
        55        30
        55        31   2.05973
        55        32   4.97463
        55        33
        55        34   1.97882
        55        35
        55        36   4.02739
        55        37   3.69759
        55        38
        55        39   3.65096
        55        40   3.78353
        55        41   4.03191
        55        42   3.78236
        55        43
        55        44
        55        45   4.83661
        55        46
        55        47   1.88879
        56         0   2.07915
        56         1   4.55223
        56         2
        56         3   3.99222
        56         4   3.78564
        56         5   4.01941
        56         6   4.63942
        56         7   4.90360
        56         8   3.94132
        56         9   3.47398
        56        10
        56        11
        56        12   1.93114
        56        13
        56        14
        56        15   3.70942
        56        16   4.40139
        56        17   2.08068
        56        18   4.22253
        56        19
        56        20   3.83332
        56        21   3.88740
        56        22   4.84096
        56        23   4.78492
        56        24   3.58292
        56        25   3.85579
        56        26
        56        27
        56        28
        56        29   1.91639
        56        30   3.81508
        56        31
        56        32   3.63903
        56        33
        56        34   4.84817
        56        35   2.01484
        56        36   4.80836
        56        37   4.64829
        56        38   4.21961
        56        39   3.99325
        56        40   1.89274
        56        41   4.89432
        56        42
        56        43   3.82130
        56        44   3.86545
        56        45   4.24201
        56        46   4.77594
        56        47   4.73993
        57         0   4.55223
        57         1   2.07915
        57         2   3.99222
        57         3
        57         4   4.01941
        57         5   3.78564
        57         6   4.90360
        57         7   4.63942
        57         8   3.47398
        57         9   3.94132
        57        10
        57        11
        57        12
        57        13   1.93114
        57        14   3.70942
        57        15
        57        16   2.08068
        57        17   4.40139
        57        18
        57        19   4.22253
        57        20   3.88740
        57        21   3.83332
        57        22   4.78492
        57        23   4.84096
        57        24   3.85579
        57        25   3.58292
        57        26
        57        27
        57        28   1.91639
        57        29
        57        30
        57        31   3.81508
        57        32
        57        33   3.63903
        57        34   2.01484
        57        35   4.84817
        57        36   4.64829
        57        37   4.80836
        57        38   3.99325
        57        39   4.21961
        57        40   4.89432
        57        41   1.89274
        57        42   3.82130
        57        43
        57        44   4.24201
        57        45   3.86545
        57        46   4.73993
        57        47   4.77594
        58         0
        58         1   3.99222
        58         2   2.07915
        58         3   4.55223
        58         4   4.63942
        58         5   4.90360
        58         6   3.78564
        58         7   4.01941
        58         8
        58         9
        58        10   3.94132
        58        11   3.47398
        58        12
        58        13   3.70942
        58        14   1.93114
        58        15
        58        16   4.22253
        58        17
        58        18   4.40139
        58        19   2.08068
        58        20   4.84096
        58        21   4.78492
        58        22   3.83332
        58        23   3.88740
        58        24
        58        25
        58        26   3.58292
        58        27   3.85579
        58        28   3.81508
        58        29
        58        30
        58        31   1.91639
        58        32   4.84817
        58        33   2.01484
        58        34   3.63903
        58        35
        58        36   4.21961
        58        37   3.99325
        58        38   4.80836
        58        39   4.64829
        58        40
        58        41   3.82130
        58        42   1.89274
        58        43   4.89432
        58        44   4.77594
        58        45   4.73993
        58        46   3.86545
        58        47   4.24201
        59         0   3.99222
        59         1
        59         2   4.55223
        59         3   2.07915
        59         4   4.90360
        59         5   4.63942
        59         6   4.01941
        59         7   3.78564
        59         8
        59         9
        59        10   3.47398
        59        11   3.94132
        59        12   3.70942
        59        13
        59        14
        59        15   1.93114
        59        16
        59        17   4.22253
        59        18   2.08068
        59        19   4.40139
        59        20   4.78492
        59        21   4.84096
        59        22   3.88740
        59        23   3.83332
        59        24
        59        25
        59        26   3.85579
        59        27   3.58292
        59        28
        59        29   3.81508
        59        30   1.91639
        59        31
        59        32   2.01484
        59        33   4.84817
        59        34
        59        35   3.63903
        59        36   3.99325
        59        37   4.21961
        59        38   4.64829
        59        39   4.80836
        59        40   3.82130
        59        41
        59        42   4.89432
        59        43   1.89274
        59        44   4.73993
        59        45   4.77594
        59        46   4.24201
        59        47   3.86545
        60         0   3.78564
        60         1   4.01941
        60         2   4.63942
        60         3   4.90360
        60         4   2.07915
        60         5   4.55223
        60         6
        60         7   3.99222
        60         8   1.93114
        60         9
        60        10
        60        11   3.70942
        60        12   3.94132
        60        13   3.47398
        60        14
        60        15
        60        16   3.83332
        60        17   3.88740
        60        18   4.84096
        60        19   4.78492
        60        20   4.40139
        60        21   2.08068
        60        22   4.22253
        60        23
        60        24
        60        25   1.91639
        60        26   3.81508
        60        27
        60        28   3.58292
        60        29   3.85579
        60        30
        60        31
        60        32   4.80836
        60        33   4.64829
        60        34   4.21961
        60        35   3.99325
        60        36   3.63903
        60        37
        60        38   4.84817
        60        39   2.01484
        60        40   3.86545
        60        41   4.24201
        60        42   4.77594
        60        43   4.73993
        60        44   1.89274
        60        45   4.89432
        60        46
        60        47   3.82130
        61         0   4.01941
        61         1   3.78564
        61         2   4.90360
        61         3   4.63942
        61         4   4.55223
        61         5   2.07915
        61         6   3.99222
        61         7
        61         8
        61         9   1.93114
        61        10   3.70942
        61        11
        61        12   3.47398
        61        13   3.94132
        61        14
        61        15
        61        16   3.88740
        61        17   3.83332
        61        18   4.78492
        61        19   4.84096
        61        20   2.08068
        61        21   4.40139
        61        22
        61        23   4.22253
        61        24   1.91639
        61        25
        61        26
        61        27   3.81508
        61        28   3.85579
        61        29   3.58292
        61        30
        61        31
        61        32   4.64829
        61        33   4.80836
        61        34   3.99325
        61        35   4.21961
        61        36
        61        37   3.63903
        61        38   2.01484
        61        39   4.84817
        61        40   4.24201
        61        41   3.86545
        61        42   4.73993
        61        43   4.77594
        61        44   4.89432
        61        45   1.89274
        61        46   3.82130
        61        47
        62         0   4.63942
        62         1   4.90360
        62         2   3.78564
        62         3   4.01941
        62         4
        62         5   3.99222
        62         6   2.07915
        62         7   4.55223
        62         8
        62         9   3.70942
        62        10   1.93114
        62        11
        62        12
        62        13
        62        14   3.94132
        62        15   3.47398
        62        16   4.84096
        62        17   4.78492
        62        18   3.83332
        62        19   3.88740
        62        20   4.22253
        62        21
        62        22   4.40139
        62        23   2.08068
        62        24   3.81508
        62        25
        62        26
        62        27   1.91639
        62        28
        62        29
        62        30   3.58292
        62        31   3.85579
        62        32   4.21961
        62        33   3.99325
        62        34   4.80836
        62        35   4.64829
        62        36   4.84817
        62        37   2.01484
        62        38   3.63903
        62        39
        62        40   4.77594
        62        41   4.73993
        62        42   3.86545
        62        43   4.24201
        62        44
        62        45   3.82130
        62        46   1.89274
        62        47   4.89432
        63         0   4.90360
        63         1   4.63942
        63         2   4.01941
        63         3   3.78564
        63         4   3.99222
        63         5
        63         6   4.55223
        63         7   2.07915
        63         8   3.70942
        63         9
        63        10
        63        11   1.93114
        63        12
        63        13
        63        14   3.47398
        63        15   3.94132
        63        16   4.78492
        63        17   4.84096
        63        18   3.88740
        63        19   3.83332
        63        20
        63        21   4.22253
        63        22   2.08068
        63        23   4.40139
        63        24
        63        25   3.81508
        63        26   1.91639
        63        27
        63        28
        63        29
        63        30   3.85579
        63        31   3.58292
        63        32   3.99325
        63        33   4.21961
        63        34   4.64829
        63        35   4.80836
        63        36   2.01484
        63        37   4.84817
        63        38
        63        39   3.63903
        63        40   4.73993
        63        41   4.77594
        63        42   4.24201
        63        43   3.86545
        63        44   3.82130
        63        45
        63        46   4.89432
        63        47   1.89274
        64         0   3.89528
        64         1   4.86928
        64         2   4.86442
        64         3   4.15824
        64         4   1.97427
        64         5
        64         6   3.56492
        64         7
        64         8   2.15738
        64         9
        64        10   4.11008
        64        11   4.58042
        64        12   3.87633
        64        13   4.79227
        64        14   4.98460
        64        15   3.62084
        64        16   4.65826
        64        17   4.22848
        64        18   3.84395
        64        19   4.89831
        64        20   3.57550
        64        21
        64        22   2.03911
        64        23
        64        24   4.07125
        64        25   4.68361
        64        26   2.00017
        64        27
        64        28
        64        29   3.78169
        64        30   3.74591
        64        31   4.93565
        64        32   1.96219
        64        33
        64        34   3.73161
        64        35
        64        36   3.95579
        64        37
        64        38
        64        39   3.60222
        64        40   1.86460
        64        41
        64        42   3.81685
        64        43
        64        44   3.93248
        64        45
        64        46
        64        47   3.65270
        65         0   4.86928
        65         1   3.89528
        65         2   4.15824
        65         3   4.86442
        65         4
        65         5   1.97427
        65         6
        65         7   3.56492
        65         8
        65         9   2.15738
        65        10   4.58042
        65        11   4.11008
        65        12   4.79227
        65        13   3.87633
        65        14   3.62084
        65        15   4.98460
        65        16   4.22848
        65        17   4.65826
        65        18   4.89831
        65        19   3.84395
        65        20
        65        21   3.57550
        65        22
        65        23   2.03911
        65        24   4.68361
        65        25   4.07125
        65        26
        65        27   2.00017
        65        28   3.78169
        65        29
        65        30   4.93565
        65        31   3.74591
        65        32
        65        33   1.96219
        65        34
        65        35   3.73161
        65        36
        65        37   3.95579
        65        38   3.60222
        65        39
        65        40
        65        41   1.86460
        65        42
        65        43   3.81685
        65        44
        65        45   3.93248
        65        46   3.65270
        65        47
        66         0   4.86442
        66         1   4.15824
        66         2   3.89528
        66         3   4.86928
        66         4   3.56492
        66         5
        66         6   1.97427
        66         7
        66         8   4.11008
        66         9   4.58042
        66        10   2.15738
        66        11
        66        12   4.98460
        66        13   3.62084
        66        14   3.87633
        66        15   4.79227
        66        16   3.84395
        66        17   4.89831
        66        18   4.65826
        66        19   4.22848
        66        20   2.03911
        66        21
        66        22   3.57550
        66        23
        66        24   2.00017
        66        25
        66        26   4.07125
        66        27   4.68361
        66        28   3.74591
        66        29   4.93565
        66        30
        66        31   3.78169
        66        32   3.73161
        66        33
        66        34   1.96219
        66        35
        66        36
        66        37   3.60222
        66        38   3.95579
        66        39
        66        40   3.81685
        66        41
        66        42   1.86460
        66        43
        66        44
        66        45   3.65270
        66        46   3.93248
        66        47
        67         0   4.15824
        67         1   4.86442
        67         2   4.86928
        67         3   3.89528
        67         4
        67         5   3.56492
        67         6
        67         7   1.97427
        67         8   4.58042
        67         9   4.11008
        67        10
        67        11   2.15738
        67        12   3.62084
        67        13   4.98460
        67        14   4.79227
        67        15   3.87633
        67        16   4.89831
        67        17   3.84395
        67        18   4.22848
        67        19   4.65826
        67        20
        67        21   2.03911
        67        22
        67        23   3.57550
        67        24
        67        25   2.00017
        67        26   4.68361
        67        27   4.07125
        67        28   4.93565
        67        29   3.74591
        67        30   3.78169
        67        31
        67        32
        67        33   3.73161
        67        34
        67        35   1.96219
        67        36   3.60222
        67        37
        67        38
        67        39   3.95579
        67        40
        67        41   3.81685
        67        42
        67        43   1.86460
        67        44   3.65270
        67        45
        67        46
        67        47   3.93248
        68         0   1.97427
        68         1
        68         2   3.56492
        68         3
        68         4   3.89528
        68         5   4.86928
        68         6   4.86442
        68         7   4.15824
        68         8   3.87633
        68         9   4.79227
        68        10   4.98460
        68        11   3.62084
        68        12   2.15738
        68        13
        68        14   4.11008
        68        15   4.58042
        68        16   3.57550
        68        17
        68        18   2.03911
        68        19
        68        20   4.65826
        68        21   4.22848
        68        22   3.84395
        68        23   4.89831
        68        24
        68        25   3.78169
        68        26   3.74591
        68        27   4.93565
        68        28   4.07125
        68        29   4.68361
        68        30   2.00017
        68        31
        68        32   3.95579
        68        33
        68        34
        68        35   3.60222
        68        36   1.96219
        68        37
        68        38   3.73161
        68        39
        68        40   3.93248
        68        41
        68        42
        68        43   3.65270
        68        44   1.86460
        68        45
        68        46   3.81685
        68        47
        69         0
        69         1   1.97427
        69         2
        69         3   3.56492
        69         4   4.86928
        69         5   3.89528
        69         6   4.15824
        69         7   4.86442
        69         8   4.79227
        69         9   3.87633
        69        10   3.62084
        69        11   4.98460
        69        12
        69        13   2.15738
        69        14   4.58042
        69        15   4.11008
        69        16
        69        17   3.57550
        69        18
        69        19   2.03911
        69        20   4.22848
        69        21   4.65826
        69        22   4.89831
        69        23   3.84395
        69        24   3.78169
        69        25
        69        26   4.93565
        69        27   3.74591
        69        28   4.68361
        69        29   4.07125
        69        30
        69        31   2.00017
        69        32
        69        33   3.95579
        69        34   3.60222
        69        35
        69        36
        69        37   1.96219
        69        38
        69        39   3.73161
        69        40
        69        41   3.93248
        69        42   3.65270
        69        43
        69        44
        69        45   1.86460
        69        46
        69        47   3.81685
        70         0   3.56492
        70         1
        70         2   1.97427
        70         3
        70         4   4.86442
        70         5   4.15824
        70         6   3.89528
        70         7   4.86928
        70         8   4.98460
        70         9   3.62084
        70        10   3.87633
        70        11   4.79227
        70        12   4.11008
        70        13   4.58042
        70        14   2.15738
        70        15
        70        16   2.03911
        70        17
        70        18   3.57550
        70        19
        70        20   3.84395
        70        21   4.89831
        70        22   4.65826
        70        23   4.22848
        70        24   3.74591
        70        25   4.93565
        70        26
        70        27   3.78169
        70        28   2.00017
        70        29
        70        30   4.07125
        70        31   4.68361
        70        32
        70        33   3.60222
        70        34   3.95579
        70        35
        70        36   3.73161
        70        37
        70        38   1.96219
        70        39
        70        40
        70        41   3.65270
        70        42   3.93248
        70        43
        70        44   3.81685
        70        45
        70        46   1.86460
        70        47
        71         0
        71         1   3.56492
        71         2
        71         3   1.97427
        71         4   4.15824
        71         5   4.86442
        71         6   4.86928
        71         7   3.89528
        71         8   3.62084
        71         9   4.98460
        71        10   4.79227
        71        11   3.87633
        71        12   4.58042
        71        13   4.11008
        71        14
        71        15   2.15738
        71        16
        71        17   2.03911
        71        18
        71        19   3.57550
        71        20   4.89831
        71        21   3.84395
        71        22   4.22848
        71        23   4.65826
        71        24   4.93565
        71        25   3.74591
        71        26   3.78169
        71        27
        71        28
        71        29   2.00017
        71        30   4.68361
        71        31   4.07125
        71        32   3.60222
        71        33
        71        34
        71        35   3.95579
        71        36
        71        37   3.73161
        71        38
        71        39   1.96219
        71        40   3.65270
        71        41
        71        42
        71        43   3.93248
        71        44
        71        45   3.81685
        71        46
        71        47   1.86460
        72         0   1.97150
        72         1   3.86938
        72         2
        72         3
        72         4   3.83310
        72         5
        72         6   3.41657
        72         7
        72         8   2.01859
        72         9   3.57679
        72        10
        72        11
        72        12   3.88768
        72        13   4.70077
        72        14   4.35368
        72        15   4.65069
        72        16   1.88697
        72        17   3.80725
        72        18
        72        19
        72        20   4.02159
        72        21
        72        22   3.45630
        72        23
        72        24   2.03967
        72        25   3.75967
        72        26   4.77674
        72        27
        72        28   3.83043
        72        29   4.64874
        72        30   4.27028
        72        31   4.84282
        72        32   4.60191
        72        33
        72        34   2.02940
        72        35   3.96324
        72        36   3.88726
        72        37   4.67734
        72        38   4.02243
        72        39   4.90628
        72        40   1.89555
        72        41   4.08062
        72        42   4.67662
        72        43
        72        44   3.85442
        72        45
        72        46   3.93590
        72        47   4.74268
        73         0   3.86938
        73         1   1.97150
        73         2
        73         3
        73         4
        73         5   3.83310
        73         6
        73         7   3.41657
        73         8   3.57679
        73         9   2.01859
        73        10
        73        11
        73        12   4.70077
        73        13   3.88768
        73        14   4.65069
        73        15   4.35368
        73        16   3.80725
        73        17   1.88697
        73        18
        73        19
        73        20
        73        21   4.02159
        73        22
        73        23   3.45630
        73        24   3.75967
        73        25   2.03967
        73        26
        73        27   4.77674
        73        28   4.64874
        73        29   3.83043
        73        30   4.84282
        73        31   4.27028
        73        32
        73        33   4.60191
        73        34   3.96324
        73        35   2.02940
        73        36   4.67734
        73        37   3.88726
        73        38   4.90628
        73        39   4.02243
        73        40   4.08062
        73        41   1.89555
        73        42
        73        43   4.67662
        73        44
        73        45   3.85442
        73        46   4.74268
        73        47   3.93590
        74         0
        74         1
        74         2   1.97150
        74         3   3.86938
        74         4   3.41657
        74         5
        74         6   3.83310
        74         7
        74         8
        74         9
        74        10   2.01859
        74        11   3.57679
        74        12   4.35368
        74        13   4.65069
        74        14   3.88768
        74        15   4.70077
        74        16
        74        17
        74        18   1.88697
        74        19   3.80725
        74        20   3.45630
        74        21
        74        22   4.02159
        74        23
        74        24   4.77674
        74        25
        74        26   2.03967
        74        27   3.75967
        74        28   4.27028
        74        29   4.84282
        74        30   3.83043
        74        31   4.64874
        74        32   2.02940
        74        33   3.96324
        74        34   4.60191
        74        35
        74        36   4.02243
        74        37   4.90628
        74        38   3.88726
        74        39   4.67734
        74        40   4.67662
        74        41
        74        42   1.89555
        74        43   4.08062
        74        44   3.93590
        74        45   4.74268
        74        46   3.85442
        74        47
        75         0
        75         1
        75         2   3.86938
        75         3   1.97150
        75         4
        75         5   3.41657
        75         6
        75         7   3.83310
        75         8
        75         9
        75        10   3.57679
        75        11   2.01859
        75        12   4.65069
        75        13   4.35368
        75        14   4.70077
        75        15   3.88768
        75        16
        75        17
        75        18   3.80725
        75        19   1.88697
        75        20
        75        21   3.45630
        75        22
        75        23   4.02159
        75        24
        75        25   4.77674
        75        26   3.75967
        75        27   2.03967
        75        28   4.84282
        75        29   4.27028
        75        30   4.64874
        75        31   3.83043
        75        32   3.96324
        75        33   2.02940
        75        34
        75        35   4.60191
        75        36   4.90628
        75        37   4.02243
        75        38   4.67734
        75        39   3.88726
        75        40
        75        41   4.67662
        75        42   4.08062
        75        43   1.89555
        75        44   4.74268
        75        45   3.93590
        75        46
        75        47   3.85442
        76         0   3.83310
        76         1
        76         2   3.41657
        76         3
        76         4   1.97150
        76         5   3.86938
        76         6
        76         7
        76         8   3.88768
        76         9   4.70077
        76        10   4.35368
        76        11   4.65069
        76        12   2.01859
        76        13   3.57679
        76        14
        76        15
        76        16   4.02159
        76        17
        76        18   3.45630
        76        19
        76        20   1.88697
        76        21   3.80725
        76        22
        76        23
        76        24   3.83043
        76        25   4.64874
        76        26   4.27028
        76        27   4.84282
        76        28   2.03967
        76        29   3.75967
        76        30   4.77674
        76        31
        76        32   3.88726
        76        33   4.67734
        76        34   4.02243
        76        35   4.90628
        76        36   4.60191
        76        37
        76        38   2.02940
        76        39   3.96324
        76        40   3.85442
        76        41
        76        42   3.93590
        76        43   4.74268
        76        44   1.89555
        76        45   4.08062
        76        46   4.67662
        76        47
        77         0
        77         1   3.83310
        77         2
        77         3   3.41657
        77         4   3.86938
        77         5   1.97150
        77         6
        77         7
        77         8   4.70077
        77         9   3.88768
        77        10   4.65069
        77        11   4.35368
        77        12   3.57679
        77        13   2.01859
        77        14
        77        15
        77        16
        77        17   4.02159
        77        18
        77        19   3.45630
        77        20   3.80725
        77        21   1.88697
        77        22
        77        23
        77        24   4.64874
        77        25   3.83043
        77        26   4.84282
        77        27   4.27028
        77        28   3.75967
        77        29   2.03967
        77        30
        77        31   4.77674
        77        32   4.67734
        77        33   3.88726
        77        34   4.90628
        77        35   4.02243
        77        36
        77        37   4.60191
        77        38   3.96324
        77        39   2.02940
        77        40
        77        41   3.85442
        77        42   4.74268
        77        43   3.93590
        77        44   4.08062
        77        45   1.89555
        77        46
        77        47   4.67662
        78         0   3.41657
        78         1
        78         2   3.83310
        78         3
        78         4
        78         5
        78         6   1.97150
        78         7   3.86938
        78         8   4.35368
        78         9   4.65069
        78        10   3.88768
        78        11   4.70077
        78        12
        78        13
        78        14   2.01859
        78        15   3.57679
        78        16   3.45630
        78        17
        78        18   4.02159
        78        19
        78        20
        78        21
        78        22   1.88697
        78        23   3.80725
        78        24   4.27028
        78        25   4.84282
        78        26   3.83043
        78        27   4.64874
        78        28   4.77674
        78        29
        78        30   2.03967
        78        31   3.75967
        78        32   4.02243
        78        33   4.90628
        78        34   3.88726
        78        35   4.67734
        78        36   2.02940
        78        37   3.96324
        78        38   4.60191
        78        39
        78        40   3.93590
        78        41   4.74268
        78        42   3.85442
        78        43
        78        44   4.67662
        78        45
        78        46   1.89555
        78        47   4.08062
        79         0
        79         1   3.41657
        79         2
        79         3   3.83310
        79         4
        79         5
        79         6   3.86938
        79         7   1.97150
        79         8   4.65069
        79         9   4.35368
        79        10   4.70077
        79        11   3.88768
        79        12
        79        13
        79        14   3.57679
        79        15   2.01859
        79        16
        79        17   3.45630
        79        18
        79        19   4.02159
        79        20
        79        21
        79        22   3.80725
        79        23   1.88697
        79        24   4.84282
        79        25   4.27028
        79        26   4.64874
        79        27   3.83043
        79        28
        79        29   4.77674
        79        30   3.75967
        79        31   2.03967
        79        32   4.90628
        79        33   4.02243
        79        34   4.67734
        79        35   3.88726
        79        36   3.96324
        79        37   2.02940
        79        38
        79        39   4.60191
        79        40   4.74268
        79        41   3.93590
        79        42
        79        43   3.85442
        79        44
        79        45   4.67662
        79        46   4.08062
        79        47   1.89555
