         0         2   4.80835   2.77610   4.80835   4.80835   2.77610   4.80835   4.80835   2.77610   4.80835   4.80835   2.77610   4.80835
         0         3   4.80835   4.80835   4.80835   4.80835   2.77610   2.77610   2.77610   2.77610   4.80835   4.80835   4.80835   4.80835
         0         4   4.80835   4.80835   2.77610   2.77610   4.80835   4.80835   4.80835   4.80835   2.77610   2.77610   4.80835   4.80835
         1         2   4.38940   4.38940   4.38940   4.38940   1.96300   1.96300   4.38940   4.38940   4.38940   4.38940
         1         3   4.38940   4.38940   1.96300   4.38940   4.38940   4.38940   4.38940   1.96300   4.38940   4.38940
         1         4   4.38940   4.38940   4.38940   1.96300   4.38940   4.38940   1.96300   4.38940   4.38940   4.38940
         2         0   4.80835   2.77610   4.80835   4.80835   2.77610   4.80835   4.80835   2.77610   4.80835   4.80835   2.77610   4.80835
         2         1   4.38940   4.38940   4.38940   4.38940   1.96300   1.96300   4.38940   4.38940   4.38940   4.38940
         3         0   4.80835   4.80835   4.80835   4.80835   2.77610   2.77610   2.77610   2.77610   4.80835   4.80835   4.80835   4.80835
         3         1   4.38940   4.38940   1.96300   4.38940   4.38940   4.38940   4.38940   1.96300   4.38940   4.38940
         4         0   4.80835   4.80835   2.77610   2.77610   4.80835   4.80835   4.80835   4.80835   2.77610   2.77610   4.80835   4.80835
         4         1   4.38940   4.38940   4.38940   1.96300   4.38940   4.38940   1.96300   4.38940   4.38940   4.38940
