 3.926  0  0  2.4039816667262543e-16  3.926  0  2.4039816667262543e-16  0.0  3.926 
5
0 2  1.9630000000000003  1.963  0.0 
0 3  2.4039816667262543e-16  1.963  1.963 
0 4  1.9630000000000003  0.0  1.963 
1 2  -2.220446049250313e-16  0.0  -1.963 
1 3  -1.9630000000000003  0.0  0.0 
1 4  -2.220446049250313e-16  -1.963  0.0 
2 0  -1.9630000000000003  -1.963  0.0 
2 1  2.220446049250313e-16  0.0  1.963 
3 0  -2.4039816667262543e-16  -1.963  -1.963 
3 1  1.9630000000000003  0.0  0.0 
4 0  -1.9630000000000003  0.0  -1.963 
4 1  2.220446049250313e-16  1.963  0.0 