 8.3195  0  0  5.094224522753202e-16  8.3195  0  5.094224522753202e-16  0.0  8.3195 
5
0 24  -1.9975119499999994  -1.9975119499999994  -1.9975119499999994 
0 25  -4.242113049999999  -0.08236304999999966  2.16223805 
0 26  -0.08236304999999877  2.16223805  -4.2421130499999995 
0 27  2.16223805  -4.2421130499999995  -0.08236304999999966 
0 28  0.08236305000000055  -4.077386949999999  -2.16223805 
0 29  1.9975119499999998  1.9975119499999998  1.9975119499999998 
0 30  -4.077386949999999  -2.16223805  0.08236305000000055 
0 31  -2.1622380499999996  0.08236305000000055  -4.077386949999999 
0 32  -4.2271379499999995  -4.1414471  -2.0091592499999997 
0 33  -2.012487049999999  2.0615721000000002  2.15059075 
0 34  2.14726295  0.018302900000000122  -4.23046575 
0 35  -0.06738794999999964  -2.0981778999999996  -0.07071574999999974 
0 36  -2.0091592499999997  -4.2271379499999995  -4.1414471 
0 37  2.150590750000001  -2.01248705  2.0615721000000002 
0 38  -4.230465749999999  2.14726295  0.018302900000000122 
0 39  -0.07071574999999974  -0.06738794999999964  -2.0981778999999996 
0 40  -4.141447099999999  -2.0091592499999997  -4.2271379499999995 
0 41  2.061572100000001  2.15059075  -2.01248705 
0 42  0.01830290000000101  -4.23046575  2.14726295 
0 43  -2.0981778999999987  -0.07071574999999974  -0.06738794999999964 
0 44  -2.0615720999999994  2.01248705  -2.1505907499999997 
0 45  -4.178052899999999  -4.09236205  2.0091592500000006 
0 46  2.0981778999999996  0.06738795000000053  0.07071574999999974 
0 47  -0.018302899999999234  -2.1472629499999996  -4.089034249999999 
0 48  -2.147262949999999  -4.089034249999999  -0.018302899999999234 
0 49  0.06738795000000142  0.07071574999999974  2.0981778999999996 
0 50  -4.092362049999999  2.0091592500000006  -4.178052899999999 
0 51  2.01248705  -2.1505907499999997  -2.0615721 
0 52  0.07071575000000063  2.0981778999999996  0.06738795000000053 
0 53  -4.089034249999999  -0.018302899999999234  -2.1472629499999996 
0 54  -2.150590749999999  -2.0615721  2.01248705 
0 55  2.0091592500000006  -4.178052899999999  -4.09236205 
1 24  -4.077386949999999  0.0823630500000001  2.16223805 
1 25  -6.321988049999999  1.9975119499999998  6.32198805 
1 26  -2.162238049999999  4.2421130499999995  -0.08236305 
1 27  0.08236304999999966  -2.16223805  4.07738695 
1 28  -1.9975119499999998  -1.9975119500000003  1.9975119499999996 
1 29  -0.08236305000000055  4.077386949999999  6.15726195 
1 30  -6.15726195  -0.08236305000000055  4.24211305 
1 31  -4.24211305  2.16223805  0.08236304999999988 
1 32  -6.30701295  -2.0615721000000002  2.15059075 
1 33  -4.092362049999999  4.1414471  6.31034075 
1 34  0.06738794999999964  2.0981778999999996  -0.07071574999999997 
1 35  -2.14726295  -0.018302900000000122  4.08903425 
1 36  -4.08903425  -2.14726295  0.018302900000000122 
1 37  0.07071575000000063  0.06738794999999964  6.2213221 
1 38  -6.310340749999999  4.2271379499999995  4.1780529 
1 39  -2.15059075  2.01248705  2.0615721000000002 
1 40  -6.2213221  0.07071574999999974  -0.06738794999999997 
1 41  -0.018302899999999234  4.23046575  2.14726295 
1 42  -2.0615720999999994  -2.15059075  6.30701295 
1 43  -4.178052899999999  2.0091592499999997  4.09236205 
1 44  -4.1414471  4.092362049999999  2.0091592499999997 
1 45  -6.257927899999999  -2.0124870500000003  6.1689092500000005 
1 46  0.018302899999999234  2.14726295  4.23046575 
1 47  -2.0981778999999996  -0.06738795000000009  0.07071574999999997 
1 48  -4.2271379499999995  -2.00915925  4.141447100000001 
1 49  -2.012487049999999  2.150590749999999  6.257927899999999 
1 50  -6.17223705  4.08903425  -0.0183028999999999 
1 51  -0.06738795000000053  -0.07071575000000019  2.0981778999999996 
1 52  -2.0091592499999997  4.178052899999999  4.22713795 
1 53  -6.16890925  2.0615721000000002  2.01248705 
1 54  -4.23046575  0.018302899999999678  6.17223705 
1 55  -0.07071574999999974  -2.0981779  0.06738794999999986 
2 24  0.08236304999999966  2.16223805  -4.077386949999999 
2 25  -2.16223805  4.07738695  0.08236304999999966 
2 26  1.9975119500000003  6.32198805  -6.32198805 
2 27  4.242113049999999  -0.08236305  -2.16223805 
2 28  2.1622380499999996  0.08236304999999988  -4.24211305 
2 29  4.077386949999999  6.15726195  -0.08236305000000055 
2 30  -1.9975119500000003  1.9975119499999996  -1.9975119499999998 
2 31  -0.08236305000000055  4.24211305  -6.1572619500000005 
2 32  -2.14726295  0.018302900000000122  -4.08903425 
2 33  0.06738795000000009  6.2213221  0.07071574999999974 
2 34  4.2271379499999995  4.1780529  -6.31034075 
2 35  2.0124870499999994  2.0615721000000002  -2.15059075 
2 36  0.0707157499999993  -0.06738794999999997  -6.2213221 
2 37  4.2304657500000005  2.14726295  -0.018302900000000122 
2 38  -2.1505907499999997  6.30701295  -2.0615721000000002 
2 39  2.0091592499999993  4.09236205  -4.1780529 
2 40  -2.0615721000000002  2.15059075  -6.30701295 
2 41  4.141447100000001  6.31034075  -4.09236205 
2 42  2.0981779  -0.07071574999999997  0.06738794999999964 
2 43  -0.018302899999999678  4.08903425  -2.14726295 
2 44  0.018302899999999678  6.17223705  -4.2304657500000005 
2 45  -2.0981779  0.06738794999999986  -0.07071574999999974 
2 46  4.178052899999999  4.22713795  -2.0091592500000006 
2 47  2.0615721  2.01248705  -6.1689092500000005 
2 48  -0.06738795000000009  0.07071574999999997  -2.0981778999999996 
2 49  2.1472629500000004  4.23046575  0.018302899999999234 
2 50  -2.0124870500000003  6.1689092500000005  -6.2579279 
2 51  4.092362049999998  2.0091592499999997  -4.141447100000001 
2 52  2.1505907499999997  6.257927899999999  -2.01248705 
2 53  -2.00915925  4.141447100000001  -4.2271379499999995 
2 54  -0.07071575000000019  2.0981778999999996  -0.06738795000000053 
2 55  4.089034249999999  -0.0183028999999999  -6.17223705 
3 24  2.1622380499999996  -4.077386949999999  0.0823630500000001 
3 25  -0.08236304999999988  -2.16223805  4.2421130499999995 
3 26  4.07738695  0.08236304999999966  -2.16223805 
3 27  6.321988049999999  -6.32198805  1.9975119499999998 
3 28  4.2421130499999995  -6.1572619500000005  -0.08236305000000055 
3 29  6.157261949999999  -0.08236305000000055  4.077386949999999 
3 30  0.08236304999999966  -4.24211305  2.16223805 
3 31  1.9975119499999994  -1.9975119499999998  -1.9975119500000003 
3 32  -0.06738795000000031  -6.2213221  0.07071574999999974 
3 33  2.14726295  -0.018302900000000122  4.23046575 
3 34  6.307012949999999  -2.0615721000000002  -2.15059075 
3 35  4.092362049999999  -4.1780529  2.0091592499999997 
3 36  2.150590749999999  -6.30701295  -2.0615721000000002 
3 37  6.31034075  -4.09236205  4.1414471 
3 38  -0.07071574999999986  0.06738794999999964  2.0981778999999996 
3 39  4.089034249999999  -2.14726295  -0.018302900000000122 
3 40  0.018302899999999678  -4.08903425  -2.14726295 
3 41  6.2213221  0.07071574999999974  0.06738794999999964 
3 42  4.1780529  -6.31034075  4.2271379499999995 
3 43  2.0615721000000002  -2.15059075  2.01248705 
3 44  2.0981778999999996  -0.06738795000000053  -0.07071575000000019 
3 45  -0.018302900000000122  -6.17223705  4.08903425 
3 46  6.2579278999999985  -2.01248705  2.150590749999999 
3 47  4.1414471  -4.2271379499999995  -2.00915925 
3 48  2.01248705  -6.1689092500000005  2.0615721000000002 
3 49  4.22713795  -2.0091592500000006  4.178052899999999 
3 50  0.06738794999999964  -0.07071574999999974  -2.0981779 
3 51  6.172237049999999  -4.2304657500000005  0.018302899999999678 
3 52  4.23046575  0.018302899999999234  2.14726295 
3 53  0.07071574999999974  -2.0981778999999996  -0.06738795000000009 
3 54  2.0091592499999997  -4.141447100000001  4.092362049999999 
3 55  6.16890925  -6.2579279  -2.0124870500000003 
4 24  -5.1015174000000005  -5.1015174000000005  -5.1015174000000005 
4 25  -7.346118499999999  -3.1863685000000004  -0.9417674000000007 
4 26  -3.1863684999999995  -0.9417674000000007  -7.3461185 
4 27  -0.9417674000000007  -7.3461185  -3.1863685000000004 
4 28  -3.0216424  -7.1813924  -5.266243500000001 
4 29  -1.106493500000001  -1.106493500000001  -1.106493500000001 
4 30  -7.1813924  -5.266243500000001  -3.0216424 
4 31  -5.2662435  -3.0216424  -7.1813924 
4 32  -7.3311434  -7.24545255  -5.1131647000000005 
4 33  -5.1164925  -1.0424333500000005  -0.9534147000000006 
4 34  -0.9567425000000007  -3.0857025500000006  -7.3344712 
4 35  -3.1713934000000004  -5.20218335  -3.1747212000000005 
4 36  -5.1131647000000005  -7.3311434  -7.24545255 
4 37  -0.9534146999999997  -5.1164925000000006  -1.0424333500000005 
4 38  -7.334471199999999  -0.9567425000000007  -3.0857025500000006 
4 39  -3.1747212000000005  -3.1713934000000004  -5.20218335 
4 40  -7.2454525499999995  -5.1131647000000005  -7.3311434 
4 41  -1.0424333499999996  -0.9534147000000006  -5.1164925000000006 
4 42  -3.0857025499999997  -7.3344712  -0.9567425000000007 
4 43  -5.202183349999999  -3.1747212000000005  -3.1713934000000004 
4 44  -5.16557755  -1.0915184000000009  -5.2545962 
4 45  -7.28205835  -7.196367500000001  -1.0948462 
4 46  -1.0058275500000011  -3.0366175  -3.033289700000001 
4 47  -3.12230835  -5.251268400000001  -7.1930397 
4 48  -5.2512684  -7.1930397  -3.12230835 
4 49  -3.0366174999999993  -3.033289700000001  -1.0058275500000011 
4 50  -7.1963675  -1.0948462  -7.28205835 
4 51  -1.0915184000000009  -5.2545962  -5.16557755 
4 52  -3.0332897  -1.0058275500000011  -3.0366175 
4 53  -7.1930397  -3.12230835  -5.251268400000001 
4 54  -5.2545962  -5.16557755  -1.0915184000000009 
4 55  -1.0948462  -7.28205835  -7.196367500000001 
5 24  -0.9733814999999999  3.1863685000000004  -0.9417673999999994 
5 25  -3.217982599999999  5.1015174  3.2179826 
5 26  0.9417674000000007  7.346118499999999  -3.1863684999999995 
5 27  3.1863684999999995  0.9417673999999999  0.9733815000000003 
5 28  1.1064935  1.1064934999999998  -1.1064935 
5 29  3.0216423999999993  7.181392399999999  3.0532565 
5 30  -3.0532565  3.0216423999999997  1.1381076000000006 
5 31  -1.1381076  5.2662435  -3.0216423999999997 
5 32  -3.2030075  1.04243335  -0.9534146999999997 
5 33  -0.9883565999999995  7.2454525499999995  3.2063353 
5 34  3.1713933999999995  5.202183349999999  -3.1747211999999996 
5 35  0.9567424999999998  3.08570255  0.9850288000000003 
5 36  -0.9850288000000003  0.9567424999999999  -3.0857025499999997 
5 37  3.1747212000000005  3.1713934  3.1173166500000002 
5 38  -3.2063352999999992  7.331143399999999  1.0740474500000001 
5 39  0.9534146999999997  5.1164925  -1.0424333499999996 
5 40  -3.11731665  3.1747212  -3.1713933999999995 
5 41  3.0857025500000006  7.334471199999999  -0.9567424999999998 
5 42  1.0424333500000005  0.9534147  3.2030075 
5 43  -1.0740474499999992  5.1131647  0.9883566000000004 
5 44  -1.0374416499999999  7.196367499999999  -1.0948461999999997 
5 45  -3.1539224499999996  1.0915183999999998  3.0649038000000006 
5 46  3.122308349999999  5.2512684  1.1264602999999997 
5 47  1.0058275500000002  3.0366175  -3.0332896999999996 
5 48  -1.1231324999999996  1.0948461999999999  1.0374416500000008 
5 49  1.0915184000000009  5.254596199999999  3.1539224499999996 
5 50  -3.0682316  7.1930397  -3.1223083499999995 
5 51  3.0366174999999993  3.0332897  -1.0058275499999998 
5 52  1.0948462  7.282058349999999  1.1231325000000005 
5 53  -3.0649037999999997  5.16557755  -1.0915183999999996 
5 54  -1.1264602999999997  3.12230835  3.0682316 
5 55  3.0332897  1.00582755  -3.0366174999999997 
6 24  3.1863684999999995  -0.9417673999999994  -0.9733814999999999 
6 25  0.9417674000000003  0.9733815000000003  3.1863684999999995 
6 26  5.1015174000000005  3.2179826  -3.2179826 
6 27  7.346118499999999  -3.1863684999999995  0.9417673999999998 
6 28  5.2662435  -3.0216423999999997  -1.1381076000000006 
6 29  7.181392399999999  3.0532565  3.0216423999999993 
6 30  1.1064934999999998  -1.1064935  1.1064935 
6 31  3.0216423999999993  1.1381076000000006  -3.0532565000000003 
6 32  0.9567424999999998  -3.0857025499999997  -0.9850288000000003 
6 33  3.1713934  3.1173166500000002  3.1747211999999996 
6 34  7.331143399999999  1.0740474500000001  -3.2063353 
6 35  5.1164925  -1.0424333499999996  0.9534146999999997 
6 36  3.174721199999999  -3.1713933999999995  -3.1173166500000002 
6 37  7.3344712  -0.9567424999999998  3.0857025499999997 
6 38  0.9534147000000003  3.2030075  1.0424333499999996 
6 39  5.1131647  0.9883566000000004  -1.0740474500000001 
6 40  1.0424333499999998  -0.9534146999999997  -3.2030075 
6 41  7.24545255  3.2063353  -0.9883566000000004 
6 42  5.20218335  -3.1747211999999996  3.1713933999999995 
6 43  3.08570255  0.9850288000000003  0.9567424999999998 
6 44  3.1223083499999995  3.0682316  -1.1264603000000002 
6 45  1.00582755  -3.0366174999999997  3.0332897 
6 46  7.282058349999999  1.1231325000000005  1.0948461999999992 
6 47  5.16557755  -1.0915183999999996  -3.0649038 
6 48  3.0366174999999997  -3.0332896999999996  1.0058275500000002 
6 49  5.251268400000001  1.1264602999999997  3.122308349999999 
6 50  1.0915183999999998  3.0649038000000006  -3.15392245 
6 51  7.196367499999999  -1.0948461999999997  -1.0374416500000003 
6 52  5.2545962  3.1539224499999996  1.0915184 
6 53  1.0948461999999999  1.0374416500000008  -1.1231325 
6 54  3.0332896999999996  -1.0058275499999998  3.0366174999999993 
6 55  7.1930397  -3.1223083499999995  -3.0682316000000003 
7 24  -0.9417673999999994  -0.9733814999999999  3.1863685000000004 
7 25  -3.1863684999999986  0.9417673999999998  7.346118499999999 
7 26  0.9733815000000012  3.1863684999999995  0.9417673999999999 
7 27  3.2179826  -3.2179826  5.1015174 
7 28  1.1381076000000006  -3.0532565000000003  3.0216423999999997 
7 29  3.0532565  3.0216423999999993  7.181392399999999 
7 30  -3.0216423999999993  -1.1381076000000006  5.2662435 
7 31  -1.1064934999999996  1.1064935  1.1064934999999998 
7 32  -3.1713933999999995  -3.1173166500000002  3.1747212 
7 33  -0.9567424999999989  3.0857025499999997  7.334471199999999 
7 34  3.2030075  1.0424333499999996  0.9534147 
7 35  0.9883566000000004  -1.0740474500000001  5.1131647 
7 36  -0.9534146999999997  -3.2030075  1.04243335 
7 37  3.206335300000001  -0.9883566000000004  7.2454525499999995 
7 38  -3.1747211999999987  3.1713933999999995  5.202183349999999 
7 39  0.9850288000000003  0.9567424999999998  3.08570255 
7 40  -3.0857025499999993  -0.9850288000000003  0.9567424999999999 
7 41  3.117316650000001  3.1747211999999996  3.1713934 
7 42  1.074047450000001  -3.2063353  7.331143399999999 
7 43  -1.0424333499999987  0.9534146999999997  5.1164925 
7 44  -1.0058275499999993  3.0366174999999993  3.0332897 
7 45  -3.122308349999999  -3.0682316000000003  7.1930397 
7 46  3.1539224499999996  1.0915184  5.254596199999999 
7 47  1.0374416500000008  -1.1231325  1.0948461999999999 
7 48  -1.0915183999999991  -3.0649038  5.16557755 
7 49  1.1231325000000014  1.0948461999999992  7.282058349999999 
7 50  -3.0366174999999993  3.0332897  1.00582755 
7 51  3.0682316  -1.1264603000000002  3.12230835 
7 52  1.1264603000000006  3.122308349999999  5.2512684 
7 53  -3.033289699999999  1.0058275500000002  3.0366175 
7 54  -1.0948461999999992  -1.0374416500000003  7.196367499999999 
7 55  3.0649038000000006  -3.15392245  1.0915183999999998 
8 24  1.1381075999999997  -3.0216423999999997  -3.0532564999999994 
8 25  -1.1064934999999998  -1.1064935  1.1064935 
8 26  3.0532565000000003  1.1381075999999997  -5.2978575999999995 
8 27  5.297857599999999  -5.2662435  -1.1381075999999997 
8 28  3.2179825999999996  -5.1015174000000005  -3.2179826 
8 29  5.133131499999999  0.9733814999999995  0.9417673999999998 
8 30  -0.9417674000000003  -3.1863685000000004  -0.9733814999999995 
8 31  0.9733814999999995  -0.9417673999999998  -5.133131499999999 
8 32  -1.0915184000000002  -5.16557755  -3.0649037999999997 
8 33  1.1231325  1.0374416499999999  1.0948462 
8 34  5.2828824999999995  -1.0058275500000002  -5.2862103 
8 35  3.0682315999999994  -3.12230835  -1.1264602999999997 
8 36  1.1264602999999993  -5.2512684  -5.19719165 
8 37  5.2862103000000005  -3.0366175  1.0058275500000002 
8 38  -1.0948461999999997  1.1231324999999996  -1.0374416499999999 
8 39  3.0649037999999993  -1.0915184  -3.1539224499999996 
8 40  -1.0058275500000002  -3.0332897  -5.2828824999999995 
8 41  5.197191650000001  1.1264602999999997  -3.0682316 
8 42  3.15392245  -5.2545962  1.0915184 
8 43  1.0374416500000003  -1.0948462  -1.1231324999999996 
8 44  1.0740474499999997  0.9883565999999995  -3.2063352999999997 
8 45  -1.04243335  -5.1164925  0.9534147000000006 
8 46  5.233797449999999  -0.9567424999999998  -0.9850288000000003 
8 47  3.11731665  -3.1713934  -5.144778799999999 
8 48  0.9883565999999999  -5.1131647000000005  -1.0740474499999992 
8 49  3.2030075000000005  -0.9534147000000006  1.0424333499999996 
8 50  -0.9567425000000003  0.9850288000000003  -5.233797449999999 
8 51  5.148106599999998  -3.1747212  -3.11731665 
8 52  3.2063352999999997  1.0740474499999992  -0.9883565999999995 
8 53  -0.9534147000000002  -1.0424333499999996  -3.2030074999999996 
8 54  0.9850287999999998  -3.08570255  0.9567424999999998 
8 55  5.144778799999999  -5.20218335  -5.1481066 
9 24  1.1064935  1.1064935  1.1064935 
9 25  -1.1381075999999994  3.0216423999999997  5.2662435 
9 26  3.0216424000000006  5.2662435  -1.1381076 
9 27  5.2662435  -1.1381076  3.0216423999999997 
9 28  3.1863685  -0.9733815000000003  0.9417673999999994 
9 29  5.101517399999999  5.101517399999999  5.101517399999999 
9 30  -0.9733814999999999  0.9417673999999994  3.1863685 
9 31  0.9417673999999998  3.1863685  -0.9733815000000003 
9 32  -1.1231324999999999  -1.03744165  1.0948461999999997 
9 33  1.0915184000000004  5.16557755  5.2545962 
9 34  5.251268399999999  3.1223083499999995  -1.1264603000000002 
9 35  3.0366174999999997  1.0058275499999998  3.0332896999999996 
9 36  1.0948461999999997  -1.1231325  -1.03744165 
9 37  5.2545962  1.0915183999999996  5.16557755 
9 38  -1.1264602999999993  5.251268399999999  3.1223083499999995 
9 39  3.0332896999999996  3.0366174999999997  1.0058275499999998 
9 40  -1.0374416499999999  1.0948461999999997  -1.1231325 
9 41  5.16557755  5.2545962  1.0915183999999996 
9 42  3.1223083500000004  -1.1264603000000002  5.251268399999999 
9 43  1.0058275500000007  3.0332896999999996  3.0366174999999997 
9 44  1.04243335  5.1164925  0.9534146999999997 
9 45  -1.0740474499999997  -0.9883566000000004  5.1131647000000005 
9 46  5.2021833499999985  3.1713934  3.174721199999999 
9 47  3.08570255  0.9567424999999998  -0.9850288000000003 
9 48  0.9567425000000003  -0.9850288000000003  3.08570255 
9 49  3.171393400000001  3.174721199999999  5.2021833499999985 
9 50  -0.9883565999999999  5.1131647000000005  -1.0740474500000001 
9 51  5.1164925  0.9534146999999997  1.0424333499999996 
9 52  3.1747212  5.2021833499999985  3.1713934 
9 53  -0.9850287999999998  3.08570255  0.9567424999999998 
9 54  0.9534147000000002  1.0424333499999996  5.1164925 
9 55  5.1131647000000005  -1.0740474500000001  -0.9883566000000004 
10 24  -3.0216423999999997  -3.0532564999999994  1.1381076000000006 
10 25  -5.266243499999999  -1.1381075999999997  5.2978576 
10 26  -1.1064934999999991  1.1064935  -1.1064934999999996 
10 27  1.1381075999999997  -5.2978575999999995  3.0532565000000003 
10 28  -0.9417673999999998  -5.133131499999999  0.9733814999999999 
10 29  0.9733814999999995  0.9417673999999998  5.133131499999999 
10 30  -5.1015174  -3.2179826  3.2179826000000005 
10 31  -3.1863685  -0.9733814999999995  -0.9417673999999998 
10 32  -5.2512684  -5.19719165  1.1264603000000002 
10 33  -3.0366174999999993  1.0058275500000002  5.2862103000000005 
10 34  1.1231324999999996  -1.0374416499999999  -1.0948461999999997 
10 35  -1.0915184  -3.1539224499999996  3.0649038 
10 36  -3.0332897  -5.2828824999999995  -1.0058275499999996 
10 37  1.1264603000000006  -3.0682316  5.197191650000001 
10 38  -5.254596199999999  1.0915184  3.15392245 
10 39  -1.0948462  -1.1231324999999996  1.0374416500000003 
10 40  -5.16557755  -3.0649037999999997  -1.0915183999999996 
10 41  1.0374416500000008  1.0948462  1.1231325 
10 42  -1.0058275499999993  -5.2862103  5.2828824999999995 
10 43  -3.122308349999999  -1.1264602999999997  3.0682316000000003 
10 44  -3.0857025499999997  0.9567424999999998  0.9850288000000003 
10 45  -5.202183349999999  -5.1481066  5.144778800000001 
10 46  1.0740474499999992  -0.9883565999999995  3.2063352999999997 
10 47  -1.0424333499999996  -3.2030074999999996  -0.9534146999999997 
10 48  -3.1713933999999995  -5.144778799999999  3.1173166500000007 
10 49  -0.9567424999999989  -0.9850288000000003  5.233797449999999 
10 50  -5.1164925  0.9534147000000006  -1.0424333499999996 
10 51  0.9883565999999995  -3.2063352999999997  1.0740474500000001 
10 52  -0.9534146999999997  1.0424333499999996  3.2030075000000005 
10 53  -5.1131647  -1.0740474499999992  0.9883566000000004 
10 54  -3.1747211999999996  -3.11731665  5.1481066 
10 55  0.9850288000000003  -5.233797449999999  -0.9567424999999998 
11 24  -3.0532564999999994  1.1381076000000006  -3.0216423999999997 
11 25  -5.297857599999999  3.0532565000000003  1.1381075999999997 
11 26  -1.1381075999999988  5.2978576  -5.2662435 
11 27  1.1064935  -1.1064934999999996  -1.1064935 
11 28  -0.9733814999999995  -0.9417673999999998  -3.1863685000000004 
11 29  0.9417673999999998  5.133131499999999  0.9733814999999995 
11 30  -5.133131499999999  0.9733814999999999  -0.9417673999999998 
11 31  -3.2179825999999996  3.2179826000000005  -5.1015174000000005 
11 32  -5.2828824999999995  -1.0058275499999996  -3.0332897 
11 33  -3.068231599999999  5.197191650000001  1.1264602999999997 
11 34  1.0915184  3.15392245  -5.2545962 
11 35  -1.1231324999999996  1.0374416500000003  -1.0948462 
11 36  -3.0649037999999997  -1.0915183999999996  -5.16557755 
11 37  1.094846200000001  1.1231325  1.0374416499999999 
11 38  -5.286210299999999  5.2828824999999995  -1.0058275500000002 
11 39  -1.1264602999999997  3.0682316000000003  -3.12230835 
11 40  -5.197191649999999  1.1264603000000002  -5.2512684 
11 41  1.0058275500000011  5.2862103000000005  -3.0366175 
11 42  -1.037441649999999  -1.0948461999999997  1.1231324999999996 
11 43  -3.1539224499999987  3.0649038  -1.0915184 
11 44  -3.1173166499999994  5.1481066  -3.1747212 
11 45  -5.233797449999999  -0.9567424999999998  0.9850288000000003 
11 46  1.0424333499999996  3.2030075000000005  -0.9534147000000006 
11 47  -1.0740474499999992  0.9883566000000004  -5.1131647000000005 
11 48  -3.203007499999999  -0.9534146999999997  -1.0424333499999996 
11 49  -0.9883565999999986  3.2063352999999997  1.0740474499999992 
11 50  -5.148106599999999  5.144778800000001  -5.20218335 
11 51  0.9567424999999998  0.9850288000000003  -3.08570255 
11 52  -0.9850287999999994  5.233797449999999  -0.9567424999999998 
11 53  -5.144778799999999  3.1173166500000007  -3.1713934 
11 54  -3.2063352999999992  1.0740474500000001  0.9883565999999995 
11 55  0.9534147000000006  -1.0424333499999996  -5.1164925 
12 24  2.1622380499999996  0.14559125000000028  -4.14061515 
12 25  -0.08236304999999988  2.06074015  0.01913484999999948 
12 26  4.07738695  4.30534125  -6.38521625 
12 27  6.321988049999999  -2.09900985  -2.22546625 
12 28  4.2421130499999995  -1.93428375  -4.305341250000001 
12 29  6.157261949999999  4.1406151499999995  -0.14559125000000073 
12 30  0.08236304999999966  -0.01913485000000037  -2.06074015 
12 31  1.9975119499999994  2.22546625  -6.22049015 
12 32  -0.06738795000000031  -1.9983438999999998  -4.15226245 
12 33  2.14726295  4.2046753  0.007487549999999565 
12 34  6.307012949999999  2.1614060999999998  -6.37356895 
12 35  4.092362049999999  0.04492530000000006  -2.2138189500000003 
12 36  2.150590749999999  -2.08403475  -6.2845503 
12 37  6.31034075  0.13061614999999982  -0.0815311000000003 
12 38  -0.07071574999999986  4.29036615  -2.1248003000000004 
12 39  4.089034249999999  2.07571525  -4.2412811 
12 40  0.018302899999999678  0.13394394999999992  -6.37024115 
12 41  6.2213221  4.29369395  -4.15559025 
12 42  4.1780529  -2.08736255  0.0041597499999994625 
12 43  2.0615721000000002  2.07238745  -2.21049115 
12 44  2.0981778999999996  4.1555902499999995  -4.29369395 
12 45  -0.018302900000000122  -1.94925885  -0.13394394999999992 
12 46  6.2579278999999985  2.21049115  -2.072387450000001 
12 47  4.1414471  -0.004159749999999907  -6.23213745 
12 48  2.01248705  -1.94593105  -2.1614060999999998 
12 49  4.22713795  2.2138189499999994  -0.044925300000000945 
12 50  0.06738794999999964  4.15226245  -6.3211561 
12 51  6.172237049999999  -0.0074875500000000095  -4.2046753 
12 52  4.23046575  4.241281099999999  -2.07571525 
12 53  0.07071574999999974  2.1248003000000004  -4.2903661500000005 
12 54  2.0091592499999997  0.08153109999999986  -0.1306161500000007 
12 55  6.16890925  -2.0349497  -6.235465250000001 
13 24  0.08236304999999966  -2.0607401500000004  0.01913485000000037 
13 25  -2.16223805  -0.14559125000000073  4.178884849999999 
13 26  1.9975119500000003  2.099009849999999  -2.2254662499999998 
13 27  4.242113049999999  -4.305341250000001  1.93428375 
13 28  2.1622380499999996  -4.14061515  -0.14559125000000028 
13 29  4.077386949999999  1.9342837499999987  4.01415875 
13 30  -1.9975119500000003  -2.225466250000001  2.0990098500000003 
13 31  -0.08236305000000055  0.01913484999999948  -2.06074015 
13 32  -2.14726295  -4.204675300000001  0.0074875500000000095 
13 33  0.06738795000000009  1.9983438999999992  4.167237549999999 
13 34  4.2271379499999995  -0.044925300000000945  -2.21381895 
13 35  2.0124870499999994  -2.1614061000000007  1.94593105 
13 36  0.0707157499999993  -4.2903661500000005  -2.1248002999999995 
13 37  4.2304657500000005  -2.075715250000001  4.0782188999999995 
13 38  -2.1505907499999997  2.084034749999999  2.0349497 
13 39  2.0091592499999993  -0.1306161500000007  -0.08153109999999986 
13 40  -2.0615721000000002  -2.072387450000001  -2.2104911499999997 
13 41  4.141447100000001  2.087362549999999  0.004159749999999907 
13 42  2.0981779  -4.293693950000001  4.16390975 
13 43  -0.018302899999999678  -0.1339439500000008  1.94925885 
13 44  0.018302899999999678  1.9492588499999988  -0.13394394999999992 
13 45  -2.0981779  -4.155590250000001  4.02580605 
13 46  4.178052899999999  0.0041597499999994625  2.0873625499999995 
13 47  2.0615721  -2.2104911500000006  -2.07238745 
13 48  -0.06738795000000009  -4.15226245  1.9983439000000005 
13 49  2.1472629500000004  0.007487549999998677  4.1148247 
13 50  -2.0124870500000003  1.9459310499999996  -2.1614060999999998 
13 51  4.092362049999998  -2.2138189500000007  -0.04492530000000006 
13 52  2.1505907499999997  2.0349496999999985  2.0840347500000003 
13 53  -2.00915925  -0.0815311000000003  -0.13061614999999982 
13 54  -0.07071575000000019  -2.124800300000001  4.029133849999999 
13 55  4.089034249999999  -4.2412811  -2.07571525 
14 24  -4.077386949999999  -4.014158749999998  -1.9342837499999992 
14 25  -6.321988049999999  -2.099009849999999  2.22546625 
14 26  -2.162238049999999  0.14559125000000073  -4.178884849999999 
14 27  0.08236304999999966  -6.258759849999999  -0.01913484999999948 
14 28  -1.9975119499999998  -6.0940337499999995  -2.09900985 
14 29  -0.08236305000000055  -0.01913484999999948  2.06074015 
14 30  -6.15726195  -4.178884849999999  0.14559125000000073 
14 31  -4.24211305  -1.9342837499999987  -4.01415875 
14 32  -6.30701295  -6.158093899999999  -1.9459310499999996 
14 33  -4.092362049999999  0.044925300000000945  2.2138189500000003 
14 34  0.06738794999999964  -1.9983438999999992  -4.167237549999999 
14 35  -2.14726295  -4.114824699999999  -0.007487549999999565 
14 36  -4.08903425  -6.243784749999999  -4.0782188999999995 
14 37  0.07071575000000063  -4.029133849999999  2.1248003000000004 
14 38  -6.310340749999999  0.1306161500000007  0.0815311000000003 
14 39  -2.15059075  -2.084034749999999  -2.0349496999999994 
14 40  -6.2213221  -4.025806049999999  -4.163909749999999 
14 41  -0.018302899999999234  0.1339439500000008  -1.9492588499999997 
14 42  -2.0615720999999994  -6.247112549999999  2.21049115 
14 43  -4.178052899999999  -2.087362549999999  -0.0041597499999994625 
14 44  -4.1414471  -0.0041597499999994625  -2.0873625499999995 
14 45  -6.257927899999999  -6.109008849999999  2.072387450000001 
14 46  0.018302899999999234  -1.9492588499999988  0.13394394999999992 
14 47  -2.0981778999999996  -4.163909749999998  -4.02580605 
14 48  -4.2271379499999995  -6.105681049999999  0.044925300000000945 
14 49  -2.012487049999999  -1.9459310499999996  2.1614060999999998 
14 50  -6.17223705  -0.007487549999998677  -4.1148247 
14 51  -0.06738795000000053  -4.167237549999999  -1.9983438999999996 
14 52  -2.0091592499999997  0.0815311000000003  0.1306161500000007 
14 53  -6.16890925  -2.0349496999999985  -2.0840347499999994 
14 54  -4.23046575  -4.0782188999999995  2.07571525 
14 55  -0.07071574999999974  -6.194699699999999  -4.029133849999999 
15 24  -1.9975119499999994  2.0990098500000003  2.22546625 
15 25  -4.242113049999999  4.01415875  6.385216249999999 
15 26  -0.08236304999999877  6.25875985  -0.019134850000000037 
15 27  2.16223805  -0.14559124999999995  4.14061515 
15 28  0.08236305000000055  0.019134849999999926  2.0607401499999995 
15 29  1.9975119499999998  6.0940337499999995  6.22049015 
15 30  -4.077386949999999  1.9342837499999996  4.30534125 
15 31  -2.1622380499999996  4.17888485  0.14559124999999984 
15 32  -4.2271379499999995  -0.044925299999999835  2.21381895 
15 33  -2.012487049999999  6.1580939  6.373568949999999 
15 34  2.14726295  4.1148247  -0.0074875500000000095 
15 35  -0.06738794999999964  1.9983439  4.15226245 
15 36  -2.0091592499999997  -0.13061614999999993  0.08153110000000008 
15 37  2.150590750000001  2.08403475  6.284550299999999 
15 38  -4.230465749999999  6.24378475  4.2412811 
15 39  -0.07071574999999974  4.02913385  2.1248003 
15 40  -4.141447099999999  2.08736255  -0.004159750000000018 
15 41  2.061572100000001  6.24711255  2.2104911499999997 
15 42  0.01830290000000101  -0.13394394999999992  6.37024115 
15 43  -2.0981778999999987  4.02580605  4.1555902499999995 
15 44  -2.0615720999999994  6.1090088499999995  2.07238745 
15 45  -4.178052899999999  0.004159749999999907  6.23213745 
15 46  2.0981778999999996  4.16390975  4.29369395 
15 47  -0.018302899999999234  1.94925885  0.13394394999999992 
15 48  -2.147262949999999  0.0074875500000000095  4.2046753 
15 49  0.06738795000000142  4.167237549999999  6.3211561 
15 50  -4.092362049999999  6.10568105  0.04492530000000006 
15 51  2.01248705  1.94593105  2.1614060999999998 
15 52  0.07071575000000063  6.194699699999999  4.2903661500000005 
15 53  -4.089034249999999  4.0782189  2.07571525 
15 54  -2.150590749999999  2.0349497  6.235465249999999 
15 55  2.0091592500000006  -0.08153109999999986  0.13061614999999982 
16 24  -4.14061515  2.16223805  0.14559125000000028 
16 25  -6.385216249999999  4.07738695  4.30534125 
16 26  -2.2254662499999993  6.32198805  -2.09900985 
16 27  0.01913484999999948  -0.08236305  2.06074015 
16 28  -2.06074015  0.08236304999999988  -0.01913485000000037 
16 29  -0.14559125000000073  6.15726195  4.1406151499999995 
16 30  -6.22049015  1.9975119499999996  2.22546625 
16 31  -4.30534125  4.24211305  -1.93428375 
16 32  -6.37024115  0.018302900000000122  0.13394394999999992 
16 33  -4.1555902499999995  6.2213221  4.29369395 
16 34  0.0041597499999994625  4.1780529  -2.08736255 
16 35  -2.21049115  2.0615721000000002  2.07238745 
16 36  -4.15226245  -0.06738794999999997  -1.9983438999999998 
16 37  0.0074875500000004536  2.14726295  4.2046753 
16 38  -6.373568949999999  6.30701295  2.1614060999999998 
16 39  -2.2138189500000003  4.09236205  0.04492530000000006 
16 40  -6.284550299999999  2.15059075  -2.08403475 
16 41  -0.08153109999999941  6.31034075  0.13061614999999982 
16 42  -2.1248002999999995  -0.07071574999999997  4.29036615 
16 43  -4.241281099999999  4.08903425  2.07571525 
16 44  -4.2046753  6.17223705  -0.0074875500000000095 
16 45  -6.3211561  0.06738794999999986  4.15226245 
16 46  -0.044925300000000945  4.22713795  2.2138189499999994 
16 47  -2.1614060999999998  2.01248705  -1.94593105 
16 48  -4.29036615  0.07071574999999997  2.1248003000000004 
16 49  -2.075715249999999  4.23046575  4.241281099999999 
16 50  -6.23546525  6.1689092500000005  -2.0349497 
16 51  -0.1306161500000007  2.0091592499999997  0.08153109999999986 
16 52  -2.07238745  6.257927899999999  2.21049115 
16 53  -6.23213745  4.141447100000001  -0.004159749999999907 
16 54  -4.29369395  2.0981778999999996  4.1555902499999995 
16 55  -0.13394394999999992  -0.0183028999999999  -1.94925885 
17 24  0.019134849999999926  0.0823630500000001  -2.0607401500000004 
17 25  -2.2254662499999993  1.9975119499999998  2.099009849999999 
17 26  1.9342837500000005  4.2421130499999995  -4.305341250000001 
17 27  4.178884849999999  -2.16223805  -0.14559125000000073 
17 28  2.09900985  -1.9975119500000003  -2.225466250000001 
17 29  4.014158749999999  4.077386949999999  1.9342837499999987 
17 30  -2.06074015  -0.08236305000000055  0.01913484999999948 
17 31  -0.14559125000000028  2.16223805  -4.14061515 
17 32  -2.21049115  -2.0615721000000002  -2.072387450000001 
17 33  0.004159750000000351  4.1414471  2.087362549999999 
17 34  4.163909749999999  2.0981778999999996  -4.293693950000001 
17 35  1.9492588499999997  -0.018302900000000122  -0.1339439500000008 
17 36  0.007487549999999565  -2.14726295  -4.204675300000001 
17 37  4.16723755  0.06738794999999964  1.9983438999999992 
17 38  -2.2138189499999994  4.2271379499999995  -0.044925300000000945 
17 39  1.9459310499999996  2.01248705  -2.1614061000000007 
17 40  -2.1248003  0.07071574999999974  -4.2903661500000005 
17 41  4.0782189  4.23046575  -2.075715250000001 
17 42  2.0349497000000003  -2.15059075  2.084034749999999 
17 43  -0.08153109999999941  2.0091592499999997  -0.1306161500000007 
17 44  -0.04492530000000006  4.092362049999999  -2.2138189500000007 
17 45  -2.1614060999999998  -2.0124870500000003  1.9459310499999996 
17 46  4.114824699999999  2.14726295  0.007487549999998677 
17 47  1.9983439  -0.06738795000000009  -4.15226245 
17 48  -0.13061614999999982  -2.00915925  -0.0815311000000003 
17 49  2.0840347500000007  2.150590749999999  2.0349496999999985 
17 50  -2.07571525  4.08903425  -4.2412811 
17 51  4.029133849999999  -0.07071575000000019  -2.124800300000001 
17 52  2.08736255  4.178052899999999  0.0041597499999994625 
17 53  -2.07238745  2.0615721000000002  -2.2104911500000006 
17 54  -0.13394394999999992  0.018302899999999678  1.9492588499999988 
17 55  4.02580605  -2.0981779  -4.155590250000001 
18 24  -1.93428375  -4.077386949999999  -4.014158749999998 
18 25  -4.178884849999999  -2.16223805  0.14559125000000073 
18 26  -0.01913484999999948  0.08236304999999966  -6.258759849999999 
18 27  2.2254662499999993  -6.32198805  -2.099009849999999 
18 28  0.14559124999999984  -6.1572619500000005  -4.178884849999999 
18 29  2.060740149999999  -0.08236305000000055  -0.01913484999999948 
18 30  -4.01415875  -4.24211305  -1.9342837499999987 
18 31  -2.0990098500000003  -1.9975119499999998  -6.0940337499999995 
18 32  -4.16390975  -6.2213221  -4.025806049999999 
18 33  -1.9492588499999997  -0.018302900000000122  0.1339439500000008 
18 34  2.2104911499999993  -2.0615721000000002  -6.247112549999999 
18 35  -0.004159750000000351  -4.1780529  -2.087362549999999 
18 36  -1.9459310500000004  -6.30701295  -6.158093899999999 
18 37  2.2138189500000003  -4.09236205  0.044925300000000945 
18 38  -4.167237549999999  0.06738794999999964  -1.9983438999999992 
18 39  -0.0074875500000004536  -2.14726295  -4.114824699999999 
18 40  -4.0782188999999995  -4.08903425  -6.243784749999999 
18 41  2.1248003000000004  0.07071574999999974  -4.029133849999999 
18 42  0.0815311000000003  -6.31034075  0.1306161500000007 
18 43  -2.0349496999999994  -2.15059075  -2.084034749999999 
18 44  -1.9983439  -0.06738795000000053  -4.167237549999999 
18 45  -4.1148247  -6.17223705  -0.007487549999998677 
18 46  2.161406099999999  -2.01248705  -1.9459310499999996 
18 47  0.04492530000000006  -4.2271379499999995  -6.105681049999999 
18 48  -2.08403475  -6.1689092500000005  -2.0349496999999985 
18 49  0.1306161500000007  -2.0091592500000006  0.0815311000000003 
18 50  -4.02913385  -0.07071574999999974  -6.194699699999999 
18 51  2.075715249999999  -4.2304657500000005  -4.0782188999999995 
18 52  0.13394394999999992  0.018302899999999234  -1.9492588499999988 
18 53  -4.02580605  -2.0981778999999996  -4.163909749999998 
18 54  -2.08736255  -4.141447100000001  -0.0041597499999994625 
18 55  2.07238745  -6.2579279  -6.109008849999999 
19 24  2.2254662499999998  -1.9975119499999994  2.0990098500000003 
19 25  -0.019134849999999703  -0.08236304999999966  6.25875985 
19 26  4.14061515  2.16223805  -0.14559124999999995 
19 27  6.385216249999999  -4.2421130499999995  4.01415875 
19 28  4.30534125  -4.077386949999999  1.9342837499999996 
19 29  6.220490149999999  1.9975119499999998  6.0940337499999995 
19 30  0.14559124999999984  -2.16223805  4.17888485 
19 31  2.0607401499999995  0.08236305000000055  0.019134849999999926 
19 32  -0.004159750000000129  -4.1414471  2.08736255 
19 33  2.21049115  2.0615721000000002  6.24711255 
19 34  6.370241149999999  0.018302900000000122  -0.13394394999999992 
19 35  4.1555902499999995  -2.0981778999999996  4.02580605 
19 36  2.2138189499999994  -4.2271379499999995  -0.044925299999999835 
19 37  6.37356895  -2.01248705  6.1580939 
19 38  -0.007487549999999676  2.14726295  4.1148247 
19 39  4.152262449999999  -0.06738794999999964  1.9983439 
19 40  0.08153109999999986  -2.0091592499999997  -0.13061614999999993 
19 41  6.2845503  2.15059075  2.08403475 
19 42  4.2412811  -4.23046575  6.24378475 
19 43  2.1248003000000004  -0.07071574999999974  4.02913385 
19 44  2.1614060999999998  2.01248705  1.94593105 
19 45  0.04492530000000006  -4.09236205  6.10568105 
19 46  6.321156099999999  0.06738795000000053  4.167237549999999 
19 47  4.2046753  -2.1472629499999996  0.0074875500000000095 
19 48  2.07571525  -4.089034249999999  4.0782189 
19 49  4.2903661500000005  0.07071574999999974  6.194699699999999 
19 50  0.13061614999999982  2.0091592500000006  -0.08153109999999986 
19 51  6.235465249999999  -2.1505907499999997  2.0349497 
19 52  4.29369395  2.0981778999999996  4.16390975 
19 53  0.13394394999999992  -0.018302899999999234  1.94925885 
19 54  2.07238745  -2.0615721  6.1090088499999995 
19 55  6.23213745  -4.178052899999999  0.004159749999999907 
20 24  0.14559124999999984  -4.14061515  2.16223805 
20 25  -2.09900985  -2.22546625  6.32198805 
20 26  2.0607401500000004  0.01913484999999948  -0.08236305 
20 27  4.30534125  -6.38521625  4.07738695 
20 28  2.2254662499999998  -6.22049015  1.9975119499999996 
20 29  4.140615149999999  -0.14559125000000073  6.15726195 
20 30  -1.93428375  -4.305341250000001  4.24211305 
20 31  -0.01913485000000037  -2.06074015  0.08236304999999988 
20 32  -2.08403475  -6.2845503  2.15059075 
20 33  0.13061615000000026  -0.0815311000000003  6.31034075 
20 34  4.290366149999999  -2.1248003000000004  -0.07071574999999997 
20 35  2.0757152499999996  -4.2412811  4.08903425 
20 36  0.13394394999999948  -6.37024115  0.018302900000000122 
20 37  4.29369395  -4.15559025  6.2213221 
20 38  -2.0873625499999995  0.0041597499999994625  4.1780529 
20 39  2.0723874499999995  -2.21049115  2.0615721000000002 
20 40  -1.9983439  -4.15226245  -0.06738794999999997 
20 41  4.2046753  0.007487549999999565  2.14726295 
20 42  2.1614061  -6.37356895  6.30701295 
20 43  0.0449253000000005  -2.2138189500000003  4.09236205 
20 44  0.08153109999999986  -0.1306161500000007  2.0091592499999997 
20 45  -2.0349497  -6.235465250000001  6.1689092500000005 
20 46  4.241281099999998  -2.07571525  4.23046575 
20 47  2.1248003  -4.2903661500000005  0.07071574999999997 
20 48  -0.004159749999999907  -6.23213745  4.141447100000001 
20 49  2.2104911500000006  -2.072387450000001  6.257927899999999 
20 50  -1.94925885  -0.13394394999999992  -0.0183028999999999 
20 51  4.1555902499999995  -4.29369395  2.0981778999999996 
20 52  2.21381895  -0.044925300000000945  4.22713795 
20 53  -1.94593105  -2.1614060999999998  2.01248705 
20 54  -0.0074875500000000095  -4.2046753  6.17223705 
20 55  4.15226245  -6.3211561  0.06738794999999986 
21 24  -2.0607401500000004  0.01913485000000037  0.0823630500000001 
21 25  -4.30534125  1.93428375  4.2421130499999995 
21 26  -0.14559124999999984  4.178884849999999  -2.16223805 
21 27  2.099009849999999  -2.2254662499999998  1.9975119499999998 
21 28  0.01913484999999948  -2.06074015  -0.08236305000000055 
21 29  1.9342837499999987  4.01415875  4.077386949999999 
21 30  -4.14061515  -0.14559125000000028  2.16223805 
21 31  -2.2254662500000006  2.0990098500000003  -1.9975119500000003 
21 32  -4.2903661500000005  -2.1248002999999995  0.07071574999999974 
21 33  -2.07571525  4.0782188999999995  4.23046575 
21 34  2.084034749999999  2.0349497  -2.15059075 
21 35  -0.1306161500000007  -0.08153109999999986  2.0091592499999997 
21 36  -2.072387450000001  -2.2104911499999997  -2.0615721000000002 
21 37  2.08736255  0.004159749999999907  4.1414471 
21 38  -4.29369395  4.16390975  2.0981778999999996 
21 39  -0.1339439500000008  1.94925885  -0.018302900000000122 
21 40  -4.2046753  0.0074875500000000095  -2.14726295 
21 41  1.9983439  4.167237549999999  0.06738794999999964 
21 42  -0.04492530000000006  -2.21381895  4.2271379499999995 
21 43  -2.1614060999999998  1.94593105  2.01248705 
21 44  -2.1248003000000004  4.029133849999999  -0.07071575000000019 
21 45  -4.2412811  -2.07571525  4.08903425 
21 46  2.0349496999999985  2.0840347500000003  2.150590749999999 
21 47  -0.0815311000000003  -0.13061614999999982  -2.00915925 
21 48  -2.21049115  -2.07238745  2.0615721000000002 
21 49  0.004159750000000351  2.0873625499999995  4.178052899999999 
21 50  -4.15559025  4.02580605  -2.0981779 
21 51  1.9492588499999988  -0.13394394999999992  0.018302899999999678 
21 52  0.007487549999999565  4.1148247  2.14726295 
21 53  -4.15226245  1.9983439000000005  -0.06738795000000009 
21 54  -2.2138189500000003  -0.04492530000000006  4.092362049999999 
21 55  1.9459310499999996  -2.1614060999999998  -2.0124870500000003 
22 24  -4.01415875  -1.9342837499999992  -4.077386949999999 
22 25  -6.258759849999999  -0.01913484999999948  0.08236304999999966 
22 26  -2.099009849999999  2.22546625  -6.32198805 
22 27  0.14559124999999984  -4.178884849999999  -2.16223805 
22 28  -1.9342837499999996  -4.01415875  -4.24211305 
22 29  -0.01913485000000037  2.06074015  -0.08236305000000055 
22 30  -6.0940337499999995  -2.09900985  -1.9975119499999998 
22 31  -4.178884849999999  0.14559125000000073  -6.1572619500000005 
22 32  -6.24378475  -4.0782188999999995  -4.08903425 
22 33  -4.029133849999999  2.1248003000000004  0.07071574999999974 
22 34  0.13061614999999982  0.0815311000000003  -6.31034075 
22 35  -2.08403475  -2.0349496999999994  -2.15059075 
22 36  -4.02580605  -4.163909749999999  -6.2213221 
22 37  0.1339439500000008  -1.9492588499999997  -0.018302900000000122 
22 38  -6.247112549999999  2.21049115  -2.0615721000000002 
22 39  -2.08736255  -0.0041597499999994625  -4.1780529 
22 40  -6.158093899999999  -1.9459310499999996  -6.30701295 
22 41  0.044925300000000945  2.2138189500000003  -4.09236205 
22 42  -1.9983438999999992  -4.167237549999999  0.06738794999999964 
22 43  -4.114824699999999  -0.007487549999999565  -2.14726295 
22 44  -4.0782188999999995  2.07571525  -4.2304657500000005 
22 45  -6.194699699999999  -4.029133849999999  -0.07071574999999974 
22 46  0.08153109999999941  0.1306161500000007  -2.0091592500000006 
22 47  -2.0349496999999994  -2.0840347499999994  -6.1689092500000005 
22 48  -4.163909749999999  -4.02580605  -2.0981778999999996 
22 49  -1.9492588499999988  0.13394394999999992  0.018302899999999234 
22 50  -6.1090088499999995  2.072387450000001  -6.2579279 
22 51  -0.004159750000000351  -2.0873625499999995  -4.141447100000001 
22 52  -1.9459310499999996  2.1614060999999998  -2.01248705 
22 53  -6.105681049999999  0.044925300000000945  -4.2271379499999995 
22 54  -4.167237549999999  -1.9983438999999996  -0.06738795000000053 
22 55  -0.007487549999999565  -4.1148247  -6.17223705 
23 24  2.09900985  2.22546625  -1.9975119499999994 
23 25  -0.1455912499999994  4.14061515  2.16223805 
23 26  4.014158750000001  6.385216249999999  -4.2421130499999995 
23 27  6.25875985  -0.019134850000000037  -0.08236304999999966 
23 28  4.17888485  0.14559124999999984  -2.16223805 
23 29  6.0940337499999995  6.22049015  1.9975119499999998 
23 30  0.019134850000000148  2.0607401499999995  0.08236305000000055 
23 31  1.9342837499999999  4.30534125  -4.077386949999999 
23 32  -0.13061614999999982  0.08153110000000008  -2.0091592499999997 
23 33  2.0840347500000007  6.284550299999999  2.15059075 
23 34  6.24378475  4.2412811  -4.23046575 
23 35  4.02913385  2.1248003  -0.07071574999999974 
23 36  2.08736255  -0.004159750000000018  -4.1414471 
23 37  6.247112550000001  2.2104911499999997  2.0615721000000002 
23 38  -0.13394394999999937  6.37024115  0.018302900000000122 
23 39  4.02580605  4.1555902499999995  -2.0981778999999996 
23 40  -0.044925299999999835  2.21381895  -4.2271379499999995 
23 41  6.158093900000001  6.373568949999999  -2.01248705 
23 42  4.114824700000001  -0.0074875500000000095  2.14726295 
23 43  1.9983439000000007  4.15226245  -0.06738794999999964 
23 44  2.0349497000000003  6.235465249999999  -2.1505907499999997 
23 45  -0.08153109999999963  0.13061614999999982  2.0091592500000006 
23 46  6.194699699999999  4.2903661500000005  0.07071574999999974 
23 47  4.0782189  2.07571525  -4.089034249999999 
23 48  1.9492588500000003  0.13394394999999992  -0.018302899999999234 
23 49  4.163909750000001  4.29369395  2.0981778999999996 
23 50  0.004159750000000129  6.23213745  -4.178052899999999 
23 51  6.1090088499999995  2.07238745  -2.0615721 
23 52  4.16723755  6.3211561  0.06738795000000053 
23 53  0.0074875500000002315  4.2046753  -2.1472629499999996 
23 54  1.9459310500000002  2.1614060999999998  2.01248705 
23 55  6.10568105  0.04492530000000006  -4.09236205 
24 0  1.9975119499999994  1.9975119499999994  1.9975119499999994 
24 1  4.077386949999999  -0.0823630500000001  -2.16223805 
24 2  -0.08236304999999966  -2.16223805  4.077386949999999 
24 3  -2.1622380499999996  4.077386949999999  -0.0823630500000001 
24 4  5.1015174000000005  5.1015174000000005  5.1015174000000005 
24 5  0.9733814999999999  -3.1863685000000004  0.9417673999999994 
24 6  -3.1863684999999995  0.9417673999999994  0.9733814999999999 
24 7  0.9417673999999994  0.9733814999999999  -3.1863685000000004 
24 8  -1.1381075999999997  3.0216423999999997  3.0532564999999994 
24 9  -1.1064935  -1.1064935  -1.1064935 
24 10  3.0216423999999997  3.0532564999999994  -1.1381076000000006 
24 11  3.0532564999999994  -1.1381076000000006  3.0216423999999997 
24 12  -2.1622380499999996  -0.14559125000000028  4.14061515 
24 13  -0.08236304999999966  2.0607401500000004  -0.01913485000000037 
24 14  4.077386949999999  4.014158749999998  1.9342837499999992 
24 15  1.9975119499999994  -2.0990098500000003  -2.22546625 
24 16  4.14061515  -2.16223805  -0.14559125000000028 
24 17  -0.019134849999999926  -0.0823630500000001  2.0607401500000004 
24 18  1.93428375  4.077386949999999  4.014158749999998 
24 19  -2.2254662499999998  1.9975119499999994  -2.0990098500000003 
24 20  -0.14559124999999984  4.14061515  -2.16223805 
24 21  2.0607401500000004  -0.01913485000000037  -0.0823630500000001 
24 22  4.01415875  1.9342837499999992  4.077386949999999 
24 23  -2.09900985  -2.22546625  1.9975119499999994 
25 0  4.242113049999999  0.08236304999999966  -2.16223805 
25 1  6.321988049999999  -1.9975119499999998  -6.32198805 
25 2  2.16223805  -4.07738695  -0.08236304999999966 
25 3  0.08236304999999988  2.16223805  -4.2421130499999995 
25 4  7.346118499999999  3.1863685000000004  0.9417674000000007 
25 5  3.217982599999999  -5.1015174  -3.2179826 
25 6  -0.9417674000000003  -0.9733815000000003  -3.1863684999999995 
25 7  3.1863684999999986  -0.9417673999999998  -7.346118499999999 
25 8  1.1064934999999998  1.1064935  -1.1064935 
25 9  1.1381075999999994  -3.0216423999999997  -5.2662435 
25 10  5.266243499999999  1.1381075999999997  -5.2978576 
25 11  5.297857599999999  -3.0532565000000003  -1.1381075999999997 
25 12  0.08236304999999988  -2.06074015  -0.01913484999999948 
25 13  2.16223805  0.14559125000000073  -4.178884849999999 
25 14  6.321988049999999  2.099009849999999  -2.22546625 
25 15  4.242113049999999  -4.01415875  -6.385216249999999 
25 16  6.385216249999999  -4.07738695  -4.30534125 
25 17  2.2254662499999993  -1.9975119499999998  -2.099009849999999 
25 18  4.178884849999999  2.16223805  -0.14559125000000073 
25 19  0.019134849999999703  0.08236304999999966  -6.25875985 
25 20  2.09900985  2.22546625  -6.32198805 
25 21  4.30534125  -1.93428375  -4.2421130499999995 
25 22  6.258759849999999  0.01913484999999948  -0.08236304999999966 
25 23  0.1455912499999994  -4.14061515  -2.16223805 
26 0  0.08236304999999877  -2.16223805  4.2421130499999995 
26 1  2.162238049999999  -4.2421130499999995  0.08236305 
26 2  -1.9975119500000003  -6.32198805  6.32198805 
26 3  -4.07738695  -0.08236304999999966  2.16223805 
26 4  3.1863684999999995  0.9417674000000007  7.3461185 
26 5  -0.9417674000000007  -7.346118499999999  3.1863684999999995 
26 6  -5.1015174000000005  -3.2179826  3.2179826 
26 7  -0.9733815000000012  -3.1863684999999995  -0.9417673999999999 
26 8  -3.0532565000000003  -1.1381075999999997  5.2978575999999995 
26 9  -3.0216424000000006  -5.2662435  1.1381076 
26 10  1.1064934999999991  -1.1064935  1.1064934999999996 
26 11  1.1381075999999988  -5.2978576  5.2662435 
26 12  -4.07738695  -4.30534125  6.38521625 
26 13  -1.9975119500000003  -2.099009849999999  2.2254662499999998 
26 14  2.162238049999999  -0.14559125000000073  4.178884849999999 
26 15  0.08236304999999877  -6.25875985  0.019134850000000037 
26 16  2.2254662499999993  -6.32198805  2.09900985 
26 17  -1.9342837500000005  -4.2421130499999995  4.305341250000001 
26 18  0.01913484999999948  -0.08236304999999966  6.258759849999999 
26 19  -4.14061515  -2.16223805  0.14559124999999995 
26 20  -2.0607401500000004  -0.01913484999999948  0.08236305 
26 21  0.14559124999999984  -4.178884849999999  2.16223805 
26 22  2.099009849999999  -2.22546625  6.32198805 
26 23  -4.014158750000001  -6.385216249999999  4.2421130499999995 
27 0  -2.16223805  4.2421130499999995  0.08236304999999966 
27 1  -0.08236304999999966  2.16223805  -4.07738695 
27 2  -4.242113049999999  0.08236305  2.16223805 
27 3  -6.321988049999999  6.32198805  -1.9975119499999998 
27 4  0.9417674000000007  7.3461185  3.1863685000000004 
27 5  -3.1863684999999995  -0.9417673999999999  -0.9733815000000003 
27 6  -7.346118499999999  3.1863684999999995  -0.9417673999999998 
27 7  -3.2179826  3.2179826  -5.1015174 
27 8  -5.297857599999999  5.2662435  1.1381075999999997 
27 9  -5.2662435  1.1381076  -3.0216423999999997 
27 10  -1.1381075999999997  5.2978575999999995  -3.0532565000000003 
27 11  -1.1064935  1.1064934999999996  1.1064935 
27 12  -6.321988049999999  2.09900985  2.22546625 
27 13  -4.242113049999999  4.305341250000001  -1.93428375 
27 14  -0.08236304999999966  6.258759849999999  0.01913484999999948 
27 15  -2.16223805  0.14559124999999995  -4.14061515 
27 16  -0.01913484999999948  0.08236305  -2.06074015 
27 17  -4.178884849999999  2.16223805  0.14559125000000073 
27 18  -2.2254662499999993  6.32198805  2.099009849999999 
27 19  -6.385216249999999  4.2421130499999995  -4.01415875 
27 20  -4.30534125  6.38521625  -4.07738695 
27 21  -2.099009849999999  2.2254662499999998  -1.9975119499999998 
27 22  -0.14559124999999984  4.178884849999999  2.16223805 
27 23  -6.25875985  0.019134850000000037  0.08236304999999966 
28 0  -0.08236305000000055  4.077386949999999  2.16223805 
28 1  1.9975119499999998  1.9975119500000003  -1.9975119499999996 
28 2  -2.1622380499999996  -0.08236304999999988  4.24211305 
28 3  -4.2421130499999995  6.1572619500000005  0.08236305000000055 
28 4  3.0216424  7.1813924  5.266243500000001 
28 5  -1.1064935  -1.1064934999999998  1.1064935 
28 6  -5.2662435  3.0216423999999997  1.1381076000000006 
28 7  -1.1381076000000006  3.0532565000000003  -3.0216423999999997 
28 8  -3.2179825999999996  5.1015174000000005  3.2179826 
28 9  -3.1863685  0.9733815000000003  -0.9417673999999994 
28 10  0.9417673999999998  5.133131499999999  -0.9733814999999999 
28 11  0.9733814999999995  0.9417673999999998  3.1863685000000004 
28 12  -4.2421130499999995  1.93428375  4.305341250000001 
28 13  -2.1622380499999996  4.14061515  0.14559125000000028 
28 14  1.9975119499999998  6.0940337499999995  2.09900985 
28 15  -0.08236305000000055  -0.019134849999999926  -2.0607401499999995 
28 16  2.06074015  -0.08236304999999988  0.01913485000000037 
28 17  -2.09900985  1.9975119500000003  2.225466250000001 
28 18  -0.14559124999999984  6.1572619500000005  4.178884849999999 
28 19  -4.30534125  4.077386949999999  -1.9342837499999996 
28 20  -2.2254662499999998  6.22049015  -1.9975119499999996 
28 21  -0.01913484999999948  2.06074015  0.08236305000000055 
28 22  1.9342837499999996  4.01415875  4.24211305 
28 23  -4.17888485  -0.14559124999999984  2.16223805 
29 0  -1.9975119499999998  -1.9975119499999998  -1.9975119499999998 
29 1  0.08236305000000055  -4.077386949999999  -6.15726195 
29 2  -4.077386949999999  -6.15726195  0.08236305000000055 
29 3  -6.157261949999999  0.08236305000000055  -4.077386949999999 
29 4  1.106493500000001  1.106493500000001  1.106493500000001 
29 5  -3.0216423999999993  -7.181392399999999  -3.0532565 
29 6  -7.181392399999999  -3.0532565  -3.0216423999999993 
29 7  -3.0532565  -3.0216423999999993  -7.181392399999999 
29 8  -5.133131499999999  -0.9733814999999995  -0.9417673999999998 
29 9  -5.101517399999999  -5.101517399999999  -5.101517399999999 
29 10  -0.9733814999999995  -0.9417673999999998  -5.133131499999999 
29 11  -0.9417673999999998  -5.133131499999999  -0.9733814999999995 
29 12  -6.157261949999999  -4.1406151499999995  0.14559125000000073 
29 13  -4.077386949999999  -1.9342837499999987  -4.01415875 
29 14  0.08236305000000055  0.01913484999999948  -2.06074015 
29 15  -1.9975119499999998  -6.0940337499999995  -6.22049015 
29 16  0.14559125000000073  -6.15726195  -4.1406151499999995 
29 17  -4.014158749999999  -4.077386949999999  -1.9342837499999987 
29 18  -2.060740149999999  0.08236305000000055  0.01913484999999948 
29 19  -6.220490149999999  -1.9975119499999998  -6.0940337499999995 
29 20  -4.140615149999999  0.14559125000000073  -6.15726195 
29 21  -1.9342837499999987  -4.01415875  -4.077386949999999 
29 22  0.01913485000000037  -2.06074015  0.08236305000000055 
29 23  -6.0940337499999995  -6.22049015  -1.9975119499999998 
30 0  4.077386949999999  2.16223805  -0.08236305000000055 
30 1  6.15726195  0.08236305000000055  -4.24211305 
30 2  1.9975119500000003  -1.9975119499999996  1.9975119499999998 
30 3  -0.08236304999999966  4.24211305  -2.16223805 
30 4  7.1813924  5.266243500000001  3.0216424 
30 5  3.0532565  -3.0216423999999997  -1.1381076000000006 
30 6  -1.1064934999999998  1.1064935  -1.1064935 
30 7  3.0216423999999993  1.1381076000000006  -5.2662435 
30 8  0.9417674000000003  3.1863685000000004  0.9733814999999995 
30 9  0.9733814999999999  -0.9417673999999994  -3.1863685 
30 10  5.1015174  3.2179826  -3.2179826000000005 
30 11  5.133131499999999  -0.9733814999999999  0.9417673999999998 
30 12  -0.08236304999999966  0.01913485000000037  2.06074015 
30 13  1.9975119500000003  2.225466250000001  -2.0990098500000003 
30 14  6.15726195  4.178884849999999  -0.14559125000000073 
30 15  4.077386949999999  -1.9342837499999996  -4.30534125 
30 16  6.22049015  -1.9975119499999996  -2.22546625 
30 17  2.06074015  0.08236305000000055  -0.01913484999999948 
30 18  4.01415875  4.24211305  1.9342837499999987 
30 19  -0.14559124999999984  2.16223805  -4.17888485 
30 20  1.93428375  4.305341250000001  -4.24211305 
30 21  4.14061515  0.14559125000000028  -2.16223805 
30 22  6.0940337499999995  2.09900985  1.9975119499999998 
30 23  -0.019134850000000148  -2.0607401499999995  -0.08236305000000055 
31 0  2.1622380499999996  -0.08236305000000055  4.077386949999999 
31 1  4.24211305  -2.16223805  -0.08236304999999988 
31 2  0.08236305000000055  -4.24211305  6.1572619500000005 
31 3  -1.9975119499999994  1.9975119499999998  1.9975119500000003 
31 4  5.2662435  3.0216424  7.1813924 
31 5  1.1381076  -5.2662435  3.0216423999999997 
31 6  -3.0216423999999993  -1.1381076000000006  3.0532565000000003 
31 7  1.1064934999999996  -1.1064935  -1.1064934999999998 
31 8  -0.9733814999999995  0.9417673999999998  5.133131499999999 
31 9  -0.9417673999999998  -3.1863685  0.9733815000000003 
31 10  3.1863685  0.9733814999999995  0.9417673999999998 
31 11  3.2179825999999996  -3.2179826000000005  5.1015174000000005 
31 12  -1.9975119499999994  -2.22546625  6.22049015 
31 13  0.08236305000000055  -0.01913484999999948  2.06074015 
31 14  4.24211305  1.9342837499999987  4.01415875 
31 15  2.1622380499999996  -4.17888485  -0.14559124999999984 
31 16  4.30534125  -4.24211305  1.93428375 
31 17  0.14559125000000028  -2.16223805  4.14061515 
31 18  2.0990098500000003  1.9975119499999998  6.0940337499999995 
31 19  -2.0607401499999995  -0.08236305000000055  -0.019134849999999926 
31 20  0.01913485000000037  2.06074015  -0.08236304999999988 
31 21  2.2254662500000006  -2.0990098500000003  1.9975119500000003 
31 22  4.178884849999999  -0.14559125000000073  6.1572619500000005 
31 23  -1.9342837499999999  -4.30534125  4.077386949999999 
32 0  4.2271379499999995  4.1414471  2.0091592499999997 
32 1  6.30701295  2.0615721000000002  -2.15059075 
32 2  2.14726295  -0.018302900000000122  4.08903425 
32 3  0.06738795000000031  6.2213221  -0.07071574999999974 
32 4  7.3311434  7.24545255  5.1131647000000005 
32 5  3.2030075  -1.04243335  0.9534146999999997 
32 6  -0.9567424999999998  3.0857025499999997  0.9850288000000003 
32 7  3.1713933999999995  3.1173166500000002  -3.1747212 
32 8  1.0915184000000002  5.16557755  3.0649037999999997 
32 9  1.1231324999999999  1.03744165  -1.0948461999999997 
32 10  5.2512684  5.19719165  -1.1264603000000002 
32 11  5.2828824999999995  1.0058275499999996  3.0332897 
32 12  0.06738795000000031  1.9983438999999998  4.15226245 
32 13  2.14726295  4.204675300000001  -0.0074875500000000095 
32 14  6.30701295  6.158093899999999  1.9459310499999996 
32 15  4.2271379499999995  0.044925299999999835  -2.21381895 
32 16  6.37024115  -0.018302900000000122  -0.13394394999999992 
32 17  2.21049115  2.0615721000000002  2.072387450000001 
32 18  4.16390975  6.2213221  4.025806049999999 
32 19  0.004159750000000129  4.1414471  -2.08736255 
32 20  2.08403475  6.2845503  -2.15059075 
32 21  4.2903661500000005  2.1248002999999995  -0.07071574999999974 
32 22  6.24378475  4.0782188999999995  4.08903425 
32 23  0.13061614999999982  -0.08153110000000008  2.0091592499999997 
33 0  2.012487049999999  -2.0615721000000002  -2.15059075 
33 1  4.092362049999999  -4.1414471  -6.31034075 
33 2  -0.06738795000000009  -6.2213221  -0.07071574999999974 
33 3  -2.14726295  0.018302900000000122  -4.23046575 
33 4  5.1164925  1.0424333500000005  0.9534147000000006 
33 5  0.9883565999999995  -7.2454525499999995  -3.2063353 
33 6  -3.1713934  -3.1173166500000002  -3.1747211999999996 
33 7  0.9567424999999989  -3.0857025499999997  -7.334471199999999 
33 8  -1.1231325  -1.0374416499999999  -1.0948462 
33 9  -1.0915184000000004  -5.16557755  -5.2545962 
33 10  3.0366174999999993  -1.0058275500000002  -5.2862103000000005 
33 11  3.068231599999999  -5.197191650000001  -1.1264602999999997 
33 12  -2.14726295  -4.2046753  -0.007487549999999565 
33 13  -0.06738795000000009  -1.9983438999999992  -4.167237549999999 
33 14  4.092362049999999  -0.044925300000000945  -2.2138189500000003 
33 15  2.012487049999999  -6.1580939  -6.373568949999999 
33 16  4.1555902499999995  -6.2213221  -4.29369395 
33 17  -0.004159750000000351  -4.1414471  -2.087362549999999 
33 18  1.9492588499999997  0.018302900000000122  -0.1339439500000008 
33 19  -2.21049115  -2.0615721000000002  -6.24711255 
33 20  -0.13061615000000026  0.0815311000000003  -6.31034075 
33 21  2.07571525  -4.0782188999999995  -4.23046575 
33 22  4.029133849999999  -2.1248003000000004  -0.07071574999999974 
33 23  -2.0840347500000007  -6.284550299999999  -2.15059075 
34 0  -2.14726295  -0.018302900000000122  4.23046575 
34 1  -0.06738794999999964  -2.0981778999999996  0.07071574999999997 
34 2  -4.2271379499999995  -4.1780529  6.31034075 
34 3  -6.307012949999999  2.0615721000000002  2.15059075 
34 4  0.9567425000000007  3.0857025500000006  7.3344712 
34 5  -3.1713933999999995  -5.202183349999999  3.1747211999999996 
34 6  -7.331143399999999  -1.0740474500000001  3.2063353 
34 7  -3.2030075  -1.0424333499999996  -0.9534147 
34 8  -5.2828824999999995  1.0058275500000002  5.2862103 
34 9  -5.251268399999999  -3.1223083499999995  1.1264603000000002 
34 10  -1.1231324999999996  1.0374416499999999  1.0948461999999997 
34 11  -1.0915184  -3.15392245  5.2545962 
34 12  -6.307012949999999  -2.1614060999999998  6.37356895 
34 13  -4.2271379499999995  0.044925300000000945  2.21381895 
34 14  -0.06738794999999964  1.9983438999999992  4.167237549999999 
34 15  -2.14726295  -4.1148247  0.0074875500000000095 
34 16  -0.0041597499999994625  -4.1780529  2.08736255 
34 17  -4.163909749999999  -2.0981778999999996  4.293693950000001 
34 18  -2.2104911499999993  2.0615721000000002  6.247112549999999 
34 19  -6.370241149999999  -0.018302900000000122  0.13394394999999992 
34 20  -4.290366149999999  2.1248003000000004  0.07071574999999997 
34 21  -2.084034749999999  -2.0349497  2.15059075 
34 22  -0.13061614999999982  -0.0815311000000003  6.31034075 
34 23  -6.24378475  -4.2412811  4.23046575 
35 0  0.06738794999999964  2.0981778999999996  0.07071574999999974 
35 1  2.14726295  0.018302900000000122  -4.08903425 
35 2  -2.0124870499999994  -2.0615721000000002  2.15059075 
35 3  -4.092362049999999  4.1780529  -2.0091592499999997 
35 4  3.1713934000000004  5.20218335  3.1747212000000005 
35 5  -0.9567424999999998  -3.08570255  -0.9850288000000003 
35 6  -5.1164925  1.0424333499999996  -0.9534146999999997 
35 7  -0.9883566000000004  1.0740474500000001  -5.1131647 
35 8  -3.0682315999999994  3.12230835  1.1264602999999997 
35 9  -3.0366174999999997  -1.0058275499999998  -3.0332896999999996 
35 10  1.0915184  3.1539224499999996  -3.0649038 
35 11  1.1231324999999996  -1.0374416500000003  1.0948462 
35 12  -4.092362049999999  -0.04492530000000006  2.2138189500000003 
35 13  -2.0124870499999994  2.1614061000000007  -1.94593105 
35 14  2.14726295  4.114824699999999  0.007487549999999565 
35 15  0.06738794999999964  -1.9983439  -4.15226245 
35 16  2.21049115  -2.0615721000000002  -2.07238745 
35 17  -1.9492588499999997  0.018302900000000122  0.1339439500000008 
35 18  0.004159750000000351  4.1780529  2.087362549999999 
35 19  -4.1555902499999995  2.0981778999999996  -4.02580605 
35 20  -2.0757152499999996  4.2412811  -4.08903425 
35 21  0.1306161500000007  0.08153109999999986  -2.0091592499999997 
35 22  2.08403475  2.0349496999999994  2.15059075 
35 23  -4.02913385  -2.1248003  0.07071574999999974 
36 0  2.0091592499999997  4.2271379499999995  4.1414471 
36 1  4.08903425  2.14726295  -0.018302900000000122 
36 2  -0.0707157499999993  0.06738794999999997  6.2213221 
36 3  -2.150590749999999  6.30701295  2.0615721000000002 
36 4  5.1131647000000005  7.3311434  7.24545255 
36 5  0.9850288000000003  -0.9567424999999999  3.0857025499999997 
36 6  -3.174721199999999  3.1713933999999995  3.1173166500000002 
36 7  0.9534146999999997  3.2030075  -1.04243335 
36 8  -1.1264602999999993  5.2512684  5.19719165 
36 9  -1.0948461999999997  1.1231325  1.03744165 
36 10  3.0332897  5.2828824999999995  1.0058275499999996 
36 11  3.0649037999999997  1.0915183999999996  5.16557755 
36 12  -2.150590749999999  2.08403475  6.2845503 
36 13  -0.0707157499999993  4.2903661500000005  2.1248002999999995 
36 14  4.08903425  6.243784749999999  4.0782188999999995 
36 15  2.0091592499999997  0.13061614999999993  -0.08153110000000008 
36 16  4.15226245  0.06738794999999997  1.9983438999999998 
36 17  -0.007487549999999565  2.14726295  4.204675300000001 
36 18  1.9459310500000004  6.30701295  6.158093899999999 
36 19  -2.2138189499999994  4.2271379499999995  0.044925299999999835 
36 20  -0.13394394999999948  6.37024115  -0.018302900000000122 
36 21  2.072387450000001  2.2104911499999997  2.0615721000000002 
36 22  4.02580605  4.163909749999999  6.2213221 
36 23  -2.08736255  0.004159750000000018  4.1414471 
37 0  -2.150590750000001  2.01248705  -2.0615721000000002 
37 1  -0.07071575000000063  -0.06738794999999964  -6.2213221 
37 2  -4.2304657500000005  -2.14726295  0.018302900000000122 
37 3  -6.31034075  4.09236205  -4.1414471 
37 4  0.9534146999999997  5.1164925000000006  1.0424333500000005 
37 5  -3.1747212000000005  -3.1713934  -3.1173166500000002 
37 6  -7.3344712  0.9567424999999998  -3.0857025499999997 
37 7  -3.206335300000001  0.9883566000000004  -7.2454525499999995 
37 8  -5.2862103000000005  3.0366175  -1.0058275500000002 
37 9  -5.2545962  -1.0915183999999996  -5.16557755 
37 10  -1.1264603000000006  3.0682316  -5.197191650000001 
37 11  -1.094846200000001  -1.1231325  -1.0374416499999999 
37 12  -6.31034075  -0.13061614999999982  0.0815311000000003 
37 13  -4.2304657500000005  2.075715250000001  -4.0782188999999995 
37 14  -0.07071575000000063  4.029133849999999  -2.1248003000000004 
37 15  -2.150590750000001  -2.08403475  -6.284550299999999 
37 16  -0.0074875500000004536  -2.14726295  -4.2046753 
37 17  -4.16723755  -0.06738794999999964  -1.9983438999999992 
37 18  -2.2138189500000003  4.09236205  -0.044925300000000945 
37 19  -6.37356895  2.01248705  -6.1580939 
37 20  -4.29369395  4.15559025  -6.2213221 
37 21  -2.08736255  -0.004159749999999907  -4.1414471 
37 22  -0.1339439500000008  1.9492588499999997  0.018302900000000122 
37 23  -6.247112550000001  -2.2104911499999997  -2.0615721000000002 
38 0  4.230465749999999  -2.14726295  -0.018302900000000122 
38 1  6.310340749999999  -4.2271379499999995  -4.1780529 
38 2  2.1505907499999997  -6.30701295  2.0615721000000002 
38 3  0.07071574999999986  -0.06738794999999964  -2.0981778999999996 
38 4  7.334471199999999  0.9567425000000007  3.0857025500000006 
38 5  3.2063352999999992  -7.331143399999999  -1.0740474500000001 
38 6  -0.9534147000000003  -3.2030075  -1.0424333499999996 
38 7  3.1747211999999987  -3.1713933999999995  -5.202183349999999 
38 8  1.0948461999999997  -1.1231324999999996  1.0374416499999999 
38 9  1.1264602999999993  -5.251268399999999  -3.1223083499999995 
38 10  5.254596199999999  -1.0915184  -3.15392245 
38 11  5.286210299999999  -5.2828824999999995  1.0058275500000002 
38 12  0.07071574999999986  -4.29036615  2.1248003000000004 
38 13  2.1505907499999997  -2.084034749999999  -2.0349497 
38 14  6.310340749999999  -0.1306161500000007  -0.0815311000000003 
38 15  4.230465749999999  -6.24378475  -4.2412811 
38 16  6.373568949999999  -6.30701295  -2.1614060999999998 
38 17  2.2138189499999994  -4.2271379499999995  0.044925300000000945 
38 18  4.167237549999999  -0.06738794999999964  1.9983438999999992 
38 19  0.007487549999999676  -2.14726295  -4.1148247 
38 20  2.0873625499999995  -0.0041597499999994625  -4.1780529 
38 21  4.29369395  -4.16390975  -2.0981778999999996 
38 22  6.247112549999999  -2.21049115  2.0615721000000002 
38 23  0.13394394999999937  -6.37024115  -0.018302900000000122 
39 0  0.07071574999999974  0.06738794999999964  2.0981778999999996 
39 1  2.15059075  -2.01248705  -2.0615721000000002 
39 2  -2.0091592499999993  -4.09236205  4.1780529 
39 3  -4.089034249999999  2.14726295  0.018302900000000122 
39 4  3.1747212000000005  3.1713934000000004  5.20218335 
39 5  -0.9534146999999997  -5.1164925  1.0424333499999996 
39 6  -5.1131647  -0.9883566000000004  1.0740474500000001 
39 7  -0.9850288000000003  -0.9567424999999998  -3.08570255 
39 8  -3.0649037999999993  1.0915184  3.1539224499999996 
39 9  -3.0332896999999996  -3.0366174999999997  -1.0058275499999998 
39 10  1.0948462  1.1231324999999996  -1.0374416500000003 
39 11  1.1264602999999997  -3.0682316000000003  3.12230835 
39 12  -4.089034249999999  -2.07571525  4.2412811 
39 13  -2.0091592499999993  0.1306161500000007  0.08153109999999986 
39 14  2.15059075  2.084034749999999  2.0349496999999994 
39 15  0.07071574999999974  -4.02913385  -2.1248003 
39 16  2.2138189500000003  -4.09236205  -0.04492530000000006 
39 17  -1.9459310499999996  -2.01248705  2.1614061000000007 
39 18  0.0074875500000004536  2.14726295  4.114824699999999 
39 19  -4.152262449999999  0.06738794999999964  -1.9983439 
39 20  -2.0723874499999995  2.21049115  -2.0615721000000002 
39 21  0.1339439500000008  -1.94925885  0.018302900000000122 
39 22  2.08736255  0.0041597499999994625  4.1780529 
39 23  -4.02580605  -4.1555902499999995  2.0981778999999996 
40 0  4.141447099999999  2.0091592499999997  4.2271379499999995 
40 1  6.2213221  -0.07071574999999974  0.06738794999999997 
40 2  2.0615721000000002  -2.15059075  6.30701295 
40 3  -0.018302899999999678  4.08903425  2.14726295 
40 4  7.2454525499999995  5.1131647000000005  7.3311434 
40 5  3.11731665  -3.1747212  3.1713933999999995 
40 6  -1.0424333499999998  0.9534146999999997  3.2030075 
40 7  3.0857025499999993  0.9850288000000003  -0.9567424999999999 
40 8  1.0058275500000002  3.0332897  5.2828824999999995 
40 9  1.0374416499999999  -1.0948461999999997  1.1231325 
40 10  5.16557755  3.0649037999999997  1.0915183999999996 
40 11  5.197191649999999  -1.1264603000000002  5.2512684 
40 12  -0.018302899999999678  -0.13394394999999992  6.37024115 
40 13  2.0615721000000002  2.072387450000001  2.2104911499999997 
40 14  6.2213221  4.025806049999999  4.163909749999999 
40 15  4.141447099999999  -2.08736255  0.004159750000000018 
40 16  6.284550299999999  -2.15059075  2.08403475 
40 17  2.1248003  -0.07071574999999974  4.2903661500000005 
40 18  4.0782188999999995  4.08903425  6.243784749999999 
40 19  -0.08153109999999986  2.0091592499999997  0.13061614999999993 
40 20  1.9983439  4.15226245  0.06738794999999997 
40 21  4.2046753  -0.0074875500000000095  2.14726295 
40 22  6.158093899999999  1.9459310499999996  6.30701295 
40 23  0.044925299999999835  -2.21381895  4.2271379499999995 
41 0  -2.061572100000001  -2.15059075  2.01248705 
41 1  0.018302899999999234  -4.23046575  -2.14726295 
41 2  -4.141447100000001  -6.31034075  4.09236205 
41 3  -6.2213221  -0.07071574999999974  -0.06738794999999964 
41 4  1.0424333499999996  0.9534147000000006  5.1164925000000006 
41 5  -3.0857025500000006  -7.334471199999999  0.9567424999999998 
41 6  -7.24545255  -3.2063353  0.9883566000000004 
41 7  -3.117316650000001  -3.1747211999999996  -3.1713934 
41 8  -5.197191650000001  -1.1264602999999997  3.0682316 
41 9  -5.16557755  -5.2545962  -1.0915183999999996 
41 10  -1.0374416500000008  -1.0948462  -1.1231325 
41 11  -1.0058275500000011  -5.2862103000000005  3.0366175 
41 12  -6.2213221  -4.29369395  4.15559025 
41 13  -4.141447100000001  -2.087362549999999  -0.004159749999999907 
41 14  0.018302899999999234  -0.1339439500000008  1.9492588499999997 
41 15  -2.061572100000001  -6.24711255  -2.2104911499999997 
41 16  0.08153109999999941  -6.31034075  -0.13061614999999982 
41 17  -4.0782189  -4.23046575  2.075715250000001 
41 18  -2.1248003000000004  -0.07071574999999974  4.029133849999999 
41 19  -6.2845503  -2.15059075  -2.08403475 
41 20  -4.2046753  -0.007487549999999565  -2.14726295 
41 21  -1.9983439  -4.167237549999999  -0.06738794999999964 
41 22  -0.044925300000000945  -2.2138189500000003  4.09236205 
41 23  -6.158093900000001  -6.373568949999999  2.01248705 
42 0  -0.01830290000000101  4.23046575  -2.14726295 
42 1  2.0615720999999994  2.15059075  -6.30701295 
42 2  -2.0981779  0.07071574999999997  -0.06738794999999964 
42 3  -4.1780529  6.31034075  -4.2271379499999995 
42 4  3.0857025499999997  7.3344712  0.9567425000000007 
42 5  -1.0424333500000005  -0.9534147  -3.2030075 
42 6  -5.20218335  3.1747211999999996  -3.1713933999999995 
42 7  -1.074047450000001  3.2063353  -7.331143399999999 
42 8  -3.15392245  5.2545962  -1.0915184 
42 9  -3.1223083500000004  1.1264603000000002  -5.251268399999999 
42 10  1.0058275499999993  5.2862103  -5.2828824999999995 
42 11  1.037441649999999  1.0948461999999997  -1.1231324999999996 
42 12  -4.1780529  2.08736255  -0.0041597499999994625 
42 13  -2.0981779  4.293693950000001  -4.16390975 
42 14  2.0615720999999994  6.247112549999999  -2.21049115 
42 15  -0.01830290000000101  0.13394394999999992  -6.37024115 
42 16  2.1248002999999995  0.07071574999999997  -4.29036615 
42 17  -2.0349497000000003  2.15059075  -2.084034749999999 
42 18  -0.0815311000000003  6.31034075  -0.1306161500000007 
42 19  -4.2412811  4.23046575  -6.24378475 
42 20  -2.1614061  6.37356895  -6.30701295 
42 21  0.04492530000000006  2.21381895  -4.2271379499999995 
42 22  1.9983438999999992  4.167237549999999  -0.06738794999999964 
42 23  -4.114824700000001  0.0074875500000000095  -2.14726295 
43 0  2.0981778999999987  0.07071574999999974  0.06738794999999964 
43 1  4.178052899999999  -2.0091592499999997  -4.09236205 
43 2  0.018302899999999678  -4.08903425  2.14726295 
43 3  -2.0615721000000002  2.15059075  -2.01248705 
43 4  5.202183349999999  3.1747212000000005  3.1713934000000004 
43 5  1.0740474499999992  -5.1131647  -0.9883566000000004 
43 6  -3.08570255  -0.9850288000000003  -0.9567424999999998 
43 7  1.0424333499999987  -0.9534146999999997  -5.1164925 
43 8  -1.0374416500000003  1.0948462  1.1231324999999996 
43 9  -1.0058275500000007  -3.0332896999999996  -3.0366174999999997 
43 10  3.122308349999999  1.1264602999999997  -3.0682316000000003 
43 11  3.1539224499999987  -3.0649038  1.0915184 
43 12  -2.0615721000000002  -2.07238745  2.21049115 
43 13  0.018302899999999678  0.1339439500000008  -1.94925885 
43 14  4.178052899999999  2.087362549999999  0.0041597499999994625 
43 15  2.0981778999999987  -4.02580605  -4.1555902499999995 
43 16  4.241281099999999  -4.08903425  -2.07571525 
43 17  0.08153109999999941  -2.0091592499999997  0.1306161500000007 
43 18  2.0349496999999994  2.15059075  2.084034749999999 
43 19  -2.1248003000000004  0.07071574999999974  -4.02913385 
43 20  -0.0449253000000005  2.2138189500000003  -4.09236205 
43 21  2.1614060999999998  -1.94593105  -2.01248705 
43 22  4.114824699999999  0.007487549999999565  2.14726295 
43 23  -1.9983439000000007  -4.15226245  0.06738794999999964 
44 0  2.0615720999999994  -2.01248705  2.1505907499999997 
44 1  4.1414471  -4.092362049999999  -2.0091592499999997 
44 2  -0.018302899999999678  -6.17223705  4.2304657500000005 
44 3  -2.0981778999999996  0.06738795000000053  0.07071575000000019 
44 4  5.16557755  1.0915184000000009  5.2545962 
44 5  1.0374416499999999  -7.196367499999999  1.0948461999999997 
44 6  -3.1223083499999995  -3.0682316  1.1264603000000002 
44 7  1.0058275499999993  -3.0366174999999993  -3.0332897 
44 8  -1.0740474499999997  -0.9883565999999995  3.2063352999999997 
44 9  -1.04243335  -5.1164925  -0.9534146999999997 
44 10  3.0857025499999997  -0.9567424999999998  -0.9850288000000003 
44 11  3.1173166499999994  -5.1481066  3.1747212 
44 12  -2.0981778999999996  -4.1555902499999995  4.29369395 
44 13  -0.018302899999999678  -1.9492588499999988  0.13394394999999992 
44 14  4.1414471  0.0041597499999994625  2.0873625499999995 
44 15  2.0615720999999994  -6.1090088499999995  -2.07238745 
44 16  4.2046753  -6.17223705  0.0074875500000000095 
44 17  0.04492530000000006  -4.092362049999999  2.2138189500000007 
44 18  1.9983439  0.06738795000000053  4.167237549999999 
44 19  -2.1614060999999998  -2.01248705  -1.94593105 
44 20  -0.08153109999999986  0.1306161500000007  -2.0091592499999997 
44 21  2.1248003000000004  -4.029133849999999  0.07071575000000019 
44 22  4.0782188999999995  -2.07571525  4.2304657500000005 
44 23  -2.0349497000000003  -6.235465249999999  2.1505907499999997 
45 0  4.178052899999999  4.09236205  -2.0091592500000006 
45 1  6.257927899999999  2.0124870500000003  -6.1689092500000005 
45 2  2.0981779  -0.06738794999999986  0.07071574999999974 
45 3  0.018302900000000122  6.17223705  -4.08903425 
45 4  7.28205835  7.196367500000001  1.0948462 
45 5  3.1539224499999996  -1.0915183999999998  -3.0649038000000006 
45 6  -1.00582755  3.0366174999999997  -3.0332897 
45 7  3.122308349999999  3.0682316000000003  -7.1930397 
45 8  1.04243335  5.1164925  -0.9534147000000006 
45 9  1.0740474499999997  0.9883566000000004  -5.1131647000000005 
45 10  5.202183349999999  5.1481066  -5.144778800000001 
45 11  5.233797449999999  0.9567424999999998  -0.9850288000000003 
45 12  0.018302900000000122  1.94925885  0.13394394999999992 
45 13  2.0981779  4.155590250000001  -4.02580605 
45 14  6.257927899999999  6.109008849999999  -2.072387450000001 
45 15  4.178052899999999  -0.004159749999999907  -6.23213745 
45 16  6.3211561  -0.06738794999999986  -4.15226245 
45 17  2.1614060999999998  2.0124870500000003  -1.9459310499999996 
45 18  4.1148247  6.17223705  0.007487549999998677 
45 19  -0.04492530000000006  4.09236205  -6.10568105 
45 20  2.0349497  6.235465250000001  -6.1689092500000005 
45 21  4.2412811  2.07571525  -4.08903425 
45 22  6.194699699999999  4.029133849999999  0.07071574999999974 
45 23  0.08153109999999963  -0.13061614999999982  -2.0091592500000006 
46 0  -2.0981778999999996  -0.06738795000000053  -0.07071574999999974 
46 1  -0.018302899999999234  -2.14726295  -4.23046575 
46 2  -4.178052899999999  -4.22713795  2.0091592500000006 
46 3  -6.2579278999999985  2.01248705  -2.150590749999999 
46 4  1.0058275500000011  3.0366175  3.033289700000001 
46 5  -3.122308349999999  -5.2512684  -1.1264602999999997 
46 6  -7.282058349999999  -1.1231325000000005  -1.0948461999999992 
46 7  -3.1539224499999996  -1.0915184  -5.254596199999999 
46 8  -5.233797449999999  0.9567424999999998  0.9850288000000003 
46 9  -5.2021833499999985  -3.1713934  -3.174721199999999 
46 10  -1.0740474499999992  0.9883565999999995  -3.2063352999999997 
46 11  -1.0424333499999996  -3.2030075000000005  0.9534147000000006 
46 12  -6.2579278999999985  -2.21049115  2.072387450000001 
46 13  -4.178052899999999  -0.0041597499999994625  -2.0873625499999995 
46 14  -0.018302899999999234  1.9492588499999988  -0.13394394999999992 
46 15  -2.0981778999999996  -4.16390975  -4.29369395 
46 16  0.044925300000000945  -4.22713795  -2.2138189499999994 
46 17  -4.114824699999999  -2.14726295  -0.007487549999998677 
46 18  -2.161406099999999  2.01248705  1.9459310499999996 
46 19  -6.321156099999999  -0.06738795000000053  -4.167237549999999 
46 20  -4.241281099999998  2.07571525  -4.23046575 
46 21  -2.0349496999999985  -2.0840347500000003  -2.150590749999999 
46 22  -0.08153109999999941  -0.1306161500000007  2.0091592500000006 
46 23  -6.194699699999999  -4.2903661500000005  -0.07071574999999974 
47 0  0.018302899999999234  2.1472629499999996  4.089034249999999 
47 1  2.0981778999999996  0.06738795000000009  -0.07071574999999997 
47 2  -2.0615721  -2.01248705  6.1689092500000005 
47 3  -4.1414471  4.2271379499999995  2.00915925 
47 4  3.12230835  5.251268400000001  7.1930397 
47 5  -1.0058275500000002  -3.0366175  3.0332896999999996 
47 6  -5.16557755  1.0915183999999996  3.0649038 
47 7  -1.0374416500000008  1.1231325  -1.0948461999999999 
47 8  -3.11731665  3.1713934  5.144778799999999 
47 9  -3.08570255  -0.9567424999999998  0.9850288000000003 
47 10  1.0424333499999996  3.2030074999999996  0.9534146999999997 
47 11  1.0740474499999992  -0.9883566000000004  5.1131647000000005 
47 12  -4.1414471  0.004159749999999907  6.23213745 
47 13  -2.0615721  2.2104911500000006  2.07238745 
47 14  2.0981778999999996  4.163909749999998  4.02580605 
47 15  0.018302899999999234  -1.94925885  -0.13394394999999992 
47 16  2.1614060999999998  -2.01248705  1.94593105 
47 17  -1.9983439  0.06738795000000009  4.15226245 
47 18  -0.04492530000000006  4.2271379499999995  6.105681049999999 
47 19  -4.2046753  2.1472629499999996  -0.0074875500000000095 
47 20  -2.1248003  4.2903661500000005  -0.07071574999999997 
47 21  0.0815311000000003  0.13061614999999982  2.00915925 
47 22  2.0349496999999994  2.0840347499999994  6.1689092500000005 
47 23  -4.0782189  -2.07571525  4.089034249999999 
48 0  2.147262949999999  4.089034249999999  0.018302899999999234 
48 1  4.2271379499999995  2.00915925  -4.141447100000001 
48 2  0.06738795000000009  -0.07071574999999997  2.0981778999999996 
48 3  -2.01248705  6.1689092500000005  -2.0615721000000002 
48 4  5.2512684  7.1930397  3.12230835 
48 5  1.1231324999999996  -1.0948461999999999  -1.0374416500000008 
48 6  -3.0366174999999997  3.0332896999999996  -1.0058275500000002 
48 7  1.0915183999999991  3.0649038  -5.16557755 
48 8  -0.9883565999999999  5.1131647000000005  1.0740474499999992 
48 9  -0.9567425000000003  0.9850288000000003  -3.08570255 
48 10  3.1713933999999995  5.144778799999999  -3.1173166500000007 
48 11  3.203007499999999  0.9534146999999997  1.0424333499999996 
48 12  -2.01248705  1.94593105  2.1614060999999998 
48 13  0.06738795000000009  4.15226245  -1.9983439000000005 
48 14  4.2271379499999995  6.105681049999999  -0.044925300000000945 
48 15  2.147262949999999  -0.0074875500000000095  -4.2046753 
48 16  4.29036615  -0.07071574999999997  -2.1248003000000004 
48 17  0.13061614999999982  2.00915925  0.0815311000000003 
48 18  2.08403475  6.1689092500000005  2.0349496999999985 
48 19  -2.07571525  4.089034249999999  -4.0782189 
48 20  0.004159749999999907  6.23213745  -4.141447100000001 
48 21  2.21049115  2.07238745  -2.0615721000000002 
48 22  4.163909749999999  4.02580605  2.0981778999999996 
48 23  -1.9492588500000003  -0.13394394999999992  0.018302899999999234 
49 0  -0.06738795000000142  -0.07071574999999974  -2.0981778999999996 
49 1  2.012487049999999  -2.150590749999999  -6.257927899999999 
49 2  -2.1472629500000004  -4.23046575  -0.018302899999999234 
49 3  -4.22713795  2.0091592500000006  -4.178052899999999 
49 4  3.0366174999999993  3.033289700000001  1.0058275500000011 
49 5  -1.0915184000000009  -5.254596199999999  -3.1539224499999996 
49 6  -5.251268400000001  -1.1264602999999997  -3.122308349999999 
49 7  -1.1231325000000014  -1.0948461999999992  -7.282058349999999 
49 8  -3.2030075000000005  0.9534147000000006  -1.0424333499999996 
49 9  -3.171393400000001  -3.174721199999999  -5.2021833499999985 
49 10  0.9567424999999989  0.9850288000000003  -5.233797449999999 
49 11  0.9883565999999986  -3.2063352999999997  -1.0740474499999992 
49 12  -4.22713795  -2.2138189499999994  0.044925300000000945 
49 13  -2.1472629500000004  -0.007487549999998677  -4.1148247 
49 14  2.012487049999999  1.9459310499999996  -2.1614060999999998 
49 15  -0.06738795000000142  -4.167237549999999  -6.3211561 
49 16  2.075715249999999  -4.23046575  -4.241281099999999 
49 17  -2.0840347500000007  -2.150590749999999  -2.0349496999999985 
49 18  -0.1306161500000007  2.0091592500000006  -0.0815311000000003 
49 19  -4.2903661500000005  -0.07071574999999974  -6.194699699999999 
49 20  -2.2104911500000006  2.072387450000001  -6.257927899999999 
49 21  -0.004159750000000351  -2.0873625499999995  -4.178052899999999 
49 22  1.9492588499999988  -0.13394394999999992  -0.018302899999999234 
49 23  -4.163909750000001  -4.29369395  -2.0981778999999996 
50 0  4.092362049999999  -2.0091592500000006  4.178052899999999 
50 1  6.17223705  -4.08903425  0.0183028999999999 
50 2  2.0124870500000003  -6.1689092500000005  6.2579279 
50 3  -0.06738794999999964  0.07071574999999974  2.0981779 
50 4  7.1963675  1.0948462  7.28205835 
50 5  3.0682316  -7.1930397  3.1223083499999995 
50 6  -1.0915183999999998  -3.0649038000000006  3.15392245 
50 7  3.0366174999999993  -3.0332897  -1.00582755 
50 8  0.9567425000000003  -0.9850288000000003  5.233797449999999 
50 9  0.9883565999999999  -5.1131647000000005  1.0740474500000001 
50 10  5.1164925  -0.9534147000000006  1.0424333499999996 
50 11  5.148106599999999  -5.144778800000001  5.20218335 
50 12  -0.06738794999999964  -4.15226245  6.3211561 
50 13  2.0124870500000003  -1.9459310499999996  2.1614060999999998 
50 14  6.17223705  0.007487549999998677  4.1148247 
50 15  4.092362049999999  -6.10568105  -0.04492530000000006 
50 16  6.23546525  -6.1689092500000005  2.0349497 
50 17  2.07571525  -4.08903425  4.2412811 
50 18  4.02913385  0.07071574999999974  6.194699699999999 
50 19  -0.13061614999999982  -2.0091592500000006  0.08153109999999986 
50 20  1.94925885  0.13394394999999992  0.0183028999999999 
50 21  4.15559025  -4.02580605  2.0981779 
50 22  6.1090088499999995  -2.072387450000001  6.2579279 
50 23  -0.004159750000000129  -6.23213745  4.178052899999999 
51 0  -2.01248705  2.1505907499999997  2.0615721 
51 1  0.06738795000000053  0.07071575000000019  -2.0981778999999996 
51 2  -4.092362049999998  -2.0091592499999997  4.141447100000001 
51 3  -6.172237049999999  4.2304657500000005  -0.018302899999999678 
51 4  1.0915184000000009  5.2545962  5.16557755 
51 5  -3.0366174999999993  -3.0332897  1.0058275499999998 
51 6  -7.196367499999999  1.0948461999999997  1.0374416500000003 
51 7  -3.0682316  1.1264603000000002  -3.12230835 
51 8  -5.148106599999998  3.1747212  3.11731665 
51 9  -5.1164925  -0.9534146999999997  -1.0424333499999996 
51 10  -0.9883565999999995  3.2063352999999997  -1.0740474500000001 
51 11  -0.9567424999999998  -0.9850288000000003  3.08570255 
51 12  -6.172237049999999  0.0074875500000000095  4.2046753 
51 13  -4.092362049999998  2.2138189500000007  0.04492530000000006 
51 14  0.06738795000000053  4.167237549999999  1.9983438999999996 
51 15  -2.01248705  -1.94593105  -2.1614060999999998 
51 16  0.1306161500000007  -2.0091592499999997  -0.08153109999999986 
51 17  -4.029133849999999  0.07071575000000019  2.124800300000001 
51 18  -2.075715249999999  4.2304657500000005  4.0782188999999995 
51 19  -6.235465249999999  2.1505907499999997  -2.0349497 
51 20  -4.1555902499999995  4.29369395  -2.0981778999999996 
51 21  -1.9492588499999988  0.13394394999999992  -0.018302899999999678 
51 22  0.004159750000000351  2.0873625499999995  4.141447100000001 
51 23  -6.1090088499999995  -2.07238745  2.0615721 
52 0  -0.07071575000000063  -2.0981778999999996  -0.06738795000000053 
52 1  2.0091592499999997  -4.178052899999999  -4.22713795 
52 2  -2.1505907499999997  -6.257927899999999  2.01248705 
52 3  -4.23046575  -0.018302899999999234  -2.14726295 
52 4  3.0332897  1.0058275500000011  3.0366175 
52 5  -1.0948462  -7.282058349999999  -1.1231325000000005 
52 6  -5.2545962  -3.1539224499999996  -1.0915184 
52 7  -1.1264603000000006  -3.122308349999999  -5.2512684 
52 8  -3.2063352999999997  -1.0740474499999992  0.9883565999999995 
52 9  -3.1747212  -5.2021833499999985  -3.1713934 
52 10  0.9534146999999997  -1.0424333499999996  -3.2030075000000005 
52 11  0.9850287999999994  -5.233797449999999  0.9567424999999998 
52 12  -4.23046575  -4.241281099999999  2.07571525 
52 13  -2.1505907499999997  -2.0349496999999985  -2.0840347500000003 
52 14  2.0091592499999997  -0.0815311000000003  -0.1306161500000007 
52 15  -0.07071575000000063  -6.194699699999999  -4.2903661500000005 
52 16  2.07238745  -6.257927899999999  -2.21049115 
52 17  -2.08736255  -4.178052899999999  -0.0041597499999994625 
52 18  -0.13394394999999992  -0.018302899999999234  1.9492588499999988 
52 19  -4.29369395  -2.0981778999999996  -4.16390975 
52 20  -2.21381895  0.044925300000000945  -4.22713795 
52 21  -0.007487549999999565  -4.1148247  -2.14726295 
52 22  1.9459310499999996  -2.1614060999999998  2.01248705 
52 23  -4.16723755  -6.3211561  -0.06738795000000053 
53 0  4.089034249999999  0.018302899999999234  2.1472629499999996 
53 1  6.16890925  -2.0615721000000002  -2.01248705 
53 2  2.00915925  -4.141447100000001  4.2271379499999995 
53 3  -0.07071574999999974  2.0981778999999996  0.06738795000000009 
53 4  7.1930397  3.12230835  5.251268400000001 
53 5  3.0649037999999997  -5.16557755  1.0915183999999996 
53 6  -1.0948461999999999  -1.0374416500000008  1.1231325 
53 7  3.033289699999999  -1.0058275500000002  -3.0366175 
53 8  0.9534147000000002  1.0424333499999996  3.2030074999999996 
53 9  0.9850287999999998  -3.08570255  -0.9567424999999998 
53 10  5.1131647  1.0740474499999992  -0.9883566000000004 
53 11  5.144778799999999  -3.1173166500000007  3.1713934 
53 12  -0.07071574999999974  -2.1248003000000004  4.2903661500000005 
53 13  2.00915925  0.0815311000000003  0.13061614999999982 
53 14  6.16890925  2.0349496999999985  2.0840347499999994 
53 15  4.089034249999999  -4.0782189  -2.07571525 
53 16  6.23213745  -4.141447100000001  0.004159749999999907 
53 17  2.07238745  -2.0615721000000002  2.2104911500000006 
53 18  4.02580605  2.0981778999999996  4.163909749999998 
53 19  -0.13394394999999992  0.018302899999999234  -1.94925885 
53 20  1.94593105  2.1614060999999998  -2.01248705 
53 21  4.15226245  -1.9983439000000005  0.06738795000000009 
53 22  6.105681049999999  -0.044925300000000945  4.2271379499999995 
53 23  -0.0074875500000002315  -4.2046753  2.1472629499999996 
54 0  2.150590749999999  2.0615721  -2.01248705 
54 1  4.23046575  -0.018302899999999678  -6.17223705 
54 2  0.07071575000000019  -2.0981778999999996  0.06738795000000053 
54 3  -2.0091592499999997  4.141447100000001  -4.092362049999999 
54 4  5.2545962  5.16557755  1.0915184000000009 
54 5  1.1264602999999997  -3.12230835  -3.0682316 
54 6  -3.0332896999999996  1.0058275499999998  -3.0366174999999993 
54 7  1.0948461999999992  1.0374416500000003  -7.196367499999999 
54 8  -0.9850287999999998  3.08570255  -0.9567424999999998 
54 9  -0.9534147000000002  -1.0424333499999996  -5.1164925 
54 10  3.1747211999999996  3.11731665  -5.1481066 
54 11  3.2063352999999992  -1.0740474500000001  -0.9883565999999995 
54 12  -2.0091592499999997  -0.08153109999999986  0.1306161500000007 
54 13  0.07071575000000019  2.124800300000001  -4.029133849999999 
54 14  4.23046575  4.0782188999999995  -2.07571525 
54 15  2.150590749999999  -2.0349497  -6.235465249999999 
54 16  4.29369395  -2.0981778999999996  -4.1555902499999995 
54 17  0.13394394999999992  -0.018302899999999678  -1.9492588499999988 
54 18  2.08736255  4.141447100000001  0.0041597499999994625 
54 19  -2.07238745  2.0615721  -6.1090088499999995 
54 20  0.0074875500000000095  4.2046753  -6.17223705 
54 21  2.2138189500000003  0.04492530000000006  -4.092362049999999 
54 22  4.167237549999999  1.9983438999999996  0.06738795000000053 
54 23  -1.9459310500000002  -2.1614060999999998  -2.01248705 
55 0  -2.0091592500000006  4.178052899999999  4.09236205 
55 1  0.07071574999999974  2.0981779  -0.06738794999999986 
55 2  -4.089034249999999  0.0183028999999999  6.17223705 
55 3  -6.16890925  6.2579279  2.0124870500000003 
55 4  1.0948462  7.28205835  7.196367500000001 
55 5  -3.0332897  -1.00582755  3.0366174999999997 
55 6  -7.1930397  3.1223083499999995  3.0682316000000003 
55 7  -3.0649038000000006  3.15392245  -1.0915183999999998 
55 8  -5.144778799999999  5.20218335  5.1481066 
55 9  -5.1131647000000005  1.0740474500000001  0.9883566000000004 
55 10  -0.9850288000000003  5.233797449999999  0.9567424999999998 
55 11  -0.9534147000000006  1.0424333499999996  5.1164925 
55 12  -6.16890925  2.0349497  6.235465250000001 
55 13  -4.089034249999999  4.2412811  2.07571525 
55 14  0.07071574999999974  6.194699699999999  4.029133849999999 
55 15  -2.0091592500000006  0.08153109999999986  -0.13061614999999982 
55 16  0.13394394999999992  0.0183028999999999  1.94925885 
55 17  -4.02580605  2.0981779  4.155590250000001 
55 18  -2.07238745  6.2579279  6.109008849999999 
55 19  -6.23213745  4.178052899999999  -0.004159749999999907 
55 20  -4.15226245  6.3211561  -0.06738794999999986 
55 21  -1.9459310499999996  2.1614060999999998  2.0124870500000003 
55 22  0.007487549999999565  4.1148247  6.17223705 
55 23  -6.10568105  -0.04492530000000006  4.09236205 