         0        16   4.54963
         0        17   4.19411
         0        18   4.54963
         0        19   4.19411
         0        20   4.56682   4.59309
         0        21   2.17118   3.70015
         0        22   4.56682   4.59309
         0        23   3.70015   2.17118
         0        24   2.52331
         0        25   4.04055   3.23545
         0        26   2.52331
         0        27   3.23545   4.04055
         0        28   4.74965   2.05636
         0        29   4.76673   3.61218
         0        30   2.05636   4.74965
         0        31   3.61218   4.76673
         0        32   3.42983
         0        33
         0        34   3.42983
         0        35
         0        36   4.99481   4.51430
         0        37   3.95363
         0        38   4.51430   4.99481
         0        39   3.95363
         1        16   4.19411
         1        17   4.54963
         1        18   4.19411
         1        19   4.54963
         1        20   3.70015   2.17118
         1        21   4.59309   4.56682
         1        22   2.17118   3.70015
         1        23   4.59309   4.56682
         1        24   3.23545   4.04055
         1        25   2.52331
         1        26   4.04055   3.23545
         1        27   2.52331
         1        28   3.61218   4.76673
         1        29   2.05636   4.74965
         1        30   4.76673   3.61218
         1        31   4.74965   2.05636
         1        32
         1        33   3.42983
         1        34
         1        35   3.42983
         1        36   3.95363
         1        37   4.51430   4.99481
         1        38   3.95363
         1        39   4.99481   4.51430
         2        16   4.74965   2.05636
         2        17   4.76673   3.61218
         2        18   2.05636   4.74965
         2        19   3.61218   4.76673
         2        20   3.42983
         2        21
         2        22   3.42983
         2        23
         2        24   4.99481   4.51430
         2        25   3.95363
         2        26   4.51430   4.99481
         2        27   3.95363
         2        28   4.54963
         2        29   4.19411
         2        30   4.54963
         2        31   4.19411
         2        32   4.56682   4.59309
         2        33   2.17118   3.70015
         2        34   4.56682   4.59309
         2        35   3.70015   2.17118
         2        36   2.52331
         2        37   4.04055   3.23545
         2        38   2.52331
         2        39   3.23545   4.04055
         3        16   3.61218   4.76673
         3        17   2.05636   4.74965
         3        18   4.76673   3.61218
         3        19   4.74965   2.05636
         3        20
         3        21   3.42983
         3        22
         3        23   3.42983
         3        24   3.95363
         3        25   4.51430   4.99481
         3        26   3.95363
         3        27   4.99481   4.51430
         3        28   4.19411
         3        29   4.54963
         3        30   4.19411
         3        31   4.54963
         3        32   3.70015   2.17118
         3        33   4.59309   4.56682
         3        34   2.17118   3.70015
         3        35   4.59309   4.56682
         3        36   3.23545   4.04055
         3        37   2.52331
         3        38   4.04055   3.23545
         3        39   2.52331
         4        16   4.48387
         4        17
         4        18   4.48387
         4        19
         4        20   1.91214   4.76273
         4        21   3.68321   4.74796
         4        22   4.76273   1.91214
         4        23   4.74796   3.68321
         4        24   3.74089
         4        25   4.88634   4.24482
         4        26   3.74089
         4        27   4.24482   4.88634
         4        28   4.78490   2.13653
         4        29   3.71449   2.03065
         4        30   2.13653   4.78490
         4        31   2.03065   3.71449
         4        32   4.63640
         4        33   4.99047   4.03789
         4        34   4.63640
         4        35   4.03789   4.99047
         4        36   4.54227   4.00788
         4        37   3.37028
         4        38   4.00788   4.54227
         4        39   3.37028
         5        16
         5        17   4.48387
         5        18
         5        19   4.48387
         5        20   4.74796   3.68321
         5        21   4.76273   1.91214
         5        22   3.68321   4.74796
         5        23   1.91214   4.76273
         5        24   4.24482   4.88634
         5        25   3.74089
         5        26   4.88634   4.24482
         5        27   3.74089
         5        28   2.03065   3.71449
         5        29   2.13653   4.78490
         5        30   3.71449   2.03065
         5        31   4.78490   2.13653
         5        32   4.03789   4.99047
         5        33   4.63640
         5        34   4.99047   4.03789
         5        35   4.63640
         5        36   3.37028
         5        37   4.00788   4.54227
         5        38   3.37028
         5        39   4.54227   4.00788
         6        16   4.78490   2.13653
         6        17   3.71449   2.03065
         6        18   2.13653   4.78490
         6        19   2.03065   3.71449
         6        20   4.63640
         6        21   4.99047   4.03789
         6        22   4.63640
         6        23   4.03789   4.99047
         6        24   4.54227   4.00788
         6        25   3.37028
         6        26   4.00788   4.54227
         6        27   3.37028
         6        28   4.48387
         6        29
         6        30   4.48387
         6        31
         6        32   1.91214   4.76273
         6        33   3.68321   4.74796
         6        34   4.76273   1.91214
         6        35   4.74796   3.68321
         6        36   3.74089
         6        37   4.88634   4.24482
         6        38   3.74089
         6        39   4.24482   4.88634
         7        16   2.03065   3.71449
         7        17   2.13653   4.78490
         7        18   3.71449   2.03065
         7        19   4.78490   2.13653
         7        20   4.03789   4.99047
         7        21   4.63640
         7        22   4.99047   4.03789
         7        23   4.63640
         7        24   3.37028
         7        25   4.00788   4.54227
         7        26   3.37028
         7        27   4.54227   4.00788
         7        28
         7        29   4.48387
         7        30
         7        31   4.48387
         7        32   4.74796   3.68321
         7        33   4.76273   1.91214
         7        34   3.68321   4.74796
         7        35   1.91214   4.76273
         7        36   4.24482   4.88634
         7        37   3.74089
         7        38   4.88634   4.24482
         7        39   3.74089
         8        16   1.63600
         8        17   4.11569
         8        18   4.15543
         8        19   3.45158   3.46723
         8        20   1.60211
         8        21   4.41954
         8        22   3.75348
         8        23   4.12159   4.00277
         8        24   4.09224   1.61605
         8        25   4.07563   4.33181
         8        26   3.27067
         8        27   1.63315   4.06654
         8        28
         8        29   4.05780   3.84754
         8        30   4.37682   4.44772
         8        31   4.16515
         8        32
         8        33   3.35173   3.26274
         8        34   3.23114
         8        35   4.20823
         8        36
         8        37   3.99910
         8        38   4.08094
         8        39
         9        16   4.11569
         9        17   1.63600
         9        18   3.46723   3.45158
         9        19   4.15543
         9        20   4.41954
         9        21   1.60211
         9        22   4.00277   4.12159
         9        23   3.75348
         9        24   4.33181   4.07563
         9        25   1.61605   4.09224
         9        26   4.06654   1.63315
         9        27   3.27067
         9        28   3.84754   4.05780
         9        29
         9        30   4.16515
         9        31   4.44772   4.37682
         9        32   3.26274   3.35173
         9        33
         9        34   4.20823
         9        35   3.23114
         9        36   3.99910
         9        37
         9        38
         9        39   4.08094
        10        16   4.15543
        10        17   3.46723   3.45158
        10        18   1.63600
        10        19   4.11569
        10        20   3.75348
        10        21   4.00277   4.12159
        10        22   1.60211
        10        23   4.41954
        10        24   3.27067
        10        25   4.06654   1.63315
        10        26   1.61605   4.09224
        10        27   4.33181   4.07563
        10        28   4.37682   4.44772
        10        29   4.16515
        10        30
        10        31   3.84754   4.05780
        10        32   3.23114
        10        33   4.20823
        10        34
        10        35   3.26274   3.35173
        10        36   4.08094
        10        37
        10        38
        10        39   3.99910
        11        16   3.45158   3.46723
        11        17   4.15543
        11        18   4.11569
        11        19   1.63600
        11        20   4.12159   4.00277
        11        21   3.75348
        11        22   4.41954
        11        23   1.60211
        11        24   1.63315   4.06654
        11        25   3.27067
        11        26   4.07563   4.33181
        11        27   4.09224   1.61605
        11        28   4.16515
        11        29   4.44772   4.37682
        11        30   4.05780   3.84754
        11        31
        11        32   4.20823
        11        33   3.23114
        11        34   3.35173   3.26274
        11        35
        11        36
        11        37   4.08094
        11        38   3.99910
        11        39
        12        16
        12        17   4.05780   3.84754
        12        18   4.37682   4.44772
        12        19   4.16515
        12        20
        12        21   3.35173   3.26274
        12        22   3.23114
        12        23   4.20823
        12        24
        12        25   3.99910
        12        26   4.08094
        12        27
        12        28   1.63600
        12        29   4.11569
        12        30   4.15543
        12        31   3.45158   3.46723
        12        32   1.60211
        12        33   4.41954
        12        34   3.75348
        12        35   4.12159   4.00277
        12        36   4.09224   1.61605
        12        37   4.07563   4.33181
        12        38   3.27067
        12        39   1.63315   4.06654
        13        16   3.84754   4.05780
        13        17
        13        18   4.16515
        13        19   4.44772   4.37682
        13        20   3.26274   3.35173
        13        21
        13        22   4.20823
        13        23   3.23114
        13        24   3.99910
        13        25
        13        26
        13        27   4.08094
        13        28   4.11569
        13        29   1.63600
        13        30   3.46723   3.45158
        13        31   4.15543
        13        32   4.41954
        13        33   1.60211
        13        34   4.00277   4.12159
        13        35   3.75348
        13        36   4.33181   4.07563
        13        37   1.61605   4.09224
        13        38   4.06654   1.63315
        13        39   3.27067
        14        16   4.37682   4.44772
        14        17   4.16515
        14        18
        14        19   3.84754   4.05780
        14        20   3.23114
        14        21   4.20823
        14        22
        14        23   3.26274   3.35173
        14        24   4.08094
        14        25
        14        26
        14        27   3.99910
        14        28   4.15543
        14        29   3.46723   3.45158
        14        30   1.63600
        14        31   4.11569
        14        32   3.75348
        14        33   4.00277   4.12159
        14        34   1.60211
        14        35   4.41954
        14        36   3.27067
        14        37   4.06654   1.63315
        14        38   1.61605   4.09224
        14        39   4.33181   4.07563
        15        16   4.16515
        15        17   4.44772   4.37682
        15        18   4.05780   3.84754
        15        19
        15        20   4.20823
        15        21   3.23114
        15        22   3.35173   3.26274
        15        23
        15        24
        15        25   4.08094
        15        26   3.99910
        15        27
        15        28   3.45158   3.46723
        15        29   4.15543
        15        30   4.11569
        15        31   1.63600
        15        32   4.12159   4.00277
        15        33   3.75348
        15        34   4.41954
        15        35   1.60211
        15        36   1.63315   4.06654
        15        37   3.27067
        15        38   4.07563   4.33181
        15        39   4.09224   1.61605
        16         0   4.54963
        16         1   4.19411
        16         2   2.05636   4.74965
        16         3   4.76673   3.61218
        16         4   4.48387
        16         5
        16         6   2.13653   4.78490
        16         7   3.71449   2.03065
        16         8   1.63600
        16         9   4.11569
        16        10   4.15543
        16        11   3.46723   3.45158
        16        12
        16        13   4.05780   3.84754
        16        14   4.44772   4.37682
        16        15   4.16515
        17         0   4.19411
        17         1   4.54963
        17         2   3.61218   4.76673
        17         3   4.74965   2.05636
        17         4
        17         5   4.48387
        17         6   2.03065   3.71449
        17         7   4.78490   2.13653
        17         8   4.11569
        17         9   1.63600
        17        10   3.45158   3.46723
        17        11   4.15543
        17        12   3.84754   4.05780
        17        13
        17        14   4.16515
        17        15   4.37682   4.44772
        18         0   4.54963
        18         1   4.19411
        18         2   4.74965   2.05636
        18         3   3.61218   4.76673
        18         4   4.48387
        18         5
        18         6   4.78490   2.13653
        18         7   2.03065   3.71449
        18         8   4.15543
        18         9   3.45158   3.46723
        18        10   1.63600
        18        11   4.11569
        18        12   4.44772   4.37682
        18        13   4.16515
        18        14
        18        15   3.84754   4.05780
        19         0   4.19411
        19         1   4.54963
        19         2   4.76673   3.61218
        19         3   2.05636   4.74965
        19         4
        19         5   4.48387
        19         6   3.71449   2.03065
        19         7   2.13653   4.78490
        19         8   3.46723   3.45158
        19         9   4.15543
        19        10   4.11569
        19        11   1.63600
        19        12   4.16515
        19        13   4.37682   4.44772
        19        14   4.05780   3.84754
        19        15
        20         0   4.59309   4.56682
        20         1   2.17118   3.70015
        20         2   3.42983
        20         3
        20         4   4.76273   1.91214
        20         5   3.68321   4.74796
        20         6   4.63640
        20         7   4.99047   4.03789
        20         8   1.60211
        20         9   4.41954
        20        10   3.75348
        20        11   4.00277   4.12159
        20        12
        20        13   3.35173   3.26274
        20        14   3.23114
        20        15   4.20823
        21         0   3.70015   2.17118
        21         1   4.56682   4.59309
        21         2
        21         3   3.42983
        21         4   4.74796   3.68321
        21         5   1.91214   4.76273
        21         6   4.03789   4.99047
        21         7   4.63640
        21         8   4.41954
        21         9   1.60211
        21        10   4.12159   4.00277
        21        11   3.75348
        21        12   3.26274   3.35173
        21        13
        21        14   4.20823
        21        15   3.23114
        22         0   4.59309   4.56682
        22         1   3.70015   2.17118
        22         2   3.42983
        22         3
        22         4   1.91214   4.76273
        22         5   4.74796   3.68321
        22         6   4.63640
        22         7   4.03789   4.99047
        22         8   3.75348
        22         9   4.12159   4.00277
        22        10   1.60211
        22        11   4.41954
        22        12   3.23114
        22        13   4.20823
        22        14
        22        15   3.26274   3.35173
        23         0   2.17118   3.70015
        23         1   4.56682   4.59309
        23         2
        23         3   3.42983
        23         4   3.68321   4.74796
        23         5   4.76273   1.91214
        23         6   4.99047   4.03789
        23         7   4.63640
        23         8   4.00277   4.12159
        23         9   3.75348
        23        10   4.41954
        23        11   1.60211
        23        12   4.20823
        23        13   3.23114
        23        14   3.35173   3.26274
        23        15
        24         0   2.52331
        24         1   4.04055   3.23545
        24         2   4.51430   4.99481
        24         3   3.95363
        24         4   3.74089
        24         5   4.88634   4.24482
        24         6   4.00788   4.54227
        24         7   3.37028
        24         8   1.61605   4.09224
        24         9   4.07563   4.33181
        24        10   3.27067
        24        11   4.06654   1.63315
        24        12
        24        13   3.99910
        24        14   4.08094
        24        15
        25         0   3.23545   4.04055
        25         1   2.52331
        25         2   3.95363
        25         3   4.99481   4.51430
        25         4   4.24482   4.88634
        25         5   3.74089
        25         6   3.37028
        25         7   4.54227   4.00788
        25         8   4.33181   4.07563
        25         9   4.09224   1.61605
        25        10   1.63315   4.06654
        25        11   3.27067
        25        12   3.99910
        25        13
        25        14
        25        15   4.08094
        26         0   2.52331
        26         1   3.23545   4.04055
        26         2   4.99481   4.51430
        26         3   3.95363
        26         4   3.74089
        26         5   4.24482   4.88634
        26         6   4.54227   4.00788
        26         7   3.37028
        26         8   3.27067
        26         9   1.63315   4.06654
        26        10   4.09224   1.61605
        26        11   4.33181   4.07563
        26        12   4.08094
        26        13
        26        14
        26        15   3.99910
        27         0   4.04055   3.23545
        27         1   2.52331
        27         2   3.95363
        27         3   4.51430   4.99481
        27         4   4.88634   4.24482
        27         5   3.74089
        27         6   3.37028
        27         7   4.00788   4.54227
        27         8   4.06654   1.63315
        27         9   3.27067
        27        10   4.07563   4.33181
        27        11   1.61605   4.09224
        27        12
        27        13   4.08094
        27        14   3.99910
        27        15
        28         0   2.05636   4.74965
        28         1   4.76673   3.61218
        28         2   4.54963
        28         3   4.19411
        28         4   2.13653   4.78490
        28         5   3.71449   2.03065
        28         6   4.48387
        28         7
        28         8
        28         9   4.05780   3.84754
        28        10   4.44772   4.37682
        28        11   4.16515
        28        12   1.63600
        28        13   4.11569
        28        14   4.15543
        28        15   3.46723   3.45158
        29         0   3.61218   4.76673
        29         1   4.74965   2.05636
        29         2   4.19411
        29         3   4.54963
        29         4   2.03065   3.71449
        29         5   4.78490   2.13653
        29         6
        29         7   4.48387
        29         8   3.84754   4.05780
        29         9
        29        10   4.16515
        29        11   4.37682   4.44772
        29        12   4.11569
        29        13   1.63600
        29        14   3.45158   3.46723
        29        15   4.15543
        30         0   4.74965   2.05636
        30         1   3.61218   4.76673
        30         2   4.54963
        30         3   4.19411
        30         4   4.78490   2.13653
        30         5   2.03065   3.71449
        30         6   4.48387
        30         7
        30         8   4.44772   4.37682
        30         9   4.16515
        30        10
        30        11   3.84754   4.05780
        30        12   4.15543
        30        13   3.45158   3.46723
        30        14   1.63600
        30        15   4.11569
        31         0   4.76673   3.61218
        31         1   2.05636   4.74965
        31         2   4.19411
        31         3   4.54963
        31         4   3.71449   2.03065
        31         5   2.13653   4.78490
        31         6
        31         7   4.48387
        31         8   4.16515
        31         9   4.37682   4.44772
        31        10   4.05780   3.84754
        31        11
        31        12   3.46723   3.45158
        31        13   4.15543
        31        14   4.11569
        31        15   1.63600
        32         0   3.42983
        32         1
        32         2   4.59309   4.56682
        32         3   2.17118   3.70015
        32         4   4.63640
        32         5   4.99047   4.03789
        32         6   4.76273   1.91214
        32         7   3.68321   4.74796
        32         8
        32         9   3.35173   3.26274
        32        10   3.23114
        32        11   4.20823
        32        12   1.60211
        32        13   4.41954
        32        14   3.75348
        32        15   4.00277   4.12159
        33         0
        33         1   3.42983
        33         2   3.70015   2.17118
        33         3   4.56682   4.59309
        33         4   4.03789   4.99047
        33         5   4.63640
        33         6   4.74796   3.68321
        33         7   1.91214   4.76273
        33         8   3.26274   3.35173
        33         9
        33        10   4.20823
        33        11   3.23114
        33        12   4.41954
        33        13   1.60211
        33        14   4.12159   4.00277
        33        15   3.75348
        34         0   3.42983
        34         1
        34         2   4.59309   4.56682
        34         3   3.70015   2.17118
        34         4   4.63640
        34         5   4.03789   4.99047
        34         6   1.91214   4.76273
        34         7   4.74796   3.68321
        34         8   3.23114
        34         9   4.20823
        34        10
        34        11   3.26274   3.35173
        34        12   3.75348
        34        13   4.12159   4.00277
        34        14   1.60211
        34        15   4.41954
        35         0
        35         1   3.42983
        35         2   2.17118   3.70015
        35         3   4.56682   4.59309
        35         4   4.99047   4.03789
        35         5   4.63640
        35         6   3.68321   4.74796
        35         7   4.76273   1.91214
        35         8   4.20823
        35         9   3.23114
        35        10   3.35173   3.26274
        35        11
        35        12   4.00277   4.12159
        35        13   3.75348
        35        14   4.41954
        35        15   1.60211
        36         0   4.51430   4.99481
        36         1   3.95363
        36         2   2.52331
        36         3   4.04055   3.23545
        36         4   4.00788   4.54227
        36         5   3.37028
        36         6   3.74089
        36         7   4.88634   4.24482
        36         8
        36         9   3.99910
        36        10   4.08094
        36        11
        36        12   1.61605   4.09224
        36        13   4.07563   4.33181
        36        14   3.27067
        36        15   4.06654   1.63315
        37         0   3.95363
        37         1   4.99481   4.51430
        37         2   3.23545   4.04055
        37         3   2.52331
        37         4   3.37028
        37         5   4.54227   4.00788
        37         6   4.24482   4.88634
        37         7   3.74089
        37         8   3.99910
        37         9
        37        10
        37        11   4.08094
        37        12   4.33181   4.07563
        37        13   4.09224   1.61605
        37        14   1.63315   4.06654
        37        15   3.27067
        38         0   4.99481   4.51430
        38         1   3.95363
        38         2   2.52331
        38         3   3.23545   4.04055
        38         4   4.54227   4.00788
        38         5   3.37028
        38         6   3.74089
        38         7   4.24482   4.88634
        38         8   4.08094
        38         9
        38        10
        38        11   3.99910
        38        12   3.27067
        38        13   1.63315   4.06654
        38        14   4.09224   1.61605
        38        15   4.33181   4.07563
        39         0   3.95363
        39         1   4.51430   4.99481
        39         2   4.04055   3.23545
        39         3   2.52331
        39         4   3.37028
        39         5   4.00788   4.54227
        39         6   4.88634   4.24482
        39         7   3.74089
        39         8
        39         9   4.08094
        39        10   3.99910
        39        11
        39        12   4.06654   1.63315
        39        13   3.27067
        39        14   4.07563   4.33181
        39        15   1.61605   4.09224
