         0        12   4.90183   2.78104   4.93664
         0        13   3.51114   4.61901   3.79356
         0        14   4.24344   3.32605   4.28361
         0        15   2.18657   4.28616   4.59074   3.06008
         0        16   3.53752   1.87268   3.92130
         0        17   4.75918   3.91959   1.38994   4.46612
         0        18
         0        19
         0        20
         0        21   4.82362
         0        22   4.75817
         0        23   4.67601
         0        24   4.35497   1.63462   4.13057
         0        25   2.81300   4.90133   4.11340   2.78016
         0        26   3.79360   2.28049   3.53374
         0        27   3.79962   4.09553
         0        28   4.63929   3.53778   4.70518
         0        29   3.18450
         1        12   4.90133   2.78016   2.81300   4.11340
         1        13   4.13057   4.35497   1.63462
         1        14   2.28049   3.53374   3.79360
         1        15   3.92130   3.53752   1.87268
         1        16   4.28616   3.06008   2.18657   4.59073
         1        17   1.38994   4.75919   4.46611   3.91959
         1        18
         1        19
         1        20
         1        21   4.70519   4.63929   3.53778
         1        22   4.09552   3.79962
         1        23   3.18450
         1        24   3.79356   3.51114   4.61900
         1        25   4.93665   4.90183   2.78103
         1        26   3.32606   4.28360   4.24344
         1        27   4.75817
         1        28   4.82362
         1        29   4.67601
         2        12   3.06008   4.59073   4.28617   2.18656
         2        13   3.92131   1.87267   3.53752
         2        14   4.46611   1.38995   3.91958   4.75918
         2        15   4.93665   2.78102   4.90182
         2        16   3.79356   4.61900   3.51113
         2        17   4.28360   3.32605   4.24342
         2        18   4.09554   3.79962
         2        19   4.70520   3.53778   4.63930
         2        20   3.18451
         2        21   4.13057   1.63462   4.35497
         2        22   2.78016   4.11340   4.90133   2.81300
         2        23   3.53374   2.28049   3.79360
         2        24   4.82362
         2        25   4.75817
         2        26   4.67601
         2        27
         2        28
         2        29
         3        12   1.87268   3.53752   3.92130
         3        13   4.59073   2.18657   3.06008   4.28616
         3        14   3.91959   4.46611   4.75919   1.38994
         3        15   4.11340   2.81300   2.78016   4.90133
         3        16   1.63462   4.35497   4.13057
         3        17   3.79360   3.53374   2.28049
         3        18   4.75817
         3        19   4.82362
         3        20   4.67601
         3        21   4.61900   3.51113   3.79356
         3        22   2.78102   4.90182   4.93665
         3        23   4.24342   4.28361   3.32605
         3        24   3.53779   4.63929   4.70520
         3        25   3.79962   4.09554
         3        26   3.18451
         3        27
         3        28
         3        29
         4        12   4.35497   1.63462   4.13057
         4        13   2.81300   4.90133   4.11340   2.78016
         4        14   3.79360   2.28049   3.53374
         4        15   3.79962   4.09554
         4        16   4.63930   3.53778   4.70520
         4        17   3.18451
         4        18   4.90182   2.78102   4.93665
         4        19   3.51113   4.61900   3.79356
         4        20   4.24342   3.32605   4.28360
         4        21   2.18656   4.28617   4.59073   3.06008
         4        22   3.53752   1.87267   3.92131
         4        23   4.75918   3.91958   1.38995   4.46611
         4        24
         4        25
         4        26
         4        27   4.82362
         4        28   4.75817
         4        29   4.67601
         5        12   3.79356   3.51113   4.61900
         5        13   4.93665   4.90182   2.78102
         5        14   3.32605   4.28361   4.24342
         5        15   4.75817
         5        16   4.82362
         5        17   4.67601
         5        18   4.90133   2.78016   2.81300   4.11340
         5        19   4.13057   4.35497   1.63462
         5        20   2.28049   3.53374   3.79360
         5        21   3.92130   3.53752   1.87268
         5        22   4.28616   3.06008   2.18657   4.59073
         5        23   1.38994   4.75919   4.46611   3.91959
         5        24
         5        25
         5        26
         5        27   4.70520   4.63929   3.53779
         5        28   4.09554   3.79962
         5        29   3.18451
         6        12   4.82362
         6        13   4.75817
         6        14   4.67601
         6        15
         6        16
         6        17
         6        18   3.06008   4.59074   4.28616   2.18657
         6        19   3.92130   1.87268   3.53752
         6        20   4.46612   1.38994   3.91959   4.75918
         6        21   4.93664   2.78104   4.90183
         6        22   3.79356   4.61901   3.51114
         6        23   4.28361   3.32605   4.24344
         6        24   4.09553   3.79962
         6        25   4.70518   3.53778   4.63929
         6        26   3.18450
         6        27   4.13057   1.63462   4.35497
         6        28   2.78016   4.11340   4.90133   2.81300
         6        29   3.53374   2.28049   3.79360
         7        12   3.53778   4.63929   4.70519
         7        13   3.79962   4.09552
         7        14   3.18450
         7        15
         7        16
         7        17
         7        18   1.87268   3.53752   3.92130
         7        19   4.59073   2.18657   3.06008   4.28616
         7        20   3.91959   4.46611   4.75919   1.38994
         7        21   4.11340   2.81300   2.78016   4.90133
         7        22   1.63462   4.35497   4.13057
         7        23   3.79360   3.53374   2.28049
         7        24   4.75817
         7        25   4.82362
         7        26   4.67601
         7        27   4.61900   3.51114   3.79356
         7        28   2.78103   4.90183   4.93665
         7        29   4.24344   4.28360   3.32606
         8        12
         8        13
         8        14
         8        15   4.82362
         8        16   4.75817
         8        17   4.67601
         8        18   4.35497   1.63462   4.13057
         8        19   2.81300   4.90133   4.11340   2.78016
         8        20   3.79360   2.28049   3.53374
         8        21   3.79962   4.09554
         8        22   4.63930   3.53778   4.70520
         8        23   3.18451
         8        24   4.90182   2.78102   4.93665
         8        25   3.51113   4.61900   3.79356
         8        26   4.24342   3.32605   4.28360
         8        27   2.18657   4.28616   4.59074   3.06008
         8        28   3.53752   1.87268   3.92130
         8        29   4.75918   3.91959   1.38994   4.46612
         9        12
         9        13
         9        14
         9        15   4.70520   4.63929   3.53779
         9        16   4.09554   3.79962
         9        17   3.18451
         9        18   3.79356   3.51113   4.61900
         9        19   4.93665   4.90182   2.78102
         9        20   3.32605   4.28361   4.24342
         9        21   4.75817
         9        22   4.82362
         9        23   4.67601
         9        24   4.90133   2.78016   2.81300   4.11340
         9        25   4.13057   4.35497   1.63462
         9        26   2.28049   3.53374   3.79360
         9        27   3.92131   3.53751   1.87268
         9        28   4.28616   3.06009   2.18655   4.59073
         9        29   1.38994   4.75917   4.46612   3.91958
        10        12   4.09554   3.79962
        10        13   4.70520   3.53778   4.63930
        10        14   3.18451
        10        15   4.13057   1.63462   4.35497
        10        16   2.78016   4.11340   4.90133   2.81300
        10        17   3.53374   2.28049   3.79360
        10        18   4.82362
        10        19   4.75817
        10        20   4.67601
        10        21
        10        22
        10        23
        10        24   3.06008   4.59074   4.28616   2.18657
        10        25   3.92130   1.87268   3.53752
        10        26   4.46612   1.38994   3.91959   4.75918
        10        27   4.93665   2.78102   4.90182
        10        28   3.79356   4.61900   3.51113
        10        29   4.28360   3.32605   4.24342
        11        12   4.75817
        11        13   4.82362
        11        14   4.67601
        11        15   4.61900   3.51113   3.79356
        11        16   2.78102   4.90182   4.93665
        11        17   4.24342   4.28361   3.32605
        11        18   3.53779   4.63929   4.70520
        11        19   3.79962   4.09554
        11        20   3.18451
        11        21
        11        22
        11        23
        11        24   1.87268   3.53751   3.92131
        11        25   4.59073   2.18655   3.06009   4.28616
        11        26   3.91958   4.46612   4.75917   1.38994
        11        27   4.11340   2.81300   2.78016   4.90133
        11        28   1.63462   4.35497   4.13057
        11        29   3.79360   3.53374   2.28049
        12         0   4.93664   2.78104   4.90183
        12         1   4.11340   2.81300   2.78016   4.90133
        12         2   2.18656   4.28617   4.59073   3.06008
        12         3   3.92130   3.53752   1.87268
        12         4   4.13057   1.63462   4.35497
        12         5   4.61900   3.51113   3.79356
        12         6   4.82362
        12         7   4.70519   4.63929   3.53778
        12         8
        12         9
        12        10   3.79962   4.09554
        12        11   4.75817
        13         0   3.79356   4.61901   3.51114
        13         1   1.63462   4.35497   4.13057
        13         2   3.53752   1.87267   3.92131
        13         3   4.28616   3.06008   2.18657   4.59073
        13         4   2.78016   4.11340   4.90133   2.81300
        13         5   2.78102   4.90182   4.93665
        13         6   4.75817
        13         7   4.09552   3.79962
        13         8
        13         9
        13        10   4.63930   3.53778   4.70520
        13        11   4.82362
        14         0   4.28361   3.32605   4.24344
        14         1   3.79360   3.53374   2.28049
        14         2   4.75918   3.91958   1.38995   4.46611
        14         3   1.38994   4.75919   4.46611   3.91959
        14         4   3.53374   2.28049   3.79360
        14         5   4.24342   4.28361   3.32605
        14         6   4.67601
        14         7   3.18450
        14         8
        14         9
        14        10   3.18451
        14        11   4.67601
        15         0   3.06008   4.59074   4.28616   2.18657
        15         1   1.87268   3.53752   3.92130
        15         2   4.90182   2.78102   4.93665
        15         3   4.90133   2.78016   2.81300   4.11340
        15         4   4.09554   3.79962
        15         5   4.75817
        15         6
        15         7
        15         8   4.82362
        15         9   3.53779   4.63929   4.70520
        15        10   4.35497   1.63462   4.13057
        15        11   3.79356   3.51113   4.61900
        16         0   3.92130   1.87268   3.53752
        16         1   4.59073   2.18657   3.06008   4.28616
        16         2   3.51113   4.61900   3.79356
        16         3   4.13057   4.35497   1.63462
        16         4   4.70520   3.53778   4.63930
        16         5   4.82362
        16         6
        16         7
        16         8   4.75817
        16         9   3.79962   4.09554
        16        10   2.81300   4.90133   4.11340   2.78016
        16        11   4.93665   4.90182   2.78102
        17         0   4.46612   1.38994   3.91959   4.75918
        17         1   3.91959   4.46611   4.75919   1.38994
        17         2   4.24342   3.32605   4.28360
        17         3   2.28049   3.53374   3.79360
        17         4   3.18451
        17         5   4.67601
        17         6
        17         7
        17         8   4.67601
        17         9   3.18451
        17        10   3.79360   2.28049   3.53374
        17        11   3.32605   4.28361   4.24342
        18         0
        18         1
        18         2   3.79962   4.09554
        18         3   4.75817
        18         4   4.93665   2.78102   4.90182
        18         5   4.11340   2.81300   2.78016   4.90133
        18         6   2.18657   4.28616   4.59074   3.06008
        18         7   3.92130   3.53752   1.87268
        18         8   4.13057   1.63462   4.35497
        18         9   4.61900   3.51113   3.79356
        18        10   4.82362
        18        11   4.70520   4.63929   3.53779
        19         0
        19         1
        19         2   4.63930   3.53778   4.70520
        19         3   4.82362
        19         4   3.79356   4.61900   3.51113
        19         5   1.63462   4.35497   4.13057
        19         6   3.53752   1.87268   3.92130
        19         7   4.28616   3.06008   2.18657   4.59073
        19         8   2.78016   4.11340   4.90133   2.81300
        19         9   2.78102   4.90182   4.93665
        19        10   4.75817
        19        11   4.09554   3.79962
        20         0
        20         1
        20         2   3.18451
        20         3   4.67601
        20         4   4.28360   3.32605   4.24342
        20         5   3.79360   3.53374   2.28049
        20         6   4.75918   3.91959   1.38994   4.46612
        20         7   1.38994   4.75919   4.46611   3.91959
        20         8   3.53374   2.28049   3.79360
        20         9   4.24342   4.28361   3.32605
        20        10   4.67601
        20        11   3.18451
        21         0   4.82362
        21         1   3.53778   4.63929   4.70519
        21         2   4.35497   1.63462   4.13057
        21         3   3.79356   3.51113   4.61900
        21         4   3.06008   4.59073   4.28617   2.18656
        21         5   1.87268   3.53752   3.92130
        21         6   4.90183   2.78104   4.93664
        21         7   4.90133   2.78016   2.81300   4.11340
        21         8   4.09554   3.79962
        21         9   4.75817
        21        10
        21        11
        22         0   4.75817
        22         1   3.79962   4.09552
        22         2   2.81300   4.90133   4.11340   2.78016
        22         3   4.93665   4.90182   2.78102
        22         4   3.92131   1.87267   3.53752
        22         5   4.59073   2.18657   3.06008   4.28616
        22         6   3.51114   4.61901   3.79356
        22         7   4.13057   4.35497   1.63462
        22         8   4.70520   3.53778   4.63930
        22         9   4.82362
        22        10
        22        11
        23         0   4.67601
        23         1   3.18450
        23         2   3.79360   2.28049   3.53374
        23         3   3.32605   4.28361   4.24342
        23         4   4.46611   1.38995   3.91958   4.75918
        23         5   3.91959   4.46611   4.75919   1.38994
        23         6   4.24344   3.32605   4.28361
        23         7   2.28049   3.53374   3.79360
        23         8   3.18451
        23         9   4.67601
        23        10
        23        11
        24         0   4.13057   1.63462   4.35497
        24         1   4.61900   3.51114   3.79356
        24         2   4.82362
        24         3   4.70520   4.63929   3.53779
        24         4
        24         5
        24         6   3.79962   4.09553
        24         7   4.75817
        24         8   4.93665   2.78102   4.90182
        24         9   4.11340   2.81300   2.78016   4.90133
        24        10   2.18657   4.28616   4.59074   3.06008
        24        11   3.92131   3.53751   1.87268
        25         0   2.78016   4.11340   4.90133   2.81300
        25         1   2.78103   4.90183   4.93665
        25         2   4.75817
        25         3   4.09554   3.79962
        25         4
        25         5
        25         6   4.63929   3.53778   4.70518
        25         7   4.82362
        25         8   3.79356   4.61900   3.51113
        25         9   1.63462   4.35497   4.13057
        25        10   3.53752   1.87268   3.92130
        25        11   4.28616   3.06009   2.18655   4.59073
        26         0   3.53374   2.28049   3.79360
        26         1   4.24344   4.28360   3.32606
        26         2   4.67601
        26         3   3.18451
        26         4
        26         5
        26         6   3.18450
        26         7   4.67601
        26         8   4.28360   3.32605   4.24342
        26         9   3.79360   3.53374   2.28049
        26        10   4.75918   3.91959   1.38994   4.46612
        26        11   1.38994   4.75917   4.46612   3.91958
        27         0   4.09553   3.79962
        27         1   4.75817
        27         2
        27         3
        27         4   4.82362
        27         5   3.53779   4.63929   4.70520
        27         6   4.35497   1.63462   4.13057
        27         7   3.79356   3.51114   4.61900
        27         8   3.06008   4.59074   4.28616   2.18657
        27         9   1.87268   3.53751   3.92131
        27        10   4.90182   2.78102   4.93665
        27        11   4.90133   2.78016   2.81300   4.11340
        28         0   4.70518   3.53778   4.63929
        28         1   4.82362
        28         2
        28         3
        28         4   4.75817
        28         5   3.79962   4.09554
        28         6   2.81300   4.90133   4.11340   2.78016
        28         7   4.93665   4.90183   2.78103
        28         8   3.92130   1.87268   3.53752
        28         9   4.59073   2.18655   3.06009   4.28616
        28        10   3.51113   4.61900   3.79356
        28        11   4.13057   4.35497   1.63462
        29         0   3.18450
        29         1   4.67601
        29         2
        29         3
        29         4   4.67601
        29         5   3.18451
        29         6   3.79360   2.28049   3.53374
        29         7   3.32606   4.28360   4.24344
        29         8   4.46612   1.38994   3.91959   4.75918
        29         9   3.91958   4.46612   4.75917   1.38994
        29        10   4.24342   3.32605   4.28360
        29        11   2.28049   3.53374   3.79360
