         0         8   3.55627   2.53418   3.55627
         0         9   4.32537   3.53324   4.32537   4.64646   3.91977   4.64646
         0        10   4.07843   2.04538   2.04538   4.07843   4.38039   4.38039
         0        11   4.38039   4.38039   4.07843   2.04538   2.04538   4.07843
         0        12   4.21122   2.29876   2.29876   4.21122   4.50428   4.50428
         0        13   4.50428   4.50428   4.21122   2.29876   2.29876   4.21122
         0        14   4.64646   3.91977   4.64646   4.32537   3.53324   4.32537
         0        15   3.55627   2.53418   3.55627
         0        16   4.56658   4.56658
         0        17   4.56658   4.56658
         0        18   4.11991   4.11991
         0        19   4.11991   4.11991
         1         8   4.64646   3.91977   4.64646   4.32537   3.53324   4.32537
         1         9   3.55627   2.53418   3.55627
         1        10   4.38039   4.38039   4.07843   2.04538   2.04538   4.07843
         1        11   4.07843   2.04538   2.04538   4.07843   4.38039   4.38039
         1        12   4.50428   4.50428   4.21122   2.29876   2.29876   4.21122
         1        13   4.21122   2.29876   2.29876   4.21122   4.50428   4.50428
         1        14   3.55627   2.53418   3.55627
         1        15   4.32537   3.53324   4.32537   4.64646   3.91977   4.64646
         1        16   4.56658   4.56658
         1        17   4.56658   4.56658
         1        18   4.11991   4.11991
         1        19   4.11991   4.11991
         2         8   4.64646   3.91977   4.64646   4.32537   3.53324   4.32537
         2         9   3.55627   2.53418   3.55627
         2        10   4.56658   4.56658
         2        11   4.56658   4.56658
         2        12   4.11991   4.11991
         2        13   4.11991   4.11991
         2        14   3.55627   2.53418   3.55627
         2        15   4.32537   3.53324   4.32537   4.64646   3.91977   4.64646
         2        16   4.07843   2.04538   2.04538   4.07843   4.38039   4.38039
         2        17   4.38039   4.38039   4.07843   2.04538   2.04538   4.07843
         2        18   4.21122   2.29876   2.29876   4.21122   4.50428   4.50428
         2        19   4.50428   4.50428   4.21122   2.29876   2.29876   4.21122
         3         8   3.55627   2.53418   3.55627
         3         9   4.32537   3.53324   4.32537   4.64646   3.91977   4.64646
         3        10   4.56658   4.56658
         3        11   4.56658   4.56658
         3        12   4.11991   4.11991
         3        13   4.11991   4.11991
         3        14   4.64646   3.91977   4.64646   4.32537   3.53324   4.32537
         3        15   3.55627   2.53418   3.55627
         3        16   4.38039   4.38039   4.07843   2.04538   2.04538   4.07843
         3        17   4.07843   2.04538   2.04538   4.07843   4.38039   4.38039
         3        18   4.50428   4.50428   4.21122   2.29876   2.29876   4.21122
         3        19   4.21122   2.29876   2.29876   4.21122   4.50428   4.50428
         4         8   2.98159   1.63244   2.98159   4.58403   3.84556   4.58403
         4         9   4.58403   3.84556   4.58403   2.98159   1.63244   2.98159
         4        10   4.92365   3.43399   3.43399   4.92365   4.92365   3.43399   3.43399   4.92365
         4        11   3.60995   3.60995
         4        12   4.91172   4.91172   4.91172   4.91172
         4        13   3.91798   1.70310   1.70310   3.91798
         4        14
         4        15
         4        16   3.60995   3.60995
         4        17   4.92365   3.43399   3.43399   4.92365   4.92365   3.43399   3.43399   4.92365
         4        18   3.91798   1.70310   1.70310   3.91798
         4        19   4.91172   4.91172   4.91172   4.91172
         5         8   4.54596   4.54596   3.90266   1.66755   1.66755   3.90266
         5         9   3.90266   1.66755   1.66755   3.90266   4.54596   4.54596
         5        10   2.99314   1.65345   2.99314
         5        11   4.35633   4.35633
         5        12   4.61428   3.88157   4.61428
         5        13   3.88219   2.97429   3.88219   3.88219   2.97429   3.88219
         5        14
         5        15
         5        16   4.35633   4.35633
         5        17   2.99314   1.65345   2.99314
         5        18   3.88219   2.97429   3.88219   3.88219   2.97429   3.88219
         5        19   4.61428   3.88157   4.61428
         6         8
         6         9
         6        10   3.60995   3.60995
         6        11   4.92365   3.43399   3.43399   4.92365   4.92365   3.43399   3.43399   4.92365
         6        12   3.91798   1.70310   1.70310   3.91798
         6        13   4.91172   4.91172   4.91172   4.91172
         6        14   2.98159   1.63244   2.98159   4.58403   3.84556   4.58403
         6        15   4.58403   3.84556   4.58403   2.98159   1.63244   2.98159
         6        16   4.92365   3.43399   3.43399   4.92365   4.92365   3.43399   3.43399   4.92365
         6        17   3.60995   3.60995
         6        18   4.91172   4.91172   4.91172   4.91172
         6        19   3.91798   1.70310   1.70310   3.91798
         7         8
         7         9
         7        10   4.35633   4.35633
         7        11   2.99314   1.65345   2.99314
         7        12   3.88219   2.97429   3.88219   3.88219   2.97429   3.88219
         7        13   4.61428   3.88157   4.61428
         7        14   4.54596   4.54596   3.90266   1.66755   1.66755   3.90266
         7        15   3.90266   1.66755   1.66755   3.90266   4.54596   4.54596
         7        16   2.99314   1.65345   2.99314
         7        17   4.35633   4.35633
         7        18   4.61428   3.88157   4.61428
         7        19   3.88219   2.97429   3.88219   3.88219   2.97429   3.88219
         8         0   3.55627   2.53418   3.55627
         8         1   4.32537   3.53324   4.32537   4.64646   3.91977   4.64646
         8         2   4.32537   3.53324   4.32537   4.64646   3.91977   4.64646
         8         3   3.55627   2.53418   3.55627
         8         4   4.58403   3.84556   4.58403   2.98159   1.63244   2.98159
         8         5   3.90266   1.66755   1.66755   3.90266   4.54596   4.54596
         8         6
         8         7
         9         0   4.64646   3.91977   4.64646   4.32537   3.53324   4.32537
         9         1   3.55627   2.53418   3.55627
         9         2   3.55627   2.53418   3.55627
         9         3   4.64646   3.91977   4.64646   4.32537   3.53324   4.32537
         9         4   2.98159   1.63244   2.98159   4.58403   3.84556   4.58403
         9         5   4.54596   4.54596   3.90266   1.66755   1.66755   3.90266
         9         6
         9         7
        10         0   4.38039   4.38039   4.07843   2.04538   2.04538   4.07843
        10         1   4.07843   2.04538   2.04538   4.07843   4.38039   4.38039
        10         2   4.56658   4.56658
        10         3   4.56658   4.56658
        10         4   4.92365   3.43399   3.43399   4.92365   4.92365   3.43399   3.43399   4.92365
        10         5   2.99314   1.65345   2.99314
        10         6   3.60995   3.60995
        10         7   4.35633   4.35633
        11         0   4.07843   2.04538   2.04538   4.07843   4.38039   4.38039
        11         1   4.38039   4.38039   4.07843   2.04538   2.04538   4.07843
        11         2   4.56658   4.56658
        11         3   4.56658   4.56658
        11         4   3.60995   3.60995
        11         5   4.35633   4.35633
        11         6   4.92365   3.43399   3.43399   4.92365   4.92365   3.43399   3.43399   4.92365
        11         7   2.99314   1.65345   2.99314
        12         0   4.50428   4.50428   4.21122   2.29876   2.29876   4.21122
        12         1   4.21122   2.29876   2.29876   4.21122   4.50428   4.50428
        12         2   4.11991   4.11991
        12         3   4.11991   4.11991
        12         4   4.91172   4.91172   4.91172   4.91172
        12         5   4.61428   3.88157   4.61428
        12         6   3.91798   1.70310   1.70310   3.91798
        12         7   3.88219   2.97429   3.88219   3.88219   2.97429   3.88219
        13         0   4.21122   2.29876   2.29876   4.21122   4.50428   4.50428
        13         1   4.50428   4.50428   4.21122   2.29876   2.29876   4.21122
        13         2   4.11991   4.11991
        13         3   4.11991   4.11991
        13         4   3.91798   1.70310   1.70310   3.91798
        13         5   3.88219   2.97429   3.88219   3.88219   2.97429   3.88219
        13         6   4.91172   4.91172   4.91172   4.91172
        13         7   4.61428   3.88157   4.61428
        14         0   4.32537   3.53324   4.32537   4.64646   3.91977   4.64646
        14         1   3.55627   2.53418   3.55627
        14         2   3.55627   2.53418   3.55627
        14         3   4.32537   3.53324   4.32537   4.64646   3.91977   4.64646
        14         4
        14         5
        14         6   4.58403   3.84556   4.58403   2.98159   1.63244   2.98159
        14         7   3.90266   1.66755   1.66755   3.90266   4.54596   4.54596
        15         0   3.55627   2.53418   3.55627
        15         1   4.64646   3.91977   4.64646   4.32537   3.53324   4.32537
        15         2   4.64646   3.91977   4.64646   4.32537   3.53324   4.32537
        15         3   3.55627   2.53418   3.55627
        15         4
        15         5
        15         6   2.98159   1.63244   2.98159   4.58403   3.84556   4.58403
        15         7   4.54596   4.54596   3.90266   1.66755   1.66755   3.90266
        16         0   4.56658   4.56658
        16         1   4.56658   4.56658
        16         2   4.38039   4.38039   4.07843   2.04538   2.04538   4.07843
        16         3   4.07843   2.04538   2.04538   4.07843   4.38039   4.38039
        16         4   3.60995   3.60995
        16         5   4.35633   4.35633
        16         6   4.92365   3.43399   3.43399   4.92365   4.92365   3.43399   3.43399   4.92365
        16         7   2.99314   1.65345   2.99314
        17         0   4.56658   4.56658
        17         1   4.56658   4.56658
        17         2   4.07843   2.04538   2.04538   4.07843   4.38039   4.38039
        17         3   4.38039   4.38039   4.07843   2.04538   2.04538   4.07843
        17         4   4.92365   3.43399   3.43399   4.92365   4.92365   3.43399   3.43399   4.92365
        17         5   2.99314   1.65345   2.99314
        17         6   3.60995   3.60995
        17         7   4.35633   4.35633
        18         0   4.11991   4.11991
        18         1   4.11991   4.11991
        18         2   4.50428   4.50428   4.21122   2.29876   2.29876   4.21122
        18         3   4.21122   2.29876   2.29876   4.21122   4.50428   4.50428
        18         4   3.91798   1.70310   1.70310   3.91798
        18         5   3.88219   2.97429   3.88219   3.88219   2.97429   3.88219
        18         6   4.91172   4.91172   4.91172   4.91172
        18         7   4.61428   3.88157   4.61428
        19         0   4.11991   4.11991
        19         1   4.11991   4.11991
        19         2   4.21122   2.29876   2.29876   4.21122   4.50428   4.50428
        19         3   4.50428   4.50428   4.21122   2.29876   2.29876   4.21122
        19         4   4.91172   4.91172   4.91172   4.91172
        19         5   4.61428   3.88157   4.61428
        19         6   3.91798   1.70310   1.70310   3.91798
        19         7   3.88219   2.97429   3.88219   3.88219   2.97429   3.88219
