 2.861  0  0  7.680066239152839e-16  12.5425  0  -1.430499975626549  0.0  4.906149987196523 
5
0 8  -0.03617161637271227  2.5848963675000007  1.334011618418658 
0 9  2.887673095875884  -3.6863536324999986  -1.4340185797576712 
0 10  2.8876730958758836  -8.8561463675  -1.4340185797576712 
0 11  -0.0361716163727126  -2.5848963675  1.334011618418658 
0 12  1.3790277565678593  0.0  1.523339946424572 
0 13  1.4724737229353124  -6.271249999999999  -1.6233469077635851 
0 14  1.4067794442955341  1.3498363925000003  -0.9469654459287238 
0 15  1.4447220352076373  -4.921413607499999  0.8469584845897105 
0 16  1.444722035207637  -7.621086392499999  0.8469584845897105 
0 17  1.406779444295534  -1.3498363924999985  -0.9469654459287238 
1 8  -2.887673095875883  8.8561463675  1.4340185797576712 
1 9  0.03617161637271327  2.5848963675000007  -1.334011618418658 
1 10  0.03617161637271282  -2.5848963675000003  -1.334011618418658 
1 11  -2.8876730958758836  3.6863536324999995  1.4340185797576712 
1 12  -1.4724737229353118  6.271249999999999  1.6233469077635854 
1 13  -1.3790277565678586  0.0  -1.5233399464245718 
1 14  -1.4447220352076369  7.6210863925  -0.8469584845897105 
1 15  -1.4067794442955335  1.3498363925000003  0.9469654459287238 
1 16  -1.406779444295534  -1.3498363924999999  0.9469654459287238 
1 17  -1.4447220352076369  4.921413607500001  -0.8469584845897105 
2 8  -1.4619223561242976  11.9917713675  1.3840150990881646 
2 9  1.4619223561242989  5.720521367500001  -1.3840150990881646 
2 10  1.4619223561242984  0.5507286324999999  -1.3840150990881646 
2 11  -1.461922356124298  6.8219786325  1.3840150990881646 
2 12  -0.04672298318372614  9.406875  1.5733434270940787 
2 13  0.04672298318372703  3.135625  -1.5733434270940785 
2 14  -0.01897129545605114  10.7567113925  -0.8969619652592171 
2 15  0.01897129545605203  4.4854613925  0.8969619652592171 
2 16  0.018971295456051807  1.7857886075000002  0.8969619652592171 
2 17  -0.018971295456051362  8.057038607500001  -0.8969619652592171 
3 8  -1.461922356124298  5.7205213675  1.3840150990881646 
3 9  1.4619223561242984  -0.5507286324999994  -1.3840150990881646 
3 10  1.461922356124298  -5.7205213675  -1.3840150990881646 
3 11  -1.4619223561242984  0.5507286324999994  1.3840150990881646 
3 12  -0.046722983183726585  3.135624999999999  1.5733434270940787 
3 13  0.046722983183726585  -3.135625  -1.5733434270940785 
3 14  -0.018971295456051585  4.4854613924999995  -0.8969619652592171 
3 15  0.018971295456051585  -1.7857886074999998  0.8969619652592171 
3 16  0.018971295456051362  -4.4854613924999995  0.8969619652592171 
3 17  -0.018971295456051807  1.7857886075000007  -0.8969619652592171 
4 8  -2.8910147324656483  0.9269534625000002  3.730793447063826 
4 9  0.032829979782948104  -5.344296537499999  0.962763248887497 
4 10  0.03282997978294766  -10.5140892725  0.962763248887497 
4 11  -2.8910147324656488  -4.2428392725  3.730793447063826 
4 12  -1.475815359525077  -1.6579429050000005  3.9201217750697404 
4 13  -1.3823693931576237  -7.929192905  0.773434920881583 
4 14  -1.448063671797402  -0.3081065125000002  1.4498163827164445 
4 15  -1.4101210808852986  -6.5793565124999995  3.2437403132348788 
4 16  -1.410121080885299  -9.2790292975  3.2437403132348788 
4 17  -1.448063671797402  -3.007779297499999  1.4498163827164445 
5 8  -0.032829979782948104  7.1982034624999995  -0.9627632488874975 
5 9  2.8910147324656483  0.9269534625000002  -3.7307934470638267 
5 10  2.891014732465648  -4.2428392725  -3.7307934470638267 
5 11  -0.03282997978294844  2.028410727499999  -0.9627632488874975 
5 12  1.3823693931576233  4.613307094999999  -0.7734349208815834 
5 13  1.4758153595250765  -1.6579429050000005  -3.920121775069741 
5 14  1.4101210808852982  5.963143487499999  -3.243740313234879 
5 15  1.4480636717974016  -0.3081065125000002  -1.449816382716445 
5 16  1.4480636717974011  -3.0077792975000004  -1.449816382716445 
5 17  1.4101210808852982  3.2634707025000003  -3.243740313234879 
6 8  -0.03282997978294788  10.5140892725  -0.9627632488874975 
6 9  2.8910147324656483  4.242839272500001  -3.7307934470638267 
6 10  2.8910147324656483  -0.9269534625000001  -3.7307934470638267 
6 11  -0.032829979782948215  5.3442965375  -0.9627632488874975 
6 12  1.3823693931576235  7.929192904999999  -0.7734349208815834 
6 13  1.4758153595250767  1.657942905  -3.920121775069741 
6 14  1.4101210808852986  9.2790292975  -3.243740313234879 
6 15  1.4480636717974016  3.0077792975000004  -1.449816382716445 
6 16  1.4480636717974016  0.3081065125000002  -1.449816382716445 
6 17  1.4101210808852982  6.5793565125  -3.243740313234879 
7 8  -2.891014732465648  4.2428392725  3.730793447063826 
7 9  0.03282997978294855  -2.028410727499999  0.962763248887497 
7 10  0.032829979782948104  -7.1982034624999995  0.962763248887497 
7 11  -2.8910147324656483  -0.9269534625000002  3.730793447063826 
7 12  -1.4758153595250765  1.6579429049999996  3.9201217750697404 
7 13  -1.3823693931576233  -4.613307095  0.773434920881583 
7 14  -1.4480636717974016  3.0077792975  1.4498163827164445 
7 15  -1.4101210808852982  -3.2634707024999994  3.2437403132348788 
7 16  -1.4101210808852986  -5.9631434875  3.2437403132348788 
7 17  -1.4480636717974016  0.3081065125000011  1.4498163827164445 
8 0  0.03617161637271227  -2.5848963675000007  -1.334011618418658 
8 1  2.887673095875883  -8.8561463675  -1.4340185797576712 
8 2  1.4619223561242976  -11.9917713675  -1.3840150990881646 
8 3  1.461922356124298  -5.7205213675  -1.3840150990881646 
8 4  2.8910147324656483  -0.9269534625000002  -3.730793447063826 
8 5  0.032829979782948104  -7.1982034624999995  0.9627632488874975 
8 6  0.03282997978294788  -10.5140892725  0.9627632488874975 
8 7  2.891014732465648  -4.2428392725  -3.730793447063826 
9 0  -2.887673095875884  3.6863536324999986  1.4340185797576712 
9 1  -0.03617161637271327  -2.5848963675000007  1.334011618418658 
9 2  -1.4619223561242989  -5.720521367500001  1.3840150990881646 
9 3  -1.4619223561242984  0.5507286324999994  1.3840150990881646 
9 4  -0.032829979782948104  5.344296537499999  -0.962763248887497 
9 5  -2.8910147324656483  -0.9269534625000002  3.7307934470638267 
9 6  -2.8910147324656483  -4.242839272500001  3.7307934470638267 
9 7  -0.03282997978294855  2.028410727499999  -0.962763248887497 
10 0  -2.8876730958758836  8.8561463675  1.4340185797576712 
10 1  -0.03617161637271282  2.5848963675000003  1.334011618418658 
10 2  -1.4619223561242984  -0.5507286324999999  1.3840150990881646 
10 3  -1.461922356124298  5.7205213675  1.3840150990881646 
10 4  -0.03282997978294766  10.5140892725  -0.962763248887497 
10 5  -2.891014732465648  4.2428392725  3.7307934470638267 
10 6  -2.8910147324656483  0.9269534625000001  3.7307934470638267 
10 7  -0.032829979782948104  7.1982034624999995  -0.962763248887497 
11 0  0.0361716163727126  2.5848963675  -1.334011618418658 
11 1  2.8876730958758836  -3.6863536324999995  -1.4340185797576712 
11 2  1.461922356124298  -6.8219786325  -1.3840150990881646 
11 3  1.4619223561242984  -0.5507286324999994  -1.3840150990881646 
11 4  2.8910147324656488  4.2428392725  -3.730793447063826 
11 5  0.03282997978294844  -2.028410727499999  0.9627632488874975 
11 6  0.032829979782948215  -5.3442965375  0.9627632488874975 
11 7  2.8910147324656483  0.9269534625000002  -3.730793447063826 
12 0  -1.3790277565678593  0.0  -1.523339946424572 
12 1  1.4724737229353118  -6.271249999999999  -1.6233469077635854 
12 2  0.04672298318372614  -9.406875  -1.5733434270940787 
12 3  0.046722983183726585  -3.135624999999999  -1.5733434270940787 
12 4  1.475815359525077  1.6579429050000005  -3.9201217750697404 
12 5  -1.3823693931576233  -4.613307094999999  0.7734349208815834 
12 6  -1.3823693931576235  -7.929192904999999  0.7734349208815834 
12 7  1.4758153595250765  -1.6579429049999996  -3.9201217750697404 
13 0  -1.4724737229353124  6.271249999999999  1.6233469077635851 
13 1  1.3790277565678586  0.0  1.5233399464245718 
13 2  -0.04672298318372703  -3.135625  1.5733434270940785 
13 3  -0.046722983183726585  3.135625  1.5733434270940785 
13 4  1.3823693931576237  7.929192905  -0.773434920881583 
13 5  -1.4758153595250765  1.6579429050000005  3.920121775069741 
13 6  -1.4758153595250767  -1.657942905  3.920121775069741 
13 7  1.3823693931576233  4.613307095  -0.773434920881583 
14 0  -1.4067794442955341  -1.3498363925000003  0.9469654459287238 
14 1  1.4447220352076369  -7.6210863925  0.8469584845897105 
14 2  0.01897129545605114  -10.7567113925  0.8969619652592171 
14 3  0.018971295456051585  -4.4854613924999995  0.8969619652592171 
14 4  1.448063671797402  0.3081065125000002  -1.4498163827164445 
14 5  -1.4101210808852982  -5.963143487499999  3.243740313234879 
14 6  -1.4101210808852986  -9.2790292975  3.243740313234879 
14 7  1.4480636717974016  -3.0077792975  -1.4498163827164445 
15 0  -1.4447220352076373  4.921413607499999  -0.8469584845897105 
15 1  1.4067794442955335  -1.3498363925000003  -0.9469654459287238 
15 2  -0.01897129545605203  -4.4854613925  -0.8969619652592171 
15 3  -0.018971295456051585  1.7857886074999998  -0.8969619652592171 
15 4  1.4101210808852986  6.5793565124999995  -3.2437403132348788 
15 5  -1.4480636717974016  0.3081065125000002  1.449816382716445 
15 6  -1.4480636717974016  -3.0077792975000004  1.449816382716445 
15 7  1.4101210808852982  3.2634707024999994  -3.2437403132348788 
16 0  -1.444722035207637  7.621086392499999  -0.8469584845897105 
16 1  1.406779444295534  1.3498363924999999  -0.9469654459287238 
16 2  -0.018971295456051807  -1.7857886075000002  -0.8969619652592171 
16 3  -0.018971295456051362  4.4854613924999995  -0.8969619652592171 
16 4  1.410121080885299  9.2790292975  -3.2437403132348788 
16 5  -1.4480636717974011  3.0077792975000004  1.449816382716445 
16 6  -1.4480636717974016  -0.3081065125000002  1.449816382716445 
16 7  1.4101210808852986  5.9631434875  -3.2437403132348788 
17 0  -1.406779444295534  1.3498363924999985  0.9469654459287238 
17 1  1.4447220352076369  -4.921413607500001  0.8469584845897105 
17 2  0.018971295456051362  -8.057038607500001  0.8969619652592171 
17 3  0.018971295456051807  -1.7857886075000007  0.8969619652592171 
17 4  1.448063671797402  3.007779297499999  -1.4498163827164445 
17 5  -1.4101210808852982  -3.2634707025000003  3.243740313234879 
17 6  -1.4101210808852982  -6.5793565125  3.243740313234879 
17 7  1.4480636717974016  -0.3081065125000011  -1.4498163827164445 