         0        16   2.49126   4.90605   4.70820
         0        17
         0        18
         0        19   4.43418   2.47614   4.58778
         0        20   4.48536   4.54826   2.45477
         0        21
         0        22
         0        23   4.49850   2.68109   4.89091
         0        24   2.53359   2.96709
         0        25   4.31474   4.96749
         0        26
         0        27   4.78180   4.47312
         0        28   4.61807   4.56182
         0        29
         0        30   4.43066   4.69204
         0        31   2.32495   3.38590
         0        32   2.34287
         0        33   4.45606   3.67200   4.52875
         0        34
         0        35
         1        16
         1        17   4.90605   2.49126   4.70820
         1        18   2.47614   4.43418   4.58778
         1        19
         1        20
         1        21   4.48536   2.45477   4.54826
         1        22   4.49850   4.89091   2.68109
         1        23
         1        24   4.96749   4.31474
         1        25   2.53359   2.96709
         1        26   4.47312   4.78180
         1        27
         1        28
         1        29   4.61807   4.56182
         1        30   3.38590   2.32495
         1        31   4.43066   4.69204
         1        32   3.67200   4.45606   4.52875
         1        33   2.34287
         1        34
         1        35
         2        16
         2        17   4.58778   2.47614   4.43418
         2        18   4.70820   4.90605   2.49126
         2        19
         2        20
         2        21   4.89091   2.68109   4.49850
         2        22   2.45477   4.54826   4.48536
         2        23
         2        24
         2        25   4.47312   4.78180
         2        26   2.96709   2.53359
         2        27   4.96749   4.31474
         2        28   4.69204   4.43066
         2        29   3.38590   2.32495
         2        30   4.56182   4.61807
         2        31
         2        32
         2        33
         2        34   2.34287
         2        35   4.52875   3.67200   4.45606
         3        16   4.58778   4.43418   2.47614
         3        17
         3        18
         3        19   4.70820   2.49126   4.90605
         3        20   2.68109   4.89091   4.49850
         3        21
         3        22
         3        23   4.54826   2.45477   4.48536
         3        24   4.78180   4.47312
         3        25
         3        26   4.31474   4.96749
         3        27   2.96709   2.53359
         3        28   2.32495   3.38590
         3        29   4.69204   4.43066
         3        30
         3        31   4.56182   4.61807
         3        32
         3        33
         3        34   4.52875   4.45606   3.67200
         3        35   2.34287
         4        16   2.45477   4.54826   4.48536
         4        17
         4        18
         4        19   4.89091   2.68109   4.49850
         4        20   4.70820   4.90605   2.49126
         4        21
         4        22
         4        23   4.58778   2.47614   4.43418
         4        24   4.56182   4.61807
         4        25
         4        26   4.69204   4.43066
         4        27   3.38590   2.32495
         4        28   2.96709   2.53359
         4        29   4.96749   4.31474
         4        30
         4        31   4.47312   4.78180
         4        32
         4        33
         4        34   2.34287
         4        35   4.52875   3.67200   4.45606
         5        16
         5        17   4.54826   2.45477   4.48536
         5        18   2.68109   4.89091   4.49850
         5        19
         5        20
         5        21   4.70820   2.49126   4.90605
         5        22   4.58778   4.43418   2.47614
         5        23
         5        24
         5        25   4.56182   4.61807
         5        26   2.32495   3.38590
         5        27   4.69204   4.43066
         5        28   4.31474   4.96749
         5        29   2.96709   2.53359
         5        30   4.78180   4.47312
         5        31
         5        32
         5        33
         5        34   4.52875   4.45606   3.67200
         5        35   2.34287
         6        16
         6        17   4.49850   2.68109   4.89091
         6        18   4.48536   4.54826   2.45477
         6        19
         6        20
         6        21   4.43418   2.47614   4.58778
         6        22   2.49126   4.90605   4.70820
         6        23
         6        24   4.43066   4.69204
         6        25   2.32495   3.38590
         6        26   4.61807   4.56182
         6        27
         6        28
         6        29   4.78180   4.47312
         6        30   2.53359   2.96709
         6        31   4.31474   4.96749
         6        32   2.34287
         6        33   4.45606   3.67200   4.52875
         6        34
         6        35
         7        16   4.49850   4.89091   2.68109
         7        17
         7        18
         7        19   4.48536   2.45477   4.54826
         7        20   2.47614   4.43418   4.58778
         7        21
         7        22
         7        23   4.90605   2.49126   4.70820
         7        24   3.38590   2.32495
         7        25   4.43066   4.69204
         7        26
         7        27   4.61807   4.56182
         7        28   4.47312   4.78180
         7        29
         7        30   4.96749   4.31474
         7        31   2.53359   2.96709
         7        32   3.67200   4.45606   4.52875
         7        33   2.34287
         7        34
         7        35
         8        16   4.57595
         8        17   4.42619
         8        18   3.75728
         8        19   3.93806
         8        20   3.75728
         8        21   3.93806
         8        22   4.57595
         8        23   4.42619
         8        24   1.81509
         8        25   3.94236   3.95905   4.45957   4.47433
         8        26
         8        27
         8        28
         8        29
         8        30   1.81509
         8        31   3.94236   3.95905   4.45957   4.47433
         8        32   1.88700   3.54228
         8        33   4.86017   3.98738   1.89716
         8        34
         8        35
         9        16   4.42619
         9        17   4.57595
         9        18   3.93806
         9        19   3.75728
         9        20   3.93806
         9        21   3.75728
         9        22   4.42619
         9        23   4.57595
         9        24   3.95905   3.94236   4.47433   4.45957
         9        25   1.81509
         9        26
         9        27
         9        28
         9        29
         9        30   3.95905   3.94236   4.47433   4.45957
         9        31   1.81509
         9        32   4.86017   1.89716   3.98738
         9        33   1.88700   3.54228
         9        34
         9        35
        10        16   3.75728
        10        17   3.93806
        10        18   4.57595
        10        19   4.42619
        10        20   4.57595
        10        21   4.42619
        10        22   3.75728
        10        23   3.93806
        10        24
        10        25
        10        26   1.81509
        10        27   4.47433   4.45957   3.95905   3.94236
        10        28   1.81509
        10        29   4.47433   4.45957   3.95905   3.94236
        10        30
        10        31
        10        32
        10        33
        10        34   3.54228   1.88700
        10        35   1.89716   3.98738   4.86017
        11        16   3.93806
        11        17   3.75728
        11        18   4.42619
        11        19   4.57595
        11        20   4.42619
        11        21   4.57595
        11        22   3.93806
        11        23   3.75728
        11        24
        11        25
        11        26   4.45957   4.47433   3.94236   3.95905
        11        27   1.81509
        11        28   4.45957   4.47433   3.94236   3.95905
        11        29   1.81509
        11        30
        11        31
        11        32
        11        33
        11        34   3.98738   1.89716   4.86017
        11        35   3.54228   1.88700
        12        16   4.21903   1.95394   4.48105
        12        17
        12        18
        12        19   4.34350   4.35558   1.95943
        12        20   4.48105   1.95394   4.21903
        12        21
        12        22
        12        23   1.95943   4.35558   4.34350
        12        24   2.12798
        12        25
        12        26
        12        27   4.75217   4.25737   4.59703   4.08348
        12        28   2.12798
        12        29
        12        30
        12        31   4.08348   4.59703   4.25737   4.75217
        12        32   4.30367   4.96120
        12        33   4.26341
        12        34   4.96120   4.30367
        12        35   4.26341
        13        16
        13        17   4.21903   4.48105   1.95394
        13        18   4.34350   1.95943   4.35558
        13        19
        13        20
        13        21   1.95394   4.48105   4.21903
        13        22   4.35558   1.95943   4.34350
        13        23
        13        24
        13        25   2.12798
        13        26   4.25737   4.75217   4.08348   4.59703
        13        27
        13        28
        13        29   2.12798
        13        30   4.59703   4.08348   4.75217   4.25737
        13        31
        13        32   4.26341
        13        33   4.30367   4.96120
        13        34   4.26341
        13        35   4.96120   4.30367
        14        16
        14        17   1.95943   4.35558   4.34350
        14        18   4.48105   1.95394   4.21903
        14        19
        14        20
        14        21   4.34350   4.35558   1.95943
        14        22   4.21903   1.95394   4.48105
        14        23
        14        24
        14        25   4.08348   4.59703   4.25737   4.75217
        14        26   2.12798
        14        27
        14        28
        14        29   4.75217   4.25737   4.59703   4.08348
        14        30   2.12798
        14        31
        14        32   4.30367   4.96120
        14        33   4.26341
        14        34   4.96120   4.30367
        14        35   4.26341
        15        16   4.35558   1.95943   4.34350
        15        17
        15        18
        15        19   1.95394   4.48105   4.21903
        15        20   4.34350   1.95943   4.35558
        15        21
        15        22
        15        23   4.21903   4.48105   1.95394
        15        24   4.59703   4.08348   4.75217   4.25737
        15        25
        15        26
        15        27   2.12798
        15        28   4.25737   4.75217   4.08348   4.59703
        15        29
        15        30
        15        31   2.12798
        15        32   4.26341
        15        33   4.30367   4.96120
        15        34   4.26341
        15        35   4.96120   4.30367
        16         0   4.70820   4.90605   2.49126
        16         1
        16         2
        16         3   2.47614   4.43418   4.58778
        16         4   4.48536   4.54826   2.45477
        16         5
        16         6
        16         7   2.68109   4.89091   4.49850
        16         8   4.57595
        16         9   4.42619
        16        10   3.75728
        16        11   3.93806
        16        12   4.48105   1.95394   4.21903
        16        13
        16        14
        16        15   4.34350   1.95943   4.35558
        17         0
        17         1   4.70820   2.49126   4.90605
        17         2   4.43418   2.47614   4.58778
        17         3
        17         4
        17         5   4.48536   2.45477   4.54826
        17         6   4.89091   2.68109   4.49850
        17         7
        17         8   4.42619
        17         9   4.57595
        17        10   3.93806
        17        11   3.75728
        17        12
        17        13   1.95394   4.48105   4.21903
        17        14   4.34350   4.35558   1.95943
        17        15
        18         0
        18         1   4.58778   4.43418   2.47614
        18         2   2.49126   4.90605   4.70820
        18         3
        18         4
        18         5   4.49850   4.89091   2.68109
        18         6   2.45477   4.54826   4.48536
        18         7
        18         8   3.75728
        18         9   3.93806
        18        10   4.57595
        18        11   4.42619
        18        12
        18        13   4.35558   1.95943   4.34350
        18        14   4.21903   1.95394   4.48105
        18        15
        19         0   4.58778   2.47614   4.43418
        19         1
        19         2
        19         3   4.90605   2.49126   4.70820
        19         4   4.49850   2.68109   4.89091
        19         5
        19         6
        19         7   4.54826   2.45477   4.48536
        19         8   3.93806
        19         9   3.75728
        19        10   4.42619
        19        11   4.57595
        19        12   1.95943   4.35558   4.34350
        19        13
        19        14
        19        15   4.21903   4.48105   1.95394
        20         0   2.45477   4.54826   4.48536
        20         1
        20         2
        20         3   4.49850   4.89091   2.68109
        20         4   2.49126   4.90605   4.70820
        20         5
        20         6
        20         7   4.58778   4.43418   2.47614
        20         8   3.75728
        20         9   3.93806
        20        10   4.57595
        20        11   4.42619
        20        12   4.21903   1.95394   4.48105
        20        13
        20        14
        20        15   4.35558   1.95943   4.34350
        21         0
        21         1   4.54826   2.45477   4.48536
        21         2   4.49850   2.68109   4.89091
        21         3
        21         4
        21         5   4.90605   2.49126   4.70820
        21         6   4.58778   2.47614   4.43418
        21         7
        21         8   3.93806
        21         9   3.75728
        21        10   4.42619
        21        11   4.57595
        21        12
        21        13   4.21903   4.48105   1.95394
        21        14   1.95943   4.35558   4.34350
        21        15
        22         0
        22         1   2.68109   4.89091   4.49850
        22         2   4.48536   4.54826   2.45477
        22         3
        22         4
        22         5   2.47614   4.43418   4.58778
        22         6   4.70820   4.90605   2.49126
        22         7
        22         8   4.57595
        22         9   4.42619
        22        10   3.75728
        22        11   3.93806
        22        12
        22        13   4.34350   1.95943   4.35558
        22        14   4.48105   1.95394   4.21903
        22        15
        23         0   4.89091   2.68109   4.49850
        23         1
        23         2
        23         3   4.48536   2.45477   4.54826
        23         4   4.43418   2.47614   4.58778
        23         5
        23         6
        23         7   4.70820   2.49126   4.90605
        23         8   4.42619
        23         9   4.57595
        23        10   3.93806
        23        11   3.75728
        23        12   4.34350   4.35558   1.95943
        23        13
        23        14
        23        15   1.95394   4.48105   4.21903
        24         0   2.96709   2.53359
        24         1   4.31474   4.96749
        24         2
        24         3   4.47312   4.78180
        24         4   4.61807   4.56182
        24         5
        24         6   4.69204   4.43066
        24         7   2.32495   3.38590
        24         8   1.81509
        24         9   4.45957   4.47433   3.94236   3.95905
        24        10
        24        11
        24        12   2.12798
        24        13
        24        14
        24        15   4.25737   4.75217   4.08348   4.59703
        25         0   4.96749   4.31474
        25         1   2.96709   2.53359
        25         2   4.78180   4.47312
        25         3
        25         4
        25         5   4.61807   4.56182
        25         6   3.38590   2.32495
        25         7   4.69204   4.43066
        25         8   4.47433   4.45957   3.95905   3.94236
        25         9   1.81509
        25        10
        25        11
        25        12
        25        13   2.12798
        25        14   4.75217   4.25737   4.59703   4.08348
        25        15
        26         0
        26         1   4.78180   4.47312
        26         2   2.53359   2.96709
        26         3   4.96749   4.31474
        26         4   4.43066   4.69204
        26         5   3.38590   2.32495
        26         6   4.56182   4.61807
        26         7
        26         8
        26         9
        26        10   1.81509
        26        11   3.95905   3.94236   4.47433   4.45957
        26        12
        26        13   4.59703   4.08348   4.75217   4.25737
        26        14   2.12798
        26        15
        27         0   4.47312   4.78180
        27         1
        27         2   4.31474   4.96749
        27         3   2.53359   2.96709
        27         4   2.32495   3.38590
        27         5   4.43066   4.69204
        27         6
        27         7   4.56182   4.61807
        27         8
        27         9
        27        10   3.94236   3.95905   4.45957   4.47433
        27        11   1.81509
        27        12   4.08348   4.59703   4.25737   4.75217
        27        13
        27        14
        27        15   2.12798
        28         0   4.56182   4.61807
        28         1
        28         2   4.43066   4.69204
        28         3   3.38590   2.32495
        28         4   2.53359   2.96709
        28         5   4.96749   4.31474
        28         6
        28         7   4.78180   4.47312
        28         8
        28         9
        28        10   1.81509
        28        11   3.95905   3.94236   4.47433   4.45957
        28        12   2.12798
        28        13
        28        14
        28        15   4.59703   4.08348   4.75217   4.25737
        29         0
        29         1   4.56182   4.61807
        29         2   2.32495   3.38590
        29         3   4.43066   4.69204
        29         4   4.31474   4.96749
        29         5   2.53359   2.96709
        29         6   4.47312   4.78180
        29         7
        29         8
        29         9
        29        10   3.94236   3.95905   4.45957   4.47433
        29        11   1.81509
        29        12
        29        13   2.12798
        29        14   4.08348   4.59703   4.25737   4.75217
        29        15
        30         0   4.69204   4.43066
        30         1   2.32495   3.38590
        30         2   4.61807   4.56182
        30         3
        30         4
        30         5   4.47312   4.78180
        30         6   2.96709   2.53359
        30         7   4.31474   4.96749
        30         8   1.81509
        30         9   4.45957   4.47433   3.94236   3.95905
        30        10
        30        11
        30        12
        30        13   4.25737   4.75217   4.08348   4.59703
        30        14   2.12798
        30        15
        31         0   3.38590   2.32495
        31         1   4.69204   4.43066
        31         2
        31         3   4.61807   4.56182
        31         4   4.78180   4.47312
        31         5
        31         6   4.96749   4.31474
        31         7   2.96709   2.53359
        31         8   4.47433   4.45957   3.95905   3.94236
        31         9   1.81509
        31        10
        31        11
        31        12   4.75217   4.25737   4.59703   4.08348
        31        13
        31        14
        31        15   2.12798
        32         0   2.34287
        32         1   4.52875   4.45606   3.67200
        32         2
        32         3
        32         4
        32         5
        32         6   2.34287
        32         7   4.52875   4.45606   3.67200
        32         8   3.54228   1.88700
        32         9   3.98738   1.89716   4.86017
        32        10
        32        11
        32        12   4.96120   4.30367
        32        13   4.26341
        32        14   4.96120   4.30367
        32        15   4.26341
        33         0   4.52875   3.67200   4.45606
        33         1   2.34287
        33         2
        33         3
        33         4
        33         5
        33         6   4.52875   3.67200   4.45606
        33         7   2.34287
        33         8   1.89716   3.98738   4.86017
        33         9   3.54228   1.88700
        33        10
        33        11
        33        12   4.26341
        33        13   4.96120   4.30367
        33        14   4.26341
        33        15   4.96120   4.30367
        34         0
        34         1
        34         2   2.34287
        34         3   3.67200   4.45606   4.52875
        34         4   2.34287
        34         5   3.67200   4.45606   4.52875
        34         6
        34         7
        34         8
        34         9
        34        10   1.88700   3.54228
        34        11   4.86017   1.89716   3.98738
        34        12   4.30367   4.96120
        34        13   4.26341
        34        14   4.30367   4.96120
        34        15   4.26341
        35         0
        35         1
        35         2   4.45606   3.67200   4.52875
        35         3   2.34287
        35         4   4.45606   3.67200   4.52875
        35         5   2.34287
        35         6
        35         7
        35         8
        35         9
        35        10   4.86017   3.98738   1.89716
        35        11   1.88700   3.54228
        35        12   4.26341
        35        13   4.30367   4.96120
        35        14   4.26341
        35        15   4.30367   4.96120
