 6.757  0  0  -1.7084651815541168  7.974031083675135  0  -2.441305871177206  -0.6728720417706062  9.483729480471233 
5
0 14  -5.304967704736593  3.1261896396110824  2.89443423743982 
0 15  -2.6399228498722342  4.49579203046925  -3.877896984564687 
0 16  -4.454386005816227  3.7768255880648236  -1.9489064082368381 
0 17  -3.505849009449717  3.9749409704086394  0.9569083045795477 
0 18  -6.281191375116298  6.24594104392977  0.057850749830874904 
0 19  -1.6672016400962173  1.4813721508128848  -0.974927390592442 
0 20  -2.655874488784029  1.8328603231824467  -3.647442358189236 
0 21  -5.313149183070195  5.75581520746359  2.6051804882854475 
0 22  -4.7069086095804815  2.2073405689851238  -5.115523681766183 
0 23  -3.268882035780314  5.377893270906126  4.133009307589364 
0 24  -6.3413525819258165  3.5196408978821427  0.25985418776491187 
0 25  -1.5919239433130956  4.045284271100129  -1.2708197503831449 
0 26  -8.144445855303372  5.413022292797337  1.7497480891469426 
0 27  0.2246165266746587  2.2411276666225275  -2.8157192827519086 
0 28  -5.289904424957441  0.04066544154811852  2.5625037056233273 
0 29  -2.725758047419829  7.661171027093805  -3.525102247891157 
0 30  -4.79372451663322  1.3682171814813198  0.2939956138946087 
0 31  -3.229480097511074  6.255012815453105  -1.2613360209026738 
0 32  -4.57772220134217  0.0652696783970239  -2.954181733166789 
0 33  -3.358575242481338  7.578767113712767  2.0532274325220223 
0 34  -4.803105500619375  5.985357144473732  -4.7997154900664905 
0 35  -3.1333771801811485  1.7366333339853015  3.8902258328893007 
0 36  -6.510404199041264  5.295150446867446  -3.0063422453093804 
0 37  -1.3744627020792333  2.2759279877202094  1.8749333182891625 
1 14  -0.31485487099615606  -4.629931495227763  3.7005512432798753 
1 15  2.3501899838682028  -3.260329104369595  -3.071779978724632 
1 16  0.53572682792421  -3.9792955467740216  -1.142789402396783 
1 17  1.4842638242907198  -3.781180164430206  1.7630253104196028 
1 18  -1.2910785413758605  -1.510180090909075  0.86396775567093 
1 19  3.3229111936442197  -6.27474898402596  -0.16881038475238697 
1 20  2.334238344956408  -5.923260811656398  -2.841325352349181 
1 21  -0.32303634932975767  -2.000305927375255  3.4112974941255025 
1 22  0.2832042241599555  -5.548780565853722  -4.309406675926128 
1 23  1.7212307979601231  -2.378227863932719  4.939126313429419 
1 24  -1.3512397481853795  -4.2364802369567025  1.065971193604967 
1 25  3.3981888904273414  -3.710836863738717  -0.4647027445430898 
1 26  -3.1543330215629357  -2.343098842041508  2.5558650949869977 
1 27  5.214729360415095  -5.514993468216318  -2.0096022769118536 
1 28  -0.2997915912170037  -7.715455693290727  3.3686207114633824 
1 29  2.264354786320608  -0.09495010774504031  -2.718985242051102 
1 30  0.19638831710721694  -6.387903953357526  1.1001126197346638 
1 31  1.760632736229363  -1.5011083193857404  -0.45521901506261875 
1 32  0.4123906323982667  -7.6908514564418216  -2.1480647273267337 
1 33  1.631537591259099  -0.177354021126078  2.8593444383620774 
1 34  0.18700733312106232  -1.7707639903651131  -3.9935984842264354 
1 35  1.8567356535592885  -6.019487800853543  4.696342838729356 
1 36  -1.5202913653008265  -2.4609706879713995  -2.2002252394693254 
1 37  3.6156501316612037  -5.480193147118635  2.6810503241292176 
2 14  -0.3063229591569594  0.10284604431683375  1.798494458676564 
2 15  2.3587218957073994  1.4724484351750013  -4.9738367633279434 
2 16  0.5442587397634067  0.7534819927705749  -3.0448461870000942 
2 17  1.4927957361299165  0.9515973751143907  -0.13903147418370843 
2 18  -1.2825466295366639  3.2225974486355216  -1.0380890289323812 
2 19  3.3314431054834164  -1.541971444481364  -2.070867169355698 
2 20  2.3427702567956046  -1.190483272111802  -4.7433821369524924 
2 21  -0.314504437490561  2.7324716121693418  1.5092407095221914 
2 22  0.29173613599915216  -0.8160030263091249  -6.211463460529439 
2 23  1.7297627097993198  2.3545496756118776  3.037069528826108 
2 24  -1.3427078363461828  0.49629730258789406  -0.8360855909983442 
2 25  3.406720802266538  1.0219406758058796  -2.366759529146401 
2 26  -3.145801109723739  2.3896786975030886  0.6538083103836865 
2 27  5.223261272254293  -0.7822159286717212  -3.9116590615151647 
2 28  -0.29125967937780706  -2.9826781537461304  1.4665639268600712 
2 29  2.272886698159805  4.637827431799556  -4.621042026654413 
2 30  0.2049202289464136  -1.6551264138129291  -0.8019441648686474 
2 31  1.7691646480685597  3.231669220158856  -2.35727579966593 
2 32  0.42092254423746334  -2.958073916897225  -4.050121511930045 
2 33  1.6400695030982957  4.555423518418518  0.9572876537587662 
2 34  0.19553924496025898  2.9620135491794835  -5.8956552688297466 
2 35  1.8652675653984852  -1.2867102613089472  2.7942860541260446 
2 36  -1.5117594534616299  2.271806851573197  -4.102282024072636 
2 37  3.6241820435004004  -0.7474156075740392  0.7789935395259064 
3 14  -2.3399170442577755  -1.5189967926834838  5.003900185781037 
3 15  0.32512781060658336  -0.14939440182531616  -1.7684310362234705 
3 16  -1.4893353453374094  -0.8683608442297426  0.16055954010437823 
3 17  -0.5407983489708996  -0.6702454618859268  3.066374252920764 
3 18  -3.3161407146374797  1.600754611635204  2.1673166981720913 
3 19  1.2978490203826003  -3.1638142814816814  1.1345385577487743 
3 20  0.3091761716947885  -2.8123261091121194  -1.5379764098480195 
3 21  -2.348098522591377  1.1106287751690243  4.714646436626664 
3 22  -1.741857949101664  -2.4378458633094424  -3.0060577334249663 
3 23  -0.3038313753014963  0.73270683861156  6.2424752559305805 
3 24  -3.376301921446999  -1.1255455344124234  2.3693201361061282 
3 25  1.373126717165722  -0.599902161194438  0.8386461979580715 
3 26  -5.179395194824555  0.7678358605027711  3.859214037488159 
3 27  3.1896671871534763  -2.4040587656720387  -0.7062533344106923 
3 28  -2.324853764478623  -4.6045209907464475  4.671969653964544 
3 29  0.23929261305898875  3.0159845947992387  -1.4156362995499405 
3 30  -1.8286738561544025  -3.276969250813247  2.403461562235825 
3 31  -0.2644294370322564  1.6098263831585387  0.8481299274385425 
3 32  -1.6126715408633527  -4.5799167538975425  -0.8447157848255724 
3 33  -0.3935245820025204  2.933580681418201  4.162693380863239 
3 34  -1.8380548401405572  1.340170712179166  -2.690249541725274 
3 35  -0.16832651970233092  -2.9085530983092647  5.999691781230517 
3 36  -3.5453535385624457  0.6499640145728796  -0.8968762969681641 
3 37  1.5905879583995843  -2.3692584445743567  3.984399266630379 
4 14  1.3613939695765447  -3.199756876030065  1.1567304847330755 
4 15  4.026438824440904  -1.8301544851718976  -5.615600737271432 
4 16  2.211975668496911  -2.549120927576324  -3.686610160943583 
4 17  3.1605126648634205  -2.3510055452325083  -0.780795448127197 
4 18  0.3851702991968402  -0.0800054717113774  -1.6798530028758698 
4 19  4.999160034216921  -4.844574364828263  -2.7126311432991868 
4 20  4.010487185529109  -4.493086192458701  -5.385146110895981 
4 21  1.353212491242943  -0.5701313081775572  0.8674767355787028 
4 22  1.9594530647326562  -4.118605946656023  -6.853227434472927 
4 23  3.3974796385328236  -0.9480532447350214  2.3953055548826194 
4 24  0.32500909238732123  -2.806305617759005  -1.4778495649418328 
4 25  5.074437731000042  -2.2806622445410194  -3.0085235030898896 
4 26  -1.478084180990235  -0.9129242228438104  0.012044336440197867 
4 27  6.890978200987797  -4.08481884901862  -4.553423035458653 
4 28  1.376457249355697  -6.285281074093029  0.8247999529165826 
4 29  3.940603626893309  1.3352245114526573  -5.262806000597902 
4 30  1.8726371576799177  -4.957729334159828  -1.443708138812136 
4 31  3.4368815768020635  -0.07093370018804279  -2.9990397736094185 
4 32  2.0886394729709674  -6.260676837244124  -4.6918854858735335 
4 33  3.3077864318317998  1.2528205980716196  0.3155236798152776 
4 34  1.8632561736937632  -0.3405893711674155  -6.537419242773235 
4 35  3.5329844941319895  -4.589313181655847  2.152522080182556 
4 36  0.1559574752718742  -1.030796068773702  -4.744045998016125 
4 37  5.291898972233905  -4.050018527920939  0.13722956558241783 
5 14  -4.027840558822997  1.7885816618690302  5.647466068325814 
5 15  -1.3627957039586382  3.158184052727198  -1.124865153678693 
5 16  -3.177258859902631  2.439217610322771  0.8041254226491557 
5 17  -2.228721863536121  2.637332992666587  3.7099401354655415 
5 18  -5.004064229202702  4.908333066187718  2.8108825807168687 
5 19  -0.3900744941826213  0.14376417307083256  1.7781044402935517 
5 20  -1.378747342870433  0.49525234544039454  -0.8944105273032421 
5 21  -4.036022037156599  4.4182072297215385  5.358212319171441 
5 22  -3.4297814636668855  0.8697325912430716  -2.362491850880189 
5 23  -1.991754889866718  4.040285293164074  6.886041138475358 
5 24  -5.0642254360122205  2.1820329201400908  3.0128860186509057 
5 25  -0.3147967973994996  2.707676293358076  1.482212080502849 
5 26  -6.867318709389776  4.075414315055285  4.502779920032936 
5 27  1.5017436725882547  0.9035196888804753  -0.06268745186591484 
5 28  -4.012777279043845  -1.2969425361939337  5.315535536509321 
5 29  -1.4486309015062329  6.323563049351753  -0.7720704170051631 
5 30  -3.516597370719624  0.030609203739267343  3.0470274447806025 
5 31  -1.952352951597478  4.917404837711053  1.49169580998332 
5 32  -3.300595055428574  -1.2723382993450285  -0.201149902280795 
5 33  -2.081448096567742  6.241159135970715  4.806259263408016 
5 34  -3.525978354705779  4.64774916673168  -2.0466836591804967 
5 35  -1.8562500342675525  0.3990253562432493  6.6432576637752945 
5 36  -5.233277053127668  3.9575424691253938  -0.25331041442338664 
5 37  -0.09733555616563727  0.9383200099781572  4.627965149175156 
6 14  0.9751646975601849  -3.209061529856747  6.948918264930882 
6 15  3.640209552424544  -1.8394591389985795  0.17658704292637428 
6 16  1.825746396480551  -2.558425581403006  2.1055776192542233 
6 17  2.7742833928470607  -2.36031019905919  5.011392332070609 
6 18  -0.0010589728195196102  -0.08931012553805928  4.112334777321936 
6 19  4.612930762200561  -4.853879018654945  3.0795566368986194 
6 20  3.624257913512749  -4.502390846285383  0.4070416693018253 
6 21  0.9669832192265833  -0.5794359620042391  6.659664515776509 
6 22  1.5732237927162964  -4.127910600482705  -1.0610396542751215 
6 23  3.011250366516464  -0.9573578985617033  8.187493335080426 
6 24  -0.061220179629038585  -2.8156102715856868  4.314338215255973 
6 25  4.6882084589836825  -2.2899668983677013  2.783664277107916 
6 26  -1.8643134530065948  -0.9222288766704922  5.804232116638004 
6 27  6.504748928971437  -4.094123502845302  1.2387647447391525 
6 28  0.9902279773393372  -6.294585727919711  6.616987733114389 
6 29  3.5543743548769493  1.3259198576259754  0.5293817795999043 
6 30  1.4864078856635579  -4.96703398798651  4.34847964138567 
6 31  3.0506523047857037  -0.08023835401472468  2.793148006588387 
6 32  1.7024102009546076  -6.269981491070806  1.1003022943242724 
6 33  2.92155715981544  1.2435159442449377  6.107711460013084 
6 34  1.4770269016774034  -0.3498940249940974  -0.7452314625754295 
6 35  3.1467552221156296  -4.5986178354825284  7.944709860380362 
6 36  -0.2302717967444856  -1.0401007226003838  1.0481417821816807 
6 37  4.905669700217545  -4.0593231817476205  5.929417345780224 
7 14  -3.6479925436805627  1.7818363183879198  -0.14216110491226353 
7 15  -0.9829476888162039  3.1514387092460874  -6.91449232691677 
7 16  -2.7974108447601966  2.432472266841661  -4.985501750588922 
7 17  -1.8488738483936868  2.6305876491854767  -2.079687037772536 
7 18  -4.624216214060267  4.901587722706608  -2.978744592521209 
7 19  -0.01022647904018692  0.1370188295897221  -4.011522732944526 
7 20  -0.9988993277279987  0.4885070019592841  -6.684037700541319 
7 21  -3.6561740220141643  4.411461886240428  -0.43141485406663627 
7 22  -3.049933448524451  0.8629872477619611  -8.152119024118267 
7 23  -1.6119068747242835  4.033539949682964  1.0964139652372804 
7 24  -4.684377420869787  2.17528757665898  -2.776741154587172 
7 25  0.06505121774293476  2.7009309498769656  -4.307415092735228 
7 26  -6.487470694247342  4.068668971574175  -1.2868472532051412 
7 27  1.881591687730689  0.8967743453993648  -5.852314625103992 
7 28  -3.6329292639014104  -1.3036878796750442  -0.4740916367287564 
7 29  -1.0687828863637985  6.316817705870642  -6.561697590243241 
7 30  -3.13674935557719  0.0238638602581569  -2.742599728457475 
7 31  -1.5725049364550436  4.910659494229942  -4.297931363254758 
7 32  -2.92074704028614  -1.279083642826139  -5.9907770755188725 
7 33  -1.7016000814253076  6.234413792489605  -0.9833679098300614 
7 34  -3.1461303395633444  4.6410038232505695  -7.836310832418574 
7 35  -1.4764020191251181  0.39228001276213886  0.853630490537217 
7 36  -4.853429037985233  3.950797125644283  -6.042937587661465 
7 37  0.2825124589767971  0.9315746664970468  -1.1616620240629212 
8 14  1.0845052831130901  -1.1849753511606842  4.406140716626934 
8 15  3.749550137977449  0.1846270396974834  -2.3661905053775727 
8 16  1.9350869820334562  -0.534339402706943  -0.43719992904972393 
8 17  2.883623978399966  -0.33622402036312726  2.468614783766662 
8 18  0.10828161273338566  1.9347760531580036  1.569557229017989 
8 19  4.722271347753466  -2.829792839958882  0.5367790885946722 
8 20  3.7335984990656543  -2.47830466758932  -2.1357358790021217 
8 21  1.0763238047794885  1.4446502166918238  4.116886967472562 
8 22  1.6825643782692017  -2.103824421786643  -3.6038172025790685 
8 23  3.120590952069369  1.0667282801343596  5.644715786776478 
8 24  0.04812040592386668  -0.7915240928896239  1.771560666952026 
8 25  4.797549044536588  -0.2658807196716384  0.24088672880396933 
8 26  -1.7549728674536895  1.1018573020255706  3.261454568334057 
8 27  6.614089514524342  -2.070037324149239  -1.3040128035647944 
8 28  1.0995685628922425  -4.270499549223648  4.0742101848104415 
8 29  3.6637149404298546  3.3500060363220383  -2.0133957687040427 
8 30  1.5957484712164631  -2.9429478092904473  1.805702093081723 
8 31  3.159992890338609  1.9438478246813382  0.2503704582844404 
8 32  1.8117507865075129  -4.245895312374743  -1.4424752539796746 
8 33  3.030897745368345  3.2676021229410006  3.5649339117091365 
8 34  1.5863674872303086  1.6741921537019655  -3.2880090108793762 
8 35  3.256095807668535  -2.574531656786465  5.401932312076415 
8 36  -0.12093121119158035  0.9839854560956791  -1.4946357661222662 
8 37  5.01501028577045  -2.035237003051557  3.3866397974762767 
9 14  -3.7169308710171665  -0.22491528063819421  2.395684904061837 
9 15  -1.0518860161528076  1.1446871102199734  -4.3766463179426704 
9 16  -2.8663491720968004  0.42572066781554696  -2.4476557416148212 
9 17  -1.9178121757302906  0.6238360501593627  0.45815897120156457 
9 18  -4.693154541396871  2.8948361236804936  -0.4408985835471082 
9 19  -0.07916480637679069  -1.8697327694363919  -1.4736767239704252 
9 20  -1.0678376550646025  -1.51824459706683  -4.1461916915672195 
9 21  -3.725112349350768  2.404710287214314  2.1064311549074644 
9 22  -3.118871775861055  -1.1437643512641529  -5.614273015144166 
9 23  -1.6808452020608873  2.0267883506568496  3.634259974211381 
9 24  -4.75331574820639  0.1685359776328661  -0.23889514561307124 
9 25  -0.0038871095936690025  0.6941793508508516  -1.769569083761128 
9 26  -6.556409021583946  2.0619173725480606  1.2509987557689595 
9 27  1.8126533603940853  -1.1099772536267491  -3.3144686161298917 
9 28  -3.701867591238014  -3.3104394787011584  2.063754372245344 
9 29  -1.1377212137004022  4.310066106844529  -4.02385158126914 
9 30  -3.2056876829137932  -1.982887738767957  -0.2047537194833744 
9 31  -1.6414432637916474  2.903907895203828  -1.760085354280657 
9 32  -2.9896853676227435  -3.285835241852253  -3.452931066544772 
9 33  -1.7705384087619114  4.227662193463491  1.5544780991440392 
9 34  -3.215068666899948  2.6342522242244555  -5.298464823444474 
9 35  -1.545340346461722  -1.6144715862639751  3.3914764995113176 
9 36  -4.922367365321837  1.944045526618169  -3.5050915786873635 
9 37  0.21357413164019334  -1.0751769325290672  1.3761839849111794 
10 14  -0.19494715804375895  1.2662897439757261  -1.1825262289199578 
10 15  2.4700976968206  2.6358921348338935  -7.9548574509244645 
10 16  0.6556345408766071  1.9169256924294673  -6.025866874596616 
10 17  1.604171537243117  2.1150410747732833  -3.1200521617802304 
10 18  -1.1711708284234634  4.386041148294414  -4.019109716528903 
10 19  3.442818906596617  -0.37852774482247153  -5.05188785695222 
10 20  2.454146057908805  -0.027039572452909555  -7.7244028245490135 
10 21  -0.20312863637736056  3.895915311828234  -1.4717799780743306 
10 22  0.4031119371123526  0.34744067334976747  -9.192484148125962 
10 23  1.8411385109125202  3.5179933752707697  0.05604884122958609 
10 24  -1.2313320352329824  1.6597410022467864  -3.817106278594866 
10 25  3.5180966033797385  2.185384375464772  -5.3477802167429225 
10 26  -3.0344253086105386  3.5531223971619808  -2.3272123772128355 
10 27  5.334637073367492  0.3812277709871712  -6.892679749111687 
10 28  -0.1798838782646066  -1.8192344540872378  -1.5144567607364507 
10 29  2.3842624992730053  5.801271131458448  -7.602062714250935 
10 30  0.31629603005961404  -0.49168271415403675  -3.7829648524651693 
10 31  1.88054044918176  4.395112919817748  -5.338296487262452 
10 32  0.5322983453506638  -1.7946302172383326  -7.031142199526567 
10 33  1.7514453042114961  5.718867218077411  -2.0237330338377557 
10 34  0.30691504607345943  4.125457248838376  -8.876675956426268 
10 35  1.9766433665116856  -0.12326656165005478  -0.18673463347047736 
10 36  -1.4003836523484294  3.4352505512320892  -7.083302711669159 
10 37  3.735557844613601  0.41602809208485314  -2.2020271480706155 
11 14  -2.4437741163099753  -2.675758776675452  7.988524690580138 
11 15  0.2212707385543835  -1.3061563858172844  1.2161934685756308 
11 16  -1.5931924173896093  -2.025122828221711  3.1451840449034796 
11 17  -0.6446554210230995  -1.827007445877895  6.050998757719865 
11 18  -3.41999778668968  0.44399262764323577  5.151941202971193 
11 19  1.1939919483304005  -4.320576265473649  4.119163062547876 
11 20  0.20531909964258865  -3.9690880931040877  1.4466480949510818 
11 21  -2.451955594643577  -0.04613320882294403  7.699270941425765 
11 22  -1.8457150211538638  -3.5946078473014107  -0.021433228625864997 
11 23  -0.40768844735369614  -0.4240551453804082  9.227099760729683 
11 24  -3.4801589934991988  -2.2823075184043917  5.35394464090523 
11 25  1.2692696451135221  -1.7566641451864062  3.823270702757173 
11 26  -5.2832522668767545  -0.3889261234891972  6.84383854228726 
11 27  3.0858101151012765  -3.560820749664007  2.278371170388409 
11 28  -2.428710836530823  -5.761282974738416  7.656594158763645 
11 29  0.1354355410067889  1.8592226108072705  1.5689882052491608 
11 30  -1.9325309282066023  -4.433731234805215  5.388086067034926 
11 31  -0.36828650908445626  0.4530643991665704  3.832754432237644 
11 32  -1.7165286129155526  -5.736678737889511  2.139908719973529 
11 33  -0.49738165405472023  1.7768186974262328  7.14731788566234 
11 34  -1.941911912192757  0.18340872818719767  0.29437496307382705 
11 35  -0.2721835917545308  -4.0653150823012325  8.98431628602962 
11 36  -3.649210610614646  -0.5067979694190887  2.0877482078309373 
11 37  1.4867308863473845  -3.526020428566325  6.96902377142948 
12 14  -1.9991883166392501  -2.675307338600218  0.594819513015155 
12 15  0.6658565382251087  -1.3057049477420506  -6.177511708989352 
12 16  -1.148606617718884  -2.024671390146477  -4.248521132661503 
12 17  -0.20006962135237427  -1.8265560078026613  -1.3427064198451175 
12 18  -2.975411987018955  0.4444440657184696  -2.2417639745937903 
12 19  1.6385777480011257  -4.320124827398416  -3.2745421150171072 
12 20  0.6499048993133139  -3.968636655028854  -5.947057082613901 
12 21  -2.0073697949728517  -0.04568177074771018  0.30556576386078227 
12 22  -1.4011292214831386  -3.594156409226177  -7.415138406190848 
12 23  0.036897352317029064  -0.4236037073051744  1.833394583164699 
12 24  -3.0355731938284736  -2.281856080329158  -2.0397605366597533 
12 25  1.7138554447842473  -1.7562127071111724  -3.57043447480781 
12 26  -4.83866646720603  -0.38847468541396335  -0.5498666352777226 
12 27  3.5303959147720017  -3.560369311588773  -5.115334007176574 
12 28  -1.9841250368600978  -5.760831536663182  0.2628889811986621 
12 29  0.5800213406775141  1.8596740488825043  -5.824716972315822 
12 30  -1.4879451285358771  -4.433279796729981  -2.0056191105300565 
12 31  0.07629929058626894  0.4535158372418042  -3.560950745327339 
12 32  -1.2719428132448274  -5.736227299814277  -5.253796457591454 
12 33  -0.05279585438399503  1.7772701355014666  -0.24638729190264286 
12 34  -1.4973261125220318  0.1838601662624315  -7.099330214491156 
12 35  0.17240220791619443  -4.0648636442259996  1.5906111084646355 
12 36  -3.204624810943921  -0.5063465313438549  -5.305956969734046 
12 37  1.9313166860181097  -3.525568990491091  -0.42468140613550265 
13 14  -0.6526050624135309  1.2522144631387044  6.2053938736619365 
13 15  2.012439792450828  2.6218168539968723  -0.5669373483425701 
13 16  0.19797663650683517  1.9028504115924456  1.3620532279852786 
13 17  1.146513632873345  2.100965793936261  4.267867940801665 
13 18  -1.6288287327932354  4.3719658674573925  3.3688103860529917 
13 19  2.985161002226845  -0.39260302565949323  2.3360322456296747 
13 20  1.996488153539033  -0.04111485328993125  -0.33648272196711915 
13 21  -0.6607865407471325  3.8818400309912127  5.916140124507564 
13 22  -0.05454596725741934  0.3333653925127458  -1.804564045544066 
13 23  1.3834806065427483  3.5039180944337485  7.44396894381148 
13 24  -1.6889899396027543  1.6456657214097647  3.5708138239870286 
13 25  3.060438699009967  2.17130909462775  2.040139885838972 
13 26  -3.4920832129803108  3.5390471163249595  5.06070772536906 
13 27  4.876979168997721  0.3671524901501495  0.4952403534702081 
13 28  -0.6375417826343786  -1.8333097349242595  5.873463341845444 
13 29  1.9266045949032333  5.787195850621427  -0.21414261166904014 
13 30  -0.1413618743101579  -0.5057579949910584  3.6049552501167255 
13 31  1.4228825448119882  4.381037638980727  2.049623615319443 
13 32  0.07464044098089184  -1.8087054980753543  0.35677790305532797 
13 33  1.2937873998417242  5.7047919372403895  5.364187068744139 
13 34  -0.1507428582963125  4.111381968001354  -1.488755853844374 
13 35  1.5189854621419137  -0.13734184248707648  7.201185469111417 
13 36  -1.8580415567182014  3.421175270395068  0.3046173909127363 
13 37  3.277899940243829  0.40195281124783144  5.18589295451128 
14 0  5.304967704736593  -3.1261896396110824  -2.89443423743982 
14 1  0.31485487099615606  4.629931495227763  -3.7005512432798753 
14 2  0.3063229591569594  -0.10284604431683375  -1.798494458676564 
14 3  2.3399170442577755  1.5189967926834838  -5.003900185781037 
14 4  -1.3613939695765447  3.199756876030065  -1.1567304847330755 
14 5  4.027840558822997  -1.7885816618690302  -5.647466068325814 
14 6  -0.9751646975601849  3.209061529856747  -6.948918264930882 
14 7  3.6479925436805627  -1.7818363183879198  0.14216110491226353 
14 8  -1.0845052831130901  1.1849753511606842  -4.406140716626934 
14 9  3.7169308710171665  0.22491528063819421  -2.395684904061837 
14 10  0.19494715804375895  -1.2662897439757261  1.1825262289199578 
14 11  2.4437741163099753  2.675758776675452  -7.988524690580138 
14 12  1.9991883166392501  2.675307338600218  -0.594819513015155 
14 13  0.6526050624135309  -1.2522144631387044  -6.2053938736619365 
15 0  2.6399228498722342  -4.49579203046925  3.877896984564687 
15 1  -2.3501899838682028  3.260329104369595  3.071779978724632 
15 2  -2.3587218957073994  -1.4724484351750013  4.9738367633279434 
15 3  -0.32512781060658336  0.14939440182531616  1.7684310362234705 
15 4  -4.026438824440904  1.8301544851718976  5.615600737271432 
15 5  1.3627957039586382  -3.158184052727198  1.124865153678693 
15 6  -3.640209552424544  1.8394591389985795  -0.17658704292637428 
15 7  0.9829476888162039  -3.1514387092460874  6.91449232691677 
15 8  -3.749550137977449  -0.1846270396974834  2.3661905053775727 
15 9  1.0518860161528076  -1.1446871102199734  4.3766463179426704 
15 10  -2.4700976968206  -2.6358921348338935  7.9548574509244645 
15 11  -0.2212707385543835  1.3061563858172844  -1.2161934685756308 
15 12  -0.6658565382251087  1.3057049477420506  6.177511708989352 
15 13  -2.012439792450828  -2.6218168539968723  0.5669373483425701 
16 0  4.454386005816227  -3.7768255880648236  1.9489064082368381 
16 1  -0.53572682792421  3.9792955467740216  1.142789402396783 
16 2  -0.5442587397634067  -0.7534819927705749  3.0448461870000942 
16 3  1.4893353453374094  0.8683608442297426  -0.16055954010437823 
16 4  -2.211975668496911  2.549120927576324  3.686610160943583 
16 5  3.177258859902631  -2.439217610322771  -0.8041254226491557 
16 6  -1.825746396480551  2.558425581403006  -2.1055776192542233 
16 7  2.7974108447601966  -2.432472266841661  4.985501750588922 
16 8  -1.9350869820334562  0.534339402706943  0.43719992904972393 
16 9  2.8663491720968004  -0.42572066781554696  2.4476557416148212 
16 10  -0.6556345408766071  -1.9169256924294673  6.025866874596616 
16 11  1.5931924173896093  2.025122828221711  -3.1451840449034796 
16 12  1.148606617718884  2.024671390146477  4.248521132661503 
16 13  -0.19797663650683517  -1.9028504115924456  -1.3620532279852786 
17 0  3.505849009449717  -3.9749409704086394  -0.9569083045795477 
17 1  -1.4842638242907198  3.781180164430206  -1.7630253104196028 
17 2  -1.4927957361299165  -0.9515973751143907  0.13903147418370843 
17 3  0.5407983489708996  0.6702454618859268  -3.066374252920764 
17 4  -3.1605126648634205  2.3510055452325083  0.780795448127197 
17 5  2.228721863536121  -2.637332992666587  -3.7099401354655415 
17 6  -2.7742833928470607  2.36031019905919  -5.011392332070609 
17 7  1.8488738483936868  -2.6305876491854767  2.079687037772536 
17 8  -2.883623978399966  0.33622402036312726  -2.468614783766662 
17 9  1.9178121757302906  -0.6238360501593627  -0.45815897120156457 
17 10  -1.604171537243117  -2.1150410747732833  3.1200521617802304 
17 11  0.6446554210230995  1.827007445877895  -6.050998757719865 
17 12  0.20006962135237427  1.8265560078026613  1.3427064198451175 
17 13  -1.146513632873345  -2.100965793936261  -4.267867940801665 
18 0  6.281191375116298  -6.24594104392977  -0.057850749830874904 
18 1  1.2910785413758605  1.510180090909075  -0.86396775567093 
18 2  1.2825466295366639  -3.2225974486355216  1.0380890289323812 
18 3  3.3161407146374797  -1.600754611635204  -2.1673166981720913 
18 4  -0.3851702991968402  0.0800054717113774  1.6798530028758698 
18 5  5.004064229202702  -4.908333066187718  -2.8108825807168687 
18 6  0.0010589728195196102  0.08931012553805928  -4.112334777321936 
18 7  4.624216214060267  -4.901587722706608  2.978744592521209 
18 8  -0.10828161273338566  -1.9347760531580036  -1.569557229017989 
18 9  4.693154541396871  -2.8948361236804936  0.4408985835471082 
18 10  1.1711708284234634  -4.386041148294414  4.019109716528903 
18 11  3.41999778668968  -0.44399262764323577  -5.151941202971193 
18 12  2.975411987018955  -0.4444440657184696  2.2417639745937903 
18 13  1.6288287327932354  -4.3719658674573925  -3.3688103860529917 
19 0  1.6672016400962173  -1.4813721508128848  0.974927390592442 
19 1  -3.3229111936442197  6.27474898402596  0.16881038475238697 
19 2  -3.3314431054834164  1.541971444481364  2.070867169355698 
19 3  -1.2978490203826003  3.1638142814816814  -1.1345385577487743 
19 4  -4.999160034216921  4.844574364828263  2.7126311432991868 
19 5  0.3900744941826213  -0.14376417307083256  -1.7781044402935517 
19 6  -4.612930762200561  4.853879018654945  -3.0795566368986194 
19 7  0.01022647904018692  -0.1370188295897221  4.011522732944526 
19 8  -4.722271347753466  2.829792839958882  -0.5367790885946722 
19 9  0.07916480637679069  1.8697327694363919  1.4736767239704252 
19 10  -3.442818906596617  0.37852774482247153  5.05188785695222 
19 11  -1.1939919483304005  4.320576265473649  -4.119163062547876 
19 12  -1.6385777480011257  4.320124827398416  3.2745421150171072 
19 13  -2.985161002226845  0.39260302565949323  -2.3360322456296747 
20 0  2.655874488784029  -1.8328603231824467  3.647442358189236 
20 1  -2.334238344956408  5.923260811656398  2.841325352349181 
20 2  -2.3427702567956046  1.190483272111802  4.7433821369524924 
20 3  -0.3091761716947885  2.8123261091121194  1.5379764098480195 
20 4  -4.010487185529109  4.493086192458701  5.385146110895981 
20 5  1.378747342870433  -0.49525234544039454  0.8944105273032421 
20 6  -3.624257913512749  4.502390846285383  -0.4070416693018253 
20 7  0.9988993277279987  -0.4885070019592841  6.684037700541319 
20 8  -3.7335984990656543  2.47830466758932  2.1357358790021217 
20 9  1.0678376550646025  1.51824459706683  4.1461916915672195 
20 10  -2.454146057908805  0.027039572452909555  7.7244028245490135 
20 11  -0.20531909964258865  3.9690880931040877  -1.4466480949510818 
20 12  -0.6499048993133139  3.968636655028854  5.947057082613901 
20 13  -1.996488153539033  0.04111485328993125  0.33648272196711915 
21 0  5.313149183070195  -5.75581520746359  -2.6051804882854475 
21 1  0.32303634932975767  2.000305927375255  -3.4112974941255025 
21 2  0.314504437490561  -2.7324716121693418  -1.5092407095221914 
21 3  2.348098522591377  -1.1106287751690243  -4.714646436626664 
21 4  -1.353212491242943  0.5701313081775572  -0.8674767355787028 
21 5  4.036022037156599  -4.4182072297215385  -5.358212319171441 
21 6  -0.9669832192265833  0.5794359620042391  -6.659664515776509 
21 7  3.6561740220141643  -4.411461886240428  0.43141485406663627 
21 8  -1.0763238047794885  -1.4446502166918238  -4.116886967472562 
21 9  3.725112349350768  -2.404710287214314  -2.1064311549074644 
21 10  0.20312863637736056  -3.895915311828234  1.4717799780743306 
21 11  2.451955594643577  0.04613320882294403  -7.699270941425765 
21 12  2.0073697949728517  0.04568177074771018  -0.30556576386078227 
21 13  0.6607865407471325  -3.8818400309912127  -5.916140124507564 
22 0  4.7069086095804815  -2.2073405689851238  5.115523681766183 
22 1  -0.2832042241599555  5.548780565853722  4.309406675926128 
22 2  -0.29173613599915216  0.8160030263091249  6.211463460529439 
22 3  1.741857949101664  2.4378458633094424  3.0060577334249663 
22 4  -1.9594530647326562  4.118605946656023  6.853227434472927 
22 5  3.4297814636668855  -0.8697325912430716  2.362491850880189 
22 6  -1.5732237927162964  4.127910600482705  1.0610396542751215 
22 7  3.049933448524451  -0.8629872477619611  8.152119024118267 
22 8  -1.6825643782692017  2.103824421786643  3.6038172025790685 
22 9  3.118871775861055  1.1437643512641529  5.614273015144166 
22 10  -0.4031119371123526  -0.34744067334976747  9.192484148125962 
22 11  1.8457150211538638  3.5946078473014107  0.021433228625864997 
22 12  1.4011292214831386  3.594156409226177  7.415138406190848 
22 13  0.05454596725741934  -0.3333653925127458  1.804564045544066 
23 0  3.268882035780314  -5.377893270906126  -4.133009307589364 
23 1  -1.7212307979601231  2.378227863932719  -4.939126313429419 
23 2  -1.7297627097993198  -2.3545496756118776  -3.037069528826108 
23 3  0.3038313753014963  -0.73270683861156  -6.2424752559305805 
23 4  -3.3974796385328236  0.9480532447350214  -2.3953055548826194 
23 5  1.991754889866718  -4.040285293164074  -6.886041138475358 
23 6  -3.011250366516464  0.9573578985617033  -8.187493335080426 
23 7  1.6119068747242835  -4.033539949682964  -1.0964139652372804 
23 8  -3.120590952069369  -1.0667282801343596  -5.644715786776478 
23 9  1.6808452020608873  -2.0267883506568496  -3.634259974211381 
23 10  -1.8411385109125202  -3.5179933752707697  -0.05604884122958609 
23 11  0.40768844735369614  0.4240551453804082  -9.227099760729683 
23 12  -0.036897352317029064  0.4236037073051744  -1.833394583164699 
23 13  -1.3834806065427483  -3.5039180944337485  -7.44396894381148 
24 0  6.3413525819258165  -3.5196408978821427  -0.25985418776491187 
24 1  1.3512397481853795  4.2364802369567025  -1.065971193604967 
24 2  1.3427078363461828  -0.49629730258789406  0.8360855909983442 
24 3  3.376301921446999  1.1255455344124234  -2.3693201361061282 
24 4  -0.32500909238732123  2.806305617759005  1.4778495649418328 
24 5  5.0642254360122205  -2.1820329201400908  -3.0128860186509057 
24 6  0.061220179629038585  2.8156102715856868  -4.314338215255973 
24 7  4.684377420869787  -2.17528757665898  2.776741154587172 
24 8  -0.04812040592386668  0.7915240928896239  -1.771560666952026 
24 9  4.75331574820639  -0.1685359776328661  0.23889514561307124 
24 10  1.2313320352329824  -1.6597410022467864  3.817106278594866 
24 11  3.4801589934991988  2.2823075184043917  -5.35394464090523 
24 12  3.0355731938284736  2.281856080329158  2.0397605366597533 
24 13  1.6889899396027543  -1.6456657214097647  -3.5708138239870286 
25 0  1.5919239433130956  -4.045284271100129  1.2708197503831449 
25 1  -3.3981888904273414  3.710836863738717  0.4647027445430898 
25 2  -3.406720802266538  -1.0219406758058796  2.366759529146401 
25 3  -1.373126717165722  0.599902161194438  -0.8386461979580715 
25 4  -5.074437731000042  2.2806622445410194  3.0085235030898896 
25 5  0.3147967973994996  -2.707676293358076  -1.482212080502849 
25 6  -4.6882084589836825  2.2899668983677013  -2.783664277107916 
25 7  -0.06505121774293476  -2.7009309498769656  4.307415092735228 
25 8  -4.797549044536588  0.2658807196716384  -0.24088672880396933 
25 9  0.0038871095936690025  -0.6941793508508516  1.769569083761128 
25 10  -3.5180966033797385  -2.185384375464772  5.3477802167429225 
25 11  -1.2692696451135221  1.7566641451864062  -3.823270702757173 
25 12  -1.7138554447842473  1.7562127071111724  3.57043447480781 
25 13  -3.060438699009967  -2.17130909462775  -2.040139885838972 
26 0  8.144445855303372  -5.413022292797337  -1.7497480891469426 
26 1  3.1543330215629357  2.343098842041508  -2.5558650949869977 
26 2  3.145801109723739  -2.3896786975030886  -0.6538083103836865 
26 3  5.179395194824555  -0.7678358605027711  -3.859214037488159 
26 4  1.478084180990235  0.9129242228438104  -0.012044336440197867 
26 5  6.867318709389776  -4.075414315055285  -4.502779920032936 
26 6  1.8643134530065948  0.9222288766704922  -5.804232116638004 
26 7  6.487470694247342  -4.068668971574175  1.2868472532051412 
26 8  1.7549728674536895  -1.1018573020255706  -3.261454568334057 
26 9  6.556409021583946  -2.0619173725480606  -1.2509987557689595 
26 10  3.0344253086105386  -3.5531223971619808  2.3272123772128355 
26 11  5.2832522668767545  0.3889261234891972  -6.84383854228726 
26 12  4.83866646720603  0.38847468541396335  0.5498666352777226 
26 13  3.4920832129803108  -3.5390471163249595  -5.06070772536906 
27 0  -0.2246165266746587  -2.2411276666225275  2.8157192827519086 
27 1  -5.214729360415095  5.514993468216318  2.0096022769118536 
27 2  -5.223261272254293  0.7822159286717212  3.9116590615151647 
27 3  -3.1896671871534763  2.4040587656720387  0.7062533344106923 
27 4  -6.890978200987797  4.08481884901862  4.553423035458653 
27 5  -1.5017436725882547  -0.9035196888804753  0.06268745186591484 
27 6  -6.504748928971437  4.094123502845302  -1.2387647447391525 
27 7  -1.881591687730689  -0.8967743453993648  5.852314625103992 
27 8  -6.614089514524342  2.070037324149239  1.3040128035647944 
27 9  -1.8126533603940853  1.1099772536267491  3.3144686161298917 
27 10  -5.334637073367492  -0.3812277709871712  6.892679749111687 
27 11  -3.0858101151012765  3.560820749664007  -2.278371170388409 
27 12  -3.5303959147720017  3.560369311588773  5.115334007176574 
27 13  -4.876979168997721  -0.3671524901501495  -0.4952403534702081 
28 0  5.289904424957441  -0.04066544154811852  -2.5625037056233273 
28 1  0.2997915912170037  7.715455693290727  -3.3686207114633824 
28 2  0.29125967937780706  2.9826781537461304  -1.4665639268600712 
28 3  2.324853764478623  4.6045209907464475  -4.671969653964544 
28 4  -1.376457249355697  6.285281074093029  -0.8247999529165826 
28 5  4.012777279043845  1.2969425361939337  -5.315535536509321 
28 6  -0.9902279773393372  6.294585727919711  -6.616987733114389 
28 7  3.6329292639014104  1.3036878796750442  0.4740916367287564 
28 8  -1.0995685628922425  4.270499549223648  -4.0742101848104415 
28 9  3.701867591238014  3.3104394787011584  -2.063754372245344 
28 10  0.1798838782646066  1.8192344540872378  1.5144567607364507 
28 11  2.428710836530823  5.761282974738416  -7.656594158763645 
28 12  1.9841250368600978  5.760831536663182  -0.2628889811986621 
28 13  0.6375417826343786  1.8333097349242595  -5.873463341845444 
29 0  2.725758047419829  -7.661171027093805  3.525102247891157 
29 1  -2.264354786320608  0.09495010774504031  2.718985242051102 
29 2  -2.272886698159805  -4.637827431799556  4.621042026654413 
29 3  -0.23929261305898875  -3.0159845947992387  1.4156362995499405 
29 4  -3.940603626893309  -1.3352245114526573  5.262806000597902 
29 5  1.4486309015062329  -6.323563049351753  0.7720704170051631 
29 6  -3.5543743548769493  -1.3259198576259754  -0.5293817795999043 
29 7  1.0687828863637985  -6.316817705870642  6.561697590243241 
29 8  -3.6637149404298546  -3.3500060363220383  2.0133957687040427 
29 9  1.1377212137004022  -4.310066106844529  4.02385158126914 
29 10  -2.3842624992730053  -5.801271131458448  7.602062714250935 
29 11  -0.1354355410067889  -1.8592226108072705  -1.5689882052491608 
29 12  -0.5800213406775141  -1.8596740488825043  5.824716972315822 
29 13  -1.9266045949032333  -5.787195850621427  0.21414261166904014 
30 0  4.79372451663322  -1.3682171814813198  -0.2939956138946087 
30 1  -0.19638831710721694  6.387903953357526  -1.1001126197346638 
30 2  -0.2049202289464136  1.6551264138129291  0.8019441648686474 
30 3  1.8286738561544025  3.276969250813247  -2.403461562235825 
30 4  -1.8726371576799177  4.957729334159828  1.443708138812136 
30 5  3.516597370719624  -0.030609203739267343  -3.0470274447806025 
30 6  -1.4864078856635579  4.96703398798651  -4.34847964138567 
30 7  3.13674935557719  -0.0238638602581569  2.742599728457475 
30 8  -1.5957484712164631  2.9429478092904473  -1.805702093081723 
30 9  3.2056876829137932  1.982887738767957  0.2047537194833744 
30 10  -0.31629603005961404  0.49168271415403675  3.7829648524651693 
30 11  1.9325309282066023  4.433731234805215  -5.388086067034926 
30 12  1.4879451285358771  4.433279796729981  2.0056191105300565 
30 13  0.1413618743101579  0.5057579949910584  -3.6049552501167255 
31 0  3.229480097511074  -6.255012815453105  1.2613360209026738 
31 1  -1.760632736229363  1.5011083193857404  0.45521901506261875 
31 2  -1.7691646480685597  -3.231669220158856  2.35727579966593 
31 3  0.2644294370322564  -1.6098263831585387  -0.8481299274385425 
31 4  -3.4368815768020635  0.07093370018804279  2.9990397736094185 
31 5  1.952352951597478  -4.917404837711053  -1.49169580998332 
31 6  -3.0506523047857037  0.08023835401472468  -2.793148006588387 
31 7  1.5725049364550436  -4.910659494229942  4.297931363254758 
31 8  -3.159992890338609  -1.9438478246813382  -0.2503704582844404 
31 9  1.6414432637916474  -2.903907895203828  1.760085354280657 
31 10  -1.88054044918176  -4.395112919817748  5.338296487262452 
31 11  0.36828650908445626  -0.4530643991665704  -3.832754432237644 
31 12  -0.07629929058626894  -0.4535158372418042  3.560950745327339 
31 13  -1.4228825448119882  -4.381037638980727  -2.049623615319443 
32 0  4.57772220134217  -0.0652696783970239  2.954181733166789 
32 1  -0.4123906323982667  7.6908514564418216  2.1480647273267337 
32 2  -0.42092254423746334  2.958073916897225  4.050121511930045 
32 3  1.6126715408633527  4.5799167538975425  0.8447157848255724 
32 4  -2.0886394729709674  6.260676837244124  4.6918854858735335 
32 5  3.300595055428574  1.2723382993450285  0.201149902280795 
32 6  -1.7024102009546076  6.269981491070806  -1.1003022943242724 
32 7  2.92074704028614  1.279083642826139  5.9907770755188725 
32 8  -1.8117507865075129  4.245895312374743  1.4424752539796746 
32 9  2.9896853676227435  3.285835241852253  3.452931066544772 
32 10  -0.5322983453506638  1.7946302172383326  7.031142199526567 
32 11  1.7165286129155526  5.736678737889511  -2.139908719973529 
32 12  1.2719428132448274  5.736227299814277  5.253796457591454 
32 13  -0.07464044098089184  1.8087054980753543  -0.35677790305532797 
33 0  3.358575242481338  -7.578767113712767  -2.0532274325220223 
33 1  -1.631537591259099  0.177354021126078  -2.8593444383620774 
33 2  -1.6400695030982957  -4.555423518418518  -0.9572876537587662 
33 3  0.3935245820025204  -2.933580681418201  -4.162693380863239 
33 4  -3.3077864318317998  -1.2528205980716196  -0.3155236798152776 
33 5  2.081448096567742  -6.241159135970715  -4.806259263408016 
33 6  -2.92155715981544  -1.2435159442449377  -6.107711460013084 
33 7  1.7016000814253076  -6.234413792489605  0.9833679098300614 
33 8  -3.030897745368345  -3.2676021229410006  -3.5649339117091365 
33 9  1.7705384087619114  -4.227662193463491  -1.5544780991440392 
33 10  -1.7514453042114961  -5.718867218077411  2.0237330338377557 
33 11  0.49738165405472023  -1.7768186974262328  -7.14731788566234 
33 12  0.05279585438399503  -1.7772701355014666  0.24638729190264286 
33 13  -1.2937873998417242  -5.7047919372403895  -5.364187068744139 
34 0  4.803105500619375  -5.985357144473732  4.7997154900664905 
34 1  -0.18700733312106232  1.7707639903651131  3.9935984842264354 
34 2  -0.19553924496025898  -2.9620135491794835  5.8956552688297466 
34 3  1.8380548401405572  -1.340170712179166  2.690249541725274 
34 4  -1.8632561736937632  0.3405893711674155  6.537419242773235 
34 5  3.525978354705779  -4.64774916673168  2.0466836591804967 
34 6  -1.4770269016774034  0.3498940249940974  0.7452314625754295 
34 7  3.1461303395633444  -4.6410038232505695  7.836310832418574 
34 8  -1.5863674872303086  -1.6741921537019655  3.2880090108793762 
34 9  3.215068666899948  -2.6342522242244555  5.298464823444474 
34 10  -0.30691504607345943  -4.125457248838376  8.876675956426268 
34 11  1.941911912192757  -0.18340872818719767  -0.29437496307382705 
34 12  1.4973261125220318  -0.1838601662624315  7.099330214491156 
34 13  0.1507428582963125  -4.111381968001354  1.488755853844374 
35 0  3.1333771801811485  -1.7366333339853015  -3.8902258328893007 
35 1  -1.8567356535592885  6.019487800853543  -4.696342838729356 
35 2  -1.8652675653984852  1.2867102613089472  -2.7942860541260446 
35 3  0.16832651970233092  2.9085530983092647  -5.999691781230517 
35 4  -3.5329844941319895  4.589313181655847  -2.152522080182556 
35 5  1.8562500342675525  -0.3990253562432493  -6.6432576637752945 
35 6  -3.1467552221156296  4.5986178354825284  -7.944709860380362 
35 7  1.4764020191251181  -0.39228001276213886  -0.853630490537217 
35 8  -3.256095807668535  2.574531656786465  -5.401932312076415 
35 9  1.545340346461722  1.6144715862639751  -3.3914764995113176 
35 10  -1.9766433665116856  0.12326656165005478  0.18673463347047736 
35 11  0.2721835917545308  4.0653150823012325  -8.98431628602962 
35 12  -0.17240220791619443  4.0648636442259996  -1.5906111084646355 
35 13  -1.5189854621419137  0.13734184248707648  -7.201185469111417 
36 0  6.510404199041264  -5.295150446867446  3.0063422453093804 
36 1  1.5202913653008265  2.4609706879713995  2.2002252394693254 
36 2  1.5117594534616299  -2.271806851573197  4.102282024072636 
36 3  3.5453535385624457  -0.6499640145728796  0.8968762969681641 
36 4  -0.1559574752718742  1.030796068773702  4.744045998016125 
36 5  5.233277053127668  -3.9575424691253938  0.25331041442338664 
36 6  0.2302717967444856  1.0401007226003838  -1.0481417821816807 
36 7  4.853429037985233  -3.950797125644283  6.042937587661465 
36 8  0.12093121119158035  -0.9839854560956791  1.4946357661222662 
36 9  4.922367365321837  -1.944045526618169  3.5050915786873635 
36 10  1.4003836523484294  -3.4352505512320892  7.083302711669159 
36 11  3.649210610614646  0.5067979694190887  -2.0877482078309373 
36 12  3.204624810943921  0.5063465313438549  5.305956969734046 
36 13  1.8580415567182014  -3.421175270395068  -0.3046173909127363 
37 0  1.3744627020792333  -2.2759279877202094  -1.8749333182891625 
37 1  -3.6156501316612037  5.480193147118635  -2.6810503241292176 
37 2  -3.6241820435004004  0.7474156075740392  -0.7789935395259064 
37 3  -1.5905879583995843  2.3692584445743567  -3.984399266630379 
37 4  -5.291898972233905  4.050018527920939  -0.13722956558241783 
37 5  0.09733555616563727  -0.9383200099781572  -4.627965149175156 
37 6  -4.905669700217545  4.0593231817476205  -5.929417345780224 
37 7  -0.2825124589767971  -0.9315746664970468  1.1616620240629212 
37 8  -5.01501028577045  2.035237003051557  -3.3866397974762767 
37 9  -0.21357413164019334  1.0751769325290672  -1.3761839849111794 
37 10  -3.735557844613601  -0.41602809208485314  2.2020271480706155 
37 11  -1.4867308863473845  3.526020428566325  -6.96902377142948 
37 12  -1.9313166860181097  3.525568990491091  0.42468140613550265 
37 13  -3.277899940243829  -0.40195281124783144  -5.18589295451128 