 5.5887  0  0  4.752792995150921e-16  7.7619  0  3.3364889719370065e-16  0.0  5.4489 
5
0 8  2.3859836909999994  0.0  -4.917741228000001 
0 9  -0.14010870899999991  3.8809499999999995  -2.193291228 
0 10  5.1803336909999995  0.0  -3.1370407080000002 
0 11  2.6542412910000004  3.8809499999999995  -0.41259070799999975 
0 12  3.666354861  5.46515379  -3.7794660180000004 
0 13  4.168220121  -1.58420379  -1.0550160179999999 
0 14  0.872004861  2.2967462100000002  -4.275315918 
0 15  1.373870121  1.58420379  -1.550865918 
0 16  1.3738701209999997  -1.58420379  -1.550865918 
0 17  0.8720048610000002  5.46515379  -4.275315918 
0 18  4.168220121  1.58420379  -1.0550160179999999 
0 19  3.666354861  2.2967462100000002  -3.7794660180000004 
1 8  0.14010870899999972  -3.8809499999999995  -2.193291228 
1 9  -2.385983691  0.0  0.531158772 
1 10  2.934458709  -3.8809499999999995  -0.4125907080000002 
1 11  0.4083663090000007  0.0  2.3118592920000003 
1 12  1.4204798790000002  1.5842037900000001  -1.0550160180000003 
1 13  1.9223451390000004  -5.46515379  1.6694339820000001 
1 14  -1.373870121  -1.5842037899999992  -1.5508659180000002 
1 15  -0.872004861  -2.29674621  1.173584082 
1 16  -0.8720048610000002  -5.46515379  1.173584082 
1 17  -1.3738701209999997  1.5842037900000001  -1.5508659180000002 
1 18  1.9223451390000004  -2.29674621  1.6694339820000001 
1 19  1.4204798790000002  -1.5842037899999992  -1.0550160180000003 
2 8  -0.4083663089999998  0.0  -2.311859292 
2 9  -2.9344587089999994  3.8809499999999995  0.4125907080000002 
2 10  2.3859836910000003  0.0  -0.531158772 
2 11  -0.14010870899999883  3.8809499999999995  2.1932912280000005 
2 12  0.8720048610000006  5.46515379  -1.173584082 
2 13  1.3738701210000008  -1.58420379  1.5508659180000004 
2 14  -1.9223451389999995  2.2967462100000002  -1.669433982 
2 15  -1.4204798789999995  1.58420379  1.0550160180000003 
2 16  -1.4204798789999997  -1.58420379  1.0550160180000003 
2 17  -1.9223451389999993  5.46515379  -1.669433982 
2 18  1.3738701210000008  1.58420379  1.5508659180000004 
2 19  0.8720048610000006  2.2967462100000002  -1.173584082 
3 8  -2.6542412910000004  -3.8809499999999995  0.41259070800000003 
3 9  -5.1803336909999995  0.0  3.1370407080000002 
3 10  0.14010870899999972  -3.8809499999999995  2.193291228 
3 11  -2.3859836909999994  0.0  4.917741228000001 
3 12  -1.373870121  1.5842037900000001  1.5508659179999997 
3 13  -0.8720048609999997  -5.46515379  4.275315918 
3 14  -4.168220121  -1.5842037899999992  1.0550160179999999 
3 15  -3.6663548610000003  -2.29674621  3.7794660180000004 
3 16  -3.6663548610000003  -5.46515379  3.7794660180000004 
3 17  -4.168220121  1.5842037900000001  1.0550160179999999 
3 18  -0.8720048609999997  -2.29674621  4.275315918 
3 19  -1.373870121  -1.5842037899999992  1.5508659179999997 
4 8  2.6602212  1.940475  -2.25257526 
4 9  0.1341288000000004  5.821425  0.47187474000000007 
4 10  5.4545712  1.940475  -0.47187474000000007 
4 11  2.928478800000001  5.821425  2.2525752600000004 
4 12  3.9405923700000005  7.40562879  -1.1143000500000002 
4 13  4.442457630000001  0.35627121  1.6101499500000003 
4 14  1.1462423700000002  4.23722121  -1.61014995 
4 15  1.6481076300000002  3.52467879  1.1143000500000002 
4 16  1.64810763  0.35627121  1.1143000500000002 
4 17  1.1462423700000004  7.40562879  -1.61014995 
4 18  4.442457630000001  3.52467879  1.6101499500000003 
4 19  3.9405923700000005  4.23722121  -1.1143000500000002 
5 8  -0.13412880000000005  1.940475  0.47187474 
5 9  -2.6602211999999996  5.821425  3.19632474 
5 10  2.6602212  1.940475  2.25257526 
5 11  0.13412880000000094  5.821425  4.9770252600000005 
5 12  1.1462423700000004  7.40562879  1.6101499499999998 
5 13  1.6481076300000006  0.35627121  4.33459995 
5 14  -1.6481076299999997  4.23722121  1.11430005 
5 15  -1.1462423699999997  3.52467879  3.8387500500000002 
5 16  -1.14624237  0.35627121  3.8387500500000002 
5 17  -1.6481076299999995  7.40562879  1.11430005 
5 18  1.6481076300000006  3.52467879  4.33459995 
5 19  1.1462423700000004  4.23722121  1.6101499499999998 
6 8  -0.1341288000000005  -1.940475  0.47187474 
6 9  -2.6602212  1.9404749999999997  3.19632474 
6 10  2.6602211999999996  -1.940475  2.25257526 
6 11  0.1341288000000005  1.9404749999999997  4.9770252600000005 
6 12  1.14624237  3.52467879  1.6101499499999998 
6 13  1.6481076300000002  -3.52467879  4.33459995 
6 14  -1.6481076300000002  0.3562712100000005  1.11430005 
6 15  -1.1462423700000002  -0.35627121000000006  3.8387500500000002 
6 16  -1.1462423700000004  -3.52467879  3.8387500500000002 
6 17  -1.64810763  3.52467879  1.11430005 
6 18  1.6481076300000002  -0.35627121000000006  4.33459995 
6 19  1.14624237  0.3562712100000005  1.6101499499999998 
7 8  2.6602211999999996  -1.940475  -2.25257526 
7 9  0.13412880000000016  1.9404749999999997  0.47187474000000007 
7 10  5.4545712  -1.940475  -0.47187474000000007 
7 11  2.9284788000000006  1.9404749999999997  2.2525752600000004 
7 12  3.94059237  3.52467879  -1.1143000500000002 
7 13  4.442457630000001  -3.52467879  1.6101499500000003 
7 14  1.14624237  0.3562712100000005  -1.61014995 
7 15  1.64810763  -0.35627121000000006  1.1143000500000002 
7 16  1.6481076299999997  -3.52467879  1.1143000500000002 
7 17  1.1462423700000002  3.52467879  -1.61014995 
7 18  4.442457630000001  -0.35627121000000006  1.6101499500000003 
7 19  3.94059237  0.3562712100000005  -1.1143000500000002 
8 0  -2.3859836909999994  0.0  4.917741228000001 
8 1  -0.14010870899999972  3.8809499999999995  2.193291228 
8 2  0.4083663089999998  0.0  2.311859292 
8 3  2.6542412910000004  3.8809499999999995  -0.41259070800000003 
8 4  -2.6602212  -1.940475  2.25257526 
8 5  0.13412880000000005  -1.940475  -0.47187474 
8 6  0.1341288000000005  1.940475  -0.47187474 
8 7  -2.6602211999999996  1.940475  2.25257526 
9 0  0.14010870899999991  -3.8809499999999995  2.193291228 
9 1  2.385983691  0.0  -0.531158772 
9 2  2.9344587089999994  -3.8809499999999995  -0.4125907080000002 
9 3  5.1803336909999995  0.0  -3.1370407080000002 
9 4  -0.1341288000000004  -5.821425  -0.47187474000000007 
9 5  2.6602211999999996  -5.821425  -3.19632474 
9 6  2.6602212  -1.9404749999999997  -3.19632474 
9 7  -0.13412880000000016  -1.9404749999999997  -0.47187474000000007 
10 0  -5.1803336909999995  0.0  3.1370407080000002 
10 1  -2.934458709  3.8809499999999995  0.4125907080000002 
10 2  -2.3859836910000003  0.0  0.531158772 
10 3  -0.14010870899999972  3.8809499999999995  -2.193291228 
10 4  -5.4545712  -1.940475  0.47187474000000007 
10 5  -2.6602212  -1.940475  -2.25257526 
10 6  -2.6602211999999996  1.940475  -2.25257526 
10 7  -5.4545712  1.940475  0.47187474000000007 
11 0  -2.6542412910000004  -3.8809499999999995  0.41259070799999975 
11 1  -0.4083663090000007  0.0  -2.3118592920000003 
11 2  0.14010870899999883  -3.8809499999999995  -2.1932912280000005 
11 3  2.3859836909999994  0.0  -4.917741228000001 
11 4  -2.928478800000001  -5.821425  -2.2525752600000004 
11 5  -0.13412880000000094  -5.821425  -4.9770252600000005 
11 6  -0.1341288000000005  -1.9404749999999997  -4.9770252600000005 
11 7  -2.9284788000000006  -1.9404749999999997  -2.2525752600000004 
12 0  -3.666354861  -5.46515379  3.7794660180000004 
12 1  -1.4204798790000002  -1.5842037900000001  1.0550160180000003 
12 2  -0.8720048610000006  -5.46515379  1.173584082 
12 3  1.373870121  -1.5842037900000001  -1.5508659179999997 
12 4  -3.9405923700000005  -7.40562879  1.1143000500000002 
12 5  -1.1462423700000004  -7.40562879  -1.6101499499999998 
12 6  -1.14624237  -3.52467879  -1.6101499499999998 
12 7  -3.94059237  -3.52467879  1.1143000500000002 
13 0  -4.168220121  1.58420379  1.0550160179999999 
13 1  -1.9223451390000004  5.46515379  -1.6694339820000001 
13 2  -1.3738701210000008  1.58420379  -1.5508659180000004 
13 3  0.8720048609999997  5.46515379  -4.275315918 
13 4  -4.442457630000001  -0.35627121  -1.6101499500000003 
13 5  -1.6481076300000006  -0.35627121  -4.33459995 
13 6  -1.6481076300000002  3.52467879  -4.33459995 
13 7  -4.442457630000001  3.52467879  -1.6101499500000003 
14 0  -0.872004861  -2.2967462100000002  4.275315918 
14 1  1.373870121  1.5842037899999992  1.5508659180000002 
14 2  1.9223451389999995  -2.2967462100000002  1.669433982 
14 3  4.168220121  1.5842037899999992  -1.0550160179999999 
14 4  -1.1462423700000002  -4.23722121  1.61014995 
14 5  1.6481076299999997  -4.23722121  -1.11430005 
14 6  1.6481076300000002  -0.3562712100000005  -1.11430005 
14 7  -1.14624237  -0.3562712100000005  1.61014995 
15 0  -1.373870121  -1.58420379  1.550865918 
15 1  0.872004861  2.29674621  -1.173584082 
15 2  1.4204798789999995  -1.58420379  -1.0550160180000003 
15 3  3.6663548610000003  2.29674621  -3.7794660180000004 
15 4  -1.6481076300000002  -3.52467879  -1.1143000500000002 
15 5  1.1462423699999997  -3.52467879  -3.8387500500000002 
15 6  1.1462423700000002  0.35627121000000006  -3.8387500500000002 
15 7  -1.64810763  0.35627121000000006  -1.1143000500000002 
16 0  -1.3738701209999997  1.58420379  1.550865918 
16 1  0.8720048610000002  5.46515379  -1.173584082 
16 2  1.4204798789999997  1.58420379  -1.0550160180000003 
16 3  3.6663548610000003  5.46515379  -3.7794660180000004 
16 4  -1.64810763  -0.35627121  -1.1143000500000002 
16 5  1.14624237  -0.35627121  -3.8387500500000002 
16 6  1.1462423700000004  3.52467879  -3.8387500500000002 
16 7  -1.6481076299999997  3.52467879  -1.1143000500000002 
17 0  -0.8720048610000002  -5.46515379  4.275315918 
17 1  1.3738701209999997  -1.5842037900000001  1.5508659180000002 
17 2  1.9223451389999993  -5.46515379  1.669433982 
17 3  4.168220121  -1.5842037900000001  -1.0550160179999999 
17 4  -1.1462423700000004  -7.40562879  1.61014995 
17 5  1.6481076299999995  -7.40562879  -1.11430005 
17 6  1.64810763  -3.52467879  -1.11430005 
17 7  -1.1462423700000002  -3.52467879  1.61014995 
18 0  -4.168220121  -1.58420379  1.0550160179999999 
18 1  -1.9223451390000004  2.29674621  -1.6694339820000001 
18 2  -1.3738701210000008  -1.58420379  -1.5508659180000004 
18 3  0.8720048609999997  2.29674621  -4.275315918 
18 4  -4.442457630000001  -3.52467879  -1.6101499500000003 
18 5  -1.6481076300000006  -3.52467879  -4.33459995 
18 6  -1.6481076300000002  0.35627121000000006  -4.33459995 
18 7  -4.442457630000001  0.35627121000000006  -1.6101499500000003 
19 0  -3.666354861  -2.2967462100000002  3.7794660180000004 
19 1  -1.4204798790000002  1.5842037899999992  1.0550160180000003 
19 2  -0.8720048610000006  -2.2967462100000002  1.173584082 
19 3  1.373870121  1.5842037899999992  -1.5508659179999997 
19 4  -3.9405923700000005  -4.23722121  1.1143000500000002 
19 5  -1.1462423700000004  -4.23722121  -1.6101499499999998 
19 6  -1.14624237  -0.3562712100000005  -1.6101499499999998 
19 7  -3.94059237  -0.3562712100000005  1.1143000500000002 