         0         8   2.44439   3.24646
         0         9   4.46004   4.46004
         0        10   2.34765   3.16351
         0        11   4.71985   4.71985   4.88293   4.88293
         0        12   4.63726   3.42892   4.82232
         0        13   4.58223   4.88198   2.37498
         0        14   2.72263   4.93090
         0        15   4.42627   2.60814   4.76232
         0        16   4.42627   2.60814   4.76232
         0        17   2.72263   4.93090
         0        18   4.58223   4.88198   2.37498
         0        19   4.63726   3.42892   4.82232
         1         8   4.46004   4.46004
         1         9   3.24646   2.44439
         1        10   4.88293   4.88293   4.71985   4.71985
         1        11   2.34765   3.16351
         1        12   4.88198   2.37498   4.58223
         1        13   3.42892   4.82232   4.63726
         1        14   4.76232   4.42627   2.60814
         1        15   2.72263   4.93090
         1        16   2.72263   4.93090
         1        17   4.76232   4.42627   2.60814
         1        18   3.42892   4.82232   4.63726
         1        19   4.88198   2.37498   4.58223
         2         8   3.16351   2.34765
         2         9   4.71985   4.71985   4.88293   4.88293
         2        10   2.44439   3.24646
         2        11   4.46004   4.46004
         2        12   4.93090   2.72263
         2        13   2.60814   4.42627   4.76232
         2        14   4.63726   4.82232   3.42892
         2        15   4.58223   2.37498   4.88198
         2        16   4.58223   2.37498   4.88198
         2        17   4.63726   4.82232   3.42892
         2        18   2.60814   4.42627   4.76232
         2        19   4.93090   2.72263
         3         8   4.88293   4.88293   4.71985   4.71985
         3         9   3.16351   2.34765
         3        10   4.46004   4.46004
         3        11   3.24646   2.44439
         3        12   4.76232   2.60814   4.42627
         3        13   4.93090   2.72263
         3        14   2.37498   4.88198   4.58223
         3        15   4.82232   3.42892   4.63726
         3        16   4.82232   3.42892   4.63726
         3        17   2.37498   4.88198   4.58223
         3        18   4.93090   2.72263
         3        19   4.76232   2.60814   4.42627
         4         8   4.58898   3.98953   4.74952   4.17319
         4         9   2.00152
         4        10   2.00152
         4        11   4.17319   4.74952   3.98953   4.58898
         4        12   4.11058   4.65102   2.02110
         4        13   4.73866   2.00833   4.02204
         4        14   4.67552   4.04102
         4        15   4.04738   4.68102
         4        16   2.02110   4.65102   4.11058
         4        17   4.02204   2.00833   4.73866
         4        18   4.04102   4.67552
         4        19   4.68102   4.04738
         5         8   2.00152
         5         9   4.74952   4.17319   4.58898   3.98953
         5        10   3.98953   4.58898   4.17319   4.74952
         5        11   2.00152
         5        12   2.00833   4.02204   4.73866
         5        13   4.65102   2.02110   4.11058
         5        14   4.68102   4.04738
         5        15   4.04102   4.67552
         5        16   4.73866   4.02204   2.00833
         5        17   4.11058   2.02110   4.65102
         5        18   4.04738   4.68102
         5        19   4.67552   4.04102
         6         8   2.00152
         6         9   4.74952   4.17319   4.58898   3.98953
         6        10   3.98953   4.58898   4.17319   4.74952
         6        11   2.00152
         6        12   4.04102   4.67552
         6        13   4.68102   4.04738
         6        14   4.11058   2.02110   4.65102
         6        15   4.73866   4.02204   2.00833
         6        16   4.67552   4.04102
         6        17   4.04738   4.68102
         6        18   4.65102   2.02110   4.11058
         6        19   2.00833   4.02204   4.73866
         7         8   4.58898   3.98953   4.74952   4.17319
         7         9   2.00152
         7        10   2.00152
         7        11   4.17319   4.74952   3.98953   4.58898
         7        12   4.04738   4.68102
         7        13   4.67552   4.04102
         7        14   4.02204   2.00833   4.73866
         7        15   2.02110   4.65102   4.11058
         7        16   4.68102   4.04738
         7        17   4.04102   4.67552
         7        18   4.73866   2.00833   4.02204
         7        19   4.11058   4.65102   2.02110
         8         0   3.24646   2.44439
         8         1   4.46004   4.46004
         8         2   2.34765   3.16351
         8         3   4.71985   4.71985   4.88293   4.88293
         8         4   4.17319   4.74952   3.98953   4.58898
         8         5   2.00152
         8         6   2.00152
         8         7   4.17319   4.74952   3.98953   4.58898
         9         0   4.46004   4.46004
         9         1   2.44439   3.24646
         9         2   4.88293   4.88293   4.71985   4.71985
         9         3   2.34765   3.16351
         9         4   2.00152
         9         5   3.98953   4.58898   4.17319   4.74952
         9         6   3.98953   4.58898   4.17319   4.74952
         9         7   2.00152
        10         0   3.16351   2.34765
        10         1   4.71985   4.71985   4.88293   4.88293
        10         2   3.24646   2.44439
        10         3   4.46004   4.46004
        10         4   2.00152
        10         5   4.74952   4.17319   4.58898   3.98953
        10         6   4.74952   4.17319   4.58898   3.98953
        10         7   2.00152
        11         0   4.88293   4.88293   4.71985   4.71985
        11         1   3.16351   2.34765
        11         2   4.46004   4.46004
        11         3   2.44439   3.24646
        11         4   4.58898   3.98953   4.74952   4.17319
        11         5   2.00152
        11         6   2.00152
        11         7   4.58898   3.98953   4.74952   4.17319
        12         0   4.82232   3.42892   4.63726
        12         1   4.58223   2.37498   4.88198
        12         2   2.72263   4.93090
        12         3   4.42627   2.60814   4.76232
        12         4   2.02110   4.65102   4.11058
        12         5   4.73866   4.02204   2.00833
        12         6   4.67552   4.04102
        12         7   4.68102   4.04738
        13         0   2.37498   4.88198   4.58223
        13         1   4.63726   4.82232   3.42892
        13         2   4.76232   4.42627   2.60814
        13         3   2.72263   4.93090
        13         4   4.02204   2.00833   4.73866
        13         5   4.11058   2.02110   4.65102
        13         6   4.04738   4.68102
        13         7   4.04102   4.67552
        14         0   4.93090   2.72263
        14         1   2.60814   4.42627   4.76232
        14         2   3.42892   4.82232   4.63726
        14         3   4.58223   4.88198   2.37498
        14         4   4.04102   4.67552
        14         5   4.04738   4.68102
        14         6   4.65102   2.02110   4.11058
        14         7   4.73866   2.00833   4.02204
        15         0   4.76232   2.60814   4.42627
        15         1   4.93090   2.72263
        15         2   4.88198   2.37498   4.58223
        15         3   4.63726   3.42892   4.82232
        15         4   4.68102   4.04738
        15         5   4.67552   4.04102
        15         6   2.00833   4.02204   4.73866
        15         7   4.11058   4.65102   2.02110
        16         0   4.76232   2.60814   4.42627
        16         1   4.93090   2.72263
        16         2   4.88198   2.37498   4.58223
        16         3   4.63726   3.42892   4.82232
        16         4   4.11058   4.65102   2.02110
        16         5   2.00833   4.02204   4.73866
        16         6   4.04102   4.67552
        16         7   4.04738   4.68102
        17         0   4.93090   2.72263
        17         1   2.60814   4.42627   4.76232
        17         2   3.42892   4.82232   4.63726
        17         3   4.58223   4.88198   2.37498
        17         4   4.73866   2.00833   4.02204
        17         5   4.65102   2.02110   4.11058
        17         6   4.68102   4.04738
        17         7   4.67552   4.04102
        18         0   2.37498   4.88198   4.58223
        18         1   4.63726   4.82232   3.42892
        18         2   4.76232   4.42627   2.60814
        18         3   2.72263   4.93090
        18         4   4.67552   4.04102
        18         5   4.68102   4.04738
        18         6   4.11058   2.02110   4.65102
        18         7   4.02204   2.00833   4.73866
        19         0   4.82232   3.42892   4.63726
        19         1   4.58223   2.37498   4.88198
        19         2   2.72263   4.93090
        19         3   4.42627   2.60814   4.76232
        19         4   4.04738   4.68102
        19         5   4.04102   4.67552
        19         6   4.73866   4.02204   2.00833
        19         7   2.02110   4.65102   4.11058
