 4.8715  0  0  5.207381886994418e-16  8.5043  0  -1.3033556475917587  0.0  12.017126853615663 
5
0 16  -3.6940480281386163  -1.6043361950000001  0.5258694711142207 
0 17  -0.3834311728068225  -5.8564861950000004  -3.5070783009591953 
0 18  -2.1903006652616615  -1.6043361950000001  -3.331628248896407 
0 19  -1.8871785356837767  -5.8564861950000004  0.35041941905143315 
0 20  -3.2535332716554892  -1.6043361950000001  3.1612253901121354 
0 21  -0.8239459292899496  -5.8564861950000004  -6.14243421995711 
0 22  -1.3211438381010834  -0.1892206750000005  1.5365098395032986 
0 23  -2.7563353628443554  -4.441370675  -4.517718669348272 
0 24  -2.7563353628443554  -7.271601715000001  -4.517718669348272 
0 25  -1.3211438381010834  -3.0194517149999998  1.5365098395032986 
0 26  -1.8811599562628625  -1.6043361950000001  -5.957370466411429 
0 27  -2.1963192446825763  -5.8564861950000004  2.976161636566455 
0 28  -3.454350441270907  -0.11183154500000025  -1.5314626462247807 
0 29  -0.6231287596745316  -4.363981545000001  -1.449746183620194 
0 30  -0.6231287596745316  -7.348990845  -1.449746183620194 
0 31  -3.4543504412709076  -3.096840845  -1.5314626462247807 
0 32  0.06130163632731911  -0.1586051949999998  -4.409564527665731 
0 33  -4.1387808372727575  -4.410755195  1.4283556978207583 
0 34  -4.138780837272758  -7.302217195000001  1.4283556978207583 
0 35  0.06130163632731822  -3.0500671950000005  -4.409564527665731 
0 36  -1.062733447483351  -1.6043361950000001  -0.7203065836057228 
0 37  -3.014745753462088  -5.8564861950000004  -2.260902246239251 
0 38  0.06268375638038481  -0.18411809499999965  -7.463116461169471 
0 39  -4.140162957325824  -4.436268095000001  4.481907631324497 
0 40  -4.140162957325824  -7.276704295  4.481907631324497 
0 41  0.06268375638038481  -3.0245542950000006  -7.463116461169471 
1 16  0.38343117280682154  2.647813805  3.5070783009591944 
1 17  3.6940480281386154  -1.6043361950000001  -0.5258694711142216 
1 18  1.887178535683776  2.647813805  -0.35041941905143315 
1 19  2.190300665261661  -1.6043361950000001  3.331628248896407 
1 20  0.8239459292899487  2.647813805  6.142434219957109 
1 21  3.2535332716554883  -1.6043361950000001  -3.1612253901121363 
1 22  2.7563353628443545  4.062929325  4.517718669348272 
1 23  1.3211438381010823  -0.18922067500000006  -1.5365098395032986 
1 24  1.3211438381010823  -3.019451715  -1.5365098395032986 
1 25  2.7563353628443545  1.2326982850000006  4.517718669348272 
1 26  2.1963192446825754  2.647813805  -2.976161636566455 
1 27  1.8811599562628614  -1.6043361950000001  5.957370466411429 
1 28  0.6231287596745305  4.140318455  1.449746183620193 
1 29  3.4543504412709063  -0.11183154500000025  1.5314626462247798 
1 30  3.4543504412709063  -3.096840845  1.5314626462247798 
1 31  0.6231287596745303  1.1553091550000003  1.449746183620193 
1 32  4.138780837272757  4.0935448050000005  -1.4283556978207579 
1 33  -0.06130163632731994  -0.15860519500000025  4.409564527665732 
1 34  -0.061301636327320164  -3.0500671950000005  4.409564527665732 
1 35  4.138780837272756  1.2020828049999999  -1.4283556978207579 
1 36  3.014745753462087  2.647813805  2.260902246239251 
1 37  1.0627334474833499  -1.6043361950000001  0.7203065836057228 
1 38  4.140162957325822  4.068031905000001  -4.481907631324497 
1 39  -0.06268375638038587  -0.1841180950000001  7.463116461169471 
1 40  -0.06268375638038609  -3.024554295  7.463116461169471 
1 41  4.140162957325822  1.2275957049999997  -4.481907631324497 
2 16  0.3834311728068217  5.8564861950000004  3.5070783009591944 
2 17  3.6940480281386154  1.6043361950000001  -0.5258694711142216 
2 18  1.8871785356837762  5.8564861950000004  -0.35041941905143315 
2 19  2.1903006652616615  1.6043361950000001  3.331628248896407 
2 20  0.8239459292899489  5.8564861950000004  6.142434219957109 
2 21  3.2535332716554883  1.6043361950000001  -3.1612253901121363 
2 22  2.7563353628443545  7.271601715  4.517718669348272 
2 23  1.3211438381010825  3.019451715  -1.5365098395032986 
2 24  1.3211438381010825  0.18922067499999995  -1.5365098395032986 
2 25  2.7563353628443545  4.441370675000001  4.517718669348272 
2 26  2.1963192446825754  5.8564861950000004  -2.976161636566455 
2 27  1.8811599562628616  1.6043361950000001  5.957370466411429 
2 28  0.6231287596745306  7.348990845  1.449746183620193 
2 29  3.4543504412709063  3.096840845  1.5314626462247798 
2 30  3.4543504412709063  0.11183154500000003  1.5314626462247798 
2 31  0.6231287596745304  4.363981545000001  1.449746183620193 
2 32  4.138780837272757  7.302217195000001  -1.4283556978207579 
2 33  -0.061301636327319775  3.050067195  4.409564527665732 
2 34  -0.06130163632732  0.15860519500000003  4.409564527665732 
2 35  4.138780837272757  4.410755195  -1.4283556978207579 
2 36  3.014745753462087  5.8564861950000004  2.260902246239251 
2 37  1.06273344748335  1.6043361950000001  0.7203065836057228 
2 38  4.140162957325822  7.276704295000001  -4.481907631324497 
2 39  -0.0626837563803857  3.024554295  7.463116461169471 
2 40  -0.06268375638038592  0.1841180950000001  7.463116461169471 
2 41  4.140162957325822  4.436268095  -4.481907631324497 
3 16  -3.6940480281386154  1.6043361950000001  0.5258694711142207 
3 17  -0.3834311728068216  -2.647813805  -3.5070783009591953 
3 18  -2.1903006652616606  1.6043361950000001  -3.331628248896407 
3 19  -1.8871785356837758  -2.647813805  0.35041941905143315 
3 20  -3.2535332716554883  1.6043361950000001  3.1612253901121354 
3 21  -0.8239459292899487  -2.647813805  -6.14243421995711 
3 22  -1.3211438381010825  3.0194517149999998  1.5365098395032986 
3 23  -2.7563353628443545  -1.2326982850000001  -4.517718669348272 
3 24  -2.7563353628443545  -4.062929325000001  -4.517718669348272 
3 25  -1.3211438381010825  0.1892206750000005  1.5365098395032986 
3 26  -1.8811599562628616  1.6043361950000001  -5.957370466411429 
3 27  -2.1963192446825754  -2.647813805  2.976161636566455 
3 28  -3.4543504412709063  3.096840845  -1.5314626462247807 
3 29  -0.6231287596745307  -1.1553091550000003  -1.449746183620194 
3 30  -0.6231287596745307  -4.140318455  -1.449746183620194 
3 31  -3.4543504412709067  0.11183154500000025  -1.5314626462247807 
3 32  0.06130163632732  3.0500671950000005  -4.409564527665731 
3 33  -4.138780837272757  -1.2020828050000003  1.4283556978207583 
3 34  -4.138780837272757  -4.0935448050000005  1.4283556978207583 
3 35  0.06130163632731911  0.1586051949999998  -4.409564527665731 
3 36  -1.06273344748335  1.6043361950000001  -0.7203065836057228 
3 37  -3.014745753462087  -2.647813805  -2.260902246239251 
3 38  0.0626837563803857  3.0245542950000006  -7.463116461169471 
3 39  -4.140162957325822  -1.2275957050000001  4.481907631324497 
3 40  -4.140162957325823  -4.068031905  4.481907631324497 
3 41  0.0626837563803857  0.18411809499999965  -7.463116461169471 
4 16  -3.3915094089816384  6.349820638000001  -2.483219093031142 
4 17  -0.0808925536498446  2.0976706380000003  -6.516166865104558 
4 18  -1.8877620461046838  6.349820638000001  -6.3407168130417695 
4 19  -1.5846399165267988  2.0976706380000003  -2.6586691450939295 
4 20  -2.950994652498511  6.349820638000001  0.1521368259667728 
4 21  -0.5214073101329717  2.0976706380000003  -9.151522784102472 
4 22  -1.0186052189441055  7.764936158  -1.472578724642064 
4 23  -2.4537967436873775  3.5127861580000004  -7.526807233493635 
4 24  -2.4537967436873775  0.682555118  -7.526807233493635 
4 25  -1.0186052189441055  4.934705118000001  -1.472578724642064 
4 26  -1.5786213371058846  6.349820638000001  -8.966459030556791 
4 27  -1.8937806255255984  2.0976706380000003  -0.032926927578907694 
4 28  -3.1518118221139293  7.8423252880000005  -4.540551210370143 
4 29  -0.32059014051755375  3.590175288  -4.4588347477655565 
4 30  -0.32059014051755375  0.6051659880000001  -4.4588347477655565 
4 31  -3.1518118221139297  4.857315988000001  -4.540551210370143 
4 32  0.363840255484297  7.795551638000001  -7.418653091811095 
4 33  -3.83624221811578  3.543401638  -1.5807328663246043 
4 34  -3.83624221811578  0.6519396380000001  -1.5807328663246043 
4 35  0.3638402554842961  4.904089638  -7.418653091811095 
4 36  -0.7601948283263731  6.349820638000001  -3.7293951477510854 
4 37  -2.71220713430511  2.0976706380000003  -5.269990810384614 
4 38  0.3652223755373627  7.770038738000001  -10.472205025314834 
4 39  -3.8376243381688457  3.5178887380000003  1.4728190671791346 
4 40  -3.8376243381688457  0.6774525380000002  1.4728190671791346 
4 41  0.3652223755373627  4.929602538  -10.472205025314834 
5 16  0.0808925536498451  2.0976706380000003  6.516166865104556 
5 17  3.391509408981639  -2.154479362  2.48321909303114 
5 18  1.5846399165267997  2.0976706380000003  2.6586691450939286 
5 19  1.8877620461046847  -2.154479362  6.340716813041769 
5 20  0.5214073101329724  2.0976706380000003  9.151522784102472 
5 21  2.950994652498512  -2.154479362  -0.15213682596677414 
5 22  2.453796743687378  3.512786158  7.526807233493634 
5 23  1.018605218944106  -0.7393638419999999  1.4725787246420634 
5 24  1.018605218944106  -3.569594882  1.4725787246420634 
5 25  2.453796743687378  0.6825551180000007  7.526807233493634 
5 26  1.893780625525599  2.0976706380000003  0.03292692757890703 
5 27  1.578621337105885  -2.154479362  8.966459030556791 
5 28  0.320590140517554  3.590175288  4.458834747765555 
5 29  3.1518118221139297  -0.6619747120000001  4.5405512103701415 
5 30  3.1518118221139297  -3.646984012  4.5405512103701415 
5 31  0.3205901405175538  0.6051659880000004  4.458834747765555 
5 32  3.8362422181157805  3.5434016380000006  1.580732866324604 
5 33  -0.3638402554842964  -0.7087483620000001  7.418653091811094 
5 34  -0.3638402554842966  -3.6002103620000003  7.418653091811094 
5 35  3.8362422181157796  0.651939638  1.580732866324604 
5 36  2.7122071343051104  2.0976706380000003  5.269990810384613 
5 37  0.7601948283263735  -2.154479362  3.7293951477510845 
5 38  3.837624338168846  3.517888738000001  -1.4728190671791357 
5 39  -0.3652223755373623  -0.734261262  10.472205025314834 
5 40  -0.36522237553736253  -3.574697462  10.472205025314834 
5 41  3.837624338168846  0.6774525379999998  -1.4728190671791357 
6 16  0.08089255364984482  -2.0976706380000003  6.516166865104556 
6 17  3.3915094089816384  -6.349820638000001  2.48321909303114 
6 18  1.5846399165267995  -2.0976706380000003  2.6586691450939286 
6 19  1.8877620461046845  -6.349820638000001  6.340716813041769 
6 20  0.521407310132972  -2.0976706380000003  9.151522784102472 
6 21  2.9509946524985113  -6.349820638000001  -0.15213682596677414 
6 22  2.4537967436873775  -0.6825551180000007  7.526807233493634 
6 23  1.0186052189441055  -4.934705118  1.4725787246420634 
6 24  1.0186052189441055  -7.764936158000001  1.4725787246420634 
6 25  2.4537967436873775  -3.512786158  7.526807233493634 
6 26  1.8937806255255984  -2.0976706380000003  0.03292692757890703 
6 27  1.5786213371058846  -6.349820638000001  8.966459030556791 
6 28  0.32059014051755375  -0.6051659880000004  4.458834747765555 
6 29  3.1518118221139293  -4.857315988000001  4.5405512103701415 
6 30  3.1518118221139293  -7.8423252880000005  4.5405512103701415 
6 31  0.3205901405175535  -3.590175288  4.458834747765555 
6 32  3.83624221811578  -0.651939638  1.580732866324604 
6 33  -0.36384025548429666  -4.904089638  7.418653091811094 
6 34  -0.3638402554842969  -7.795551638000001  7.418653091811094 
6 35  3.836242218115779  -3.5434016380000006  1.580732866324604 
6 36  2.71220713430511  -2.0976706380000003  5.269990810384613 
6 37  0.7601948283263732  -6.349820638000001  3.7293951477510845 
6 38  3.8376243381688457  -0.6774525379999998  -1.4728190671791357 
6 39  -0.3652223755373626  -4.929602538000001  10.472205025314834 
6 40  -0.3652223755373628  -7.770038738  10.472205025314834 
6 41  3.8376243381688457  -3.517888738000001  -1.4728190671791357 
7 16  -3.3915094089816384  2.154479362  -2.483219093031142 
7 17  -0.0808925536498446  -2.0976706380000003  -6.516166865104558 
7 18  -1.8877620461046838  2.154479362  -6.3407168130417695 
7 19  -1.5846399165267988  -2.0976706380000003  -2.6586691450939295 
7 20  -2.950994652498511  2.154479362  0.1521368259667728 
7 21  -0.5214073101329717  -2.0976706380000003  -9.151522784102472 
7 22  -1.0186052189441055  3.5695948819999996  -1.472578724642064 
7 23  -2.4537967436873775  -0.6825551180000002  -7.526807233493635 
7 24  -2.4537967436873775  -3.5127861580000004  -7.526807233493635 
7 25  -1.0186052189441055  0.7393638420000004  -1.472578724642064 
7 26  -1.5786213371058846  2.154479362  -8.966459030556791 
7 27  -1.8937806255255984  -2.0976706380000003  -0.032926927578907694 
7 28  -3.1518118221139293  3.646984012  -4.540551210370143 
7 29  -0.32059014051755375  -0.6051659880000004  -4.4588347477655565 
7 30  -0.32059014051755375  -3.590175288  -4.4588347477655565 
7 31  -3.1518118221139297  0.6619747120000001  -4.540551210370143 
7 32  0.363840255484297  3.6002103620000003  -7.418653091811095 
7 33  -3.83624221811578  -0.6519396380000004  -1.5807328663246043 
7 34  -3.83624221811578  -3.5434016380000006  -1.5807328663246043 
7 35  0.3638402554842961  0.7087483619999997  -7.418653091811095 
7 36  -0.7601948283263731  2.154479362  -3.7293951477510854 
7 37  -2.71220713430511  -2.0976706380000003  -5.269990810384614 
7 38  0.3652223755373627  3.5746974620000005  -10.472205025314834 
7 39  -3.8376243381688457  -0.6774525380000003  1.4728190671791346 
7 40  -3.8376243381688457  -3.5178887380000003  1.4728190671791346 
7 41  0.3652223755373627  0.7342612619999995  -10.472205025314834 
8 16  -1.3501364816143289  0.0  -1.1094211511257992 
8 17  1.9604803737174648  -4.25215  -5.142368923199215 
8 18  0.15361088126262556  0.0  -4.966918871136427 
8 19  0.45673301084051054  -4.25215  -1.2848712031885867 
8 20  -0.9096217251312018  0.0  1.5259347678721156 
8 21  1.5199656172343377  -4.25215  -7.77772484219713 
8 22  1.0227677084232039  1.4151155199999996  -0.0987807827367213 
8 23  -0.4124238163200682  -2.8370344800000002  -6.153009291588292 
8 24  -0.4124238163200682  -5.667265520000001  -6.153009291588292 
8 25  1.0227677084232039  -1.4151155199999996  -0.0987807827367213 
8 26  0.46275159026142476  0.0  -7.5926610886514485 
8 27  0.1475923018417109  -4.25215  1.340871014326435 
8 28  -1.1104388947466202  1.4925046499999999  -3.1667532684648005 
8 29  1.7207827868497556  -2.7596453500000004  -3.085036805860214 
8 30  1.7207827868497556  -5.74465465  -3.085036805860214 
8 31  -1.1104388947466202  -1.4925046499999999  -3.1667532684648005 
8 32  2.4052131828516066  1.4457310000000003  -6.044855149905752 
8 33  -1.7948692907484705  -2.8064190000000004  -0.20693492441926153 
8 34  -1.7948692907484707  -5.697881000000001  -0.20693492441926153 
8 35  2.4052131828516057  -1.4457310000000003  -6.044855149905752 
8 36  1.2811780990409363  0.0  -2.3555972058457426 
8 37  -0.6708342069378006  -4.25215  -3.896192868479271 
8 38  2.4065953029046723  1.4202181000000005  -9.09840708340949 
8 39  -1.7962514108015364  -2.8319319000000003  2.8466170090844773 
8 40  -1.7962514108015366  -5.6723681  2.8466170090844773 
8 41  2.4065953029046723  -1.4202181000000005  -9.09840708340949 
9 16  -1.9604803737174645  4.25215  5.142368923199214 
9 17  1.3501364816143293  0.0  1.1094211511257979 
9 18  -0.4567330108405099  4.25215  1.2848712031885863 
9 19  -0.1536108812626249  0.0  4.966918871136427 
9 20  -1.5199656172343372  4.25215  7.777724842197129 
9 21  0.9096217251312022  0.0  -1.5259347678721167 
9 22  0.4124238163200684  5.66726552  6.153009291588292 
9 23  -1.0227677084232036  1.41511552  0.09878078273672086 
9 24  -1.0227677084232036  -1.41511552  0.09878078273672086 
9 25  0.4124238163200684  2.8370344800000007  6.153009291588292 
9 26  -0.14759230184171068  4.25215  -1.3408710143264355 
9 27  -0.46275159026142454  0.0  7.5926610886514485 
9 28  -1.7207827868497554  5.74465465  3.0850368058602124 
9 29  1.1104388947466202  1.4925046499999999  3.166753268464799 
9 30  1.1104388947466202  -1.49250465  3.166753268464799 
9 31  -1.7207827868497558  2.7596453500000004  3.0850368058602124 
9 32  1.794869290748471  5.697881000000001  0.20693492441926153 
9 33  -2.4052131828516057  1.4457309999999999  6.044855149905752 
9 34  -2.405213182851606  -1.445731  6.044855149905752 
9 35  1.79486929074847  2.806419  0.20693492441926153 
9 36  0.6708342069378008  4.25215  3.8961928684792704 
9 37  -1.281178099040936  0.0  2.355597205845742 
9 38  1.7962514108015366  5.672368100000001  -2.8466170090844782 
9 39  -2.406595302904672  1.4202181  9.09840708340949 
9 40  -2.4065953029046723  -1.4202181  9.09840708340949 
9 41  1.7962514108015366  2.8319319  -2.8466170090844782 
10 16  -2.769253867767146  0.0  4.9892707270841505 
10 17  0.5413629875646477  -4.25215  0.9563229550107342 
10 18  -1.2655065048901915  0.0  1.1317730070735226 
10 19  -0.9623843753123065  -4.25215  4.813820675021363 
10 20  -2.328739111284019  0.0  7.624626646082065 
10 21  0.10084823108152063  -4.25215  -1.6790329639871804 
10 22  -0.39634967772961316  1.4151155199999996  5.999911095473228 
10 23  -1.8315412024728852  -2.8370344800000002  -0.05431741337834284 
10 24  -1.8315412024728852  -5.667265520000001  -0.05431741337834284 
10 25  -0.39634967772961316  -1.4151155199999996  5.999911095473228 
10 26  -0.9563657958913923  0.0  -1.4939692104414992 
10 27  -1.2715250843111061  -4.25215  7.439562892536385 
10 28  -2.529556280899437  1.4925046499999999  2.9319386097451487 
10 29  0.3016654006969386  -2.7596453500000004  3.0136550723497355 
10 30  0.3016654006969386  -5.74465465  3.0136550723497355 
10 31  -2.5295562808994374  -1.4925046499999999  2.9319386097451487 
10 32  0.9860957966987893  1.4457310000000003  0.053836728304197834 
10 33  -3.2139866769012873  -2.8064190000000004  5.891756953790688 
10 34  -3.2139866769012877  -5.697881000000001  5.891756953790688 
10 35  0.9860957966987884  -1.4457310000000003  0.053836728304197834 
10 36  -0.13793928711188075  0.0  3.7430946723642067 
10 37  -2.0899515930906176  -4.25215  2.2024990097306785 
10 38  0.987477916751855  1.4202181000000005  -2.999715205199542 
10 39  -3.2153687969543534  -2.8319319000000003  8.945308887294427 
10 40  -3.215368796954354  -5.6723681  8.945308887294427 
10 41  0.987477916751855  -1.4202181000000005  -2.999715205199542 
11 16  -0.5413629875646473  4.25215  -0.9563229550107355 
11 17  2.7692538677671465  0.0  -4.989270727084151 
11 18  0.9623843753123072  4.25215  -4.813820675021363 
11 19  1.2655065048901921  0.0  -1.131773007073523 
11 20  -0.10084823108152008  4.25215  1.6790329639871793 
11 21  2.3287391112840194  0.0  -7.624626646082066 
11 22  1.8315412024728857  5.66726552  0.054317413378342394 
11 23  0.3963496777296135  1.41511552  -5.999911095473228 
11 24  0.3963496777296135  -1.41511552  -5.999911095473228 
11 25  1.8315412024728857  2.8370344800000007  0.054317413378342394 
11 26  1.2715250843111066  4.25215  -7.439562892536385 
11 27  0.9563657958913926  0.0  1.4939692104414988 
11 28  -0.30166540069693837  5.74465465  -3.013655072349737 
11 29  2.5295562808994374  1.4925046499999999  -2.93193860974515 
11 30  2.5295562808994374  -1.49250465  -2.93193860974515 
11 31  -0.3016654006969386  2.7596453500000004  -3.013655072349737 
11 32  3.213986676901288  5.697881000000001  -5.891756953790688 
11 33  -0.9860957966987888  1.4457309999999999  -0.053836728304197834 
11 34  -0.986095796698789  -1.445731  -0.053836728304197834 
11 35  3.2139866769012873  2.806419  -5.891756953790688 
11 36  2.089951593090618  4.25215  -2.202499009730679 
11 37  0.13793928711188108  0.0  -3.743094672364207 
11 38  3.215368796954354  5.672368100000001  -8.945308887294427 
11 39  -0.9874779167518547  1.4202181  2.999715205199541 
11 40  -0.9874779167518549  -1.4202181  2.999715205199541 
11 41  3.215368796954354  2.8319319  -8.945308887294427 
12 16  -2.76101424477201  0.0  7.963990308428171 
12 17  0.5496026105597838  -4.25215  3.9310425363547554 
12 18  -1.2572668818950554  0.0  4.106492588417543 
12 19  -0.9541447523171704  -4.25215  7.788540256365383 
12 20  -2.320499488288883  0.0  10.599346227426086 
12 21  0.10908785407665667  -4.25215  1.2956866173568409 
12 22  -0.38811005473447713  1.4151155199999996  8.974630676817249 
12 23  -1.8233015794777492  -2.8370344800000002  2.9204021679656784 
12 24  -1.8233015794777492  -5.667265520000001  2.9204021679656784 
12 25  -0.38811005473447713  -1.4151155199999996  8.974630676817249 
12 26  -0.9481261728962562  0.0  1.480750370902522 
12 27  -1.26328546131597  -4.25215  10.414282473880405 
12 28  -2.521316657904301  1.4925046499999999  5.90665819108917 
12 29  0.3099050236920746  -2.7596453500000004  5.988374653693757 
12 30  0.3099050236920746  -5.74465465  5.988374653693757 
12 31  -2.5213166579043014  -1.4925046499999999  5.90665819108917 
12 32  0.9943354196939254  1.4457310000000003  3.028556309648219 
12 33  -3.2057470539061512  -2.8064190000000004  8.866476535134709 
12 34  -3.2057470539061517  -5.697881000000001  8.866476535134709 
12 35  0.9943354196939245  -1.4457310000000003  3.028556309648219 
12 36  -0.12969966411674472  0.0  6.717814253708228 
12 37  -2.0817119700954816  -4.25215  5.1772185910747 
12 38  0.9957175397469911  1.4202181000000005  -0.02499562385552058 
12 39  -3.2071291739592174  -2.8319319000000003  11.920028468638447 
12 40  -3.207129173959218  -5.6723681  11.920028468638447 
12 41  0.9957175397469911  -1.4202181000000005  -0.02499562385552058 
13 16  -0.5496026105597837  4.25215  -3.931042536354756 
13 17  2.76101424477201  0.0  -7.963990308428172 
13 18  0.9541447523171709  4.25215  -7.788540256365383 
13 19  1.2572668818950559  0.0  -4.106492588417543 
13 20  -0.10908785407665644  4.25215  -1.295686617356841 
13 21  2.320499488288883  0.0  -10.599346227426086 
13 22  1.8233015794777492  5.66726552  -2.920402167965678 
13 23  0.38811005473447713  1.41511552  -8.974630676817249 
13 24  0.38811005473447713  -1.41511552  -8.974630676817249 
13 25  1.8233015794777492  2.8370344800000007  -2.920402167965678 
13 26  1.26328546131597  4.25215  -10.414282473880405 
13 27  0.9481261728962562  0.0  -1.4807503709025216 
13 28  -0.30990502369207473  5.74465465  -5.988374653693757 
13 29  2.521316657904301  1.4925046499999999  -5.9066581910891705 
13 30  2.521316657904301  -1.49250465  -5.9066581910891705 
13 31  -0.30990502369207495  2.7596453500000004  -5.988374653693757 
13 32  3.2057470539061517  5.697881000000001  -8.866476535134709 
13 33  -0.9943354196939251  1.4457309999999999  -3.028556309648218 
13 34  -0.9943354196939254  -1.445731  -3.028556309648218 
13 35  3.205747053906151  2.806419  -8.866476535134709 
13 36  2.0817119700954816  4.25215  -5.177218591074699 
13 37  0.12969966411674472  0.0  -6.7178142537082275 
13 38  3.2071291739592174  5.672368100000001  -11.920028468638447 
13 39  -0.9957175397469911  1.4202181  0.024995623855520677 
13 40  -0.9957175397469913  -1.4202181  0.024995623855520677 
13 41  3.2071291739592174  2.8319319  -11.920028468638447 
14 16  -1.152862537905372  0.0  2.1638038612620356 
14 17  2.1577543174264218  -4.25215  -1.8691439108113803 
14 18  0.3508848249715826  0.0  -1.693693858748592 
14 19  0.6540069545494676  -4.25215  1.988353809199248 
14 20  -0.7123477814222448  0.0  4.79915978025995 
14 21  1.7172395609432947  -4.25215  -4.504499829809295 
14 22  1.2200416521321609  1.4151155199999996  3.1744442296511135 
14 23  -0.21514987261111118  -2.8370344800000002  -2.8797842792004573 
14 24  -0.21514987261111118  -5.667265520000001  -2.8797842792004573 
14 25  1.2200416521321609  -1.4151155199999996  3.1744442296511135 
14 26  0.6600255339703818  0.0  -4.319436076263614 
14 27  0.3448662455506679  -4.25215  4.61409602671427 
14 28  -0.913164951037663  1.4925046499999999  0.10647174392303427 
14 29  1.9180567305587126  -2.7596453500000004  0.18818820652762103 
14 30  1.9180567305587126  -5.74465465  0.18818820652762103 
14 31  -0.9131649510376633  -1.4925046499999999  0.10647174392303427 
14 32  2.6024871265605634  1.4457310000000003  -2.7716301375179166 
14 33  -1.5975953470395134  -2.8064190000000004  3.0662900879685733 
14 34  -1.5975953470395137  -5.697881000000001  3.0662900879685733 
14 35  2.6024871265605625  -1.4457310000000003  -2.7716301375179166 
14 36  1.4784520427498933  0.0  0.9176278065420922 
14 37  -0.4735602632288436  -4.25215  -0.622967856091436 
14 38  2.603869246613629  1.4202181000000005  -5.825182071021656 
14 39  -1.5989774670925794  -2.8319319000000003  6.119842021472312 
14 40  -1.5989774670925796  -5.6723681  6.119842021472312 
14 41  2.603869246613629  -1.4202181000000005  -5.825182071021656 
15 16  -2.1577543174264218  4.25215  1.8691439108113785 
15 17  1.152862537905372  0.0  -2.1638038612620374 
15 18  -0.6540069545494671  4.25215  -1.988353809199249 
15 19  -0.35088482497158213  0.0  1.693693858748591 
15 20  -1.7172395609432944  4.25215  4.504499829809293 
15 21  0.712347781422245  0.0  -4.799159780259952 
15 22  0.21514987261111118  5.66726552  2.8797842792004564 
15 23  -1.2200416521321609  1.41511552  -3.1744442296511144 
15 24  -1.2200416521321609  -1.41511552  -3.1744442296511144 
15 25  0.21514987261111118  2.8370344800000007  2.8797842792004564 
15 26  -0.3448662455506679  4.25215  -4.614096026714271 
15 27  -0.6600255339703818  0.0  4.319436076263613 
15 28  -1.9180567305587126  5.74465465  -0.1881882065276228 
15 29  0.9131649510376629  1.4925046499999999  -0.10647174392303604 
15 30  0.9131649510376629  -1.49250465  -0.10647174392303604 
15 31  -1.918056730558713  2.7596453500000004  -0.1881882065276228 
15 32  1.5975953470395137  5.697881000000001  -3.0662900879685737 
15 33  -2.602487126560563  1.4457309999999999  2.771630137517916 
15 34  -2.6024871265605634  -1.445731  2.771630137517916 
15 35  1.5975953470395128  2.806419  -3.0662900879685737 
15 36  0.4735602632288436  4.25215  0.6229678560914351 
15 37  -1.4784520427498933  0.0  -0.9176278065420931 
15 38  1.5989774670925794  5.672368100000001  -6.119842021472313 
15 39  -2.603869246613629  1.4202181  5.825182071021655 
15 40  -2.6038692466136295  -1.4202181  5.825182071021655 
15 41  1.5989774670925794  2.8319319  -6.119842021472313 
16 0  3.6940480281386163  1.6043361950000001  -0.5258694711142207 
16 1  -0.38343117280682154  -2.647813805  -3.5070783009591944 
16 2  -0.3834311728068217  -5.8564861950000004  -3.5070783009591944 
16 3  3.6940480281386154  -1.6043361950000001  -0.5258694711142207 
16 4  3.3915094089816384  -6.349820638000001  2.483219093031142 
16 5  -0.0808925536498451  -2.0976706380000003  -6.516166865104556 
16 6  -0.08089255364984482  2.0976706380000003  -6.516166865104556 
16 7  3.3915094089816384  -2.154479362  2.483219093031142 
16 8  1.3501364816143289  0.0  1.1094211511257992 
16 9  1.9604803737174645  -4.25215  -5.142368923199214 
16 10  2.769253867767146  0.0  -4.9892707270841505 
16 11  0.5413629875646473  -4.25215  0.9563229550107355 
16 12  2.76101424477201  0.0  -7.963990308428171 
16 13  0.5496026105597837  -4.25215  3.931042536354756 
16 14  1.152862537905372  0.0  -2.1638038612620356 
16 15  2.1577543174264218  -4.25215  -1.8691439108113785 
17 0  0.3834311728068225  5.8564861950000004  3.5070783009591953 
17 1  -3.6940480281386154  1.6043361950000001  0.5258694711142216 
17 2  -3.6940480281386154  -1.6043361950000001  0.5258694711142216 
17 3  0.3834311728068216  2.647813805  3.5070783009591953 
17 4  0.0808925536498446  -2.0976706380000003  6.516166865104558 
17 5  -3.391509408981639  2.154479362  -2.48321909303114 
17 6  -3.3915094089816384  6.349820638000001  -2.48321909303114 
17 7  0.0808925536498446  2.0976706380000003  6.516166865104558 
17 8  -1.9604803737174648  4.25215  5.142368923199215 
17 9  -1.3501364816143293  0.0  -1.1094211511257979 
17 10  -0.5413629875646477  4.25215  -0.9563229550107342 
17 11  -2.7692538677671465  0.0  4.989270727084151 
17 12  -0.5496026105597838  4.25215  -3.9310425363547554 
17 13  -2.76101424477201  0.0  7.963990308428172 
17 14  -2.1577543174264218  4.25215  1.8691439108113803 
17 15  -1.152862537905372  0.0  2.1638038612620374 
18 0  2.1903006652616615  1.6043361950000001  3.331628248896407 
18 1  -1.887178535683776  -2.647813805  0.35041941905143315 
18 2  -1.8871785356837762  -5.8564861950000004  0.35041941905143315 
18 3  2.1903006652616606  -1.6043361950000001  3.331628248896407 
18 4  1.8877620461046838  -6.349820638000001  6.3407168130417695 
18 5  -1.5846399165267997  -2.0976706380000003  -2.6586691450939286 
18 6  -1.5846399165267995  2.0976706380000003  -2.6586691450939286 
18 7  1.8877620461046838  -2.154479362  6.3407168130417695 
18 8  -0.15361088126262556  0.0  4.966918871136427 
18 9  0.4567330108405099  -4.25215  -1.2848712031885863 
18 10  1.2655065048901915  0.0  -1.1317730070735226 
18 11  -0.9623843753123072  -4.25215  4.813820675021363 
18 12  1.2572668818950554  0.0  -4.106492588417543 
18 13  -0.9541447523171709  -4.25215  7.788540256365383 
18 14  -0.3508848249715826  0.0  1.693693858748592 
18 15  0.6540069545494671  -4.25215  1.988353809199249 
19 0  1.8871785356837767  5.8564861950000004  -0.35041941905143315 
19 1  -2.190300665261661  1.6043361950000001  -3.331628248896407 
19 2  -2.1903006652616615  -1.6043361950000001  -3.331628248896407 
19 3  1.8871785356837758  2.647813805  -0.35041941905143315 
19 4  1.5846399165267988  -2.0976706380000003  2.6586691450939295 
19 5  -1.8877620461046847  2.154479362  -6.340716813041769 
19 6  -1.8877620461046845  6.349820638000001  -6.340716813041769 
19 7  1.5846399165267988  2.0976706380000003  2.6586691450939295 
19 8  -0.45673301084051054  4.25215  1.2848712031885867 
19 9  0.1536108812626249  0.0  -4.966918871136427 
19 10  0.9623843753123065  4.25215  -4.813820675021363 
19 11  -1.2655065048901921  0.0  1.131773007073523 
19 12  0.9541447523171704  4.25215  -7.788540256365383 
19 13  -1.2572668818950559  0.0  4.106492588417543 
19 14  -0.6540069545494676  4.25215  -1.988353809199248 
19 15  0.35088482497158213  0.0  -1.693693858748591 
20 0  3.2535332716554892  1.6043361950000001  -3.1612253901121354 
20 1  -0.8239459292899487  -2.647813805  -6.142434219957109 
20 2  -0.8239459292899489  -5.8564861950000004  -6.142434219957109 
20 3  3.2535332716554883  -1.6043361950000001  -3.1612253901121354 
20 4  2.950994652498511  -6.349820638000001  -0.1521368259667728 
20 5  -0.5214073101329724  -2.0976706380000003  -9.151522784102472 
20 6  -0.521407310132972  2.0976706380000003  -9.151522784102472 
20 7  2.950994652498511  -2.154479362  -0.1521368259667728 
20 8  0.9096217251312018  0.0  -1.5259347678721156 
20 9  1.5199656172343372  -4.25215  -7.777724842197129 
20 10  2.328739111284019  0.0  -7.624626646082065 
20 11  0.10084823108152008  -4.25215  -1.6790329639871793 
20 12  2.320499488288883  0.0  -10.599346227426086 
20 13  0.10908785407665644  -4.25215  1.295686617356841 
20 14  0.7123477814222448  0.0  -4.79915978025995 
20 15  1.7172395609432944  -4.25215  -4.504499829809293 
21 0  0.8239459292899496  5.8564861950000004  6.14243421995711 
21 1  -3.2535332716554883  1.6043361950000001  3.1612253901121363 
21 2  -3.2535332716554883  -1.6043361950000001  3.1612253901121363 
21 3  0.8239459292899487  2.647813805  6.14243421995711 
21 4  0.5214073101329717  -2.0976706380000003  9.151522784102472 
21 5  -2.950994652498512  2.154479362  0.15213682596677414 
21 6  -2.9509946524985113  6.349820638000001  0.15213682596677414 
21 7  0.5214073101329717  2.0976706380000003  9.151522784102472 
21 8  -1.5199656172343377  4.25215  7.77772484219713 
21 9  -0.9096217251312022  0.0  1.5259347678721167 
21 10  -0.10084823108152063  4.25215  1.6790329639871804 
21 11  -2.3287391112840194  0.0  7.624626646082066 
21 12  -0.10908785407665667  4.25215  -1.2956866173568409 
21 13  -2.320499488288883  0.0  10.599346227426086 
21 14  -1.7172395609432947  4.25215  4.504499829809295 
21 15  -0.712347781422245  0.0  4.799159780259952 
22 0  1.3211438381010834  0.1892206750000005  -1.5365098395032986 
22 1  -2.7563353628443545  -4.062929325  -4.517718669348272 
22 2  -2.7563353628443545  -7.271601715  -4.517718669348272 
22 3  1.3211438381010825  -3.0194517149999998  -1.5365098395032986 
22 4  1.0186052189441055  -7.764936158  1.472578724642064 
22 5  -2.453796743687378  -3.512786158  -7.526807233493634 
22 6  -2.4537967436873775  0.6825551180000007  -7.526807233493634 
22 7  1.0186052189441055  -3.5695948819999996  1.472578724642064 
22 8  -1.0227677084232039  -1.4151155199999996  0.0987807827367213 
22 9  -0.4124238163200684  -5.66726552  -6.153009291588292 
22 10  0.39634967772961316  -1.4151155199999996  -5.999911095473228 
22 11  -1.8315412024728857  -5.66726552  -0.054317413378342394 
22 12  0.38811005473447713  -1.4151155199999996  -8.974630676817249 
22 13  -1.8233015794777492  -5.66726552  2.920402167965678 
22 14  -1.2200416521321609  -1.4151155199999996  -3.1744442296511135 
22 15  -0.21514987261111118  -5.66726552  -2.8797842792004564 
23 0  2.7563353628443554  4.441370675  4.517718669348272 
23 1  -1.3211438381010823  0.18922067500000006  1.5365098395032986 
23 2  -1.3211438381010825  -3.019451715  1.5365098395032986 
23 3  2.7563353628443545  1.2326982850000001  4.517718669348272 
23 4  2.4537967436873775  -3.5127861580000004  7.526807233493635 
23 5  -1.018605218944106  0.7393638419999999  -1.4725787246420634 
23 6  -1.0186052189441055  4.934705118  -1.4725787246420634 
23 7  2.4537967436873775  0.6825551180000002  7.526807233493635 
23 8  0.4124238163200682  2.8370344800000002  6.153009291588292 
23 9  1.0227677084232036  -1.41511552  -0.09878078273672086 
23 10  1.8315412024728852  2.8370344800000002  0.05431741337834284 
23 11  -0.3963496777296135  -1.41511552  5.999911095473228 
23 12  1.8233015794777492  2.8370344800000002  -2.9204021679656784 
23 13  -0.38811005473447713  -1.41511552  8.974630676817249 
23 14  0.21514987261111118  2.8370344800000002  2.8797842792004573 
23 15  1.2200416521321609  -1.41511552  3.1744442296511144 
24 0  2.7563353628443554  7.271601715000001  4.517718669348272 
24 1  -1.3211438381010823  3.019451715  1.5365098395032986 
24 2  -1.3211438381010825  -0.18922067499999995  1.5365098395032986 
24 3  2.7563353628443545  4.062929325000001  4.517718669348272 
24 4  2.4537967436873775  -0.682555118  7.526807233493635 
24 5  -1.018605218944106  3.569594882  -1.4725787246420634 
24 6  -1.0186052189441055  7.764936158000001  -1.4725787246420634 
24 7  2.4537967436873775  3.5127861580000004  7.526807233493635 
24 8  0.4124238163200682  5.667265520000001  6.153009291588292 
24 9  1.0227677084232036  1.41511552  -0.09878078273672086 
24 10  1.8315412024728852  5.667265520000001  0.05431741337834284 
24 11  -0.3963496777296135  1.41511552  5.999911095473228 
24 12  1.8233015794777492  5.667265520000001  -2.9204021679656784 
24 13  -0.38811005473447713  1.41511552  8.974630676817249 
24 14  0.21514987261111118  5.667265520000001  2.8797842792004573 
24 15  1.2200416521321609  1.41511552  3.1744442296511144 
25 0  1.3211438381010834  3.0194517149999998  -1.5365098395032986 
25 1  -2.7563353628443545  -1.2326982850000006  -4.517718669348272 
25 2  -2.7563353628443545  -4.441370675000001  -4.517718669348272 
25 3  1.3211438381010825  -0.1892206750000005  -1.5365098395032986 
25 4  1.0186052189441055  -4.934705118000001  1.472578724642064 
25 5  -2.453796743687378  -0.6825551180000007  -7.526807233493634 
25 6  -2.4537967436873775  3.512786158  -7.526807233493634 
25 7  1.0186052189441055  -0.7393638420000004  1.472578724642064 
25 8  -1.0227677084232039  1.4151155199999996  0.0987807827367213 
25 9  -0.4124238163200684  -2.8370344800000007  -6.153009291588292 
25 10  0.39634967772961316  1.4151155199999996  -5.999911095473228 
25 11  -1.8315412024728857  -2.8370344800000007  -0.054317413378342394 
25 12  0.38811005473447713  1.4151155199999996  -8.974630676817249 
25 13  -1.8233015794777492  -2.8370344800000007  2.920402167965678 
25 14  -1.2200416521321609  1.4151155199999996  -3.1744442296511135 
25 15  -0.21514987261111118  -2.8370344800000007  -2.8797842792004564 
26 0  1.8811599562628625  1.6043361950000001  5.957370466411429 
26 1  -2.1963192446825754  -2.647813805  2.976161636566455 
26 2  -2.1963192446825754  -5.8564861950000004  2.976161636566455 
26 3  1.8811599562628616  -1.6043361950000001  5.957370466411429 
26 4  1.5786213371058846  -6.349820638000001  8.966459030556791 
26 5  -1.893780625525599  -2.0976706380000003  -0.03292692757890703 
26 6  -1.8937806255255984  2.0976706380000003  -0.03292692757890703 
26 7  1.5786213371058846  -2.154479362  8.966459030556791 
26 8  -0.46275159026142476  0.0  7.5926610886514485 
26 9  0.14759230184171068  -4.25215  1.3408710143264355 
26 10  0.9563657958913923  0.0  1.4939692104414992 
26 11  -1.2715250843111066  -4.25215  7.439562892536385 
26 12  0.9481261728962562  0.0  -1.480750370902522 
26 13  -1.26328546131597  -4.25215  10.414282473880405 
26 14  -0.6600255339703818  0.0  4.319436076263614 
26 15  0.3448662455506679  -4.25215  4.614096026714271 
27 0  2.1963192446825763  5.8564861950000004  -2.976161636566455 
27 1  -1.8811599562628614  1.6043361950000001  -5.957370466411429 
27 2  -1.8811599562628616  -1.6043361950000001  -5.957370466411429 
27 3  2.1963192446825754  2.647813805  -2.976161636566455 
27 4  1.8937806255255984  -2.0976706380000003  0.032926927578907694 
27 5  -1.578621337105885  2.154479362  -8.966459030556791 
27 6  -1.5786213371058846  6.349820638000001  -8.966459030556791 
27 7  1.8937806255255984  2.0976706380000003  0.032926927578907694 
27 8  -0.1475923018417109  4.25215  -1.340871014326435 
27 9  0.46275159026142454  0.0  -7.5926610886514485 
27 10  1.2715250843111061  4.25215  -7.439562892536385 
27 11  -0.9563657958913926  0.0  -1.4939692104414988 
27 12  1.26328546131597  4.25215  -10.414282473880405 
27 13  -0.9481261728962562  0.0  1.4807503709025216 
27 14  -0.3448662455506679  4.25215  -4.61409602671427 
27 15  0.6600255339703818  0.0  -4.319436076263613 
28 0  3.454350441270907  0.11183154500000025  1.5314626462247807 
28 1  -0.6231287596745305  -4.140318455  -1.449746183620193 
28 2  -0.6231287596745306  -7.348990845  -1.449746183620193 
28 3  3.4543504412709063  -3.096840845  1.5314626462247807 
28 4  3.1518118221139293  -7.8423252880000005  4.540551210370143 
28 5  -0.320590140517554  -3.590175288  -4.458834747765555 
28 6  -0.32059014051755375  0.6051659880000004  -4.458834747765555 
28 7  3.1518118221139293  -3.646984012  4.540551210370143 
28 8  1.1104388947466202  -1.4925046499999999  3.1667532684648005 
28 9  1.7207827868497554  -5.74465465  -3.0850368058602124 
28 10  2.529556280899437  -1.4925046499999999  -2.9319386097451487 
28 11  0.30166540069693837  -5.74465465  3.013655072349737 
28 12  2.521316657904301  -1.4925046499999999  -5.90665819108917 
28 13  0.30990502369207473  -5.74465465  5.988374653693757 
28 14  0.913164951037663  -1.4925046499999999  -0.10647174392303427 
28 15  1.9180567305587126  -5.74465465  0.1881882065276228 
29 0  0.6231287596745316  4.363981545000001  1.449746183620194 
29 1  -3.4543504412709063  0.11183154500000025  -1.5314626462247798 
29 2  -3.4543504412709063  -3.096840845  -1.5314626462247798 
29 3  0.6231287596745307  1.1553091550000003  1.449746183620194 
29 4  0.32059014051755375  -3.590175288  4.4588347477655565 
29 5  -3.1518118221139297  0.6619747120000001  -4.5405512103701415 
29 6  -3.1518118221139293  4.857315988000001  -4.5405512103701415 
29 7  0.32059014051755375  0.6051659880000004  4.4588347477655565 
29 8  -1.7207827868497556  2.7596453500000004  3.085036805860214 
29 9  -1.1104388947466202  -1.4925046499999999  -3.166753268464799 
29 10  -0.3016654006969386  2.7596453500000004  -3.0136550723497355 
29 11  -2.5295562808994374  -1.4925046499999999  2.93193860974515 
29 12  -0.3099050236920746  2.7596453500000004  -5.988374653693757 
29 13  -2.521316657904301  -1.4925046499999999  5.9066581910891705 
29 14  -1.9180567305587126  2.7596453500000004  -0.18818820652762103 
29 15  -0.9131649510376629  -1.4925046499999999  0.10647174392303604 
30 0  0.6231287596745316  7.348990845  1.449746183620194 
30 1  -3.4543504412709063  3.096840845  -1.5314626462247798 
30 2  -3.4543504412709063  -0.11183154500000003  -1.5314626462247798 
30 3  0.6231287596745307  4.140318455  1.449746183620194 
30 4  0.32059014051755375  -0.6051659880000001  4.4588347477655565 
30 5  -3.1518118221139297  3.646984012  -4.5405512103701415 
30 6  -3.1518118221139293  7.8423252880000005  -4.5405512103701415 
30 7  0.32059014051755375  3.590175288  4.4588347477655565 
30 8  -1.7207827868497556  5.74465465  3.085036805860214 
30 9  -1.1104388947466202  1.49250465  -3.166753268464799 
30 10  -0.3016654006969386  5.74465465  -3.0136550723497355 
30 11  -2.5295562808994374  1.49250465  2.93193860974515 
30 12  -0.3099050236920746  5.74465465  -5.988374653693757 
30 13  -2.521316657904301  1.49250465  5.9066581910891705 
30 14  -1.9180567305587126  5.74465465  -0.18818820652762103 
30 15  -0.9131649510376629  1.49250465  0.10647174392303604 
31 0  3.4543504412709076  3.096840845  1.5314626462247807 
31 1  -0.6231287596745303  -1.1553091550000003  -1.449746183620193 
31 2  -0.6231287596745304  -4.363981545000001  -1.449746183620193 
31 3  3.4543504412709067  -0.11183154500000025  1.5314626462247807 
31 4  3.1518118221139297  -4.857315988000001  4.540551210370143 
31 5  -0.3205901405175538  -0.6051659880000004  -4.458834747765555 
31 6  -0.3205901405175535  3.590175288  -4.458834747765555 
31 7  3.1518118221139297  -0.6619747120000001  4.540551210370143 
31 8  1.1104388947466202  1.4925046499999999  3.1667532684648005 
31 9  1.7207827868497558  -2.7596453500000004  -3.0850368058602124 
31 10  2.5295562808994374  1.4925046499999999  -2.9319386097451487 
31 11  0.3016654006969386  -2.7596453500000004  3.013655072349737 
31 12  2.5213166579043014  1.4925046499999999  -5.90665819108917 
31 13  0.30990502369207495  -2.7596453500000004  5.988374653693757 
31 14  0.9131649510376633  1.4925046499999999  -0.10647174392303427 
31 15  1.918056730558713  -2.7596453500000004  0.1881882065276228 
32 0  -0.06130163632731911  0.1586051949999998  4.409564527665731 
32 1  -4.138780837272757  -4.0935448050000005  1.4283556978207579 
32 2  -4.138780837272757  -7.302217195000001  1.4283556978207579 
32 3  -0.06130163632732  -3.0500671950000005  4.409564527665731 
32 4  -0.363840255484297  -7.795551638000001  7.418653091811095 
32 5  -3.8362422181157805  -3.5434016380000006  -1.580732866324604 
32 6  -3.83624221811578  0.651939638  -1.580732866324604 
32 7  -0.363840255484297  -3.6002103620000003  7.418653091811095 
32 8  -2.4052131828516066  -1.4457310000000003  6.044855149905752 
32 9  -1.794869290748471  -5.697881000000001  -0.20693492441926153 
32 10  -0.9860957966987893  -1.4457310000000003  -0.053836728304197834 
32 11  -3.213986676901288  -5.697881000000001  5.891756953790688 
32 12  -0.9943354196939254  -1.4457310000000003  -3.028556309648219 
32 13  -3.2057470539061517  -5.697881000000001  8.866476535134709 
32 14  -2.6024871265605634  -1.4457310000000003  2.7716301375179166 
32 15  -1.5975953470395137  -5.697881000000001  3.0662900879685737 
33 0  4.1387808372727575  4.410755195  -1.4283556978207583 
33 1  0.06130163632731994  0.15860519500000025  -4.409564527665732 
33 2  0.061301636327319775  -3.050067195  -4.409564527665732 
33 3  4.138780837272757  1.2020828050000003  -1.4283556978207583 
33 4  3.83624221811578  -3.543401638  1.5807328663246043 
33 5  0.3638402554842964  0.7087483620000001  -7.418653091811094 
33 6  0.36384025548429666  4.904089638  -7.418653091811094 
33 7  3.83624221811578  0.6519396380000004  1.5807328663246043 
33 8  1.7948692907484705  2.8064190000000004  0.20693492441926153 
33 9  2.4052131828516057  -1.4457309999999999  -6.044855149905752 
33 10  3.2139866769012873  2.8064190000000004  -5.891756953790688 
33 11  0.9860957966987888  -1.4457309999999999  0.053836728304197834 
33 12  3.2057470539061512  2.8064190000000004  -8.866476535134709 
33 13  0.9943354196939251  -1.4457309999999999  3.028556309648218 
33 14  1.5975953470395134  2.8064190000000004  -3.0662900879685733 
33 15  2.602487126560563  -1.4457309999999999  -2.771630137517916 
34 0  4.138780837272758  7.302217195000001  -1.4283556978207583 
34 1  0.061301636327320164  3.0500671950000005  -4.409564527665732 
34 2  0.06130163632732  -0.15860519500000003  -4.409564527665732 
34 3  4.138780837272757  4.0935448050000005  -1.4283556978207583 
34 4  3.83624221811578  -0.6519396380000001  1.5807328663246043 
34 5  0.3638402554842966  3.6002103620000003  -7.418653091811094 
34 6  0.3638402554842969  7.795551638000001  -7.418653091811094 
34 7  3.83624221811578  3.5434016380000006  1.5807328663246043 
34 8  1.7948692907484707  5.697881000000001  0.20693492441926153 
34 9  2.405213182851606  1.445731  -6.044855149905752 
34 10  3.2139866769012877  5.697881000000001  -5.891756953790688 
34 11  0.986095796698789  1.445731  0.053836728304197834 
34 12  3.2057470539061517  5.697881000000001  -8.866476535134709 
34 13  0.9943354196939254  1.445731  3.028556309648218 
34 14  1.5975953470395137  5.697881000000001  -3.0662900879685733 
34 15  2.6024871265605634  1.445731  -2.771630137517916 
35 0  -0.06130163632731822  3.0500671950000005  4.409564527665731 
35 1  -4.138780837272756  -1.2020828049999999  1.4283556978207579 
35 2  -4.138780837272757  -4.410755195  1.4283556978207579 
35 3  -0.06130163632731911  -0.1586051949999998  4.409564527665731 
35 4  -0.3638402554842961  -4.904089638  7.418653091811095 
35 5  -3.8362422181157796  -0.651939638  -1.580732866324604 
35 6  -3.836242218115779  3.5434016380000006  -1.580732866324604 
35 7  -0.3638402554842961  -0.7087483619999997  7.418653091811095 
35 8  -2.4052131828516057  1.4457310000000003  6.044855149905752 
35 9  -1.79486929074847  -2.806419  -0.20693492441926153 
35 10  -0.9860957966987884  1.4457310000000003  -0.053836728304197834 
35 11  -3.2139866769012873  -2.806419  5.891756953790688 
35 12  -0.9943354196939245  1.4457310000000003  -3.028556309648219 
35 13  -3.205747053906151  -2.806419  8.866476535134709 
35 14  -2.6024871265605625  1.4457310000000003  2.7716301375179166 
35 15  -1.5975953470395128  -2.806419  3.0662900879685737 
36 0  1.062733447483351  1.6043361950000001  0.7203065836057228 
36 1  -3.014745753462087  -2.647813805  -2.260902246239251 
36 2  -3.014745753462087  -5.8564861950000004  -2.260902246239251 
36 3  1.06273344748335  -1.6043361950000001  0.7203065836057228 
36 4  0.7601948283263731  -6.349820638000001  3.7293951477510854 
36 5  -2.7122071343051104  -2.0976706380000003  -5.269990810384613 
36 6  -2.71220713430511  2.0976706380000003  -5.269990810384613 
36 7  0.7601948283263731  -2.154479362  3.7293951477510854 
36 8  -1.2811780990409363  0.0  2.3555972058457426 
36 9  -0.6708342069378008  -4.25215  -3.8961928684792704 
36 10  0.13793928711188075  0.0  -3.7430946723642067 
36 11  -2.089951593090618  -4.25215  2.202499009730679 
36 12  0.12969966411674472  0.0  -6.717814253708228 
36 13  -2.0817119700954816  -4.25215  5.177218591074699 
36 14  -1.4784520427498933  0.0  -0.9176278065420922 
36 15  -0.4735602632288436  -4.25215  -0.6229678560914351 
37 0  3.014745753462088  5.8564861950000004  2.260902246239251 
37 1  -1.0627334474833499  1.6043361950000001  -0.7203065836057228 
37 2  -1.06273344748335  -1.6043361950000001  -0.7203065836057228 
37 3  3.014745753462087  2.647813805  2.260902246239251 
37 4  2.71220713430511  -2.0976706380000003  5.269990810384614 
37 5  -0.7601948283263735  2.154479362  -3.7293951477510845 
37 6  -0.7601948283263732  6.349820638000001  -3.7293951477510845 
37 7  2.71220713430511  2.0976706380000003  5.269990810384614 
37 8  0.6708342069378006  4.25215  3.896192868479271 
37 9  1.281178099040936  0.0  -2.355597205845742 
37 10  2.0899515930906176  4.25215  -2.2024990097306785 
37 11  -0.13793928711188108  0.0  3.743094672364207 
37 12  2.0817119700954816  4.25215  -5.1772185910747 
37 13  -0.12969966411674472  0.0  6.7178142537082275 
37 14  0.4735602632288436  4.25215  0.622967856091436 
37 15  1.4784520427498933  0.0  0.9176278065420931 
38 0  -0.06268375638038481  0.18411809499999965  7.463116461169471 
38 1  -4.140162957325822  -4.068031905000001  4.481907631324497 
38 2  -4.140162957325822  -7.276704295000001  4.481907631324497 
38 3  -0.0626837563803857  -3.0245542950000006  7.463116461169471 
38 4  -0.3652223755373627  -7.770038738000001  10.472205025314834 
38 5  -3.837624338168846  -3.517888738000001  1.4728190671791357 
38 6  -3.8376243381688457  0.6774525379999998  1.4728190671791357 
38 7  -0.3652223755373627  -3.5746974620000005  10.472205025314834 
38 8  -2.4065953029046723  -1.4202181000000005  9.09840708340949 
38 9  -1.7962514108015366  -5.672368100000001  2.8466170090844782 
38 10  -0.987477916751855  -1.4202181000000005  2.999715205199542 
38 11  -3.215368796954354  -5.672368100000001  8.945308887294427 
38 12  -0.9957175397469911  -1.4202181000000005  0.02499562385552058 
38 13  -3.2071291739592174  -5.672368100000001  11.920028468638447 
38 14  -2.603869246613629  -1.4202181000000005  5.825182071021656 
38 15  -1.5989774670925794  -5.672368100000001  6.119842021472313 
39 0  4.140162957325824  4.436268095000001  -4.481907631324497 
39 1  0.06268375638038587  0.1841180950000001  -7.463116461169471 
39 2  0.0626837563803857  -3.024554295  -7.463116461169471 
39 3  4.140162957325822  1.2275957050000001  -4.481907631324497 
39 4  3.8376243381688457  -3.5178887380000003  -1.4728190671791346 
39 5  0.3652223755373623  0.734261262  -10.472205025314834 
39 6  0.3652223755373626  4.929602538000001  -10.472205025314834 
39 7  3.8376243381688457  0.6774525380000003  -1.4728190671791346 
39 8  1.7962514108015364  2.8319319000000003  -2.8466170090844773 
39 9  2.406595302904672  -1.4202181  -9.09840708340949 
39 10  3.2153687969543534  2.8319319000000003  -8.945308887294427 
39 11  0.9874779167518547  -1.4202181  -2.999715205199541 
39 12  3.2071291739592174  2.8319319000000003  -11.920028468638447 
39 13  0.9957175397469911  -1.4202181  -0.024995623855520677 
39 14  1.5989774670925794  2.8319319000000003  -6.119842021472312 
39 15  2.603869246613629  -1.4202181  -5.825182071021655 
40 0  4.140162957325824  7.276704295  -4.481907631324497 
40 1  0.06268375638038609  3.024554295  -7.463116461169471 
40 2  0.06268375638038592  -0.1841180950000001  -7.463116461169471 
40 3  4.140162957325823  4.068031905  -4.481907631324497 
40 4  3.8376243381688457  -0.6774525380000002  -1.4728190671791346 
40 5  0.36522237553736253  3.574697462  -10.472205025314834 
40 6  0.3652223755373628  7.770038738  -10.472205025314834 
40 7  3.8376243381688457  3.5178887380000003  -1.4728190671791346 
40 8  1.7962514108015366  5.6723681  -2.8466170090844773 
40 9  2.4065953029046723  1.4202181  -9.09840708340949 
40 10  3.215368796954354  5.6723681  -8.945308887294427 
40 11  0.9874779167518549  1.4202181  -2.999715205199541 
40 12  3.207129173959218  5.6723681  -11.920028468638447 
40 13  0.9957175397469913  1.4202181  -0.024995623855520677 
40 14  1.5989774670925796  5.6723681  -6.119842021472312 
40 15  2.6038692466136295  1.4202181  -5.825182071021655 
41 0  -0.06268375638038481  3.0245542950000006  7.463116461169471 
41 1  -4.140162957325822  -1.2275957049999997  4.481907631324497 
41 2  -4.140162957325822  -4.436268095  4.481907631324497 
41 3  -0.0626837563803857  -0.18411809499999965  7.463116461169471 
41 4  -0.3652223755373627  -4.929602538  10.472205025314834 
41 5  -3.837624338168846  -0.6774525379999998  1.4728190671791357 
41 6  -3.8376243381688457  3.517888738000001  1.4728190671791357 
41 7  -0.3652223755373627  -0.7342612619999995  10.472205025314834 
41 8  -2.4065953029046723  1.4202181000000005  9.09840708340949 
41 9  -1.7962514108015366  -2.8319319  2.8466170090844782 
41 10  -0.987477916751855  1.4202181000000005  2.999715205199542 
41 11  -3.215368796954354  -2.8319319  8.945308887294427 
41 12  -0.9957175397469911  1.4202181000000005  0.02499562385552058 
41 13  -3.2071291739592174  -2.8319319  11.920028468638447 
41 14  -2.603869246613629  1.4202181000000005  5.825182071021656 
41 15  -1.5989774670925794  -2.8319319  6.119842021472313 