 5.448  0  0  -2.723999999999999  4.718106399817622  0  4.954308625950617e-16  4.671341028013259  6.606273836286233 
5
0 6  -2.7239999988736026e-06  5.481076353253844  3.3031369181431165 
0 7  2.724002724000001  1.5727005605704074  0.0 
0 8  -1.2394199999999993  3.644373463189523  1.7176311974344207 
0 9  1.6988864678705334e-15  8.033355568552905  4.888642638851812 
0 10  1.2394200000000006  3.644373463189523  1.7176311974344207 
0 11  -1.239419999999999  5.886617156635888  4.888642638851812 
0 12  1.4610796538249039e-15  5.791111875106541  1.7176311974344207 
0 13  1.2394200000000009  5.886617156635888  4.888642638851812 
1 6  -2.723999999121318e-06  3.145405839247214  0.0 
1 7  2.7240027240000004  -0.7629699534362222  -3.3031369181431165 
1 8  -1.2394199999999995  1.3087029491828934  -1.5855057207086958 
1 9  1.4511710365730025e-15  5.697685054546275  1.5855057207086958 
1 10  1.2394200000000004  1.3087029491828934  -1.5855057207086958 
1 11  -1.2394199999999993  3.550946642629258  1.5855057207086958 
1 12  1.213364222527373e-15  3.4554413610999113  -1.5855057207086958 
1 13  1.2394200000000006  3.550946642629258  1.5855057207086958 
2 6  1.213806683744885e-16  1.1444785518632479  1.618537089890127 
2 7  2.7240054479999998  -2.7638972408201887  -1.6845998282529895 
2 8  -1.2394172760000004  -0.6922243382010729  0.033031369181431236 
2 9  2.7240000006938696e-06  3.6967577671623086  3.204042810598823 
2 10  1.2394227239999995  -0.6922243382010729  0.033031369181431236 
2 11  -1.2394172760000002  1.5500193552452917  3.204042810598823 
2 12  2.724000000456063e-06  1.454514073715945  0.033031369181431236 
2 13  1.2394227239999998  1.5500193552452917  3.204042810598823 
3 6  -1.2138024485801487e-16  -1.1444785518632488  -1.6185370898901272 
3 7  2.7240054479999998  -5.052854344546685  -4.921674008033244 
3 8  -1.2394172760000006  -2.9811814419275695  -3.204042810598823 
3 9  2.7240000004511087e-06  1.407800663435812  -0.03303136918143146 
3 10  1.2394227239999993  -2.9811814419275695  -3.204042810598823 
3 11  -1.2394172760000004  -0.738937748481205  -0.03303136918143146 
3 12  2.724000000213302e-06  -0.8344430300105516  -3.204042810598823 
3 13  1.2394227239999995  -0.738937748481205  -0.03303136918143146 
4 6  -2.7240054479999998  2.763897240820188  1.6845998282529895 
4 7  0.0  -1.1444785518632485  -1.618537089890127 
4 8  -3.963422724  0.9271943507558671  0.09909410754429371 
4 9  -2.724002723999999  5.316176456119249  3.270105548961685 
4 10  -1.4845827240000002  0.9271943507558671  0.09909410754429371 
4 11  -3.963422724  3.1694380442022316  3.270105548961685 
4 12  -2.7240027239999995  3.073932762672885  0.09909410754429371 
4 13  -1.484582724  3.1694380442022316  3.270105548961685 
5 6  -2.724005448  0.38151331653342524  -1.6845998282529893 
5 7  -4.440892098500626e-16  -3.5268624761500114  -4.987736746396106 
5 8  -3.963422724000001  -1.4551895735308955  -3.270105548961685 
5 9  -2.7240027239999995  2.933792531832486  -0.09909410754429349 
5 10  -1.4845827240000007  -1.4551895735308955  -3.270105548961685 
5 11  -3.9634227240000004  0.787054119915469  -0.09909410754429349 
5 12  -2.724002724  0.6915488383861224  -3.270105548961685 
5 13  -1.4845827240000005  0.787054119915469  -0.09909410754429349 
6 0  2.7239999988736026e-06  -5.481076353253844  -3.3031369181431165 
6 1  2.723999999121318e-06  -3.145405839247214  0.0 
6 2  -1.213806683744885e-16  -1.1444785518632479  -1.618537089890127 
6 3  1.2138024485801487e-16  1.1444785518632488  1.6185370898901272 
6 4  2.7240054479999998  -2.763897240820188  -1.6845998282529895 
6 5  2.724005448  -0.38151331653342524  1.6845998282529893 
7 0  -2.724002724000001  -1.5727005605704074  0.0 
7 1  -2.7240027240000004  0.7629699534362222  3.3031369181431165 
7 2  -2.7240054479999998  2.7638972408201887  1.6845998282529895 
7 3  -2.7240054479999998  5.052854344546685  4.921674008033244 
7 4  0.0  1.1444785518632485  1.618537089890127 
7 5  4.440892098500626e-16  3.5268624761500114  4.987736746396106 
8 0  1.2394199999999993  -3.644373463189523  -1.7176311974344207 
8 1  1.2394199999999995  -1.3087029491828934  1.5855057207086958 
8 2  1.2394172760000004  0.6922243382010729  -0.033031369181431236 
8 3  1.2394172760000006  2.9811814419275695  3.204042810598823 
8 4  3.963422724  -0.9271943507558671  -0.09909410754429371 
8 5  3.963422724000001  1.4551895735308955  3.270105548961685 
9 0  -1.6988864678705334e-15  -8.033355568552905  -4.888642638851812 
9 1  -1.4511710365730025e-15  -5.697685054546275  -1.5855057207086958 
9 2  -2.7240000006938696e-06  -3.6967577671623086  -3.204042810598823 
9 3  -2.7240000004511087e-06  -1.407800663435812  0.03303136918143146 
9 4  2.724002723999999  -5.316176456119249  -3.270105548961685 
9 5  2.7240027239999995  -2.933792531832486  0.09909410754429349 
10 0  -1.2394200000000006  -3.644373463189523  -1.7176311974344207 
10 1  -1.2394200000000004  -1.3087029491828934  1.5855057207086958 
10 2  -1.2394227239999995  0.6922243382010729  -0.033031369181431236 
10 3  -1.2394227239999993  2.9811814419275695  3.204042810598823 
10 4  1.4845827240000002  -0.9271943507558671  -0.09909410754429371 
10 5  1.4845827240000007  1.4551895735308955  3.270105548961685 
11 0  1.239419999999999  -5.886617156635888  -4.888642638851812 
11 1  1.2394199999999993  -3.550946642629258  -1.5855057207086958 
11 2  1.2394172760000002  -1.5500193552452917  -3.204042810598823 
11 3  1.2394172760000004  0.738937748481205  0.03303136918143146 
11 4  3.963422724  -3.1694380442022316  -3.270105548961685 
11 5  3.9634227240000004  -0.787054119915469  0.09909410754429349 
12 0  -1.4610796538249039e-15  -5.791111875106541  -1.7176311974344207 
12 1  -1.213364222527373e-15  -3.4554413610999113  1.5855057207086958 
12 2  -2.724000000456063e-06  -1.454514073715945  -0.033031369181431236 
12 3  -2.724000000213302e-06  0.8344430300105516  3.204042810598823 
12 4  2.7240027239999995  -3.073932762672885  -0.09909410754429371 
12 5  2.724002724  -0.6915488383861224  3.270105548961685 
13 0  -1.2394200000000009  -5.886617156635888  -4.888642638851812 
13 1  -1.2394200000000006  -3.550946642629258  -1.5855057207086958 
13 2  -1.2394227239999998  -1.5500193552452917  -3.204042810598823 
13 3  -1.2394227239999995  0.738937748481205  0.03303136918143146 
13 4  1.484582724  -3.1694380442022316  -3.270105548961685 
13 5  1.4845827240000005  -0.787054119915469  0.09909410754429349 