 5.557  0  0  4.635288134772732e-16  7.57  0  3.2042883499690493e-16  0.0  5.233 
5
0 8  2.1279975799999997  0.0  -4.519951419999999 
0 9  -0.13592421999999987  3.785  -1.9034514199999992 
0 10  4.90649758  0.0  -3.126926819999999 
0 11  2.6425757800000005  3.785  -0.5104268199999993 
0 12  1.3166755799999996  -1.439057  -1.5282453199999995 
0 13  0.67539778  5.224057  -4.144745319999999 
0 14  4.09517558  1.439057  -0.885632919999999 
0 15  3.45389778  2.345943  -3.5021329199999993 
0 16  3.45389778  5.224057  -3.5021329199999993 
0 17  4.09517558  -1.439057  -0.885632919999999 
0 18  0.6753977799999997  2.345943  -4.144745319999999 
0 19  1.3166755799999998  1.439057  -1.5282453199999995 
1 8  0.1359242199999997  -3.785  -1.9034514200000001 
1 9  -2.1279975799999997  0.0  0.7130485799999997 
1 10  2.9144242199999995  -3.785  -0.5104268200000002 
1 11  0.6505024200000005  0.0  2.1060731799999997 
1 12  -0.6753977800000004  -5.224057  1.0882546799999995 
1 13  -1.31667558  1.439057  -1.5282453200000001 
1 14  2.10310222  -2.345943  1.73086708 
1 15  1.4618244200000001  -1.439057  -0.8856329200000002 
1 16  1.4618244200000001  1.439057  -0.8856329200000002 
1 17  2.10310222  -5.224057  1.73086708 
1 18  -1.3166755800000003  -1.439057  -1.5282453200000001 
1 19  -0.6753977800000002  -2.345943  1.0882546799999995 
2 8  -0.65050242  0.0  -2.10607318 
2 9  -2.91442422  3.785  0.5104268199999997 
2 10  2.1279975799999997  0.0  -0.7130485800000002 
2 11  -0.13592421999999926  3.785  1.9034514199999997 
2 12  -1.4618244200000001  -1.439057  0.8856329199999995 
2 13  -2.10310222  5.224057  -1.7308670800000001 
2 14  1.31667558  1.439057  1.52824532 
2 15  0.6753977800000004  2.345943  -1.0882546800000001 
2 16  0.6753977800000004  5.224057  -1.0882546800000001 
2 17  1.31667558  -1.439057  1.52824532 
2 18  -2.1031022200000002  2.345943  -1.7308670800000001 
2 19  -1.46182442  1.439057  0.8856329199999995 
3 8  -2.64257578  -3.785  0.51042682 
3 9  -4.90649758  0.0  3.1269268199999996 
3 10  0.1359242199999997  -3.785  1.90345142 
3 11  -2.1279975799999993  0.0  4.51995142 
3 12  -3.45389778  -5.224057  3.5021329199999993 
3 13  -4.095175579999999  1.439057  0.8856329199999999 
3 14  -0.67539778  -2.345943  4.14474532 
3 15  -1.3166755799999996  -1.439057  1.52824532 
3 16  -1.3166755799999996  1.439057  1.52824532 
3 17  -0.67539778  -5.224057  4.14474532 
3 18  -4.09517558  -1.439057  0.8856329199999999 
3 19  -3.45389778  -2.345943  3.5021329199999993 
4 8  -0.25728909999999994  1.8925  0.6117376999999999 
4 9  -2.5212109  5.6775  3.2282376999999998 
4 10  2.5212109  1.8925  2.0047623 
4 11  0.2572891000000008  5.6775  4.6212623 
4 12  -1.0686111  0.45344300000000004  3.6034437999999995 
4 13  -1.7098888999999997  7.116557  0.9869437999999999 
4 14  1.7098889000000002  3.331557  4.2460562 
4 15  1.0686111000000005  4.238443  1.6295562 
4 16  1.0686111000000005  7.116557  1.6295562 
4 17  1.7098889000000002  0.45344300000000004  4.2460562 
4 18  -1.7098889  4.238443  0.9869437999999999 
4 19  -1.0686110999999998  3.331557  3.6034437999999995 
5 8  2.5212109000000003  1.8925  -2.0047623 
5 9  0.25728910000000044  5.6775  0.6117376999999999 
5 10  5.2997109  1.8925  -0.6117376999999999 
5 11  3.035789100000001  5.6775  2.0047623 
5 12  1.7098889  0.45344300000000004  0.9869437999999997 
5 13  1.0686111000000003  7.116557  -1.6295562 
5 14  4.4883889  3.331557  1.6295562000000001 
5 15  3.8471111000000007  4.238443  -0.9869437999999999 
5 16  3.8471111000000007  7.116557  -0.9869437999999999 
5 17  4.4883889  0.45344300000000004  1.6295562000000001 
5 18  1.0686111  4.238443  -1.6295562 
5 19  1.7098889000000002  3.331557  0.9869437999999997 
6 8  2.5212109  -1.8925  -2.0047623 
6 9  0.2572891000000002  1.8925  0.6117376999999999 
6 10  5.2997109  -1.8925  -0.6117376999999999 
6 11  3.0357891000000006  1.8925  2.0047623 
6 12  1.7098888999999997  -3.331557  0.9869437999999997 
6 13  1.0686111  3.331557  -1.6295562 
6 14  4.4883889  -0.45344300000000004  1.6295562000000001 
6 15  3.8471111000000002  0.45344300000000004  -0.9869437999999999 
6 16  3.8471111000000002  3.331557  -0.9869437999999999 
6 17  4.4883889  -3.331557  1.6295562000000001 
6 18  1.0686110999999998  0.45344300000000004  -1.6295562 
6 19  1.7098889  -0.45344300000000004  0.9869437999999997 
7 8  -0.2572891000000004  -1.8925  0.6117376999999999 
7 9  -2.5212109  1.8925  3.2282376999999998 
7 10  2.5212108999999994  -1.8925  2.0047623 
7 11  0.2572891000000004  1.8925  4.6212623 
7 12  -1.0686111000000005  -3.331557  3.6034437999999995 
7 13  -1.7098889000000002  3.331557  0.9869437999999999 
7 14  1.7098888999999997  -0.45344300000000004  4.2460562 
7 15  1.0686111  0.45344300000000004  1.6295562 
7 16  1.0686111  3.331557  1.6295562 
7 17  1.7098888999999997  -3.331557  4.2460562 
7 18  -1.7098889000000004  0.45344300000000004  0.9869437999999999 
7 19  -1.0686111000000003  -0.45344300000000004  3.6034437999999995 
8 0  -2.1279975799999997  0.0  4.519951419999999 
8 1  -0.1359242199999997  3.785  1.9034514200000001 
8 2  0.65050242  0.0  2.10607318 
8 3  2.64257578  3.785  -0.51042682 
8 4  0.25728909999999994  -1.8925  -0.6117376999999999 
8 5  -2.5212109000000003  -1.8925  2.0047623 
8 6  -2.5212109  1.8925  2.0047623 
8 7  0.2572891000000004  1.8925  -0.6117376999999999 
9 0  0.13592421999999987  -3.785  1.9034514199999992 
9 1  2.1279975799999997  0.0  -0.7130485799999997 
9 2  2.91442422  -3.785  -0.5104268199999997 
9 3  4.90649758  0.0  -3.1269268199999996 
9 4  2.5212109  -5.6775  -3.2282376999999998 
9 5  -0.25728910000000044  -5.6775  -0.6117376999999999 
9 6  -0.2572891000000002  -1.8925  -0.6117376999999999 
9 7  2.5212109  -1.8925  -3.2282376999999998 
10 0  -4.90649758  0.0  3.126926819999999 
10 1  -2.9144242199999995  3.785  0.5104268200000002 
10 2  -2.1279975799999997  0.0  0.7130485800000002 
10 3  -0.1359242199999997  3.785  -1.90345142 
10 4  -2.5212109  -1.8925  -2.0047623 
10 5  -5.2997109  -1.8925  0.6117376999999999 
10 6  -5.2997109  1.8925  0.6117376999999999 
10 7  -2.5212108999999994  1.8925  -2.0047623 
11 0  -2.6425757800000005  -3.785  0.5104268199999993 
11 1  -0.6505024200000005  0.0  -2.1060731799999997 
11 2  0.13592421999999926  -3.785  -1.9034514199999997 
11 3  2.1279975799999993  0.0  -4.51995142 
11 4  -0.2572891000000008  -5.6775  -4.6212623 
11 5  -3.035789100000001  -5.6775  -2.0047623 
11 6  -3.0357891000000006  -1.8925  -2.0047623 
11 7  -0.2572891000000004  -1.8925  -4.6212623 
12 0  -1.3166755799999996  1.439057  1.5282453199999995 
12 1  0.6753977800000004  5.224057  -1.0882546799999995 
12 2  1.4618244200000001  1.439057  -0.8856329199999995 
12 3  3.45389778  5.224057  -3.5021329199999993 
12 4  1.0686111  -0.45344300000000004  -3.6034437999999995 
12 5  -1.7098889  -0.45344300000000004  -0.9869437999999997 
12 6  -1.7098888999999997  3.331557  -0.9869437999999997 
12 7  1.0686111000000005  3.331557  -3.6034437999999995 
13 0  -0.67539778  -5.224057  4.144745319999999 
13 1  1.31667558  -1.439057  1.5282453200000001 
13 2  2.10310222  -5.224057  1.7308670800000001 
13 3  4.095175579999999  -1.439057  -0.8856329199999999 
13 4  1.7098888999999997  -7.116557  -0.9869437999999999 
13 5  -1.0686111000000003  -7.116557  1.6295562 
13 6  -1.0686111  -3.331557  1.6295562 
13 7  1.7098889000000002  -3.331557  -0.9869437999999999 
14 0  -4.09517558  -1.439057  0.885632919999999 
14 1  -2.10310222  2.345943  -1.73086708 
14 2  -1.31667558  -1.439057  -1.52824532 
14 3  0.67539778  2.345943  -4.14474532 
14 4  -1.7098889000000002  -3.331557  -4.2460562 
14 5  -4.4883889  -3.331557  -1.6295562000000001 
14 6  -4.4883889  0.45344300000000004  -1.6295562000000001 
14 7  -1.7098888999999997  0.45344300000000004  -4.2460562 
15 0  -3.45389778  -2.345943  3.5021329199999993 
15 1  -1.4618244200000001  1.439057  0.8856329200000002 
15 2  -0.6753977800000004  -2.345943  1.0882546800000001 
15 3  1.3166755799999996  1.439057  -1.52824532 
15 4  -1.0686111000000005  -4.238443  -1.6295562 
15 5  -3.8471111000000007  -4.238443  0.9869437999999999 
15 6  -3.8471111000000002  -0.45344300000000004  0.9869437999999999 
15 7  -1.0686111  -0.45344300000000004  -1.6295562 
16 0  -3.45389778  -5.224057  3.5021329199999993 
16 1  -1.4618244200000001  -1.439057  0.8856329200000002 
16 2  -0.6753977800000004  -5.224057  1.0882546800000001 
16 3  1.3166755799999996  -1.439057  -1.52824532 
16 4  -1.0686111000000005  -7.116557  -1.6295562 
16 5  -3.8471111000000007  -7.116557  0.9869437999999999 
16 6  -3.8471111000000002  -3.331557  0.9869437999999999 
16 7  -1.0686111  -3.331557  -1.6295562 
17 0  -4.09517558  1.439057  0.885632919999999 
17 1  -2.10310222  5.224057  -1.73086708 
17 2  -1.31667558  1.439057  -1.52824532 
17 3  0.67539778  5.224057  -4.14474532 
17 4  -1.7098889000000002  -0.45344300000000004  -4.2460562 
17 5  -4.4883889  -0.45344300000000004  -1.6295562000000001 
17 6  -4.4883889  3.331557  -1.6295562000000001 
17 7  -1.7098888999999997  3.331557  -4.2460562 
18 0  -0.6753977799999997  -2.345943  4.144745319999999 
18 1  1.3166755800000003  1.439057  1.5282453200000001 
18 2  2.1031022200000002  -2.345943  1.7308670800000001 
18 3  4.09517558  1.439057  -0.8856329199999999 
18 4  1.7098889  -4.238443  -0.9869437999999999 
18 5  -1.0686111  -4.238443  1.6295562 
18 6  -1.0686110999999998  -0.45344300000000004  1.6295562 
18 7  1.7098889000000004  -0.45344300000000004  -0.9869437999999999 
19 0  -1.3166755799999998  -1.439057  1.5282453199999995 
19 1  0.6753977800000002  2.345943  -1.0882546799999995 
19 2  1.46182442  -1.439057  -0.8856329199999995 
19 3  3.45389778  2.345943  -3.5021329199999993 
19 4  1.0686110999999998  -3.331557  -3.6034437999999995 
19 5  -1.7098889000000002  -3.331557  -0.9869437999999997 
19 6  -1.7098889  0.45344300000000004  -0.9869437999999997 
19 7  1.0686111000000003  0.45344300000000004  -3.6034437999999995 