         0         8   4.46392   2.62909   4.75177
         0         9   2.73486   4.95150
         0        10   4.60250   4.88461   2.39501
         0        11   4.65805   3.38604   4.83676
         0        12   4.65805   3.38604   4.83676
         0        13   4.60250   4.88461   2.39501
         0        14   2.73486   4.95150
         0        15   4.46392   2.62909   4.75177
         0        16   2.47759   3.18986
         0        17   4.49500   4.49500
         0        18   2.37040   3.16016
         0        19   4.73384   4.73384   4.87929   4.87929
         1         8   2.73486   4.95150
         1         9   4.75177   4.46392   2.62909
         1        10   3.38604   4.83676   4.65805
         1        11   4.88461   2.39501   4.60250
         1        12   4.88461   2.39501   4.60250
         1        13   3.38604   4.83676   4.65805
         1        14   4.75177   4.46392   2.62909
         1        15   2.73486   4.95150
         1        16   4.49500   4.49500
         1        17   3.18986   2.47759
         1        18   4.87929   4.87929   4.73384   4.73384
         1        19   2.37040   3.16016
         2         8   4.60250   2.39501   4.88461
         2         9   4.65805   4.83676   3.38604
         2        10   2.62909   4.46392   4.75177
         2        11   4.95150   2.73486
         2        12   4.95150   2.73486
         2        13   2.62909   4.46392   4.75177
         2        14   4.65805   4.83676   3.38604
         2        15   4.60250   2.39501   4.88461
         2        16   3.16016   2.37040
         2        17   4.73384   4.73384   4.87929   4.87929
         2        18   2.47759   3.18986
         2        19   4.49500   4.49500
         3         8   4.83676   3.38604   4.65805
         3         9   2.39501   4.88461   4.60250
         3        10   4.95150   2.73486
         3        11   4.75177   2.62909   4.46392
         3        12   4.75177   2.62909   4.46392
         3        13   4.95150   2.73486
         3        14   2.39501   4.88461   4.60250
         3        15   4.83676   3.38604   4.65805
         3        16   4.87929   4.87929   4.73384   4.73384
         3        17   3.16016   2.37040
         3        18   4.49500   4.49500
         3        19   3.18986   2.47759
         4         8   4.71155   4.06277   2.00857
         4         9   4.12438   2.01514   4.65203
         4        10   4.07027   4.67605
         4        11   4.67322   4.06702
         4        12   2.00857   4.06277   4.71155
         4        13   4.65203   2.01514   4.12438
         4        14   4.67605   4.07027
         4        15   4.06702   4.67322
         4        16   2.00086
         4        17   4.73391   4.18323   4.59246   4.02246
         4        18   4.02246   4.59246   4.18323   4.73391
         4        19   2.00086
         5         8   2.01514   4.65203   4.12438
         5         9   4.06277   2.00857   4.71155
         5        10   4.06702   4.67322
         5        11   4.67605   4.07027
         5        12   4.12438   4.65203   2.01514
         5        13   4.71155   2.00857   4.06277
         5        14   4.67322   4.06702
         5        15   4.07027   4.67605
         5        16   4.59246   4.02246   4.73391   4.18323
         5        17   2.00086
         5        18   2.00086
         5        19   4.18323   4.73391   4.02246   4.59246
         6         8   4.67605   4.07027
         6         9   4.06702   4.67322
         6        10   4.71155   2.00857   4.06277
         6        11   4.12438   4.65203   2.01514
         6        12   4.07027   4.67605
         6        13   4.67322   4.06702
         6        14   4.06277   2.00857   4.71155
         6        15   2.01514   4.65203   4.12438
         6        16   4.59246   4.02246   4.73391   4.18323
         6        17   2.00086
         6        18   2.00086
         6        19   4.18323   4.73391   4.02246   4.59246
         7         8   4.67322   4.06702
         7         9   4.07027   4.67605
         7        10   4.65203   2.01514   4.12438
         7        11   2.00857   4.06277   4.71155
         7        12   4.06702   4.67322
         7        13   4.67605   4.07027
         7        14   4.12438   2.01514   4.65203
         7        15   4.71155   4.06277   2.00857
         7        16   2.00086
         7        17   4.73391   4.18323   4.59246   4.02246
         7        18   4.02246   4.59246   4.18323   4.73391
         7        19   2.00086
         8         0   4.75177   2.62909   4.46392
         8         1   4.95150   2.73486
         8         2   4.88461   2.39501   4.60250
         8         3   4.65805   3.38604   4.83676
         8         4   2.00857   4.06277   4.71155
         8         5   4.12438   4.65203   2.01514
         8         6   4.07027   4.67605
         8         7   4.06702   4.67322
         9         0   4.95150   2.73486
         9         1   2.62909   4.46392   4.75177
         9         2   3.38604   4.83676   4.65805
         9         3   4.60250   4.88461   2.39501
         9         4   4.65203   2.01514   4.12438
         9         5   4.71155   2.00857   4.06277
         9         6   4.67322   4.06702
         9         7   4.67605   4.07027
        10         0   2.39501   4.88461   4.60250
        10         1   4.65805   4.83676   3.38604
        10         2   4.75177   4.46392   2.62909
        10         3   2.73486   4.95150
        10         4   4.67605   4.07027
        10         5   4.67322   4.06702
        10         6   4.06277   2.00857   4.71155
        10         7   4.12438   2.01514   4.65203
        11         0   4.83676   3.38604   4.65805
        11         1   4.60250   2.39501   4.88461
        11         2   2.73486   4.95150
        11         3   4.46392   2.62909   4.75177
        11         4   4.06702   4.67322
        11         5   4.07027   4.67605
        11         6   2.01514   4.65203   4.12438
        11         7   4.71155   4.06277   2.00857
        12         0   4.83676   3.38604   4.65805
        12         1   4.60250   2.39501   4.88461
        12         2   2.73486   4.95150
        12         3   4.46392   2.62909   4.75177
        12         4   4.71155   4.06277   2.00857
        12         5   2.01514   4.65203   4.12438
        12         6   4.67605   4.07027
        12         7   4.67322   4.06702
        13         0   2.39501   4.88461   4.60250
        13         1   4.65805   4.83676   3.38604
        13         2   4.75177   4.46392   2.62909
        13         3   2.73486   4.95150
        13         4   4.12438   2.01514   4.65203
        13         5   4.06277   2.00857   4.71155
        13         6   4.06702   4.67322
        13         7   4.07027   4.67605
        14         0   4.95150   2.73486
        14         1   2.62909   4.46392   4.75177
        14         2   3.38604   4.83676   4.65805
        14         3   4.60250   4.88461   2.39501
        14         4   4.07027   4.67605
        14         5   4.06702   4.67322
        14         6   4.71155   2.00857   4.06277
        14         7   4.65203   2.01514   4.12438
        15         0   4.75177   2.62909   4.46392
        15         1   4.95150   2.73486
        15         2   4.88461   2.39501   4.60250
        15         3   4.65805   3.38604   4.83676
        15         4   4.67322   4.06702
        15         5   4.67605   4.07027
        15         6   4.12438   4.65203   2.01514
        15         7   2.00857   4.06277   4.71155
        16         0   3.18986   2.47759
        16         1   4.49500   4.49500
        16         2   2.37040   3.16016
        16         3   4.73384   4.73384   4.87929   4.87929
        16         4   2.00086
        16         5   4.18323   4.73391   4.02246   4.59246
        16         6   4.18323   4.73391   4.02246   4.59246
        16         7   2.00086
        17         0   4.49500   4.49500
        17         1   2.47759   3.18986
        17         2   4.87929   4.87929   4.73384   4.73384
        17         3   2.37040   3.16016
        17         4   4.02246   4.59246   4.18323   4.73391
        17         5   2.00086
        17         6   2.00086
        17         7   4.02246   4.59246   4.18323   4.73391
        18         0   3.16016   2.37040
        18         1   4.73384   4.73384   4.87929   4.87929
        18         2   3.18986   2.47759
        18         3   4.49500   4.49500
        18         4   4.73391   4.18323   4.59246   4.02246
        18         5   2.00086
        18         6   2.00086
        18         7   4.73391   4.18323   4.59246   4.02246
        19         0   4.87929   4.87929   4.73384   4.73384
        19         1   3.16016   2.37040
        19         2   4.49500   4.49500
        19         3   2.47759   3.18986
        19         4   2.00086
        19         5   4.59246   4.02246   4.73391   4.18323
        19         6   4.59246   4.02246   4.73391   4.18323
        19         7   2.00086
