         0         8   2.24428   4.99583   3.50236
         0         9   4.23885   4.23885
         0        10   2.20425   3.19387
         0        11   4.64435   4.64435   4.80423   4.80423
         0        12   4.18685   2.47791   4.73147
         0        13   2.67281   4.81025
         0        14   4.43009   4.80702   2.23431
         0        15   4.51982   3.59477   4.71078
         0        16   4.51982   3.59477   4.71078
         0        17   4.43009   4.80702   2.23431
         0        18   2.67281   4.81025
         0        19   4.18685   2.47791   4.73147
         1         8   4.23885   4.23885
         1         9   3.50236   2.24428   4.99583
         1        10   4.80423   4.80423   4.64435   4.64435
         1        11   2.20425   3.19387
         1        12   2.67281   4.81025
         1        13   4.73147   4.18685   2.47791
         1        14   3.59477   4.71078   4.51982
         1        15   4.80702   2.23431   4.43009
         1        16   4.80702   2.23431   4.43009
         1        17   3.59477   4.71078   4.51982
         1        18   4.73147   4.18685   2.47791
         1        19   2.67281   4.81025
         2         8   3.19387   2.20425
         2         9   4.64435   4.64435   4.80423   4.80423
         2        10   4.99583   2.24428   3.50236
         2        11   4.23885   4.23885
         2        12   4.43009   2.23431   4.80702
         2        13   4.51982   4.71078   3.59477
         2        14   2.47791   4.18685   4.73147
         2        15   4.81025   2.67281
         2        16   4.81025   2.67281
         2        17   2.47791   4.18685   4.73147
         2        18   4.51982   4.71078   3.59477
         2        19   4.43009   2.23431   4.80702
         3         8   4.80423   4.80423   4.64435   4.64435
         3         9   3.19387   2.20425
         3        10   4.23885   4.23885
         3        11   3.50236   4.99583   2.24428
         3        12   4.71078   3.59477   4.51982
         3        13   2.23431   4.80702   4.43009
         3        14   4.81025   2.67281
         3        15   4.73147   2.47791   4.18685
         3        16   4.73147   2.47791   4.18685
         3        17   4.81025   2.67281
         3        18   2.23431   4.80702   4.43009
         3        19   4.71078   3.59477   4.51982
         4         8   2.00549
         4         9   4.81862   4.10081   4.51216   3.73592
         4        10   3.73592   4.51216   4.10081   4.81862
         4        11   2.00549
         4        12   4.79653   3.78581   2.00075
         4        13   3.99749   2.02568   4.59982
         4        14   3.87260   4.67570
         4        15   4.66495   3.85962
         4        16   2.00075   3.78581   4.79653
         4        17   4.59982   2.02568   3.99749
         4        18   4.67570   3.87260
         4        19   3.85962   4.66495
         5         8   4.51216   3.73592   4.81862   4.10081
         5         9   2.00549
         5        10   2.00549
         5        11   4.10081   4.81862   3.73592   4.51216
         5        12   2.02568   4.59982   3.99749
         5        13   3.78581   2.00075   4.79653
         5        14   3.85962   4.66495
         5        15   4.67570   3.87260
         5        16   3.99749   4.59982   2.02568
         5        17   4.79653   2.00075   3.78581
         5        18   4.66495   3.85962
         5        19   3.87260   4.67570
         6         8   4.51216   3.73592   4.81862   4.10081
         6         9   2.00549
         6        10   2.00549
         6        11   4.10081   4.81862   3.73592   4.51216
         6        12   4.67570   3.87260
         6        13   3.85962   4.66495
         6        14   4.79653   2.00075   3.78581
         6        15   3.99749   4.59982   2.02568
         6        16   3.87260   4.67570
         6        17   4.66495   3.85962
         6        18   3.78581   2.00075   4.79653
         6        19   2.02568   4.59982   3.99749
         7         8   2.00549
         7         9   4.81862   4.10081   4.51216   3.73592
         7        10   3.73592   4.51216   4.10081   4.81862
         7        11   2.00549
         7        12   4.66495   3.85962
         7        13   3.87260   4.67570
         7        14   4.59982   2.02568   3.99749
         7        15   2.00075   3.78581   4.79653
         7        16   3.85962   4.66495
         7        17   4.67570   3.87260
         7        18   3.99749   2.02568   4.59982
         7        19   4.79653   3.78581   2.00075
         8         0   3.50236   4.99583   2.24428
         8         1   4.23885   4.23885
         8         2   2.20425   3.19387
         8         3   4.64435   4.64435   4.80423   4.80423
         8         4   2.00549
         8         5   4.10081   4.81862   3.73592   4.51216
         8         6   4.10081   4.81862   3.73592   4.51216
         8         7   2.00549
         9         0   4.23885   4.23885
         9         1   4.99583   2.24428   3.50236
         9         2   4.80423   4.80423   4.64435   4.64435
         9         3   2.20425   3.19387
         9         4   3.73592   4.51216   4.10081   4.81862
         9         5   2.00549
         9         6   2.00549
         9         7   3.73592   4.51216   4.10081   4.81862
        10         0   3.19387   2.20425
        10         1   4.64435   4.64435   4.80423   4.80423
        10         2   3.50236   2.24428   4.99583
        10         3   4.23885   4.23885
        10         4   4.81862   4.10081   4.51216   3.73592
        10         5   2.00549
        10         6   2.00549
        10         7   4.81862   4.10081   4.51216   3.73592
        11         0   4.80423   4.80423   4.64435   4.64435
        11         1   3.19387   2.20425
        11         2   4.23885   4.23885
        11         3   2.24428   4.99583   3.50236
        11         4   2.00549
        11         5   4.51216   3.73592   4.81862   4.10081
        11         6   4.51216   3.73592   4.81862   4.10081
        11         7   2.00549
        12         0   4.73147   2.47791   4.18685
        12         1   4.81025   2.67281
        12         2   4.80702   2.23431   4.43009
        12         3   4.51982   3.59477   4.71078
        12         4   2.00075   3.78581   4.79653
        12         5   3.99749   4.59982   2.02568
        12         6   3.87260   4.67570
        12         7   3.85962   4.66495
        13         0   4.81025   2.67281
        13         1   2.47791   4.18685   4.73147
        13         2   3.59477   4.71078   4.51982
        13         3   4.43009   4.80702   2.23431
        13         4   4.59982   2.02568   3.99749
        13         5   4.79653   2.00075   3.78581
        13         6   4.66495   3.85962
        13         7   4.67570   3.87260
        14         0   2.23431   4.80702   4.43009
        14         1   4.51982   4.71078   3.59477
        14         2   4.73147   4.18685   2.47791
        14         3   2.67281   4.81025
        14         4   4.67570   3.87260
        14         5   4.66495   3.85962
        14         6   3.78581   2.00075   4.79653
        14         7   3.99749   2.02568   4.59982
        15         0   4.71078   3.59477   4.51982
        15         1   4.43009   2.23431   4.80702
        15         2   2.67281   4.81025
        15         3   4.18685   2.47791   4.73147
        15         4   3.85962   4.66495
        15         5   3.87260   4.67570
        15         6   2.02568   4.59982   3.99749
        15         7   4.79653   3.78581   2.00075
        16         0   4.71078   3.59477   4.51982
        16         1   4.43009   2.23431   4.80702
        16         2   2.67281   4.81025
        16         3   4.18685   2.47791   4.73147
        16         4   4.79653   3.78581   2.00075
        16         5   2.02568   4.59982   3.99749
        16         6   4.67570   3.87260
        16         7   4.66495   3.85962
        17         0   2.23431   4.80702   4.43009
        17         1   4.51982   4.71078   3.59477
        17         2   4.73147   4.18685   2.47791
        17         3   2.67281   4.81025
        17         4   3.99749   2.02568   4.59982
        17         5   3.78581   2.00075   4.79653
        17         6   3.85962   4.66495
        17         7   3.87260   4.67570
        18         0   4.81025   2.67281
        18         1   2.47791   4.18685   4.73147
        18         2   3.59477   4.71078   4.51982
        18         3   4.43009   4.80702   2.23431
        18         4   3.87260   4.67570
        18         5   3.85962   4.66495
        18         6   4.79653   2.00075   3.78581
        18         7   4.59982   2.02568   3.99749
        19         0   4.73147   2.47791   4.18685
        19         1   4.81025   2.67281
        19         2   4.80702   2.23431   4.43009
        19         3   4.51982   3.59477   4.71078
        19         4   4.66495   3.85962
        19         5   4.67570   3.87260
        19         6   3.99749   4.59982   2.02568
        19         7   2.00075   3.78581   4.79653
