         0         8   2.28682   3.47385
         0         9   4.26371   4.26371
         0        10   2.21651   3.19212
         0        11   4.64577   4.64577   4.83333   4.83333
         0        12   4.22232   2.49496   4.75696
         0        13   2.67270   4.82072
         0        14   4.45851   4.82324   2.26350
         0        15   4.53671   3.57686   4.72789
         0        16   4.53671   3.57686   4.72789
         0        17   4.45851   4.82324   2.26350
         0        18   2.67270   4.82072
         0        19   4.22232   2.49496   4.75696
         1         8   4.26371   4.26371
         1         9   3.47385   2.28682
         1        10   4.83333   4.83333   4.64577   4.64577
         1        11   2.21651   3.19212
         1        12   2.67270   4.82072
         1        13   4.75696   4.22232   2.49496
         1        14   3.57686   4.72789   4.53671
         1        15   4.82324   2.26350   4.45851
         1        16   4.82324   2.26350   4.45851
         1        17   3.57686   4.72789   4.53671
         1        18   4.75696   4.22232   2.49496
         1        19   2.67270   4.82072
         2         8   3.19212   2.21651
         2         9   4.64577   4.64577   4.83333   4.83333
         2        10   2.28682   3.47385
         2        11   4.26371   4.26371
         2        12   4.45851   2.26350   4.82324
         2        13   4.53671   4.72789   3.57686
         2        14   2.49496   4.22232   4.75696
         2        15   4.82072   2.67270
         2        16   4.82072   2.67270
         2        17   2.49496   4.22232   4.75696
         2        18   4.53671   4.72789   3.57686
         2        19   4.45851   2.26350   4.82324
         3         8   4.83333   4.83333   4.64577   4.64577
         3         9   3.19212   2.21651
         3        10   4.26371   4.26371
         3        11   3.47385   2.28682
         3        12   4.72789   3.57686   4.53671
         3        13   2.26350   4.82324   4.45851
         3        14   4.82072   2.67270
         3        15   4.75696   2.49496   4.22232
         3        16   4.75696   2.49496   4.22232
         3        17   4.82072   2.67270
         3        18   2.26350   4.82324   4.45851
         3        19   4.72789   3.57686   4.53671
         4         8   2.00272
         4         9   4.81039   4.10378   4.53979   3.78298
         4        10   3.78298   4.53979   4.10378   4.81039
         4        11   2.00272
         4        12   4.80320   3.81954   2.00196
         4        13   4.02631   2.02863   4.60798
         4        14   3.90120   4.67151
         4        15   4.65999   3.88740
         4        16   2.00196   3.81954   4.80320
         4        17   4.60798   2.02863   4.02631
         4        18   4.67151   3.90120
         4        19   3.88740   4.65999
         5         8   4.53979   3.78298   4.81039   4.10378
         5         9   2.00272
         5        10   2.00272
         5        11   4.10378   4.81039   3.78298   4.53979
         5        12   2.02863   4.60798   4.02631
         5        13   3.81954   2.00196   4.80320
         5        14   3.88740   4.65999
         5        15   4.67151   3.90120
         5        16   4.02631   4.60798   2.02863
         5        17   4.80320   2.00196   3.81954
         5        18   4.65999   3.88740
         5        19   3.90120   4.67151
         6         8   4.53979   3.78298   4.81039   4.10378
         6         9   2.00272
         6        10   2.00272
         6        11   4.10378   4.81039   3.78298   4.53979
         6        12   4.67151   3.90120
         6        13   3.88740   4.65999
         6        14   4.80320   2.00196   3.81954
         6        15   4.02631   4.60798   2.02863
         6        16   3.90120   4.67151
         6        17   4.65999   3.88740
         6        18   3.81954   2.00196   4.80320
         6        19   2.02863   4.60798   4.02631
         7         8   2.00272
         7         9   4.81039   4.10378   4.53979   3.78298
         7        10   3.78298   4.53979   4.10378   4.81039
         7        11   2.00272
         7        12   4.65999   3.88740
         7        13   3.90120   4.67151
         7        14   4.60798   2.02863   4.02631
         7        15   2.00196   3.81954   4.80320
         7        16   3.88740   4.65999
         7        17   4.67151   3.90120
         7        18   4.02631   2.02863   4.60798
         7        19   4.80320   3.81954   2.00196
         8         0   3.47385   2.28682
         8         1   4.26371   4.26371
         8         2   2.21651   3.19212
         8         3   4.64577   4.64577   4.83333   4.83333
         8         4   2.00272
         8         5   4.10378   4.81039   3.78298   4.53979
         8         6   4.10378   4.81039   3.78298   4.53979
         8         7   2.00272
         9         0   4.26371   4.26371
         9         1   2.28682   3.47385
         9         2   4.83333   4.83333   4.64577   4.64577
         9         3   2.21651   3.19212
         9         4   3.78298   4.53979   4.10378   4.81039
         9         5   2.00272
         9         6   2.00272
         9         7   3.78298   4.53979   4.10378   4.81039
        10         0   3.19212   2.21651
        10         1   4.64577   4.64577   4.83333   4.83333
        10         2   3.47385   2.28682
        10         3   4.26371   4.26371
        10         4   4.81039   4.10378   4.53979   3.78298
        10         5   2.00272
        10         6   2.00272
        10         7   4.81039   4.10378   4.53979   3.78298
        11         0   4.83333   4.83333   4.64577   4.64577
        11         1   3.19212   2.21651
        11         2   4.26371   4.26371
        11         3   2.28682   3.47385
        11         4   2.00272
        11         5   4.53979   3.78298   4.81039   4.10378
        11         6   4.53979   3.78298   4.81039   4.10378
        11         7   2.00272
        12         0   4.75696   2.49496   4.22232
        12         1   4.82072   2.67270
        12         2   4.82324   2.26350   4.45851
        12         3   4.53671   3.57686   4.72789
        12         4   2.00196   3.81954   4.80320
        12         5   4.02631   4.60798   2.02863
        12         6   3.90120   4.67151
        12         7   3.88740   4.65999
        13         0   4.82072   2.67270
        13         1   2.49496   4.22232   4.75696
        13         2   3.57686   4.72789   4.53671
        13         3   4.45851   4.82324   2.26350
        13         4   4.60798   2.02863   4.02631
        13         5   4.80320   2.00196   3.81954
        13         6   4.65999   3.88740
        13         7   4.67151   3.90120
        14         0   2.26350   4.82324   4.45851
        14         1   4.53671   4.72789   3.57686
        14         2   4.75696   4.22232   2.49496
        14         3   2.67270   4.82072
        14         4   4.67151   3.90120
        14         5   4.65999   3.88740
        14         6   3.81954   2.00196   4.80320
        14         7   4.02631   2.02863   4.60798
        15         0   4.72789   3.57686   4.53671
        15         1   4.45851   2.26350   4.82324
        15         2   2.67270   4.82072
        15         3   4.22232   2.49496   4.75696
        15         4   3.88740   4.65999
        15         5   3.90120   4.67151
        15         6   2.02863   4.60798   4.02631
        15         7   4.80320   3.81954   2.00196
        16         0   4.72789   3.57686   4.53671
        16         1   4.45851   2.26350   4.82324
        16         2   2.67270   4.82072
        16         3   4.22232   2.49496   4.75696
        16         4   4.80320   3.81954   2.00196
        16         5   2.02863   4.60798   4.02631
        16         6   4.67151   3.90120
        16         7   4.65999   3.88740
        17         0   2.26350   4.82324   4.45851
        17         1   4.53671   4.72789   3.57686
        17         2   4.75696   4.22232   2.49496
        17         3   2.67270   4.82072
        17         4   4.02631   2.02863   4.60798
        17         5   3.81954   2.00196   4.80320
        17         6   3.88740   4.65999
        17         7   3.90120   4.67151
        18         0   4.82072   2.67270
        18         1   2.49496   4.22232   4.75696
        18         2   3.57686   4.72789   4.53671
        18         3   4.45851   4.82324   2.26350
        18         4   3.90120   4.67151
        18         5   3.88740   4.65999
        18         6   4.80320   2.00196   3.81954
        18         7   4.60798   2.02863   4.02631
        19         0   4.75696   2.49496   4.22232
        19         1   4.82072   2.67270
        19         2   4.82324   2.26350   4.45851
        19         3   4.53671   3.57686   4.72789
        19         4   4.65999   3.88740
        19         5   4.67151   3.90120
        19         6   4.02631   4.60798   2.02863
        19         7   2.00196   3.81954   4.80320
