 8.3582  0  0  5.117921438316704e-16  8.3582  0  5.117921438316704e-16  0.0  8.3582 
5
0 24  1.0288944199999999  1.0288944200000003  1.0288944199999999 
0 25  1.0288944199999999  -5.20799442  3.1502055799999997 
0 26  -1.0288944199999999  1.0288944200000003  -1.0288944199999999 
0 27  -1.0288944199999999  -5.20799442  5.20799442 
0 28  1.0606555799999997  -3.11844442  1.0606555800000002 
0 29  1.0606555799999997  -5.23975558  -1.06065558 
0 30  3.11844442  -3.11844442  3.1184444200000003 
0 31  3.1184444200000008  -5.23975558  5.23975558 
0 32  1.0288944199999999  -3.15020558  5.20799442 
0 33  1.0288944199999999  -1.0288944200000003  -1.0288944199999999 
0 34  -1.0288944199999999  -3.15020558  3.1502055799999997 
0 35  -1.0288944199999999  -1.0288944200000003  1.0288944199999999 
0 36  1.0606555800000006  1.0606555799999997  5.23975558 
0 37  1.0606555800000006  -1.0606555799999997  3.1184444200000003 
0 38  3.1184444200000008  1.0606555799999997  -1.06065558 
0 39  3.11844442  -1.0606555799999997  1.0606555800000002 
0 40  5.207994420000002  1.0288944200000003  5.20799442 
0 41  5.20799442  -5.20799442  -1.0288944199999999 
0 42  3.15020558  1.0288944200000003  3.1502055799999997 
0 43  3.1502055799999993  -5.20799442  1.0288944199999999 
0 44  5.239755580000001  -3.11844442  5.23975558 
0 45  5.239755579999999  -5.23975558  3.1184444200000003 
0 46  -1.0606555800000002  -3.11844442  -1.06065558 
0 47  -1.0606555800000002  -5.23975558  1.0606555800000002 
0 48  5.20799442  -3.15020558  1.0288944199999999 
0 49  5.20799442  -1.0288944200000003  3.1502055799999997 
0 50  3.1502055799999993  -3.15020558  -1.0288944199999999 
0 51  3.15020558  -1.0288944200000003  5.20799442 
0 52  5.239755580000001  1.0606555799999997  1.0606555800000002 
0 53  5.239755579999999  -1.0606555799999997  -1.06065558 
0 54  -1.0606555799999997  1.0606555799999997  3.1184444200000003 
0 55  -1.0606555799999997  -1.0606555799999997  5.23975558 
1 24  -1.0606555799999997  3.1184444200000003  -1.0606555800000002 
1 25  -1.0606555799999997  -3.11844442  1.0606555799999997 
1 26  -3.1184444199999994  3.1184444200000003  -3.11844442 
1 27  -3.1184444199999994  -3.11844442  3.1184444200000003 
1 28  -1.0288944199999999  -1.0288944199999999  -1.0288944199999999 
1 29  -1.0288944199999999  -3.1502055799999997  -3.1502055799999997 
1 30  1.0288944200000003  -1.0288944199999999  1.0288944200000003 
1 31  1.0288944200000012  -3.1502055799999997  3.1502055799999997 
1 32  -1.0606555799999997  -1.0606555800000002  3.1184444200000003 
1 33  -1.0606555799999997  1.0606555799999997  -3.11844442 
1 34  -3.1184444199999994  -1.0606555800000002  1.0606555799999997 
1 35  -3.1184444199999994  1.0606555799999997  -1.0606555800000002 
1 36  -1.028894419999999  3.1502055799999997  3.1502055799999997 
1 37  -1.028894419999999  1.0288944200000003  1.0288944200000003 
1 38  1.0288944200000012  3.1502055799999997  -3.1502055799999997 
1 39  1.0288944200000003  1.0288944200000003  -1.0288944199999999 
1 40  3.118444420000002  3.1184444200000003  3.1184444200000003 
1 41  3.1184444200000003  -3.11844442  -3.11844442 
1 42  1.0606555800000006  3.1184444200000003  1.0606555799999997 
1 43  1.0606555799999997  -3.11844442  -1.0606555800000002 
1 44  3.1502055800000006  -1.0288944199999999  3.1502055799999997 
1 45  3.1502055799999997  -3.1502055799999997  1.0288944200000003 
1 46  -3.1502055799999997  -1.0288944199999999  -3.1502055799999997 
1 47  -3.1502055799999997  -3.1502055799999997  -1.0288944199999999 
1 48  3.1184444200000003  -1.0606555800000002  -1.0606555800000002 
1 49  3.1184444200000003  1.0606555799999997  1.0606555799999997 
1 50  1.0606555799999997  -1.0606555800000002  -3.11844442 
1 51  1.0606555800000006  1.0606555799999997  3.1184444200000003 
1 52  3.1502055800000006  3.1502055799999997  -1.0288944199999999 
1 53  3.1502055799999997  1.0288944200000003  -3.1502055799999997 
1 54  -3.1502055799999993  3.1502055799999997  1.0288944200000003 
1 55  -3.1502055799999993  1.0288944200000003  3.1502055799999997 
2 24  1.0288944199999999  5.20799442  -3.15020558 
2 25  1.0288944199999999  -1.0288944199999999  -1.0288944200000003 
2 26  -1.0288944199999999  5.20799442  -5.20799442 
2 27  -1.0288944199999999  -1.0288944199999999  1.0288944200000003 
2 28  1.0606555799999997  1.0606555800000002  -3.11844442 
2 29  1.0606555799999997  -1.06065558  -5.23975558 
2 30  3.11844442  1.0606555800000002  -1.0606555799999997 
2 31  3.1184444200000008  -1.06065558  1.0606555799999997 
2 32  1.0288944199999999  1.0288944199999999  1.0288944200000003 
2 33  1.0288944199999999  3.1502055799999997  -5.20799442 
2 34  -1.0288944199999999  1.0288944199999999  -1.0288944200000003 
2 35  -1.0288944199999999  3.1502055799999997  -3.15020558 
2 36  1.0606555800000006  5.23975558  1.0606555799999997 
2 37  1.0606555800000006  3.1184444200000003  -1.0606555799999997 
2 38  3.1184444200000008  5.23975558  -5.23975558 
2 39  3.11844442  3.1184444200000003  -3.11844442 
2 40  5.207994420000002  5.20799442  1.0288944200000003 
2 41  5.20799442  -1.0288944199999999  -5.20799442 
2 42  3.15020558  5.20799442  -1.0288944200000003 
2 43  3.1502055799999993  -1.0288944199999999  -3.15020558 
2 44  5.239755580000001  1.0606555800000002  1.0606555799999997 
2 45  5.239755579999999  -1.06065558  -1.0606555799999997 
2 46  -1.0606555800000002  1.0606555800000002  -5.23975558 
2 47  -1.0606555800000002  -1.06065558  -3.11844442 
2 48  5.20799442  1.0288944199999999  -3.15020558 
2 49  5.20799442  3.1502055799999997  -1.0288944200000003 
2 50  3.1502055799999993  1.0288944199999999  -5.20799442 
2 51  3.15020558  3.1502055799999997  1.0288944200000003 
2 52  5.239755580000001  5.23975558  -3.11844442 
2 53  5.239755579999999  3.1184444200000003  -5.23975558 
2 54  -1.0606555799999997  5.23975558  -1.0606555799999997 
2 55  -1.0606555799999997  3.1184444200000003  1.0606555799999997 
3 24  -1.0606555799999997  7.29754442  3.11844442 
3 25  -1.0606555799999997  1.0606555800000002  5.23975558 
3 26  -3.1184444199999994  7.29754442  1.0606555800000002 
3 27  -3.1184444199999994  1.0606555800000002  7.29754442 
3 28  -1.0288944199999999  3.15020558  3.15020558 
3 29  -1.0288944199999999  1.02889442  1.02889442 
3 30  1.0288944200000003  3.15020558  5.20799442 
3 31  1.0288944200000012  1.02889442  7.32930558 
3 32  -1.0606555799999997  3.11844442  7.29754442 
3 33  -1.0606555799999997  5.23975558  1.0606555800000002 
3 34  -3.1184444199999994  3.11844442  5.23975558 
3 35  -3.1184444199999994  5.23975558  3.11844442 
3 36  -1.028894419999999  7.32930558  7.32930558 
3 37  -1.028894419999999  5.20799442  5.20799442 
3 38  1.0288944200000012  7.32930558  1.02889442 
3 39  1.0288944200000003  5.20799442  3.15020558 
3 40  3.118444420000002  7.29754442  7.29754442 
3 41  3.1184444200000003  1.0606555800000002  1.0606555800000002 
3 42  1.0606555800000006  7.29754442  5.23975558 
3 43  1.0606555799999997  1.0606555800000002  3.11844442 
3 44  3.1502055800000006  3.15020558  7.32930558 
3 45  3.1502055799999997  1.02889442  5.20799442 
3 46  -3.1502055799999997  3.15020558  1.02889442 
3 47  -3.1502055799999997  1.02889442  3.15020558 
3 48  3.1184444200000003  3.11844442  3.11844442 
3 49  3.1184444200000003  5.23975558  5.23975558 
3 50  1.0606555799999997  3.11844442  1.0606555800000002 
3 51  1.0606555800000006  5.23975558  7.29754442 
3 52  3.1502055800000006  7.32930558  3.15020558 
3 53  3.1502055799999997  5.20799442  1.02889442 
3 54  -3.1502055799999993  7.32930558  5.20799442 
3 55  -3.1502055799999993  5.20799442  7.32930558 
4 24  -3.1502055799999997  1.0288944200000003  -3.15020558 
4 25  -3.1502055799999997  -5.20799442  -1.0288944200000003 
4 26  -5.2079944199999995  1.0288944200000003  -5.20799442 
4 27  -5.2079944199999995  -5.20799442  1.0288944200000003 
4 28  -3.11844442  -3.11844442  -3.11844442 
4 29  -3.11844442  -5.23975558  -5.23975558 
4 30  -1.0606555799999997  -3.11844442  -1.0606555799999997 
4 31  -1.0606555799999988  -5.23975558  1.0606555799999997 
4 32  -3.1502055799999997  -3.15020558  1.0288944200000003 
4 33  -3.1502055799999997  -1.0288944200000003  -5.20799442 
4 34  -5.2079944199999995  -3.15020558  -1.0288944200000003 
4 35  -5.2079944199999995  -1.0288944200000003  -3.15020558 
4 36  -3.118444419999999  1.0606555799999997  1.0606555799999997 
4 37  -3.118444419999999  -1.0606555799999997  -1.0606555799999997 
4 38  -1.0606555799999988  1.0606555799999997  -5.23975558 
4 39  -1.0606555799999997  -1.0606555799999997  -3.11844442 
4 40  1.028894420000002  1.0288944200000003  1.0288944200000003 
4 41  1.0288944200000003  -5.20799442  -5.20799442 
4 42  -1.0288944199999994  1.0288944200000003  -1.0288944200000003 
4 43  -1.0288944200000003  -5.20799442  -3.15020558 
4 44  1.0606555800000006  -3.11844442  1.0606555799999997 
4 45  1.0606555799999997  -5.23975558  -1.0606555799999997 
4 46  -5.23975558  -3.11844442  -5.23975558 
4 47  -5.23975558  -5.23975558  -3.11844442 
4 48  1.0288944200000003  -3.15020558  -3.15020558 
4 49  1.0288944200000003  -1.0288944200000003  -1.0288944200000003 
4 50  -1.0288944200000003  -3.15020558  -5.20799442 
4 51  -1.0288944199999994  -1.0288944200000003  1.0288944200000003 
4 52  1.0606555800000006  1.0606555799999997  -3.11844442 
4 53  1.0606555799999997  -1.0606555799999997  -5.23975558 
4 54  -5.239755579999999  1.0606555799999997  -1.0606555799999997 
4 55  -5.239755579999999  -1.0606555799999997  1.0606555799999997 
5 24  3.11844442  3.1184444200000003  3.11844442 
5 25  3.11844442  -3.11844442  5.23975558 
5 26  1.0606555800000004  3.1184444200000003  1.0606555800000002 
5 27  1.0606555800000004  -3.11844442  7.29754442 
5 28  3.1502055799999997  -1.0288944199999999  3.15020558 
5 29  3.1502055799999997  -3.1502055799999997  1.02889442 
5 30  5.20799442  -1.0288944199999999  5.20799442 
5 31  5.207994420000001  -3.1502055799999997  7.32930558 
5 32  3.11844442  -1.0606555800000002  7.29754442 
5 33  3.11844442  1.0606555799999997  1.0606555800000002 
5 34  1.0606555800000004  -1.0606555800000002  5.23975558 
5 35  1.0606555800000004  1.0606555799999997  3.11844442 
5 36  3.1502055800000006  3.1502055799999997  7.32930558 
5 37  3.1502055800000006  1.0288944200000003  5.20799442 
5 38  5.207994420000001  3.1502055799999997  1.02889442 
5 39  5.20799442  1.0288944200000003  3.15020558 
5 40  7.297544420000002  3.1184444200000003  7.29754442 
5 41  7.29754442  -3.11844442  1.0606555800000002 
5 42  5.239755580000001  3.1184444200000003  5.23975558 
5 43  5.23975558  -3.11844442  3.11844442 
5 44  7.329305580000001  -1.0288944199999999  7.32930558 
5 45  7.32930558  -3.1502055799999997  5.20799442 
5 46  1.02889442  -1.0288944199999999  1.02889442 
5 47  1.02889442  -3.1502055799999997  3.15020558 
5 48  7.29754442  -1.0606555800000002  3.11844442 
5 49  7.29754442  1.0606555799999997  5.23975558 
5 50  5.23975558  -1.0606555800000002  1.0606555800000002 
5 51  5.239755580000001  1.0606555799999997  7.29754442 
5 52  7.329305580000001  3.1502055799999997  3.15020558 
5 53  7.32930558  1.0288944200000003  1.02889442 
5 54  1.0288944200000005  3.1502055799999997  5.20799442 
5 55  1.0288944200000005  1.0288944200000003  7.32930558 
6 24  -3.1502055799999997  5.20799442  1.0288944199999999 
6 25  -3.1502055799999997  -1.0288944199999999  3.1502055799999997 
6 26  -5.2079944199999995  5.20799442  -1.0288944199999999 
6 27  -5.2079944199999995  -1.0288944199999999  5.20799442 
6 28  -3.11844442  1.0606555800000002  1.0606555800000002 
6 29  -3.11844442  -1.06065558  -1.06065558 
6 30  -1.0606555799999997  1.0606555800000002  3.1184444200000003 
6 31  -1.0606555799999988  -1.06065558  5.23975558 
6 32  -3.1502055799999997  1.0288944199999999  5.20799442 
6 33  -3.1502055799999997  3.1502055799999997  -1.0288944199999999 
6 34  -5.2079944199999995  1.0288944199999999  3.1502055799999997 
6 35  -5.2079944199999995  3.1502055799999997  1.0288944199999999 
6 36  -3.118444419999999  5.23975558  5.23975558 
6 37  -3.118444419999999  3.1184444200000003  3.1184444200000003 
6 38  -1.0606555799999988  5.23975558  -1.06065558 
6 39  -1.0606555799999997  3.1184444200000003  1.0606555800000002 
6 40  1.028894420000002  5.20799442  5.20799442 
6 41  1.0288944200000003  -1.0288944199999999  -1.0288944199999999 
6 42  -1.0288944199999994  5.20799442  3.1502055799999997 
6 43  -1.0288944200000003  -1.0288944199999999  1.0288944199999999 
6 44  1.0606555800000006  1.0606555800000002  5.23975558 
6 45  1.0606555799999997  -1.06065558  3.1184444200000003 
6 46  -5.23975558  1.0606555800000002  -1.06065558 
6 47  -5.23975558  -1.06065558  1.0606555800000002 
6 48  1.0288944200000003  1.0288944199999999  1.0288944199999999 
6 49  1.0288944200000003  3.1502055799999997  3.1502055799999997 
6 50  -1.0288944200000003  1.0288944199999999  -1.0288944199999999 
6 51  -1.0288944199999994  3.1502055799999997  5.20799442 
6 52  1.0606555800000006  5.23975558  1.0606555800000002 
6 53  1.0606555799999997  3.1184444200000003  -1.06065558 
6 54  -5.239755579999999  5.23975558  3.1184444200000003 
6 55  -5.239755579999999  3.1184444200000003  5.23975558 
7 24  3.11844442  7.29754442  -1.0606555800000002 
7 25  3.11844442  1.0606555800000002  1.0606555799999997 
7 26  1.0606555800000004  7.29754442  -3.11844442 
7 27  1.0606555800000004  1.0606555800000002  3.1184444200000003 
7 28  3.1502055799999997  3.15020558  -1.0288944199999999 
7 29  3.1502055799999997  1.02889442  -3.1502055799999997 
7 30  5.20799442  3.15020558  1.0288944200000003 
7 31  5.207994420000001  1.02889442  3.1502055799999997 
7 32  3.11844442  3.11844442  3.1184444200000003 
7 33  3.11844442  5.23975558  -3.11844442 
7 34  1.0606555800000004  3.11844442  1.0606555799999997 
7 35  1.0606555800000004  5.23975558  -1.0606555800000002 
7 36  3.1502055800000006  7.32930558  3.1502055799999997 
7 37  3.1502055800000006  5.20799442  1.0288944200000003 
7 38  5.207994420000001  7.32930558  -3.1502055799999997 
7 39  5.20799442  5.20799442  -1.0288944199999999 
7 40  7.297544420000002  7.29754442  3.1184444200000003 
7 41  7.29754442  1.0606555800000002  -3.11844442 
7 42  5.239755580000001  7.29754442  1.0606555799999997 
7 43  5.23975558  1.0606555800000002  -1.0606555800000002 
7 44  7.329305580000001  3.15020558  3.1502055799999997 
7 45  7.32930558  1.02889442  1.0288944200000003 
7 46  1.02889442  3.15020558  -3.1502055799999997 
7 47  1.02889442  1.02889442  -1.0288944199999999 
7 48  7.29754442  3.11844442  -1.0606555800000002 
7 49  7.29754442  5.23975558  1.0606555799999997 
7 50  5.23975558  3.11844442  -3.11844442 
7 51  5.239755580000001  5.23975558  3.1184444200000003 
7 52  7.329305580000001  7.32930558  -1.0288944199999999 
7 53  7.32930558  5.20799442  -3.1502055799999997 
7 54  1.0288944200000005  7.32930558  1.0288944200000003 
7 55  1.0288944200000005  5.20799442  3.1502055799999997 
8 24  2.0736694200000003  6.25276942  2.07366942 
8 25  2.0736694200000003  0.015880580000000144  4.194980579999999 
8 26  0.015880580000000588  6.25276942  0.015880580000000144 
8 27  0.015880580000000588  0.015880580000000144  6.25276942 
8 28  2.10543058  2.10543058  2.10543058 
8 29  2.10543058  -0.015880579999999922  -0.015880579999999922 
8 30  4.163219420000001  2.10543058  4.163219420000001 
8 31  4.163219420000001  -0.015880579999999922  6.28453058 
8 32  2.0736694200000003  2.07366942  6.25276942 
8 33  2.0736694200000003  4.194980579999999  0.015880580000000144 
8 34  0.015880580000000588  2.07366942  4.194980579999999 
8 35  0.015880580000000588  4.194980579999999  2.07366942 
8 36  2.105430580000001  6.28453058  6.28453058 
8 37  2.105430580000001  4.163219420000001  4.163219420000001 
8 38  4.163219420000001  6.28453058  -0.015880579999999922 
8 39  4.163219420000001  4.163219420000001  2.10543058 
8 40  6.252769420000002  6.25276942  6.25276942 
8 41  6.25276942  0.015880580000000144  0.015880580000000144 
8 42  4.194980580000001  6.25276942  4.194980579999999 
8 43  4.194980579999999  0.015880580000000144  2.07366942 
8 44  6.28453058  2.10543058  6.28453058 
8 45  6.28453058  -0.015880579999999922  4.163219420000001 
8 46  -0.0158805799999997  2.10543058  -0.015880579999999922 
8 47  -0.0158805799999997  -0.015880579999999922  2.10543058 
8 48  6.25276942  2.07366942  2.07366942 
8 49  6.25276942  4.194980579999999  4.194980579999999 
8 50  4.194980579999999  2.07366942  0.015880580000000144 
8 51  4.194980580000001  4.194980579999999  6.25276942 
8 52  6.28453058  6.28453058  2.10543058 
8 53  6.28453058  4.163219420000001  -0.015880579999999922 
8 54  -0.015880579999999256  6.28453058  4.163219420000001 
8 55  -0.015880579999999256  4.163219420000001  6.28453058 
9 24  2.07366942  4.163219420000001  -0.015880580000000144 
9 25  2.07366942  -2.07366942  2.1054305799999997 
9 26  0.015880580000000144  4.163219420000001  -2.07366942 
9 27  0.015880580000000144  -2.07366942  4.163219420000001 
9 28  2.1054305799999997  0.015880580000000144  0.015880580000000144 
9 29  2.1054305799999997  -2.10543058  -2.10543058 
9 30  4.16321942  0.015880580000000144  2.0736694200000003 
9 31  4.163219420000001  -2.10543058  4.194980579999999 
9 32  2.07366942  -0.015880580000000144  4.163219420000001 
9 33  2.07366942  2.1054305799999997  -2.07366942 
9 34  0.015880580000000144  -0.015880580000000144  2.1054305799999997 
9 35  0.015880580000000144  2.1054305799999997  -0.015880580000000144 
9 36  2.1054305800000006  4.194980579999999  4.194980579999999 
9 37  2.1054305800000006  2.0736694200000003  2.0736694200000003 
9 38  4.163219420000001  4.194980579999999  -2.10543058 
9 39  4.16321942  2.0736694200000003  0.015880580000000144 
9 40  6.252769420000002  4.163219420000001  4.163219420000001 
9 41  6.25276942  -2.07366942  -2.07366942 
9 42  4.19498058  4.163219420000001  2.1054305799999997 
9 43  4.194980579999999  -2.07366942  -0.015880580000000144 
9 44  6.28453058  0.015880580000000144  4.194980579999999 
9 45  6.284530579999999  -2.10543058  2.0736694200000003 
9 46  -0.015880580000000144  0.015880580000000144  -2.10543058 
9 47  -0.015880580000000144  -2.10543058  0.015880580000000144 
9 48  6.25276942  -0.015880580000000144  -0.015880580000000144 
9 49  6.25276942  2.1054305799999997  2.1054305799999997 
9 50  4.194980579999999  -0.015880580000000144  -2.07366942 
9 51  4.19498058  2.1054305799999997  4.163219420000001 
9 52  6.28453058  4.194980579999999  0.015880580000000144 
9 53  6.284530579999999  2.0736694200000003  -2.10543058 
9 54  -0.0158805799999997  4.194980579999999  2.0736694200000003 
9 55  -0.0158805799999997  2.0736694200000003  4.194980579999999 
10 24  -0.0158805799999997  6.25276942  -0.015880580000000144 
10 25  -0.0158805799999997  0.015880580000000144  2.1054305799999997 
10 26  -2.0736694199999994  6.25276942  -2.07366942 
10 27  -2.0736694199999994  0.015880580000000144  4.163219420000001 
10 28  0.015880580000000144  2.10543058  0.015880580000000144 
10 29  0.015880580000000144  -0.015880579999999922  -2.10543058 
10 30  2.0736694200000003  2.10543058  2.0736694200000003 
10 31  2.073669420000001  -0.015880579999999922  4.194980579999999 
10 32  -0.0158805799999997  2.07366942  4.163219420000001 
10 33  -0.0158805799999997  4.194980579999999  -2.07366942 
10 34  -2.0736694199999994  2.07366942  2.1054305799999997 
10 35  -2.0736694199999994  4.194980579999999  -0.015880580000000144 
10 36  0.015880580000001032  6.28453058  4.194980579999999 
10 37  0.015880580000001032  4.163219420000001  2.0736694200000003 
10 38  2.073669420000001  6.28453058  -2.10543058 
10 39  2.0736694200000003  4.163219420000001  0.015880580000000144 
10 40  4.163219420000003  6.25276942  4.163219420000001 
10 41  4.163219420000001  0.015880580000000144  -2.07366942 
10 42  2.1054305800000006  6.25276942  2.1054305799999997 
10 43  2.1054305799999997  0.015880580000000144  -0.015880580000000144 
10 44  4.194980580000001  2.10543058  4.194980579999999 
10 45  4.194980579999999  -0.015880579999999922  2.0736694200000003 
10 46  -2.1054305799999997  2.10543058  -2.10543058 
10 47  -2.1054305799999997  -0.015880579999999922  0.015880580000000144 
10 48  4.163219420000001  2.07366942  -0.015880580000000144 
10 49  4.163219420000001  4.194980579999999  2.1054305799999997 
10 50  2.1054305799999997  2.07366942  -2.07366942 
10 51  2.1054305800000006  4.194980579999999  4.163219420000001 
10 52  4.194980580000001  6.28453058  0.015880580000000144 
10 53  4.194980579999999  4.163219420000001  -2.10543058 
10 54  -2.1054305799999993  6.28453058  2.0736694200000003 
10 55  -2.1054305799999993  4.163219420000001  4.194980579999999 
11 24  -0.015880580000000588  -0.015880580000000144  -2.1054305799999997 
11 25  -0.015880580000000588  -6.25276942  0.015880580000000144 
11 26  -2.0736694200000003  -0.015880580000000144  -4.163219419999999 
11 27  -2.0736694200000003  -6.25276942  2.0736694200000008 
11 28  0.015880579999999256  -4.163219420000001  -2.0736694199999994 
11 29  0.015880579999999256  -6.28453058  -4.194980579999999 
11 30  2.0736694199999994  -4.163219420000001  -0.015880579999999256 
11 31  2.0736694200000003  -6.28453058  2.10543058 
11 32  -0.015880580000000588  -4.194980580000001  2.0736694200000008 
11 33  -0.015880580000000588  -2.0736694200000008  -4.163219419999999 
11 34  -2.0736694200000003  -4.194980580000001  0.015880580000000144 
11 35  -2.0736694200000003  -2.0736694200000008  -2.1054305799999997 
11 36  0.015880580000000144  0.015880579999999256  2.10543058 
11 37  0.015880580000000144  -2.10543058  -0.015880579999999256 
11 38  2.0736694200000003  0.015880579999999256  -4.194980579999999 
11 39  2.0736694199999994  -2.10543058  -2.0736694199999994 
11 40  4.163219420000001  -0.015880580000000144  2.0736694200000008 
11 41  4.163219419999999  -6.25276942  -4.163219419999999 
11 42  2.1054305799999997  -0.015880580000000144  0.015880580000000144 
11 43  2.105430579999999  -6.25276942  -2.1054305799999997 
11 44  4.194980579999999  -4.163219420000001  2.10543058 
11 45  4.194980579999999  -6.28453058  -0.015880579999999256 
11 46  -2.1054305800000006  -4.163219420000001  -4.194980579999999 
11 47  -2.1054305800000006  -6.28453058  -2.0736694199999994 
11 48  4.163219419999999  -4.194980580000001  -2.1054305799999997 
11 49  4.163219419999999  -2.0736694200000008  0.015880580000000144 
11 50  2.105430579999999  -4.194980580000001  -4.163219419999999 
11 51  2.1054305799999997  -2.0736694200000008  2.0736694200000008 
11 52  4.194980579999999  0.015880579999999256  -2.0736694199999994 
11 53  4.194980579999999  -2.10543058  -4.194980579999999 
11 54  -2.10543058  0.015880579999999256  -0.015880579999999256 
11 55  -2.10543058  -2.10543058  2.10543058 
12 24  2.07366942  2.0736694200000008  -2.1054305799999997 
12 25  2.07366942  -4.163219419999999  0.015880580000000144 
12 26  0.015880580000000144  2.0736694200000008  -4.163219419999999 
12 27  0.015880580000000144  -4.163219419999999  2.0736694200000008 
12 28  2.1054305799999997  -2.0736694199999994  -2.0736694199999994 
12 29  2.1054305799999997  -4.194980579999999  -4.194980579999999 
12 30  4.16321942  -2.0736694199999994  -0.015880579999999256 
12 31  4.163219420000001  -4.194980579999999  2.10543058 
12 32  2.07366942  -2.1054305799999997  2.0736694200000008 
12 33  2.07366942  0.015880580000000144  -4.163219419999999 
12 34  0.015880580000000144  -2.1054305799999997  0.015880580000000144 
12 35  0.015880580000000144  0.015880580000000144  -2.1054305799999997 
12 36  2.1054305800000006  2.10543058  2.10543058 
12 37  2.1054305800000006  -0.015880579999999256  -0.015880579999999256 
12 38  4.163219420000001  2.10543058  -4.194980579999999 
12 39  4.16321942  -0.015880579999999256  -2.0736694199999994 
12 40  6.252769420000002  2.0736694200000008  2.0736694200000008 
12 41  6.25276942  -4.163219419999999  -4.163219419999999 
12 42  4.19498058  2.0736694200000008  0.015880580000000144 
12 43  4.194980579999999  -4.163219419999999  -2.1054305799999997 
12 44  6.28453058  -2.0736694199999994  2.10543058 
12 45  6.284530579999999  -4.194980579999999  -0.015880579999999256 
12 46  -0.015880580000000144  -2.0736694199999994  -4.194980579999999 
12 47  -0.015880580000000144  -4.194980579999999  -2.0736694199999994 
12 48  6.25276942  -2.1054305799999997  -2.1054305799999997 
12 49  6.25276942  0.015880580000000144  0.015880580000000144 
12 50  4.194980579999999  -2.1054305799999997  -4.163219419999999 
12 51  4.19498058  0.015880580000000144  2.0736694200000008 
12 52  6.28453058  2.10543058  -2.0736694199999994 
12 53  6.284530579999999  -0.015880579999999256  -4.194980579999999 
12 54  -0.0158805799999997  2.10543058  -0.015880579999999256 
12 55  -0.0158805799999997  -0.015880579999999256  2.10543058 
13 24  2.0736694199999994  -0.015880580000000144  -4.194980580000001 
13 25  2.0736694199999994  -6.25276942  -2.0736694200000008 
13 26  0.0158805799999997  -0.015880580000000144  -6.25276942 
13 27  0.0158805799999997  -6.25276942  -0.015880580000000144 
13 28  2.1054305799999993  -4.163219420000001  -4.163219420000001 
13 29  2.1054305799999993  -6.28453058  -6.28453058 
13 30  4.163219419999999  -4.163219420000001  -2.10543058 
13 31  4.163219420000001  -6.28453058  0.015880579999999256 
13 32  2.0736694199999994  -4.194980580000001  -0.015880580000000144 
13 33  2.0736694199999994  -2.0736694200000008  -6.25276942 
13 34  0.0158805799999997  -4.194980580000001  -2.0736694200000008 
13 35  0.0158805799999997  -2.0736694200000008  -4.194980580000001 
13 36  2.10543058  0.015880579999999256  0.015880579999999256 
13 37  2.10543058  -2.10543058  -2.10543058 
13 38  4.163219420000001  0.015880579999999256  -6.28453058 
13 39  4.163219419999999  -2.10543058  -4.163219420000001 
13 40  6.252769420000002  -0.015880580000000144  -0.015880580000000144 
13 41  6.25276942  -6.25276942  -6.25276942 
13 42  4.194980579999999  -0.015880580000000144  -2.0736694200000008 
13 43  4.194980579999999  -6.25276942  -4.194980580000001 
13 44  6.28453058  -4.163219420000001  0.015880579999999256 
13 45  6.284530579999998  -6.28453058  -2.10543058 
13 46  -0.015880580000000588  -4.163219420000001  -6.28453058 
13 47  -0.015880580000000588  -6.28453058  -4.163219420000001 
13 48  6.25276942  -4.194980580000001  -4.194980580000001 
13 49  6.25276942  -2.0736694200000008  -2.0736694200000008 
13 50  4.194980579999999  -4.194980580000001  -6.25276942 
13 51  4.194980579999999  -2.0736694200000008  -0.015880580000000144 
13 52  6.28453058  0.015880579999999256  -4.163219420000001 
13 53  6.284530579999998  -2.10543058  -6.28453058 
13 54  -0.015880580000000144  0.015880579999999256  -2.10543058 
13 55  -0.015880580000000144  -2.10543058  0.015880579999999256 
14 24  -0.015880580000000588  2.0736694200000008  -4.194980580000001 
14 25  -0.015880580000000588  -4.163219419999999  -2.0736694200000008 
14 26  -2.0736694200000003  2.0736694200000008  -6.25276942 
14 27  -2.0736694200000003  -4.163219419999999  -0.015880580000000144 
14 28  0.015880579999999256  -2.0736694199999994  -4.163219420000001 
14 29  0.015880579999999256  -4.194980579999999  -6.28453058 
14 30  2.0736694199999994  -2.0736694199999994  -2.10543058 
14 31  2.0736694200000003  -4.194980579999999  0.015880579999999256 
14 32  -0.015880580000000588  -2.1054305799999997  -0.015880580000000144 
14 33  -0.015880580000000588  0.015880580000000144  -6.25276942 
14 34  -2.0736694200000003  -2.1054305799999997  -2.0736694200000008 
14 35  -2.0736694200000003  0.015880580000000144  -4.194980580000001 
14 36  0.015880580000000144  2.10543058  0.015880579999999256 
14 37  0.015880580000000144  -0.015880579999999256  -2.10543058 
14 38  2.0736694200000003  2.10543058  -6.28453058 
14 39  2.0736694199999994  -0.015880579999999256  -4.163219420000001 
14 40  4.163219420000001  2.0736694200000008  -0.015880580000000144 
14 41  4.163219419999999  -4.163219419999999  -6.25276942 
14 42  2.1054305799999997  2.0736694200000008  -2.0736694200000008 
14 43  2.105430579999999  -4.163219419999999  -4.194980580000001 
14 44  4.194980579999999  -2.0736694199999994  0.015880579999999256 
14 45  4.194980579999999  -4.194980579999999  -2.10543058 
14 46  -2.1054305800000006  -2.0736694199999994  -6.28453058 
14 47  -2.1054305800000006  -4.194980579999999  -4.163219420000001 
14 48  4.163219419999999  -2.1054305799999997  -4.194980580000001 
14 49  4.163219419999999  0.015880580000000144  -2.0736694200000008 
14 50  2.105430579999999  -2.1054305799999997  -6.25276942 
14 51  2.1054305799999997  0.015880580000000144  -0.015880580000000144 
14 52  4.194980579999999  2.10543058  -4.163219420000001 
14 53  4.194980579999999  -0.015880579999999256  -6.28453058 
14 54  -2.10543058  2.10543058  -2.10543058 
14 55  -2.10543058  -0.015880579999999256  0.015880579999999256 
15 24  -0.0158805799999997  4.163219420000001  2.07366942 
15 25  -0.0158805799999997  -2.07366942  4.194980579999999 
15 26  -2.0736694199999994  4.163219420000001  0.015880580000000144 
15 27  -2.0736694199999994  -2.07366942  6.25276942 
15 28  0.015880580000000144  0.015880580000000144  2.10543058 
15 29  0.015880580000000144  -2.10543058  -0.015880579999999922 
15 30  2.0736694200000003  0.015880580000000144  4.163219420000001 
15 31  2.073669420000001  -2.10543058  6.28453058 
15 32  -0.0158805799999997  -0.015880580000000144  6.25276942 
15 33  -0.0158805799999997  2.1054305799999997  0.015880580000000144 
15 34  -2.0736694199999994  -0.015880580000000144  4.194980579999999 
15 35  -2.0736694199999994  2.1054305799999997  2.07366942 
15 36  0.015880580000001032  4.194980579999999  6.28453058 
15 37  0.015880580000001032  2.0736694200000003  4.163219420000001 
15 38  2.073669420000001  4.194980579999999  -0.015880579999999922 
15 39  2.0736694200000003  2.0736694200000003  2.10543058 
15 40  4.163219420000003  4.163219420000001  6.25276942 
15 41  4.163219420000001  -2.07366942  0.015880580000000144 
15 42  2.1054305800000006  4.163219420000001  4.194980579999999 
15 43  2.1054305799999997  -2.07366942  2.07366942 
15 44  4.194980580000001  0.015880580000000144  6.28453058 
15 45  4.194980579999999  -2.10543058  4.163219420000001 
15 46  -2.1054305799999997  0.015880580000000144  -0.015880579999999922 
15 47  -2.1054305799999997  -2.10543058  2.10543058 
15 48  4.163219420000001  -0.015880580000000144  2.07366942 
15 49  4.163219420000001  2.1054305799999997  4.194980579999999 
15 50  2.1054305799999997  -0.015880580000000144  0.015880580000000144 
15 51  2.1054305800000006  2.1054305799999997  6.25276942 
15 52  4.194980580000001  4.194980579999999  2.10543058 
15 53  4.194980579999999  2.0736694200000003  -0.015880579999999922 
15 54  -2.1054305799999993  4.194980579999999  4.163219420000001 
15 55  -2.1054305799999993  2.0736694200000003  6.28453058 
16 24  -2.1054305799999993  6.25276942  -2.1054305799999997 
16 25  -2.1054305799999993  0.015880580000000144  0.015880580000000144 
16 26  -4.163219419999999  6.25276942  -4.163219419999999 
16 27  -4.163219419999999  0.015880580000000144  2.0736694200000008 
16 28  -2.0736694199999994  2.10543058  -2.0736694199999994 
16 29  -2.0736694199999994  -0.015880579999999922  -4.194980579999999 
16 30  -0.015880579999999256  2.10543058  -0.015880579999999256 
16 31  -0.015880579999998368  -0.015880579999999922  2.10543058 
16 32  -2.1054305799999993  2.07366942  2.0736694200000008 
16 33  -2.1054305799999993  4.194980579999999  -4.163219419999999 
16 34  -4.163219419999999  2.07366942  0.015880580000000144 
16 35  -4.163219419999999  4.194980579999999  -2.1054305799999997 
16 36  -2.0736694199999985  6.28453058  2.10543058 
16 37  -2.0736694199999985  4.163219420000001  -0.015880579999999256 
16 38  -0.015880579999998368  6.28453058  -4.194980579999999 
16 39  -0.015880579999999256  4.163219420000001  -2.0736694199999994 
16 40  2.0736694200000025  6.25276942  2.0736694200000008 
16 41  2.0736694200000008  0.015880580000000144  -4.163219419999999 
16 42  0.015880580000001032  6.25276942  0.015880580000000144 
16 43  0.015880580000000144  0.015880580000000144  -2.1054305799999997 
16 44  2.105430580000001  2.10543058  2.10543058 
16 45  2.10543058  -0.015880579999999922  -0.015880579999999256 
16 46  -4.194980579999999  2.10543058  -4.194980579999999 
16 47  -4.194980579999999  -0.015880579999999922  -2.0736694199999994 
16 48  2.0736694200000008  2.07366942  -2.1054305799999997 
16 49  2.0736694200000008  4.194980579999999  0.015880580000000144 
16 50  0.015880580000000144  2.07366942  -4.163219419999999 
16 51  0.015880580000001032  4.194980579999999  2.0736694200000008 
16 52  2.105430580000001  6.28453058  -2.0736694199999994 
16 53  2.10543058  4.163219420000001  -4.194980579999999 
16 54  -4.194980579999999  6.28453058  -0.015880579999999256 
16 55  -4.194980579999999  4.163219420000001  2.10543058 
17 24  -2.10543058  4.163219420000001  -4.194980580000001 
17 25  -2.10543058  -2.07366942  -2.0736694200000008 
17 26  -4.16321942  4.163219420000001  -6.25276942 
17 27  -4.16321942  -2.07366942  -0.015880580000000144 
17 28  -2.0736694200000003  0.015880580000000144  -4.163219420000001 
17 29  -2.0736694200000003  -2.10543058  -6.28453058 
17 30  -0.015880580000000144  0.015880580000000144  -2.10543058 
17 31  -0.015880579999999256  -2.10543058  0.015880579999999256 
17 32  -2.10543058  -0.015880580000000144  -0.015880580000000144 
17 33  -2.10543058  2.1054305799999997  -6.25276942 
17 34  -4.16321942  -0.015880580000000144  -2.0736694200000008 
17 35  -4.16321942  2.1054305799999997  -4.194980580000001 
17 36  -2.0736694199999994  4.194980579999999  0.015880579999999256 
17 37  -2.0736694199999994  2.0736694200000003  -2.10543058 
17 38  -0.015880579999999256  4.194980579999999  -6.28453058 
17 39  -0.015880580000000144  2.0736694200000003  -4.163219420000001 
17 40  2.0736694200000017  4.163219420000001  -0.015880580000000144 
17 41  2.07366942  -2.07366942  -6.25276942 
17 42  0.015880580000000144  4.163219420000001  -2.0736694200000008 
17 43  0.015880579999999256  -2.07366942  -4.194980580000001 
17 44  2.10543058  0.015880580000000144  0.015880579999999256 
17 45  2.1054305799999993  -2.10543058  -2.10543058 
17 46  -4.19498058  0.015880580000000144  -6.28453058 
17 47  -4.19498058  -2.10543058  -4.163219420000001 
17 48  2.07366942  -0.015880580000000144  -4.194980580000001 
17 49  2.07366942  2.1054305799999997  -2.0736694200000008 
17 50  0.015880579999999256  -0.015880580000000144  -6.25276942 
17 51  0.015880580000000144  2.1054305799999997  -0.015880580000000144 
17 52  2.10543058  4.194980579999999  -4.163219420000001 
17 53  2.1054305799999993  2.0736694200000003  -6.28453058 
17 54  -4.194980579999999  4.194980579999999  -2.10543058 
17 55  -4.194980579999999  2.0736694200000003  0.015880579999999256 
18 24  -4.194980580000001  6.25276942  -4.194980580000001 
18 25  -4.194980580000001  0.015880580000000144  -2.0736694200000008 
18 26  -6.252769420000001  6.25276942  -6.25276942 
18 27  -6.252769420000001  0.015880580000000144  -0.015880580000000144 
18 28  -4.163219420000001  2.10543058  -4.163219420000001 
18 29  -4.163219420000001  -0.015880579999999922  -6.28453058 
18 30  -2.105430580000001  2.10543058  -2.10543058 
18 31  -2.10543058  -0.015880579999999922  0.015880579999999256 
18 32  -4.194980580000001  2.07366942  -0.015880580000000144 
18 33  -4.194980580000001  4.194980579999999  -6.25276942 
18 34  -6.252769420000001  2.07366942  -2.0736694200000008 
18 35  -6.252769420000001  4.194980579999999  -4.194980580000001 
18 36  -4.163219420000001  6.28453058  0.015880579999999256 
18 37  -4.163219420000001  4.163219420000001  -2.10543058 
18 38  -2.10543058  6.28453058  -6.28453058 
18 39  -2.105430580000001  4.163219420000001  -4.163219420000001 
18 40  -0.015880579999999256  6.25276942  -0.015880580000000144 
18 41  -0.015880580000001032  0.015880580000000144  -6.25276942 
18 42  -2.0736694200000008  6.25276942  -2.0736694200000008 
18 43  -2.0736694200000017  0.015880580000000144  -4.194980580000001 
18 44  0.015880579999999256  2.10543058  0.015880579999999256 
18 45  0.015880579999998368  -0.015880579999999922  -2.10543058 
18 46  -6.284530580000001  2.10543058  -6.28453058 
18 47  -6.284530580000001  -0.015880579999999922  -4.163219420000001 
18 48  -0.015880580000001032  2.07366942  -4.194980580000001 
18 49  -0.015880580000001032  4.194980579999999  -2.0736694200000008 
18 50  -2.0736694200000017  2.07366942  -6.25276942 
18 51  -2.0736694200000008  4.194980579999999  -0.015880580000000144 
18 52  0.015880579999999256  6.28453058  -4.163219420000001 
18 53  0.015880579999998368  4.163219420000001  -6.28453058 
18 54  -6.28453058  6.28453058  -2.10543058 
18 55  -6.28453058  4.163219420000001  0.015880579999999256 
19 24  -4.194980580000001  -0.015880580000000144  2.07366942 
19 25  -4.194980580000001  -6.25276942  4.194980579999999 
19 26  -6.252769420000001  -0.015880580000000144  0.015880580000000144 
19 27  -6.252769420000001  -6.25276942  6.25276942 
19 28  -4.163219420000001  -4.163219420000001  2.10543058 
19 29  -4.163219420000001  -6.28453058  -0.015880579999999922 
19 30  -2.105430580000001  -4.163219420000001  4.163219420000001 
19 31  -2.10543058  -6.28453058  6.28453058 
19 32  -4.194980580000001  -4.194980580000001  6.25276942 
19 33  -4.194980580000001  -2.0736694200000008  0.015880580000000144 
19 34  -6.252769420000001  -4.194980580000001  4.194980579999999 
19 35  -6.252769420000001  -2.0736694200000008  2.07366942 
19 36  -4.163219420000001  0.015880579999999256  6.28453058 
19 37  -4.163219420000001  -2.10543058  4.163219420000001 
19 38  -2.10543058  0.015880579999999256  -0.015880579999999922 
19 39  -2.105430580000001  -2.10543058  2.10543058 
19 40  -0.015880579999999256  -0.015880580000000144  6.25276942 
19 41  -0.015880580000001032  -6.25276942  0.015880580000000144 
19 42  -2.0736694200000008  -0.015880580000000144  4.194980579999999 
19 43  -2.0736694200000017  -6.25276942  2.07366942 
19 44  0.015880579999999256  -4.163219420000001  6.28453058 
19 45  0.015880579999998368  -6.28453058  4.163219420000001 
19 46  -6.284530580000001  -4.163219420000001  -0.015880579999999922 
19 47  -6.284530580000001  -6.28453058  2.10543058 
19 48  -0.015880580000001032  -4.194980580000001  2.07366942 
19 49  -0.015880580000001032  -2.0736694200000008  4.194980579999999 
19 50  -2.0736694200000017  -4.194980580000001  0.015880580000000144 
19 51  -2.0736694200000008  -2.0736694200000008  6.25276942 
19 52  0.015880579999999256  0.015880579999999256  2.10543058 
19 53  0.015880579999998368  -2.10543058  -0.015880579999999922 
19 54  -6.28453058  0.015880579999999256  4.163219420000001 
19 55  -6.28453058  -2.10543058  6.28453058 
20 24  -2.1054305799999993  2.0736694200000008  2.07366942 
20 25  -2.1054305799999993  -4.163219419999999  4.194980579999999 
20 26  -4.163219419999999  2.0736694200000008  0.015880580000000144 
20 27  -4.163219419999999  -4.163219419999999  6.25276942 
20 28  -2.0736694199999994  -2.0736694199999994  2.10543058 
20 29  -2.0736694199999994  -4.194980579999999  -0.015880579999999922 
20 30  -0.015880579999999256  -2.0736694199999994  4.163219420000001 
20 31  -0.015880579999998368  -4.194980579999999  6.28453058 
20 32  -2.1054305799999993  -2.1054305799999997  6.25276942 
20 33  -2.1054305799999993  0.015880580000000144  0.015880580000000144 
20 34  -4.163219419999999  -2.1054305799999997  4.194980579999999 
20 35  -4.163219419999999  0.015880580000000144  2.07366942 
20 36  -2.0736694199999985  2.10543058  6.28453058 
20 37  -2.0736694199999985  -0.015880579999999256  4.163219420000001 
20 38  -0.015880579999998368  2.10543058  -0.015880579999999922 
20 39  -0.015880579999999256  -0.015880579999999256  2.10543058 
20 40  2.0736694200000025  2.0736694200000008  6.25276942 
20 41  2.0736694200000008  -4.163219419999999  0.015880580000000144 
20 42  0.015880580000001032  2.0736694200000008  4.194980579999999 
20 43  0.015880580000000144  -4.163219419999999  2.07366942 
20 44  2.105430580000001  -2.0736694199999994  6.28453058 
20 45  2.10543058  -4.194980579999999  4.163219420000001 
20 46  -4.194980579999999  -2.0736694199999994  -0.015880579999999922 
20 47  -4.194980579999999  -4.194980579999999  2.10543058 
20 48  2.0736694200000008  -2.1054305799999997  2.07366942 
20 49  2.0736694200000008  0.015880580000000144  4.194980579999999 
20 50  0.015880580000000144  -2.1054305799999997  0.015880580000000144 
20 51  0.015880580000001032  0.015880580000000144  6.25276942 
20 52  2.105430580000001  2.10543058  2.10543058 
20 53  2.10543058  -0.015880579999999256  -0.015880579999999922 
20 54  -4.194980579999999  2.10543058  4.163219420000001 
20 55  -4.194980579999999  -0.015880579999999256  6.28453058 
21 24  -2.10543058  -0.015880580000000144  -0.015880580000000144 
21 25  -2.10543058  -6.25276942  2.1054305799999997 
21 26  -4.16321942  -0.015880580000000144  -2.07366942 
21 27  -4.16321942  -6.25276942  4.163219420000001 
21 28  -2.0736694200000003  -4.163219420000001  0.015880580000000144 
21 29  -2.0736694200000003  -6.28453058  -2.10543058 
21 30  -0.015880580000000144  -4.163219420000001  2.0736694200000003 
21 31  -0.015880579999999256  -6.28453058  4.194980579999999 
21 32  -2.10543058  -4.194980580000001  4.163219420000001 
21 33  -2.10543058  -2.0736694200000008  -2.07366942 
21 34  -4.16321942  -4.194980580000001  2.1054305799999997 
21 35  -4.16321942  -2.0736694200000008  -0.015880580000000144 
21 36  -2.0736694199999994  0.015880579999999256  4.194980579999999 
21 37  -2.0736694199999994  -2.10543058  2.0736694200000003 
21 38  -0.015880579999999256  0.015880579999999256  -2.10543058 
21 39  -0.015880580000000144  -2.10543058  0.015880580000000144 
21 40  2.0736694200000017  -0.015880580000000144  4.163219420000001 
21 41  2.07366942  -6.25276942  -2.07366942 
21 42  0.015880580000000144  -0.015880580000000144  2.1054305799999997 
21 43  0.015880579999999256  -6.25276942  -0.015880580000000144 
21 44  2.10543058  -4.163219420000001  4.194980579999999 
21 45  2.1054305799999993  -6.28453058  2.0736694200000003 
21 46  -4.19498058  -4.163219420000001  -2.10543058 
21 47  -4.19498058  -6.28453058  0.015880580000000144 
21 48  2.07366942  -4.194980580000001  -0.015880580000000144 
21 49  2.07366942  -2.0736694200000008  2.1054305799999997 
21 50  0.015880579999999256  -4.194980580000001  -2.07366942 
21 51  0.015880580000000144  -2.0736694200000008  4.163219420000001 
21 52  2.10543058  0.015880579999999256  0.015880580000000144 
21 53  2.1054305799999993  -2.10543058  -2.10543058 
21 54  -4.194980579999999  0.015880579999999256  2.0736694200000003 
21 55  -4.194980579999999  -2.10543058  4.194980579999999 
22 24  -4.19498058  2.0736694200000008  -0.015880580000000144 
22 25  -4.19498058  -4.163219419999999  2.1054305799999997 
22 26  -6.25276942  2.0736694200000008  -2.07366942 
22 27  -6.25276942  -4.163219419999999  4.163219420000001 
22 28  -4.163219420000001  -2.0736694199999994  0.015880580000000144 
22 29  -4.163219420000001  -4.194980579999999  -2.10543058 
22 30  -2.10543058  -2.0736694199999994  2.0736694200000003 
22 31  -2.1054305799999993  -4.194980579999999  4.194980579999999 
22 32  -4.19498058  -2.1054305799999997  4.163219420000001 
22 33  -4.19498058  0.015880580000000144  -2.07366942 
22 34  -6.25276942  -2.1054305799999997  2.1054305799999997 
22 35  -6.25276942  0.015880580000000144  -0.015880580000000144 
22 36  -4.163219419999999  2.10543058  4.194980579999999 
22 37  -4.163219419999999  -0.015880579999999256  2.0736694200000003 
22 38  -2.1054305799999993  2.10543058  -2.10543058 
22 39  -2.10543058  -0.015880579999999256  0.015880580000000144 
22 40  -0.015880579999998368  2.0736694200000008  4.163219420000001 
22 41  -0.015880580000000144  -4.163219419999999  -2.07366942 
22 42  -2.07366942  2.0736694200000008  2.1054305799999997 
22 43  -2.0736694200000008  -4.163219419999999  -0.015880580000000144 
22 44  0.015880580000000144  -2.0736694199999994  4.194980579999999 
22 45  0.015880579999999256  -4.194980579999999  2.0736694200000003 
22 46  -6.28453058  -2.0736694199999994  -2.10543058 
22 47  -6.28453058  -4.194980579999999  0.015880580000000144 
22 48  -0.015880580000000144  -2.1054305799999997  -0.015880580000000144 
22 49  -0.015880580000000144  0.015880580000000144  2.1054305799999997 
22 50  -2.0736694200000008  -2.1054305799999997  -2.07366942 
22 51  -2.07366942  0.015880580000000144  4.163219420000001 
22 52  0.015880580000000144  2.10543058  0.015880580000000144 
22 53  0.015880579999999256  -0.015880579999999256  -2.10543058 
22 54  -6.28453058  2.10543058  2.0736694200000003 
22 55  -6.28453058  -0.015880579999999256  4.194980579999999 
23 24  -4.19498058  4.163219420000001  -2.1054305799999997 
23 25  -4.19498058  -2.07366942  0.015880580000000144 
23 26  -6.25276942  4.163219420000001  -4.163219419999999 
23 27  -6.25276942  -2.07366942  2.0736694200000008 
23 28  -4.163219420000001  0.015880580000000144  -2.0736694199999994 
23 29  -4.163219420000001  -2.10543058  -4.194980579999999 
23 30  -2.10543058  0.015880580000000144  -0.015880579999999256 
23 31  -2.1054305799999993  -2.10543058  2.10543058 
23 32  -4.19498058  -0.015880580000000144  2.0736694200000008 
23 33  -4.19498058  2.1054305799999997  -4.163219419999999 
23 34  -6.25276942  -0.015880580000000144  0.015880580000000144 
23 35  -6.25276942  2.1054305799999997  -2.1054305799999997 
23 36  -4.163219419999999  4.194980579999999  2.10543058 
23 37  -4.163219419999999  2.0736694200000003  -0.015880579999999256 
23 38  -2.1054305799999993  4.194980579999999  -4.194980579999999 
23 39  -2.10543058  2.0736694200000003  -2.0736694199999994 
23 40  -0.015880579999998368  4.163219420000001  2.0736694200000008 
23 41  -0.015880580000000144  -2.07366942  -4.163219419999999 
23 42  -2.07366942  4.163219420000001  0.015880580000000144 
23 43  -2.0736694200000008  -2.07366942  -2.1054305799999997 
23 44  0.015880580000000144  0.015880580000000144  2.10543058 
23 45  0.015880579999999256  -2.10543058  -0.015880579999999256 
23 46  -6.28453058  0.015880580000000144  -4.194980579999999 
23 47  -6.28453058  -2.10543058  -2.0736694199999994 
23 48  -0.015880580000000144  -0.015880580000000144  -2.1054305799999997 
23 49  -0.015880580000000144  2.1054305799999997  0.015880580000000144 
23 50  -2.0736694200000008  -0.015880580000000144  -4.163219419999999 
23 51  -2.07366942  2.1054305799999997  2.0736694200000008 
23 52  0.015880580000000144  4.194980579999999  -2.0736694199999994 
23 53  0.015880579999999256  2.0736694200000003  -4.194980579999999 
23 54  -6.28453058  4.194980579999999  -0.015880579999999256 
23 55  -6.28453058  2.0736694200000003  2.10543058 
24 0  -1.0288944199999999  -1.0288944200000003  -1.0288944199999999 
24 1  1.0606555799999997  -3.1184444200000003  1.0606555800000002 
24 2  -1.0288944199999999  -5.20799442  3.15020558 
24 3  1.0606555799999997  -7.29754442  -3.11844442 
24 4  3.1502055799999997  -1.0288944200000003  3.15020558 
24 5  -3.11844442  -3.1184444200000003  -3.11844442 
24 6  3.1502055799999997  -5.20799442  -1.0288944199999999 
24 7  -3.11844442  -7.29754442  1.0606555800000002 
24 8  -2.0736694200000003  -6.25276942  -2.07366942 
24 9  -2.07366942  -4.163219420000001  0.015880580000000144 
24 10  0.0158805799999997  -6.25276942  0.015880580000000144 
24 11  0.015880580000000588  0.015880580000000144  2.1054305799999997 
24 12  -2.07366942  -2.0736694200000008  2.1054305799999997 
24 13  -2.0736694199999994  0.015880580000000144  4.194980580000001 
24 14  0.015880580000000588  -2.0736694200000008  4.194980580000001 
24 15  0.0158805799999997  -4.163219420000001  -2.07366942 
24 16  2.1054305799999993  -6.25276942  2.1054305799999997 
24 17  2.10543058  -4.163219420000001  4.194980580000001 
24 18  4.194980580000001  -6.25276942  4.194980580000001 
24 19  4.194980580000001  0.015880580000000144  -2.07366942 
24 20  2.1054305799999993  -2.0736694200000008  -2.07366942 
24 21  2.10543058  0.015880580000000144  0.015880580000000144 
24 22  4.19498058  -2.0736694200000008  0.015880580000000144 
24 23  4.19498058  -4.163219420000001  2.1054305799999997 
25 0  -1.0288944199999999  5.20799442  -3.1502055799999997 
25 1  1.0606555799999997  3.11844442  -1.0606555799999997 
25 2  -1.0288944199999999  1.0288944199999999  1.0288944200000003 
25 3  1.0606555799999997  -1.0606555800000002  -5.23975558 
25 4  3.1502055799999997  5.20799442  1.0288944200000003 
25 5  -3.11844442  3.11844442  -5.23975558 
25 6  3.1502055799999997  1.0288944199999999  -3.1502055799999997 
25 7  -3.11844442  -1.0606555800000002  -1.0606555799999997 
25 8  -2.0736694200000003  -0.015880580000000144  -4.194980579999999 
25 9  -2.07366942  2.07366942  -2.1054305799999997 
25 10  0.0158805799999997  -0.015880580000000144  -2.1054305799999997 
25 11  0.015880580000000588  6.25276942  -0.015880580000000144 
25 12  -2.07366942  4.163219419999999  -0.015880580000000144 
25 13  -2.0736694199999994  6.25276942  2.0736694200000008 
25 14  0.015880580000000588  4.163219419999999  2.0736694200000008 
25 15  0.0158805799999997  2.07366942  -4.194980579999999 
25 16  2.1054305799999993  -0.015880580000000144  -0.015880580000000144 
25 17  2.10543058  2.07366942  2.0736694200000008 
25 18  4.194980580000001  -0.015880580000000144  2.0736694200000008 
25 19  4.194980580000001  6.25276942  -4.194980579999999 
25 20  2.1054305799999993  4.163219419999999  -4.194980579999999 
25 21  2.10543058  6.25276942  -2.1054305799999997 
25 22  4.19498058  4.163219419999999  -2.1054305799999997 
25 23  4.19498058  2.07366942  -0.015880580000000144 
26 0  1.0288944199999999  -1.0288944200000003  1.0288944199999999 
26 1  3.1184444199999994  -3.1184444200000003  3.11844442 
26 2  1.0288944199999999  -5.20799442  5.20799442 
26 3  3.1184444199999994  -7.29754442  -1.0606555800000002 
26 4  5.2079944199999995  -1.0288944200000003  5.20799442 
26 5  -1.0606555800000004  -3.1184444200000003  -1.0606555800000002 
26 6  5.2079944199999995  -5.20799442  1.0288944199999999 
26 7  -1.0606555800000004  -7.29754442  3.11844442 
26 8  -0.015880580000000588  -6.25276942  -0.015880580000000144 
26 9  -0.015880580000000144  -4.163219420000001  2.07366942 
26 10  2.0736694199999994  -6.25276942  2.07366942 
26 11  2.0736694200000003  0.015880580000000144  4.163219419999999 
26 12  -0.015880580000000144  -2.0736694200000008  4.163219419999999 
26 13  -0.0158805799999997  0.015880580000000144  6.25276942 
26 14  2.0736694200000003  -2.0736694200000008  6.25276942 
26 15  2.0736694199999994  -4.163219420000001  -0.015880580000000144 
26 16  4.163219419999999  -6.25276942  4.163219419999999 
26 17  4.16321942  -4.163219420000001  6.25276942 
26 18  6.252769420000001  -6.25276942  6.25276942 
26 19  6.252769420000001  0.015880580000000144  -0.015880580000000144 
26 20  4.163219419999999  -2.0736694200000008  -0.015880580000000144 
26 21  4.16321942  0.015880580000000144  2.07366942 
26 22  6.25276942  -2.0736694200000008  2.07366942 
26 23  6.25276942  -4.163219420000001  4.163219419999999 
27 0  1.0288944199999999  5.20799442  -5.20799442 
27 1  3.1184444199999994  3.11844442  -3.1184444200000003 
27 2  1.0288944199999999  1.0288944199999999  -1.0288944200000003 
27 3  3.1184444199999994  -1.0606555800000002  -7.29754442 
27 4  5.2079944199999995  5.20799442  -1.0288944200000003 
27 5  -1.0606555800000004  3.11844442  -7.29754442 
27 6  5.2079944199999995  1.0288944199999999  -5.20799442 
27 7  -1.0606555800000004  -1.0606555800000002  -3.1184444200000003 
27 8  -0.015880580000000588  -0.015880580000000144  -6.25276942 
27 9  -0.015880580000000144  2.07366942  -4.163219420000001 
27 10  2.0736694199999994  -0.015880580000000144  -4.163219420000001 
27 11  2.0736694200000003  6.25276942  -2.0736694200000008 
27 12  -0.015880580000000144  4.163219419999999  -2.0736694200000008 
27 13  -0.0158805799999997  6.25276942  0.015880580000000144 
27 14  2.0736694200000003  4.163219419999999  0.015880580000000144 
27 15  2.0736694199999994  2.07366942  -6.25276942 
27 16  4.163219419999999  -0.015880580000000144  -2.0736694200000008 
27 17  4.16321942  2.07366942  0.015880580000000144 
27 18  6.252769420000001  -0.015880580000000144  0.015880580000000144 
27 19  6.252769420000001  6.25276942  -6.25276942 
27 20  4.163219419999999  4.163219419999999  -6.25276942 
27 21  4.16321942  6.25276942  -4.163219420000001 
27 22  6.25276942  4.163219419999999  -4.163219420000001 
27 23  6.25276942  2.07366942  -2.0736694200000008 
28 0  -1.0606555799999997  3.11844442  -1.0606555800000002 
28 1  1.0288944199999999  1.0288944199999999  1.0288944199999999 
28 2  -1.0606555799999997  -1.0606555800000002  3.11844442 
28 3  1.0288944199999999  -3.15020558  -3.15020558 
28 4  3.11844442  3.11844442  3.11844442 
28 5  -3.1502055799999997  1.0288944199999999  -3.15020558 
28 6  3.11844442  -1.0606555800000002  -1.0606555800000002 
28 7  -3.1502055799999997  -3.15020558  1.0288944199999999 
28 8  -2.10543058  -2.10543058  -2.10543058 
28 9  -2.1054305799999997  -0.015880580000000144  -0.015880580000000144 
28 10  -0.015880580000000144  -2.10543058  -0.015880580000000144 
28 11  -0.015880579999999256  4.163219420000001  2.0736694199999994 
28 12  -2.1054305799999997  2.0736694199999994  2.0736694199999994 
28 13  -2.1054305799999993  4.163219420000001  4.163219420000001 
28 14  -0.015880579999999256  2.0736694199999994  4.163219420000001 
28 15  -0.015880580000000144  -0.015880580000000144  -2.10543058 
28 16  2.0736694199999994  -2.10543058  2.0736694199999994 
28 17  2.0736694200000003  -0.015880580000000144  4.163219420000001 
28 18  4.163219420000001  -2.10543058  4.163219420000001 
28 19  4.163219420000001  4.163219420000001  -2.10543058 
28 20  2.0736694199999994  2.0736694199999994  -2.10543058 
28 21  2.0736694200000003  4.163219420000001  -0.015880580000000144 
28 22  4.163219420000001  2.0736694199999994  -0.015880580000000144 
28 23  4.163219420000001  -0.015880580000000144  2.0736694199999994 
29 0  -1.0606555799999997  5.23975558  1.06065558 
29 1  1.0288944199999999  3.1502055799999997  3.1502055799999997 
29 2  -1.0606555799999997  1.06065558  5.23975558 
29 3  1.0288944199999999  -1.02889442  -1.02889442 
29 4  3.11844442  5.23975558  5.23975558 
29 5  -3.1502055799999997  3.1502055799999997  -1.02889442 
29 6  3.11844442  1.06065558  1.06065558 
29 7  -3.1502055799999997  -1.02889442  3.1502055799999997 
29 8  -2.10543058  0.015880579999999922  0.015880579999999922 
29 9  -2.1054305799999997  2.10543058  2.10543058 
29 10  -0.015880580000000144  0.015880579999999922  2.10543058 
29 11  -0.015880579999999256  6.28453058  4.194980579999999 
29 12  -2.1054305799999997  4.194980579999999  4.194980579999999 
29 13  -2.1054305799999993  6.28453058  6.28453058 
29 14  -0.015880579999999256  4.194980579999999  6.28453058 
29 15  -0.015880580000000144  2.10543058  0.015880579999999922 
29 16  2.0736694199999994  0.015880579999999922  4.194980579999999 
29 17  2.0736694200000003  2.10543058  6.28453058 
29 18  4.163219420000001  0.015880579999999922  6.28453058 
29 19  4.163219420000001  6.28453058  0.015880579999999922 
29 20  2.0736694199999994  4.194980579999999  0.015880579999999922 
29 21  2.0736694200000003  6.28453058  2.10543058 
29 22  4.163219420000001  4.194980579999999  2.10543058 
29 23  4.163219420000001  2.10543058  4.194980579999999 
30 0  -3.11844442  3.11844442  -3.1184444200000003 
30 1  -1.0288944200000003  1.0288944199999999  -1.0288944200000003 
30 2  -3.11844442  -1.0606555800000002  1.0606555799999997 
30 3  -1.0288944200000003  -3.15020558  -5.20799442 
30 4  1.0606555799999997  3.11844442  1.0606555799999997 
30 5  -5.20799442  1.0288944199999999  -5.20799442 
30 6  1.0606555799999997  -1.0606555800000002  -3.1184444200000003 
30 7  -5.20799442  -3.15020558  -1.0288944200000003 
30 8  -4.163219420000001  -2.10543058  -4.163219420000001 
30 9  -4.16321942  -0.015880580000000144  -2.0736694200000003 
30 10  -2.0736694200000003  -2.10543058  -2.0736694200000003 
30 11  -2.0736694199999994  4.163219420000001  0.015880579999999256 
30 12  -4.16321942  2.0736694199999994  0.015880579999999256 
30 13  -4.163219419999999  4.163219420000001  2.10543058 
30 14  -2.0736694199999994  2.0736694199999994  2.10543058 
30 15  -2.0736694200000003  -0.015880580000000144  -4.163219420000001 
30 16  0.015880579999999256  -2.10543058  0.015880579999999256 
30 17  0.015880580000000144  -0.015880580000000144  2.10543058 
30 18  2.105430580000001  -2.10543058  2.10543058 
30 19  2.105430580000001  4.163219420000001  -4.163219420000001 
30 20  0.015880579999999256  2.0736694199999994  -4.163219420000001 
30 21  0.015880580000000144  4.163219420000001  -2.0736694200000003 
30 22  2.10543058  2.0736694199999994  -2.0736694200000003 
30 23  2.10543058  -0.015880580000000144  0.015880579999999256 
31 0  -3.1184444200000008  5.23975558  -5.23975558 
31 1  -1.0288944200000012  3.1502055799999997  -3.1502055799999997 
31 2  -3.1184444200000008  1.06065558  -1.0606555799999997 
31 3  -1.0288944200000012  -1.02889442  -7.32930558 
31 4  1.0606555799999988  5.23975558  -1.0606555799999997 
31 5  -5.207994420000001  3.1502055799999997  -7.32930558 
31 6  1.0606555799999988  1.06065558  -5.23975558 
31 7  -5.207994420000001  -1.02889442  -3.1502055799999997 
31 8  -4.163219420000001  0.015880579999999922  -6.28453058 
31 9  -4.163219420000001  2.10543058  -4.194980579999999 
31 10  -2.073669420000001  0.015880579999999922  -4.194980579999999 
31 11  -2.0736694200000003  6.28453058  -2.10543058 
31 12  -4.163219420000001  4.194980579999999  -2.10543058 
31 13  -4.163219420000001  6.28453058  -0.015880579999999256 
31 14  -2.0736694200000003  4.194980579999999  -0.015880579999999256 
31 15  -2.073669420000001  2.10543058  -6.28453058 
31 16  0.015880579999998368  0.015880579999999922  -2.10543058 
31 17  0.015880579999999256  2.10543058  -0.015880579999999256 
31 18  2.10543058  0.015880579999999922  -0.015880579999999256 
31 19  2.10543058  6.28453058  -6.28453058 
31 20  0.015880579999998368  4.194980579999999  -6.28453058 
31 21  0.015880579999999256  6.28453058  -4.194980579999999 
31 22  2.1054305799999993  4.194980579999999  -4.194980579999999 
31 23  2.1054305799999993  2.10543058  -2.10543058 
32 0  -1.0288944199999999  3.15020558  -5.20799442 
32 1  1.0606555799999997  1.0606555800000002  -3.1184444200000003 
32 2  -1.0288944199999999  -1.0288944199999999  -1.0288944200000003 
32 3  1.0606555799999997  -3.11844442  -7.29754442 
32 4  3.1502055799999997  3.15020558  -1.0288944200000003 
32 5  -3.11844442  1.0606555800000002  -7.29754442 
32 6  3.1502055799999997  -1.0288944199999999  -5.20799442 
32 7  -3.11844442  -3.11844442  -3.1184444200000003 
32 8  -2.0736694200000003  -2.07366942  -6.25276942 
32 9  -2.07366942  0.015880580000000144  -4.163219420000001 
32 10  0.0158805799999997  -2.07366942  -4.163219420000001 
32 11  0.015880580000000588  4.194980580000001  -2.0736694200000008 
32 12  -2.07366942  2.1054305799999997  -2.0736694200000008 
32 13  -2.0736694199999994  4.194980580000001  0.015880580000000144 
32 14  0.015880580000000588  2.1054305799999997  0.015880580000000144 
32 15  0.0158805799999997  0.015880580000000144  -6.25276942 
32 16  2.1054305799999993  -2.07366942  -2.0736694200000008 
32 17  2.10543058  0.015880580000000144  0.015880580000000144 
32 18  4.194980580000001  -2.07366942  0.015880580000000144 
32 19  4.194980580000001  4.194980580000001  -6.25276942 
32 20  2.1054305799999993  2.1054305799999997  -6.25276942 
32 21  2.10543058  4.194980580000001  -4.163219420000001 
32 22  4.19498058  2.1054305799999997  -4.163219420000001 
32 23  4.19498058  0.015880580000000144  -2.0736694200000008 
33 0  -1.0288944199999999  1.0288944200000003  1.0288944199999999 
33 1  1.0606555799999997  -1.0606555799999997  3.11844442 
33 2  -1.0288944199999999  -3.1502055799999997  5.20799442 
33 3  1.0606555799999997  -5.23975558  -1.0606555800000002 
33 4  3.1502055799999997  1.0288944200000003  5.20799442 
33 5  -3.11844442  -1.0606555799999997  -1.0606555800000002 
33 6  3.1502055799999997  -3.1502055799999997  1.0288944199999999 
33 7  -3.11844442  -5.23975558  3.11844442 
33 8  -2.0736694200000003  -4.194980579999999  -0.015880580000000144 
33 9  -2.07366942  -2.1054305799999997  2.07366942 
33 10  0.0158805799999997  -4.194980579999999  2.07366942 
33 11  0.015880580000000588  2.0736694200000008  4.163219419999999 
33 12  -2.07366942  -0.015880580000000144  4.163219419999999 
33 13  -2.0736694199999994  2.0736694200000008  6.25276942 
33 14  0.015880580000000588  -0.015880580000000144  6.25276942 
33 15  0.0158805799999997  -2.1054305799999997  -0.015880580000000144 
33 16  2.1054305799999993  -4.194980579999999  4.163219419999999 
33 17  2.10543058  -2.1054305799999997  6.25276942 
33 18  4.194980580000001  -4.194980579999999  6.25276942 
33 19  4.194980580000001  2.0736694200000008  -0.015880580000000144 
33 20  2.1054305799999993  -0.015880580000000144  -0.015880580000000144 
33 21  2.10543058  2.0736694200000008  2.07366942 
33 22  4.19498058  -0.015880580000000144  2.07366942 
33 23  4.19498058  -2.1054305799999997  4.163219419999999 
34 0  1.0288944199999999  3.15020558  -3.1502055799999997 
34 1  3.1184444199999994  1.0606555800000002  -1.0606555799999997 
34 2  1.0288944199999999  -1.0288944199999999  1.0288944200000003 
34 3  3.1184444199999994  -3.11844442  -5.23975558 
34 4  5.2079944199999995  3.15020558  1.0288944200000003 
34 5  -1.0606555800000004  1.0606555800000002  -5.23975558 
34 6  5.2079944199999995  -1.0288944199999999  -3.1502055799999997 
34 7  -1.0606555800000004  -3.11844442  -1.0606555799999997 
34 8  -0.015880580000000588  -2.07366942  -4.194980579999999 
34 9  -0.015880580000000144  0.015880580000000144  -2.1054305799999997 
34 10  2.0736694199999994  -2.07366942  -2.1054305799999997 
34 11  2.0736694200000003  4.194980580000001  -0.015880580000000144 
34 12  -0.015880580000000144  2.1054305799999997  -0.015880580000000144 
34 13  -0.0158805799999997  4.194980580000001  2.0736694200000008 
34 14  2.0736694200000003  2.1054305799999997  2.0736694200000008 
34 15  2.0736694199999994  0.015880580000000144  -4.194980579999999 
34 16  4.163219419999999  -2.07366942  -0.015880580000000144 
34 17  4.16321942  0.015880580000000144  2.0736694200000008 
34 18  6.252769420000001  -2.07366942  2.0736694200000008 
34 19  6.252769420000001  4.194980580000001  -4.194980579999999 
34 20  4.163219419999999  2.1054305799999997  -4.194980579999999 
34 21  4.16321942  4.194980580000001  -2.1054305799999997 
34 22  6.25276942  2.1054305799999997  -2.1054305799999997 
34 23  6.25276942  0.015880580000000144  -0.015880580000000144 
35 0  1.0288944199999999  1.0288944200000003  -1.0288944199999999 
35 1  3.1184444199999994  -1.0606555799999997  1.0606555800000002 
35 2  1.0288944199999999  -3.1502055799999997  3.15020558 
35 3  3.1184444199999994  -5.23975558  -3.11844442 
35 4  5.2079944199999995  1.0288944200000003  3.15020558 
35 5  -1.0606555800000004  -1.0606555799999997  -3.11844442 
35 6  5.2079944199999995  -3.1502055799999997  -1.0288944199999999 
35 7  -1.0606555800000004  -5.23975558  1.0606555800000002 
35 8  -0.015880580000000588  -4.194980579999999  -2.07366942 
35 9  -0.015880580000000144  -2.1054305799999997  0.015880580000000144 
35 10  2.0736694199999994  -4.194980579999999  0.015880580000000144 
35 11  2.0736694200000003  2.0736694200000008  2.1054305799999997 
35 12  -0.015880580000000144  -0.015880580000000144  2.1054305799999997 
35 13  -0.0158805799999997  2.0736694200000008  4.194980580000001 
35 14  2.0736694200000003  -0.015880580000000144  4.194980580000001 
35 15  2.0736694199999994  -2.1054305799999997  -2.07366942 
35 16  4.163219419999999  -4.194980579999999  2.1054305799999997 
35 17  4.16321942  -2.1054305799999997  4.194980580000001 
35 18  6.252769420000001  -4.194980579999999  4.194980580000001 
35 19  6.252769420000001  2.0736694200000008  -2.07366942 
35 20  4.163219419999999  -0.015880580000000144  -2.07366942 
35 21  4.16321942  2.0736694200000008  0.015880580000000144 
35 22  6.25276942  -0.015880580000000144  0.015880580000000144 
35 23  6.25276942  -2.1054305799999997  2.1054305799999997 
36 0  -1.0606555800000006  -1.0606555799999997  -5.23975558 
36 1  1.028894419999999  -3.1502055799999997  -3.1502055799999997 
36 2  -1.0606555800000006  -5.23975558  -1.0606555799999997 
36 3  1.028894419999999  -7.32930558  -7.32930558 
36 4  3.118444419999999  -1.0606555799999997  -1.0606555799999997 
36 5  -3.1502055800000006  -3.1502055799999997  -7.32930558 
36 6  3.118444419999999  -5.23975558  -5.23975558 
36 7  -3.1502055800000006  -7.32930558  -3.1502055799999997 
36 8  -2.105430580000001  -6.28453058  -6.28453058 
36 9  -2.1054305800000006  -4.194980579999999  -4.194980579999999 
36 10  -0.015880580000001032  -6.28453058  -4.194980579999999 
36 11  -0.015880580000000144  -0.015880579999999256  -2.10543058 
36 12  -2.1054305800000006  -2.10543058  -2.10543058 
36 13  -2.10543058  -0.015880579999999256  -0.015880579999999256 
36 14  -0.015880580000000144  -2.10543058  -0.015880579999999256 
36 15  -0.015880580000001032  -4.194980579999999  -6.28453058 
36 16  2.0736694199999985  -6.28453058  -2.10543058 
36 17  2.0736694199999994  -4.194980579999999  -0.015880579999999256 
36 18  4.163219420000001  -6.28453058  -0.015880579999999256 
36 19  4.163219420000001  -0.015880579999999256  -6.28453058 
36 20  2.0736694199999985  -2.10543058  -6.28453058 
36 21  2.0736694199999994  -0.015880579999999256  -4.194980579999999 
36 22  4.163219419999999  -2.10543058  -4.194980579999999 
36 23  4.163219419999999  -4.194980579999999  -2.10543058 
37 0  -1.0606555800000006  1.0606555799999997  -3.1184444200000003 
37 1  1.028894419999999  -1.0288944200000003  -1.0288944200000003 
37 2  -1.0606555800000006  -3.1184444200000003  1.0606555799999997 
37 3  1.028894419999999  -5.20799442  -5.20799442 
37 4  3.118444419999999  1.0606555799999997  1.0606555799999997 
37 5  -3.1502055800000006  -1.0288944200000003  -5.20799442 
37 6  3.118444419999999  -3.1184444200000003  -3.1184444200000003 
37 7  -3.1502055800000006  -5.20799442  -1.0288944200000003 
37 8  -2.105430580000001  -4.163219420000001  -4.163219420000001 
37 9  -2.1054305800000006  -2.0736694200000003  -2.0736694200000003 
37 10  -0.015880580000001032  -4.163219420000001  -2.0736694200000003 
37 11  -0.015880580000000144  2.10543058  0.015880579999999256 
37 12  -2.1054305800000006  0.015880579999999256  0.015880579999999256 
37 13  -2.10543058  2.10543058  2.10543058 
37 14  -0.015880580000000144  0.015880579999999256  2.10543058 
37 15  -0.015880580000001032  -2.0736694200000003  -4.163219420000001 
37 16  2.0736694199999985  -4.163219420000001  0.015880579999999256 
37 17  2.0736694199999994  -2.0736694200000003  2.10543058 
37 18  4.163219420000001  -4.163219420000001  2.10543058 
37 19  4.163219420000001  2.10543058  -4.163219420000001 
37 20  2.0736694199999985  0.015880579999999256  -4.163219420000001 
37 21  2.0736694199999994  2.10543058  -2.0736694200000003 
37 22  4.163219419999999  0.015880579999999256  -2.0736694200000003 
37 23  4.163219419999999  -2.0736694200000003  0.015880579999999256 
38 0  -3.1184444200000008  -1.0606555799999997  1.06065558 
38 1  -1.0288944200000012  -3.1502055799999997  3.1502055799999997 
38 2  -3.1184444200000008  -5.23975558  5.23975558 
38 3  -1.0288944200000012  -7.32930558  -1.02889442 
38 4  1.0606555799999988  -1.0606555799999997  5.23975558 
38 5  -5.207994420000001  -3.1502055799999997  -1.02889442 
38 6  1.0606555799999988  -5.23975558  1.06065558 
38 7  -5.207994420000001  -7.32930558  3.1502055799999997 
38 8  -4.163219420000001  -6.28453058  0.015880579999999922 
38 9  -4.163219420000001  -4.194980579999999  2.10543058 
38 10  -2.073669420000001  -6.28453058  2.10543058 
38 11  -2.0736694200000003  -0.015880579999999256  4.194980579999999 
38 12  -4.163219420000001  -2.10543058  4.194980579999999 
38 13  -4.163219420000001  -0.015880579999999256  6.28453058 
38 14  -2.0736694200000003  -2.10543058  6.28453058 
38 15  -2.073669420000001  -4.194980579999999  0.015880579999999922 
38 16  0.015880579999998368  -6.28453058  4.194980579999999 
38 17  0.015880579999999256  -4.194980579999999  6.28453058 
38 18  2.10543058  -6.28453058  6.28453058 
38 19  2.10543058  -0.015880579999999256  0.015880579999999922 
38 20  0.015880579999998368  -2.10543058  0.015880579999999922 
38 21  0.015880579999999256  -0.015880579999999256  2.10543058 
38 22  2.1054305799999993  -2.10543058  2.10543058 
38 23  2.1054305799999993  -4.194980579999999  4.194980579999999 
39 0  -3.11844442  1.0606555799999997  -1.0606555800000002 
39 1  -1.0288944200000003  -1.0288944200000003  1.0288944199999999 
39 2  -3.11844442  -3.1184444200000003  3.11844442 
39 3  -1.0288944200000003  -5.20799442  -3.15020558 
39 4  1.0606555799999997  1.0606555799999997  3.11844442 
39 5  -5.20799442  -1.0288944200000003  -3.15020558 
39 6  1.0606555799999997  -3.1184444200000003  -1.0606555800000002 
39 7  -5.20799442  -5.20799442  1.0288944199999999 
39 8  -4.163219420000001  -4.163219420000001  -2.10543058 
39 9  -4.16321942  -2.0736694200000003  -0.015880580000000144 
39 10  -2.0736694200000003  -4.163219420000001  -0.015880580000000144 
39 11  -2.0736694199999994  2.10543058  2.0736694199999994 
39 12  -4.16321942  0.015880579999999256  2.0736694199999994 
39 13  -4.163219419999999  2.10543058  4.163219420000001 
39 14  -2.0736694199999994  0.015880579999999256  4.163219420000001 
39 15  -2.0736694200000003  -2.0736694200000003  -2.10543058 
39 16  0.015880579999999256  -4.163219420000001  2.0736694199999994 
39 17  0.015880580000000144  -2.0736694200000003  4.163219420000001 
39 18  2.105430580000001  -4.163219420000001  4.163219420000001 
39 19  2.105430580000001  2.10543058  -2.10543058 
39 20  0.015880579999999256  0.015880579999999256  -2.10543058 
39 21  0.015880580000000144  2.10543058  -0.015880580000000144 
39 22  2.10543058  0.015880579999999256  -0.015880580000000144 
39 23  2.10543058  -2.0736694200000003  2.0736694199999994 
40 0  -5.207994420000002  -1.0288944200000003  -5.20799442 
40 1  -3.118444420000002  -3.1184444200000003  -3.1184444200000003 
40 2  -5.207994420000002  -5.20799442  -1.0288944200000003 
40 3  -3.118444420000002  -7.29754442  -7.29754442 
40 4  -1.028894420000002  -1.0288944200000003  -1.0288944200000003 
40 5  -7.297544420000002  -3.1184444200000003  -7.29754442 
40 6  -1.028894420000002  -5.20799442  -5.20799442 
40 7  -7.297544420000002  -7.29754442  -3.1184444200000003 
40 8  -6.252769420000002  -6.25276942  -6.25276942 
40 9  -6.252769420000002  -4.163219420000001  -4.163219420000001 
40 10  -4.163219420000003  -6.25276942  -4.163219420000001 
40 11  -4.163219420000001  0.015880580000000144  -2.0736694200000008 
40 12  -6.252769420000002  -2.0736694200000008  -2.0736694200000008 
40 13  -6.252769420000002  0.015880580000000144  0.015880580000000144 
40 14  -4.163219420000001  -2.0736694200000008  0.015880580000000144 
40 15  -4.163219420000003  -4.163219420000001  -6.25276942 
40 16  -2.0736694200000025  -6.25276942  -2.0736694200000008 
40 17  -2.0736694200000017  -4.163219420000001  0.015880580000000144 
40 18  0.015880579999999256  -6.25276942  0.015880580000000144 
40 19  0.015880579999999256  0.015880580000000144  -6.25276942 
40 20  -2.0736694200000025  -2.0736694200000008  -6.25276942 
40 21  -2.0736694200000017  0.015880580000000144  -4.163219420000001 
40 22  0.015880579999998368  -2.0736694200000008  -4.163219420000001 
40 23  0.015880579999998368  -4.163219420000001  -2.0736694200000008 
41 0  -5.20799442  5.20799442  1.0288944199999999 
41 1  -3.1184444200000003  3.11844442  3.11844442 
41 2  -5.20799442  1.0288944199999999  5.20799442 
41 3  -3.1184444200000003  -1.0606555800000002  -1.0606555800000002 
41 4  -1.0288944200000003  5.20799442  5.20799442 
41 5  -7.29754442  3.11844442  -1.0606555800000002 
41 6  -1.0288944200000003  1.0288944199999999  1.0288944199999999 
41 7  -7.29754442  -1.0606555800000002  3.11844442 
41 8  -6.25276942  -0.015880580000000144  -0.015880580000000144 
41 9  -6.25276942  2.07366942  2.07366942 
41 10  -4.163219420000001  -0.015880580000000144  2.07366942 
41 11  -4.163219419999999  6.25276942  4.163219419999999 
41 12  -6.25276942  4.163219419999999  4.163219419999999 
41 13  -6.25276942  6.25276942  6.25276942 
41 14  -4.163219419999999  4.163219419999999  6.25276942 
41 15  -4.163219420000001  2.07366942  -0.015880580000000144 
41 16  -2.0736694200000008  -0.015880580000000144  4.163219419999999 
41 17  -2.07366942  2.07366942  6.25276942 
41 18  0.015880580000001032  -0.015880580000000144  6.25276942 
41 19  0.015880580000001032  6.25276942  -0.015880580000000144 
41 20  -2.0736694200000008  4.163219419999999  -0.015880580000000144 
41 21  -2.07366942  6.25276942  2.07366942 
41 22  0.015880580000000144  4.163219419999999  2.07366942 
41 23  0.015880580000000144  2.07366942  4.163219419999999 
42 0  -3.15020558  -1.0288944200000003  -3.1502055799999997 
42 1  -1.0606555800000006  -3.1184444200000003  -1.0606555799999997 
42 2  -3.15020558  -5.20799442  1.0288944200000003 
42 3  -1.0606555800000006  -7.29754442  -5.23975558 
42 4  1.0288944199999994  -1.0288944200000003  1.0288944200000003 
42 5  -5.239755580000001  -3.1184444200000003  -5.23975558 
42 6  1.0288944199999994  -5.20799442  -3.1502055799999997 
42 7  -5.239755580000001  -7.29754442  -1.0606555799999997 
42 8  -4.194980580000001  -6.25276942  -4.194980579999999 
42 9  -4.19498058  -4.163219420000001  -2.1054305799999997 
42 10  -2.1054305800000006  -6.25276942  -2.1054305799999997 
42 11  -2.1054305799999997  0.015880580000000144  -0.015880580000000144 
42 12  -4.19498058  -2.0736694200000008  -0.015880580000000144 
42 13  -4.194980579999999  0.015880580000000144  2.0736694200000008 
42 14  -2.1054305799999997  -2.0736694200000008  2.0736694200000008 
42 15  -2.1054305800000006  -4.163219420000001  -4.194980579999999 
42 16  -0.015880580000001032  -6.25276942  -0.015880580000000144 
42 17  -0.015880580000000144  -4.163219420000001  2.0736694200000008 
42 18  2.0736694200000008  -6.25276942  2.0736694200000008 
42 19  2.0736694200000008  0.015880580000000144  -4.194980579999999 
42 20  -0.015880580000001032  -2.0736694200000008  -4.194980579999999 
42 21  -0.015880580000000144  0.015880580000000144  -2.1054305799999997 
42 22  2.07366942  -2.0736694200000008  -2.1054305799999997 
42 23  2.07366942  -4.163219420000001  -0.015880580000000144 
43 0  -3.1502055799999993  5.20799442  -1.0288944199999999 
43 1  -1.0606555799999997  3.11844442  1.0606555800000002 
43 2  -3.1502055799999993  1.0288944199999999  3.15020558 
43 3  -1.0606555799999997  -1.0606555800000002  -3.11844442 
43 4  1.0288944200000003  5.20799442  3.15020558 
43 5  -5.23975558  3.11844442  -3.11844442 
43 6  1.0288944200000003  1.0288944199999999  -1.0288944199999999 
43 7  -5.23975558  -1.0606555800000002  1.0606555800000002 
43 8  -4.194980579999999  -0.015880580000000144  -2.07366942 
43 9  -4.194980579999999  2.07366942  0.015880580000000144 
43 10  -2.1054305799999997  -0.015880580000000144  0.015880580000000144 
43 11  -2.105430579999999  6.25276942  2.1054305799999997 
43 12  -4.194980579999999  4.163219419999999  2.1054305799999997 
43 13  -4.194980579999999  6.25276942  4.194980580000001 
43 14  -2.105430579999999  4.163219419999999  4.194980580000001 
43 15  -2.1054305799999997  2.07366942  -2.07366942 
43 16  -0.015880580000000144  -0.015880580000000144  2.1054305799999997 
43 17  -0.015880579999999256  2.07366942  4.194980580000001 
43 18  2.0736694200000017  -0.015880580000000144  4.194980580000001 
43 19  2.0736694200000017  6.25276942  -2.07366942 
43 20  -0.015880580000000144  4.163219419999999  -2.07366942 
43 21  -0.015880579999999256  6.25276942  0.015880580000000144 
43 22  2.0736694200000008  4.163219419999999  0.015880580000000144 
43 23  2.0736694200000008  2.07366942  2.1054305799999997 
44 0  -5.239755580000001  3.11844442  -5.23975558 
44 1  -3.1502055800000006  1.0288944199999999  -3.1502055799999997 
44 2  -5.239755580000001  -1.0606555800000002  -1.0606555799999997 
44 3  -3.1502055800000006  -3.15020558  -7.32930558 
44 4  -1.0606555800000006  3.11844442  -1.0606555799999997 
44 5  -7.329305580000001  1.0288944199999999  -7.32930558 
44 6  -1.0606555800000006  -1.0606555800000002  -5.23975558 
44 7  -7.329305580000001  -3.15020558  -3.1502055799999997 
44 8  -6.28453058  -2.10543058  -6.28453058 
44 9  -6.28453058  -0.015880580000000144  -4.194980579999999 
44 10  -4.194980580000001  -2.10543058  -4.194980579999999 
44 11  -4.194980579999999  4.163219420000001  -2.10543058 
44 12  -6.28453058  2.0736694199999994  -2.10543058 
44 13  -6.28453058  4.163219420000001  -0.015880579999999256 
44 14  -4.194980579999999  2.0736694199999994  -0.015880579999999256 
44 15  -4.194980580000001  -0.015880580000000144  -6.28453058 
44 16  -2.105430580000001  -2.10543058  -2.10543058 
44 17  -2.10543058  -0.015880580000000144  -0.015880579999999256 
44 18  -0.015880579999999256  -2.10543058  -0.015880579999999256 
44 19  -0.015880579999999256  4.163219420000001  -6.28453058 
44 20  -2.105430580000001  2.0736694199999994  -6.28453058 
44 21  -2.10543058  4.163219420000001  -4.194980579999999 
44 22  -0.015880580000000144  2.0736694199999994  -4.194980579999999 
44 23  -0.015880580000000144  -0.015880580000000144  -2.10543058 
45 0  -5.239755579999999  5.23975558  -3.1184444200000003 
45 1  -3.1502055799999997  3.1502055799999997  -1.0288944200000003 
45 2  -5.239755579999999  1.06065558  1.0606555799999997 
45 3  -3.1502055799999997  -1.02889442  -5.20799442 
45 4  -1.0606555799999997  5.23975558  1.0606555799999997 
45 5  -7.32930558  3.1502055799999997  -5.20799442 
45 6  -1.0606555799999997  1.06065558  -3.1184444200000003 
45 7  -7.32930558  -1.02889442  -1.0288944200000003 
45 8  -6.28453058  0.015880579999999922  -4.163219420000001 
45 9  -6.284530579999999  2.10543058  -2.0736694200000003 
45 10  -4.194980579999999  0.015880579999999922  -2.0736694200000003 
45 11  -4.194980579999999  6.28453058  0.015880579999999256 
45 12  -6.284530579999999  4.194980579999999  0.015880579999999256 
45 13  -6.284530579999998  6.28453058  2.10543058 
45 14  -4.194980579999999  4.194980579999999  2.10543058 
45 15  -4.194980579999999  2.10543058  -4.163219420000001 
45 16  -2.10543058  0.015880579999999922  0.015880579999999256 
45 17  -2.1054305799999993  2.10543058  2.10543058 
45 18  -0.015880579999998368  0.015880579999999922  2.10543058 
45 19  -0.015880579999998368  6.28453058  -4.163219420000001 
45 20  -2.10543058  4.194980579999999  -4.163219420000001 
45 21  -2.1054305799999993  6.28453058  -2.0736694200000003 
45 22  -0.015880579999999256  4.194980579999999  -2.0736694200000003 
45 23  -0.015880579999999256  2.10543058  0.015880579999999256 
46 0  1.0606555800000002  3.11844442  1.06065558 
46 1  3.1502055799999997  1.0288944199999999  3.1502055799999997 
46 2  1.0606555800000002  -1.0606555800000002  5.23975558 
46 3  3.1502055799999997  -3.15020558  -1.02889442 
46 4  5.23975558  3.11844442  5.23975558 
46 5  -1.02889442  1.0288944199999999  -1.02889442 
46 6  5.23975558  -1.0606555800000002  1.06065558 
46 7  -1.02889442  -3.15020558  3.1502055799999997 
46 8  0.0158805799999997  -2.10543058  0.015880579999999922 
46 9  0.015880580000000144  -0.015880580000000144  2.10543058 
46 10  2.1054305799999997  -2.10543058  2.10543058 
46 11  2.1054305800000006  4.163219420000001  4.194980579999999 
46 12  0.015880580000000144  2.0736694199999994  4.194980579999999 
46 13  0.015880580000000588  4.163219420000001  6.28453058 
46 14  2.1054305800000006  2.0736694199999994  6.28453058 
46 15  2.1054305799999997  -0.015880580000000144  0.015880579999999922 
46 16  4.194980579999999  -2.10543058  4.194980579999999 
46 17  4.19498058  -0.015880580000000144  6.28453058 
46 18  6.284530580000001  -2.10543058  6.28453058 
46 19  6.284530580000001  4.163219420000001  0.015880579999999922 
46 20  4.194980579999999  2.0736694199999994  0.015880579999999922 
46 21  4.19498058  4.163219420000001  2.10543058 
46 22  6.28453058  2.0736694199999994  2.10543058 
46 23  6.28453058  -0.015880580000000144  4.194980579999999 
47 0  1.0606555800000002  5.23975558  -1.0606555800000002 
47 1  3.1502055799999997  3.1502055799999997  1.0288944199999999 
47 2  1.0606555800000002  1.06065558  3.11844442 
47 3  3.1502055799999997  -1.02889442  -3.15020558 
47 4  5.23975558  5.23975558  3.11844442 
47 5  -1.02889442  3.1502055799999997  -3.15020558 
47 6  5.23975558  1.06065558  -1.0606555800000002 
47 7  -1.02889442  -1.02889442  1.0288944199999999 
47 8  0.0158805799999997  0.015880579999999922  -2.10543058 
47 9  0.015880580000000144  2.10543058  -0.015880580000000144 
47 10  2.1054305799999997  0.015880579999999922  -0.015880580000000144 
47 11  2.1054305800000006  6.28453058  2.0736694199999994 
47 12  0.015880580000000144  4.194980579999999  2.0736694199999994 
47 13  0.015880580000000588  6.28453058  4.163219420000001 
47 14  2.1054305800000006  4.194980579999999  4.163219420000001 
47 15  2.1054305799999997  2.10543058  -2.10543058 
47 16  4.194980579999999  0.015880579999999922  2.0736694199999994 
47 17  4.19498058  2.10543058  4.163219420000001 
47 18  6.284530580000001  0.015880579999999922  4.163219420000001 
47 19  6.284530580000001  6.28453058  -2.10543058 
47 20  4.194980579999999  4.194980579999999  -2.10543058 
47 21  4.19498058  6.28453058  -0.015880580000000144 
47 22  6.28453058  4.194980579999999  -0.015880580000000144 
47 23  6.28453058  2.10543058  2.0736694199999994 
48 0  -5.20799442  3.15020558  -1.0288944199999999 
48 1  -3.1184444200000003  1.0606555800000002  1.0606555800000002 
48 2  -5.20799442  -1.0288944199999999  3.15020558 
48 3  -3.1184444200000003  -3.11844442  -3.11844442 
48 4  -1.0288944200000003  3.15020558  3.15020558 
48 5  -7.29754442  1.0606555800000002  -3.11844442 
48 6  -1.0288944200000003  -1.0288944199999999  -1.0288944199999999 
48 7  -7.29754442  -3.11844442  1.0606555800000002 
48 8  -6.25276942  -2.07366942  -2.07366942 
48 9  -6.25276942  0.015880580000000144  0.015880580000000144 
48 10  -4.163219420000001  -2.07366942  0.015880580000000144 
48 11  -4.163219419999999  4.194980580000001  2.1054305799999997 
48 12  -6.25276942  2.1054305799999997  2.1054305799999997 
48 13  -6.25276942  4.194980580000001  4.194980580000001 
48 14  -4.163219419999999  2.1054305799999997  4.194980580000001 
48 15  -4.163219420000001  0.015880580000000144  -2.07366942 
48 16  -2.0736694200000008  -2.07366942  2.1054305799999997 
48 17  -2.07366942  0.015880580000000144  4.194980580000001 
48 18  0.015880580000001032  -2.07366942  4.194980580000001 
48 19  0.015880580000001032  4.194980580000001  -2.07366942 
48 20  -2.0736694200000008  2.1054305799999997  -2.07366942 
48 21  -2.07366942  4.194980580000001  0.015880580000000144 
48 22  0.015880580000000144  2.1054305799999997  0.015880580000000144 
48 23  0.015880580000000144  0.015880580000000144  2.1054305799999997 
49 0  -5.20799442  1.0288944200000003  -3.1502055799999997 
49 1  -3.1184444200000003  -1.0606555799999997  -1.0606555799999997 
49 2  -5.20799442  -3.1502055799999997  1.0288944200000003 
49 3  -3.1184444200000003  -5.23975558  -5.23975558 
49 4  -1.0288944200000003  1.0288944200000003  1.0288944200000003 
49 5  -7.29754442  -1.0606555799999997  -5.23975558 
49 6  -1.0288944200000003  -3.1502055799999997  -3.1502055799999997 
49 7  -7.29754442  -5.23975558  -1.0606555799999997 
49 8  -6.25276942  -4.194980579999999  -4.194980579999999 
49 9  -6.25276942  -2.1054305799999997  -2.1054305799999997 
49 10  -4.163219420000001  -4.194980579999999  -2.1054305799999997 
49 11  -4.163219419999999  2.0736694200000008  -0.015880580000000144 
49 12  -6.25276942  -0.015880580000000144  -0.015880580000000144 
49 13  -6.25276942  2.0736694200000008  2.0736694200000008 
49 14  -4.163219419999999  -0.015880580000000144  2.0736694200000008 
49 15  -4.163219420000001  -2.1054305799999997  -4.194980579999999 
49 16  -2.0736694200000008  -4.194980579999999  -0.015880580000000144 
49 17  -2.07366942  -2.1054305799999997  2.0736694200000008 
49 18  0.015880580000001032  -4.194980579999999  2.0736694200000008 
49 19  0.015880580000001032  2.0736694200000008  -4.194980579999999 
49 20  -2.0736694200000008  -0.015880580000000144  -4.194980579999999 
49 21  -2.07366942  2.0736694200000008  -2.1054305799999997 
49 22  0.015880580000000144  -0.015880580000000144  -2.1054305799999997 
49 23  0.015880580000000144  -2.1054305799999997  -0.015880580000000144 
50 0  -3.1502055799999993  3.15020558  1.0288944199999999 
50 1  -1.0606555799999997  1.0606555800000002  3.11844442 
50 2  -3.1502055799999993  -1.0288944199999999  5.20799442 
50 3  -1.0606555799999997  -3.11844442  -1.0606555800000002 
50 4  1.0288944200000003  3.15020558  5.20799442 
50 5  -5.23975558  1.0606555800000002  -1.0606555800000002 
50 6  1.0288944200000003  -1.0288944199999999  1.0288944199999999 
50 7  -5.23975558  -3.11844442  3.11844442 
50 8  -4.194980579999999  -2.07366942  -0.015880580000000144 
50 9  -4.194980579999999  0.015880580000000144  2.07366942 
50 10  -2.1054305799999997  -2.07366942  2.07366942 
50 11  -2.105430579999999  4.194980580000001  4.163219419999999 
50 12  -4.194980579999999  2.1054305799999997  4.163219419999999 
50 13  -4.194980579999999  4.194980580000001  6.25276942 
50 14  -2.105430579999999  2.1054305799999997  6.25276942 
50 15  -2.1054305799999997  0.015880580000000144  -0.015880580000000144 
50 16  -0.015880580000000144  -2.07366942  4.163219419999999 
50 17  -0.015880579999999256  0.015880580000000144  6.25276942 
50 18  2.0736694200000017  -2.07366942  6.25276942 
50 19  2.0736694200000017  4.194980580000001  -0.015880580000000144 
50 20  -0.015880580000000144  2.1054305799999997  -0.015880580000000144 
50 21  -0.015880579999999256  4.194980580000001  2.07366942 
50 22  2.0736694200000008  2.1054305799999997  2.07366942 
50 23  2.0736694200000008  0.015880580000000144  4.163219419999999 
51 0  -3.15020558  1.0288944200000003  -5.20799442 
51 1  -1.0606555800000006  -1.0606555799999997  -3.1184444200000003 
51 2  -3.15020558  -3.1502055799999997  -1.0288944200000003 
51 3  -1.0606555800000006  -5.23975558  -7.29754442 
51 4  1.0288944199999994  1.0288944200000003  -1.0288944200000003 
51 5  -5.239755580000001  -1.0606555799999997  -7.29754442 
51 6  1.0288944199999994  -3.1502055799999997  -5.20799442 
51 7  -5.239755580000001  -5.23975558  -3.1184444200000003 
51 8  -4.194980580000001  -4.194980579999999  -6.25276942 
51 9  -4.19498058  -2.1054305799999997  -4.163219420000001 
51 10  -2.1054305800000006  -4.194980579999999  -4.163219420000001 
51 11  -2.1054305799999997  2.0736694200000008  -2.0736694200000008 
51 12  -4.19498058  -0.015880580000000144  -2.0736694200000008 
51 13  -4.194980579999999  2.0736694200000008  0.015880580000000144 
51 14  -2.1054305799999997  -0.015880580000000144  0.015880580000000144 
51 15  -2.1054305800000006  -2.1054305799999997  -6.25276942 
51 16  -0.015880580000001032  -4.194980579999999  -2.0736694200000008 
51 17  -0.015880580000000144  -2.1054305799999997  0.015880580000000144 
51 18  2.0736694200000008  -4.194980579999999  0.015880580000000144 
51 19  2.0736694200000008  2.0736694200000008  -6.25276942 
51 20  -0.015880580000001032  -0.015880580000000144  -6.25276942 
51 21  -0.015880580000000144  2.0736694200000008  -4.163219420000001 
51 22  2.07366942  -0.015880580000000144  -4.163219420000001 
51 23  2.07366942  -2.1054305799999997  -2.0736694200000008 
52 0  -5.239755580000001  -1.0606555799999997  -1.0606555800000002 
52 1  -3.1502055800000006  -3.1502055799999997  1.0288944199999999 
52 2  -5.239755580000001  -5.23975558  3.11844442 
52 3  -3.1502055800000006  -7.32930558  -3.15020558 
52 4  -1.0606555800000006  -1.0606555799999997  3.11844442 
52 5  -7.329305580000001  -3.1502055799999997  -3.15020558 
52 6  -1.0606555800000006  -5.23975558  -1.0606555800000002 
52 7  -7.329305580000001  -7.32930558  1.0288944199999999 
52 8  -6.28453058  -6.28453058  -2.10543058 
52 9  -6.28453058  -4.194980579999999  -0.015880580000000144 
52 10  -4.194980580000001  -6.28453058  -0.015880580000000144 
52 11  -4.194980579999999  -0.015880579999999256  2.0736694199999994 
52 12  -6.28453058  -2.10543058  2.0736694199999994 
52 13  -6.28453058  -0.015880579999999256  4.163219420000001 
52 14  -4.194980579999999  -2.10543058  4.163219420000001 
52 15  -4.194980580000001  -4.194980579999999  -2.10543058 
52 16  -2.105430580000001  -6.28453058  2.0736694199999994 
52 17  -2.10543058  -4.194980579999999  4.163219420000001 
52 18  -0.015880579999999256  -6.28453058  4.163219420000001 
52 19  -0.015880579999999256  -0.015880579999999256  -2.10543058 
52 20  -2.105430580000001  -2.10543058  -2.10543058 
52 21  -2.10543058  -0.015880579999999256  -0.015880580000000144 
52 22  -0.015880580000000144  -2.10543058  -0.015880580000000144 
52 23  -0.015880580000000144  -4.194980579999999  2.0736694199999994 
53 0  -5.239755579999999  1.0606555799999997  1.06065558 
53 1  -3.1502055799999997  -1.0288944200000003  3.1502055799999997 
53 2  -5.239755579999999  -3.1184444200000003  5.23975558 
53 3  -3.1502055799999997  -5.20799442  -1.02889442 
53 4  -1.0606555799999997  1.0606555799999997  5.23975558 
53 5  -7.32930558  -1.0288944200000003  -1.02889442 
53 6  -1.0606555799999997  -3.1184444200000003  1.06065558 
53 7  -7.32930558  -5.20799442  3.1502055799999997 
53 8  -6.28453058  -4.163219420000001  0.015880579999999922 
53 9  -6.284530579999999  -2.0736694200000003  2.10543058 
53 10  -4.194980579999999  -4.163219420000001  2.10543058 
53 11  -4.194980579999999  2.10543058  4.194980579999999 
53 12  -6.284530579999999  0.015880579999999256  4.194980579999999 
53 13  -6.284530579999998  2.10543058  6.28453058 
53 14  -4.194980579999999  0.015880579999999256  6.28453058 
53 15  -4.194980579999999  -2.0736694200000003  0.015880579999999922 
53 16  -2.10543058  -4.163219420000001  4.194980579999999 
53 17  -2.1054305799999993  -2.0736694200000003  6.28453058 
53 18  -0.015880579999998368  -4.163219420000001  6.28453058 
53 19  -0.015880579999998368  2.10543058  0.015880579999999922 
53 20  -2.10543058  0.015880579999999256  0.015880579999999922 
53 21  -2.1054305799999993  2.10543058  2.10543058 
53 22  -0.015880579999999256  0.015880579999999256  2.10543058 
53 23  -0.015880579999999256  -2.0736694200000003  4.194980579999999 
54 0  1.0606555799999997  -1.0606555799999997  -3.1184444200000003 
54 1  3.1502055799999993  -3.1502055799999997  -1.0288944200000003 
54 2  1.0606555799999997  -5.23975558  1.0606555799999997 
54 3  3.1502055799999993  -7.32930558  -5.20799442 
54 4  5.239755579999999  -1.0606555799999997  1.0606555799999997 
54 5  -1.0288944200000005  -3.1502055799999997  -5.20799442 
54 6  5.239755579999999  -5.23975558  -3.1184444200000003 
54 7  -1.0288944200000005  -7.32930558  -1.0288944200000003 
54 8  0.015880579999999256  -6.28453058  -4.163219420000001 
54 9  0.0158805799999997  -4.194980579999999  -2.0736694200000003 
54 10  2.1054305799999993  -6.28453058  -2.0736694200000003 
54 11  2.10543058  -0.015880579999999256  0.015880579999999256 
54 12  0.0158805799999997  -2.10543058  0.015880579999999256 
54 13  0.015880580000000144  -0.015880579999999256  2.10543058 
54 14  2.10543058  -2.10543058  2.10543058 
54 15  2.1054305799999993  -4.194980579999999  -4.163219420000001 
54 16  4.194980579999999  -6.28453058  0.015880579999999256 
54 17  4.194980579999999  -4.194980579999999  2.10543058 
54 18  6.28453058  -6.28453058  2.10543058 
54 19  6.28453058  -0.015880579999999256  -4.163219420000001 
54 20  4.194980579999999  -2.10543058  -4.163219420000001 
54 21  4.194980579999999  -0.015880579999999256  -2.0736694200000003 
54 22  6.28453058  -2.10543058  -2.0736694200000003 
54 23  6.28453058  -4.194980579999999  0.015880579999999256 
55 0  1.0606555799999997  1.0606555799999997  -5.23975558 
55 1  3.1502055799999993  -1.0288944200000003  -3.1502055799999997 
55 2  1.0606555799999997  -3.1184444200000003  -1.0606555799999997 
55 3  3.1502055799999993  -5.20799442  -7.32930558 
55 4  5.239755579999999  1.0606555799999997  -1.0606555799999997 
55 5  -1.0288944200000005  -1.0288944200000003  -7.32930558 
55 6  5.239755579999999  -3.1184444200000003  -5.23975558 
55 7  -1.0288944200000005  -5.20799442  -3.1502055799999997 
55 8  0.015880579999999256  -4.163219420000001  -6.28453058 
55 9  0.0158805799999997  -2.0736694200000003  -4.194980579999999 
55 10  2.1054305799999993  -4.163219420000001  -4.194980579999999 
55 11  2.10543058  2.10543058  -2.10543058 
55 12  0.0158805799999997  0.015880579999999256  -2.10543058 
55 13  0.015880580000000144  2.10543058  -0.015880579999999256 
55 14  2.10543058  0.015880579999999256  -0.015880579999999256 
55 15  2.1054305799999993  -2.0736694200000003  -6.28453058 
55 16  4.194980579999999  -4.163219420000001  -2.10543058 
55 17  4.194980579999999  -2.0736694200000003  -0.015880579999999256 
55 18  6.28453058  -4.163219420000001  -0.015880579999999256 
55 19  6.28453058  2.10543058  -6.28453058 
55 20  4.194980579999999  0.015880579999999256  -6.28453058 
55 21  4.194980579999999  2.10543058  -4.194980579999999 
55 22  6.28453058  0.015880579999999256  -4.194980579999999 
55 23  6.28453058  -2.0736694200000003  -2.10543058 