         0        12
         0        13
         0        14
         0        15
         0        16   4.54723   4.35199   3.32341
         0        17   3.95441   2.08084   4.59415
         0        18   4.59415   2.08084   3.95441
         0        19   3.32341   4.35199   4.54723
         0        20
         0        21
         0        22
         0        23
         0        24   3.63911   1.95454   4.52201
         0        25   4.84797   3.93193   3.46207   1.98575
         0        26   1.98575   3.46207   3.93193   4.84797
         0        27   4.52201   1.95454   3.63911
         0        28
         0        29   4.58796
         0        30   4.58796
         0        31
         0        32   4.24606
         0        33   4.86104   4.63394   3.68492
         0        34   3.68492   4.63394   4.86104
         0        35   4.24606
         1        12
         1        13
         1        14
         1        15
         1        16   2.08084   4.59415   3.95441
         1        17   4.35199   3.32341   4.54723
         1        18   4.54723   3.32341   4.35199
         1        19   3.95441   4.59415   2.08084
         1        20
         1        21
         1        22
         1        23
         1        24   3.46207   1.98575   4.84797   3.93193
         1        25   1.95454   4.52201   3.63911
         1        26   3.63911   4.52201   1.95454
         1        27   3.93193   4.84797   1.98575   3.46207
         1        28   4.58796
         1        29
         1        30
         1        31   4.58796
         1        32   4.63394   3.68492   4.86104
         1        33   4.24606
         1        34   4.24606
         1        35   4.86104   3.68492   4.63394
         2        12   3.32341   4.35199   4.54723
         2        13   4.59415   2.08084   3.95441
         2        14   3.95441   2.08084   4.59415
         2        15   4.54723   4.35199   3.32341
         2        16
         2        17
         2        18
         2        19
         2        20   4.52201   1.95454   3.63911
         2        21   1.98575   3.46207   3.93193   4.84797
         2        22   4.84797   3.93193   3.46207   1.98575
         2        23   3.63911   1.95454   4.52201
         2        24
         2        25
         2        26
         2        27
         2        28   4.24606
         2        29   3.68492   4.63394   4.86104
         2        30   4.86104   4.63394   3.68492
         2        31   4.24606
         2        32
         2        33   4.58796
         2        34   4.58796
         2        35
         3        12   3.95441   4.59415   2.08084
         3        13   4.54723   3.32341   4.35199
         3        14   4.35199   3.32341   4.54723
         3        15   2.08084   4.59415   3.95441
         3        16
         3        17
         3        18
         3        19
         3        20   3.93193   4.84797   1.98575   3.46207
         3        21   3.63911   4.52201   1.95454
         3        22   1.95454   4.52201   3.63911
         3        23   3.46207   1.98575   4.84797   3.93193
         3        24
         3        25
         3        26
         3        27
         3        28   4.86104   3.68492   4.63394
         3        29   4.24606
         3        30   4.24606
         3        31   4.63394   3.68492   4.86104
         3        32   4.58796
         3        33
         3        34
         3        35   4.58796
         4        12   4.48172   1.81919   3.59747
         4        13
         4        14
         4        15   3.59747   1.81919   4.48172
         4        16   4.87193   4.69022   3.75545
         4        17
         4        18
         4        19   3.75545   4.69022   4.87193
         4        20   3.18334   4.26338   4.42228
         4        21   4.15202
         4        22   4.15202
         4        23   4.42228   4.26338   3.18334
         4        24   4.68820
         4        25
         4        26
         4        27   4.68820
         4        28   2.04797   3.47691   3.88366   4.79349
         4        29
         4        30
         4        31   4.79349   3.88366   3.47691   2.04797
         4        32   3.94175   2.15608   4.62872
         4        33
         4        34
         4        35   4.62872   2.15608   3.94175
         5        12
         5        13   3.59747   4.48172   1.81919
         5        14   1.81919   4.48172   3.59747
         5        15
         5        16
         5        17   4.69022   3.75545   4.87193
         5        18   4.87193   3.75545   4.69022
         5        19
         5        20   4.15202
         5        21   4.42228   3.18334   4.26338
         5        22   4.26338   3.18334   4.42228
         5        23   4.15202
         5        24
         5        25   4.68820
         5        26   4.68820
         5        27
         5        28
         5        29   3.88366   4.79349   2.04797   3.47691
         5        30   3.47691   2.04797   4.79349   3.88366
         5        31
         5        32
         5        33   2.15608   4.62872   3.94175
         5        34   3.94175   4.62872   2.15608
         5        35
         6        12   3.75545   4.69022   4.87193
         6        13
         6        14
         6        15   4.87193   4.69022   3.75545
         6        16   3.59747   1.81919   4.48172
         6        17
         6        18
         6        19   4.48172   1.81919   3.59747
         6        20   4.68820
         6        21
         6        22
         6        23   4.68820
         6        24   4.42228   4.26338   3.18334
         6        25   4.15202
         6        26   4.15202
         6        27   3.18334   4.26338   4.42228
         6        28   4.62872   2.15608   3.94175
         6        29
         6        30
         6        31   3.94175   2.15608   4.62872
         6        32   4.79349   3.88366   3.47691   2.04797
         6        33
         6        34
         6        35   2.04797   3.47691   3.88366   4.79349
         7        12
         7        13   4.87193   3.75545   4.69022
         7        14   4.69022   3.75545   4.87193
         7        15
         7        16
         7        17   1.81919   4.48172   3.59747
         7        18   3.59747   4.48172   1.81919
         7        19
         7        20
         7        21   4.68820
         7        22   4.68820
         7        23
         7        24   4.15202
         7        25   4.26338   3.18334   4.42228
         7        26   4.42228   3.18334   4.26338
         7        27   4.15202
         7        28
         7        29   3.94175   4.62872   2.15608
         7        30   2.15608   4.62872   3.94175
         7        31
         7        32
         7        33   3.47691   2.04797   4.79349   3.88366
         7        34   3.88366   4.79349   2.04797   3.47691
         7        35
         8        12   4.61593
         8        13   1.99843   3.44796   3.91167   4.81622
         8        14   4.81622   3.91167   3.44796   1.99843
         8        15   4.61593
         8        16
         8        17   4.21852
         8        18   4.21852
         8        19
         8        20   3.70089   4.66255   4.80827
         8        21   4.54101   1.99811   3.93819
         8        22   3.93819   1.99811   4.54101
         8        23   4.80827   4.66255   3.70089
         8        24
         8        25
         8        26
         8        27
         8        28
         8        29   4.51715   1.90481   3.69856
         8        30   3.69856   1.90481   4.51715
         8        31
         8        32
         8        33   4.57152   4.32926   3.29359
         8        34   3.29359   4.32926   4.57152
         8        35
         9        12   3.91167   4.81622   1.99843   3.44796
         9        13   4.61593
         9        14   4.61593
         9        15   3.44796   1.99843   4.81622   3.91167
         9        16   4.21852
         9        17
         9        18
         9        19   4.21852
         9        20   3.93819   4.54101   1.99811
         9        21   4.80827   3.70089   4.66255
         9        22   4.66255   3.70089   4.80827
         9        23   1.99811   4.54101   3.93819
         9        24
         9        25
         9        26
         9        27
         9        28   3.69856   4.51715   1.90481
         9        29
         9        30
         9        31   1.90481   4.51715   3.69856
         9        32   4.32926   3.29359   4.57152
         9        33
         9        34
         9        35   4.57152   3.29359   4.32926
        10        12
        10        13   4.21852
        10        14   4.21852
        10        15
        10        16   4.61593
        10        17   4.81622   3.91167   3.44796   1.99843
        10        18   1.99843   3.44796   3.91167   4.81622
        10        19   4.61593
        10        20
        10        21
        10        22
        10        23
        10        24   4.80827   4.66255   3.70089
        10        25   3.93819   1.99811   4.54101
        10        26   4.54101   1.99811   3.93819
        10        27   3.70089   4.66255   4.80827
        10        28
        10        29   3.29359   4.32926   4.57152
        10        30   4.57152   4.32926   3.29359
        10        31
        10        32
        10        33   3.69856   1.90481   4.51715
        10        34   4.51715   1.90481   3.69856
        10        35
        11        12   4.21852
        11        13
        11        14
        11        15   4.21852
        11        16   3.44796   1.99843   4.81622   3.91167
        11        17   4.61593
        11        18   4.61593
        11        19   3.91167   4.81622   1.99843   3.44796
        11        20
        11        21
        11        22
        11        23
        11        24   1.99811   4.54101   3.93819
        11        25   4.66255   3.70089   4.80827
        11        26   4.80827   3.70089   4.66255
        11        27   3.93819   4.54101   1.99811
        11        28   4.57152   3.29359   4.32926
        11        29
        11        30
        11        31   4.32926   3.29359   4.57152
        11        32   1.90481   4.51715   3.69856
        11        33
        11        34
        11        35   3.69856   4.51715   1.90481
        12         0
        12         1
        12         2   4.54723   4.35199   3.32341
        12         3   2.08084   4.59415   3.95441
        12         4   3.59747   1.81919   4.48172
        12         5
        12         6   4.87193   4.69022   3.75545
        12         7
        12         8   4.61593
        12         9   3.44796   1.99843   4.81622   3.91167
        12        10
        12        11   4.21852
        13         0
        13         1
        13         2   3.95441   2.08084   4.59415
        13         3   4.35199   3.32341   4.54723
        13         4
        13         5   1.81919   4.48172   3.59747
        13         6
        13         7   4.69022   3.75545   4.87193
        13         8   4.81622   3.91167   3.44796   1.99843
        13         9   4.61593
        13        10   4.21852
        13        11
        14         0
        14         1
        14         2   4.59415   2.08084   3.95441
        14         3   4.54723   3.32341   4.35199
        14         4
        14         5   3.59747   4.48172   1.81919
        14         6
        14         7   4.87193   3.75545   4.69022
        14         8   1.99843   3.44796   3.91167   4.81622
        14         9   4.61593
        14        10   4.21852
        14        11
        15         0
        15         1
        15         2   3.32341   4.35199   4.54723
        15         3   3.95441   4.59415   2.08084
        15         4   4.48172   1.81919   3.59747
        15         5
        15         6   3.75545   4.69022   4.87193
        15         7
        15         8   4.61593
        15         9   3.91167   4.81622   1.99843   3.44796
        15        10
        15        11   4.21852
        16         0   3.32341   4.35199   4.54723
        16         1   3.95441   4.59415   2.08084
        16         2
        16         3
        16         4   3.75545   4.69022   4.87193
        16         5
        16         6   4.48172   1.81919   3.59747
        16         7
        16         8
        16         9   4.21852
        16        10   4.61593
        16        11   3.91167   4.81622   1.99843   3.44796
        17         0   4.59415   2.08084   3.95441
        17         1   4.54723   3.32341   4.35199
        17         2
        17         3
        17         4
        17         5   4.87193   3.75545   4.69022
        17         6
        17         7   3.59747   4.48172   1.81919
        17         8   4.21852
        17         9
        17        10   1.99843   3.44796   3.91167   4.81622
        17        11   4.61593
        18         0   3.95441   2.08084   4.59415
        18         1   4.35199   3.32341   4.54723
        18         2
        18         3
        18         4
        18         5   4.69022   3.75545   4.87193
        18         6
        18         7   1.81919   4.48172   3.59747
        18         8   4.21852
        18         9
        18        10   4.81622   3.91167   3.44796   1.99843
        18        11   4.61593
        19         0   4.54723   4.35199   3.32341
        19         1   2.08084   4.59415   3.95441
        19         2
        19         3
        19         4   4.87193   4.69022   3.75545
        19         5
        19         6   3.59747   1.81919   4.48172
        19         7
        19         8
        19         9   4.21852
        19        10   4.61593
        19        11   3.44796   1.99843   4.81622   3.91167
        20         0
        20         1
        20         2   3.63911   1.95454   4.52201
        20         3   3.46207   1.98575   4.84797   3.93193
        20         4   4.42228   4.26338   3.18334
        20         5   4.15202
        20         6   4.68820
        20         7
        20         8   4.80827   4.66255   3.70089
        20         9   1.99811   4.54101   3.93819
        20        10
        20        11
        21         0
        21         1
        21         2   4.84797   3.93193   3.46207   1.98575
        21         3   1.95454   4.52201   3.63911
        21         4   4.15202
        21         5   4.26338   3.18334   4.42228
        21         6
        21         7   4.68820
        21         8   3.93819   1.99811   4.54101
        21         9   4.66255   3.70089   4.80827
        21        10
        21        11
        22         0
        22         1
        22         2   1.98575   3.46207   3.93193   4.84797
        22         3   3.63911   4.52201   1.95454
        22         4   4.15202
        22         5   4.42228   3.18334   4.26338
        22         6
        22         7   4.68820
        22         8   4.54101   1.99811   3.93819
        22         9   4.80827   3.70089   4.66255
        22        10
        22        11
        23         0
        23         1
        23         2   4.52201   1.95454   3.63911
        23         3   3.93193   4.84797   1.98575   3.46207
        23         4   3.18334   4.26338   4.42228
        23         5   4.15202
        23         6   4.68820
        23         7
        23         8   3.70089   4.66255   4.80827
        23         9   3.93819   4.54101   1.99811
        23        10
        23        11
        24         0   4.52201   1.95454   3.63911
        24         1   3.93193   4.84797   1.98575   3.46207
        24         2
        24         3
        24         4   4.68820
        24         5
        24         6   3.18334   4.26338   4.42228
        24         7   4.15202
        24         8
        24         9
        24        10   3.70089   4.66255   4.80827
        24        11   3.93819   4.54101   1.99811
        25         0   1.98575   3.46207   3.93193   4.84797
        25         1   3.63911   4.52201   1.95454
        25         2
        25         3
        25         4
        25         5   4.68820
        25         6   4.15202
        25         7   4.42228   3.18334   4.26338
        25         8
        25         9
        25        10   4.54101   1.99811   3.93819
        25        11   4.80827   3.70089   4.66255
        26         0   4.84797   3.93193   3.46207   1.98575
        26         1   1.95454   4.52201   3.63911
        26         2
        26         3
        26         4
        26         5   4.68820
        26         6   4.15202
        26         7   4.26338   3.18334   4.42228
        26         8
        26         9
        26        10   3.93819   1.99811   4.54101
        26        11   4.66255   3.70089   4.80827
        27         0   3.63911   1.95454   4.52201
        27         1   3.46207   1.98575   4.84797   3.93193
        27         2
        27         3
        27         4   4.68820
        27         5
        27         6   4.42228   4.26338   3.18334
        27         7   4.15202
        27         8
        27         9
        27        10   4.80827   4.66255   3.70089
        27        11   1.99811   4.54101   3.93819
        28         0
        28         1   4.58796
        28         2   4.24606
        28         3   4.63394   3.68492   4.86104
        28         4   4.79349   3.88366   3.47691   2.04797
        28         5
        28         6   3.94175   2.15608   4.62872
        28         7
        28         8
        28         9   1.90481   4.51715   3.69856
        28        10
        28        11   4.32926   3.29359   4.57152
        29         0   4.58796
        29         1
        29         2   4.86104   4.63394   3.68492
        29         3   4.24606
        29         4
        29         5   3.47691   2.04797   4.79349   3.88366
        29         6
        29         7   2.15608   4.62872   3.94175
        29         8   3.69856   1.90481   4.51715
        29         9
        29        10   4.57152   4.32926   3.29359
        29        11
        30         0   4.58796
        30         1
        30         2   3.68492   4.63394   4.86104
        30         3   4.24606
        30         4
        30         5   3.88366   4.79349   2.04797   3.47691
        30         6
        30         7   3.94175   4.62872   2.15608
        30         8   4.51715   1.90481   3.69856
        30         9
        30        10   3.29359   4.32926   4.57152
        30        11
        31         0
        31         1   4.58796
        31         2   4.24606
        31         3   4.86104   3.68492   4.63394
        31         4   2.04797   3.47691   3.88366   4.79349
        31         5
        31         6   4.62872   2.15608   3.94175
        31         7
        31         8
        31         9   3.69856   4.51715   1.90481
        31        10
        31        11   4.57152   3.29359   4.32926
        32         0   4.24606
        32         1   4.86104   3.68492   4.63394
        32         2
        32         3   4.58796
        32         4   4.62872   2.15608   3.94175
        32         5
        32         6   2.04797   3.47691   3.88366   4.79349
        32         7
        32         8
        32         9   4.57152   3.29359   4.32926
        32        10
        32        11   3.69856   4.51715   1.90481
        33         0   3.68492   4.63394   4.86104
        33         1   4.24606
        33         2   4.58796
        33         3
        33         4
        33         5   3.94175   4.62872   2.15608
        33         6
        33         7   3.88366   4.79349   2.04797   3.47691
        33         8   3.29359   4.32926   4.57152
        33         9
        33        10   4.51715   1.90481   3.69856
        33        11
        34         0   4.86104   4.63394   3.68492
        34         1   4.24606
        34         2   4.58796
        34         3
        34         4
        34         5   2.15608   4.62872   3.94175
        34         6
        34         7   3.47691   2.04797   4.79349   3.88366
        34         8   4.57152   4.32926   3.29359
        34         9
        34        10   3.69856   1.90481   4.51715
        34        11
        35         0   4.24606
        35         1   4.63394   3.68492   4.86104
        35         2
        35         3   4.58796
        35         4   3.94175   2.15608   4.62872
        35         5
        35         6   4.79349   3.88366   3.47691   2.04797
        35         7
        35         8
        35         9   4.32926   3.29359   4.57152
        35        10
        35        11   1.90481   4.51715   3.69856
