         0        32
         0        33
         0        34   4.19896   4.91103
         0        35
         0        36   4.07189
         0        37   4.43706   4.35536
         0        38   2.36716
         0        39
         0        40
         0        41   4.31018   4.97049
         0        42
         0        43   2.30071
         0        44   2.44303   2.97836
         0        45
         0        46   4.62714
         0        47   2.82735   4.96330
         0        48   4.28050   2.63375
         0        49   4.70089
         0        50   2.46163
         0        51   4.66158
         0        52
         0        53   4.09162
         0        54
         0        55
         0        56
         0        57   4.81113
         0        58   4.59505   3.53877
         0        59
         0        60   3.82952
         0        61
         0        62
         0        63
         0        64
         0        65
         0        66
         0        67
         1        32
         1        33
         1        34
         1        35   4.91103   4.19896
         1        36   4.07189
         1        37   4.35536   4.43706
         1        38
         1        39   2.36716
         1        40   4.97049   4.31018
         1        41
         1        42   2.30071
         1        43
         1        44
         1        45   2.97836   2.44303
         1        46   4.96330   2.82735
         1        47   4.62714
         1        48   4.70089
         1        49   2.63375   4.28050
         1        50   4.66158
         1        51   2.46163
         1        52   4.09162
         1        53
         1        54
         1        55
         1        56   4.81113
         1        57
         1        58
         1        59   3.53877   4.59505
         1        60
         1        61   3.82952
         1        62
         1        63
         1        64
         1        65
         1        66
         1        67
         2        32   4.91103   4.19896
         2        33
         2        34
         2        35
         2        36   4.35536   4.43706
         2        37   4.07189
         2        38
         2        39   4.97049   4.31018
         2        40   2.36716
         2        41
         2        42   2.97836   2.44303
         2        43
         2        44
         2        45   2.30071
         2        46   2.63375   4.28050
         2        47   4.70089
         2        48   4.62714
         2        49   4.96330   2.82735
         2        50
         2        51   4.09162
         2        52   2.46163
         2        53   4.66158
         2        54
         2        55
         2        56   3.53877   4.59505
         2        57
         2        58
         2        59   4.81113
         2        60
         2        61
         2        62   3.82952
         2        63
         2        64
         2        65
         2        66
         2        67
         3        32
         3        33   4.19896   4.91103
         3        34
         3        35
         3        36   4.43706   4.35536
         3        37   4.07189
         3        38   4.31018   4.97049
         3        39
         3        40
         3        41   2.36716
         3        42
         3        43   2.44303   2.97836
         3        44   2.30071
         3        45
         3        46   4.70089
         3        47   4.28050   2.63375
         3        48   2.82735   4.96330
         3        49   4.62714
         3        50   4.09162
         3        51
         3        52   4.66158
         3        53   2.46163
         3        54
         3        55
         3        56
         3        57   4.59505   3.53877
         3        58   4.81113
         3        59
         3        60
         3        61
         3        62
         3        63   3.82952
         3        64
         3        65
         3        66
         3        67
         4        32
         4        33
         4        34   3.55990   4.45850
         4        35   4.45850   3.55990
         4        36   2.30149
         4        37   2.64700   2.64700
         4        38   2.28553
         4        39   2.28553
         4        40   4.47668
         4        41   4.47668
         4        42   3.95676
         4        43   3.95676
         4        44   3.84474   4.28982
         4        45   4.28982   3.84474
         4        46
         4        47
         4        48
         4        49
         4        50
         4        51
         4        52
         4        53
         4        54
         4        55
         4        56
         4        57
         4        58
         4        59
         4        60
         4        61
         4        62
         4        63
         4        64   4.47876
         4        65   4.47876
         4        66
         4        67
         5        32   4.45850   3.55990
         5        33   3.55990   4.45850
         5        34
         5        35
         5        36   2.64700   2.64700
         5        37   2.30150
         5        38   4.47668
         5        39   4.47668
         5        40   2.28553
         5        41   2.28553
         5        42   4.28982   3.84474
         5        43   3.84474   4.28982
         5        44   3.95676
         5        45   3.95676
         5        46
         5        47
         5        48
         5        49
         5        50
         5        51
         5        52
         5        53
         5        54
         5        55
         5        56
         5        57
         5        58
         5        59
         5        60
         5        61
         5        62
         5        63
         5        64
         5        65
         5        66   4.47876
         5        67   4.47876
         6        32   2.46163
         6        33   4.66158
         6        34
         6        35   4.09162
         6        36
         6        37
         6        38
         6        39   4.81113
         6        40   4.59505   3.53877
         6        41
         6        42   3.82952
         6        43
         6        44
         6        45
         6        46
         6        47
         6        48
         6        49
         6        50
         6        51
         6        52   4.19896   4.91103
         6        53
         6        54   4.07189
         6        55   4.43706   4.35536
         6        56   2.36716
         6        57
         6        58
         6        59   4.31018   4.97049
         6        60
         6        61   2.30071
         6        62   2.44303   2.97836
         6        63
         6        64   4.62714
         6        65   2.82735   4.96330
         6        66   4.28050   2.63375
         6        67   4.70089
         7        32   4.66158
         7        33   2.46163
         7        34   4.09162
         7        35
         7        36
         7        37
         7        38   4.81113
         7        39
         7        40
         7        41   3.53877   4.59505
         7        42
         7        43   3.82952
         7        44
         7        45
         7        46
         7        47
         7        48
         7        49
         7        50
         7        51
         7        52
         7        53   4.91103   4.19896
         7        54   4.07189
         7        55   4.35536   4.43706
         7        56
         7        57   2.36716
         7        58   4.97049   4.31018
         7        59
         7        60   2.30071
         7        61
         7        62
         7        63   2.97836   2.44303
         7        64   4.96330   2.82735
         7        65   4.62714
         7        66   4.70089
         7        67   2.63375   4.28050
         8        32
         8        33   4.09162
         8        34   2.46163
         8        35   4.66158
         8        36
         8        37
         8        38   3.53877   4.59505
         8        39
         8        40
         8        41   4.81113
         8        42
         8        43
         8        44   3.82952
         8        45
         8        46
         8        47
         8        48
         8        49
         8        50   4.91103   4.19896
         8        51
         8        52
         8        53
         8        54   4.35536   4.43706
         8        55   4.07189
         8        56
         8        57   4.97049   4.31018
         8        58   2.36716
         8        59
         8        60   2.97836   2.44303
         8        61
         8        62
         8        63   2.30071
         8        64   2.63375   4.28050
         8        65   4.70089
         8        66   4.62714
         8        67   4.96330   2.82735
         9        32   4.09162
         9        33
         9        34   4.66158
         9        35   2.46163
         9        36
         9        37
         9        38
         9        39   4.59505   3.53877
         9        40   4.81113
         9        41
         9        42
         9        43
         9        44
         9        45   3.82952
         9        46
         9        47
         9        48
         9        49
         9        50
         9        51   4.19896   4.91103
         9        52
         9        53
         9        54   4.43706   4.35536
         9        55   4.07189
         9        56   4.31018   4.97049
         9        57
         9        58
         9        59   2.36716
         9        60
         9        61   2.44303   2.97836
         9        62   2.30071
         9        63
         9        64   4.70089
         9        65   4.28050   2.63375
         9        66   2.82735   4.96330
         9        67   4.62714
        10        32
        10        33
        10        34
        10        35
        10        36
        10        37
        10        38
        10        39
        10        40
        10        41
        10        42
        10        43
        10        44
        10        45
        10        46   4.47876
        10        47   4.47876
        10        48
        10        49
        10        50
        10        51
        10        52   3.55990   4.45850
        10        53   4.45850   3.55990
        10        54   2.30150
        10        55   2.64700   2.64700
        10        56   2.28553
        10        57   2.28553
        10        58   4.47668
        10        59   4.47668
        10        60   3.95676
        10        61   3.95676
        10        62   3.84474   4.28982
        10        63   4.28982   3.84474
        10        64
        10        65
        10        66
        10        67
        11        32
        11        33
        11        34
        11        35
        11        36
        11        37
        11        38
        11        39
        11        40
        11        41
        11        42
        11        43
        11        44
        11        45
        11        46
        11        47
        11        48   4.47876
        11        49   4.47876
        11        50   4.45850   3.55990
        11        51   3.55990   4.45850
        11        52
        11        53
        11        54   2.64700   2.64700
        11        55   2.30149
        11        56   4.47668
        11        57   4.47668
        11        58   2.28553
        11        59   2.28553
        11        60   4.28982   3.84474
        11        61   3.84474   4.28982
        11        62   3.95676
        11        63   3.95676
        11        64
        11        65
        11        66
        11        67
        12        32   1.89614   4.72961
        12        33   3.29621
        12        34
        12        35
        12        36   1.86516
        12        37   4.63955   4.41340
        12        38
        12        39   4.69779
        12        40   3.50429   1.84021
        12        41   3.98696   4.54917
        12        42   1.83455
        12        43   4.69833
        12        44
        12        45   4.96839   4.36085
        12        46   4.41067
        12        47
        12        48
        12        49
        12        50
        12        51
        12        52   4.40145
        12        53
        12        54
        12        55
        12        56   3.70339
        12        57
        12        58
        12        59
        12        60
        12        61
        12        62   4.06759   4.37554
        12        63
        12        64
        12        65   4.65400
        12        66   4.96299   3.59766
        12        67   4.58969
        13        32   3.29621
        13        33   4.72961   1.89614
        13        34
        13        35
        13        36   1.86516
        13        37   4.41340   4.63955
        13        38   4.69779
        13        39
        13        40   4.54917   3.98696
        13        41   1.84021   3.50429
        13        42   4.69833
        13        43   1.83455
        13        44   4.36085   4.96839
        13        45
        13        46
        13        47   4.41067
        13        48
        13        49
        13        50
        13        51
        13        52
        13        53   4.40145
        13        54
        13        55
        13        56
        13        57   3.70339
        13        58
        13        59
        13        60
        13        61
        13        62
        13        63   4.37554   4.06759
        13        64   4.65400
        13        65
        13        66   4.58969
        13        67   3.59766   4.96299
        14        32
        14        33
        14        34   4.72961   1.89614
        14        35   3.29621
        14        36   4.41340   4.63955
        14        37   1.86516
        14        38   1.84021   3.50429
        14        39   4.54917   3.98696
        14        40
        14        41   4.69779
        14        42
        14        43   4.36085   4.96839
        14        44   1.83455
        14        45   4.69833
        14        46
        14        47
        14        48   4.41067
        14        49
        14        50   4.40145
        14        51
        14        52
        14        53
        14        54
        14        55
        14        56
        14        57
        14        58   3.70339
        14        59
        14        60   4.37554   4.06759
        14        61
        14        62
        14        63
        14        64   3.59766   4.96299
        14        65   4.58969
        14        66
        14        67   4.65400
        15        32
        15        33
        15        34   3.29621
        15        35   1.89614   4.72961
        15        36   4.63955   4.41340
        15        37   1.86516
        15        38   3.98696   4.54917
        15        39   3.50429   1.84021
        15        40   4.69779
        15        41
        15        42   4.96839   4.36085
        15        43
        15        44   4.69833
        15        45   1.83455
        15        46
        15        47
        15        48
        15        49   4.41067
        15        50
        15        51   4.40145
        15        52
        15        53
        15        54
        15        55
        15        56
        15        57
        15        58
        15        59   3.70339
        15        60
        15        61   4.06759   4.37554
        15        62
        15        63
        15        64   4.58969
        15        65   4.96299   3.59766
        15        66   4.65400
        15        67
        16        32
        16        33   4.27806
        16        34   1.89487   3.58794
        16        35   4.44845   3.82894
        16        36
        16        37   4.27234   4.50892
        16        38   4.75162   1.86422
        16        39   4.04526
        16        40
        16        41
        16        42
        16        43
        16        44   3.68523   4.39077
        16        45
        16        46
        16        47
        16        48
        16        49
        16        50   4.06271
        16        51
        16        52
        16        53
        16        54   4.87347
        16        55
        16        56
        16        57
        16        58   4.43258   3.72183
        16        59
        16        60   1.85955
        16        61
        16        62
        16        63   4.68772   4.40509
        16        64   4.45490   1.88096
        16        65   3.33282
        16        66   4.39317
        16        67   3.10690   4.62289
        17        32   4.27806
        17        33
        17        34   3.82894   4.44845
        17        35   3.58794   1.89487
        17        36
        17        37   4.50892   4.27234
        17        38   4.04526
        17        39   1.86422   4.75162
        17        40
        17        41
        17        42
        17        43
        17        44
        17        45   4.39077   3.68523
        17        46
        17        47
        17        48
        17        49
        17        50
        17        51   4.06271
        17        52
        17        53
        17        54   4.87347
        17        55
        17        56
        17        57
        17        58
        17        59   3.72183   4.43258
        17        60
        17        61   1.85955
        17        62   4.40509   4.68772
        17        63
        17        64   3.33282
        17        65   1.88096   4.45490
        17        66   4.62289   3.10690
        17        67   4.39317
        18        32   3.58794   1.89487
        18        33   3.82894   4.44845
        18        34
        18        35   4.27806
        18        36   4.50892   4.27234
        18        37
        18        38
        18        39
        18        40   1.86422   4.75162
        18        41   4.04526
        18        42   4.39077   3.68523
        18        43
        18        44
        18        45
        18        46
        18        47
        18        48
        18        49
        18        50
        18        51
        18        52   4.06271
        18        53
        18        54
        18        55   4.87347
        18        56   3.72183   4.43258
        18        57
        18        58
        18        59
        18        60
        18        61   4.40509   4.68772
        18        62   1.85955
        18        63
        18        64   4.39317
        18        65   4.62289   3.10690
        18        66   1.88096   4.45490
        18        67   3.33282
        19        32   4.44845   3.82894
        19        33   1.89487   3.58794
        19        34   4.27806
        19        35
        19        36   4.27234   4.50892
        19        37
        19        38
        19        39
        19        40   4.04526
        19        41   4.75162   1.86422
        19        42
        19        43   3.68523   4.39077
        19        44
        19        45
        19        46
        19        47
        19        48
        19        49
        19        50
        19        51
        19        52
        19        53   4.06271
        19        54
        19        55   4.87347
        19        56
        19        57   4.43258   3.72183
        19        58
        19        59
        19        60   4.68772   4.40509
        19        61
        19        62
        19        63   1.85955
        19        64   3.10690   4.62289
        19        65   4.39317
        19        66   3.33282
        19        67   4.45490   1.88096
        20        32   2.02597   4.99256
        20        33   4.99256   2.02597
        20        34   3.77855   4.63495
        20        35   4.63495   3.77855
        20        36   4.11878
        20        37
        20        38   4.75981
        20        39   4.75981
        20        40   4.69156   3.89415
        20        41   3.89415   4.69156
        20        42
        20        43
        20        44
        20        45
        20        46
        20        47
        20        48
        20        49
        20        50
        20        51
        20        52
        20        53
        20        54
        20        55
        20        56
        20        57
        20        58
        20        59
        20        60   4.20268
        20        61   4.20268
        20        62   4.27694   4.78953
        20        63   4.78953   4.27694
        20        64   4.73347   2.00502
        20        65   2.00502   4.73347
        20        66   3.72534   2.05846
        20        67   2.05846   3.72534
        21        32   4.63495   3.77855
        21        33   3.77855   4.63495
        21        34   4.99256   2.02597
        21        35   2.02597   4.99256
        21        36
        21        37   4.11878
        21        38   3.89415   4.69156
        21        39   4.69156   3.89415
        21        40   4.75981
        21        41   4.75981
        21        42
        21        43
        21        44
        21        45
        21        46
        21        47
        21        48
        21        49
        21        50
        21        51
        21        52
        21        53
        21        54
        21        55
        21        56
        21        57
        21        58
        21        59
        21        60   4.78953   4.27694
        21        61   4.27694   4.78953
        21        62   4.20268
        21        63   4.20268
        21        64   2.05846   3.72534
        21        65   3.72534   2.05846
        21        66   2.00502   4.73347
        21        67   4.73347   2.00502
        22        32
        22        33
        22        34   4.40145
        22        35
        22        36
        22        37
        22        38   3.70339
        22        39
        22        40
        22        41
        22        42
        22        43
        22        44   4.06759   4.37554
        22        45
        22        46
        22        47   4.65400
        22        48   4.96299   3.59766
        22        49   4.58969
        22        50   1.89614   4.72961
        22        51   3.29621
        22        52
        22        53
        22        54   1.86516
        22        55   4.63955   4.41340
        22        56
        22        57   4.69779
        22        58   3.50429   1.84021
        22        59   3.98696   4.54917
        22        60   1.83455
        22        61   4.69833
        22        62
        22        63   4.96839   4.36085
        22        64   4.41067
        22        65
        22        66
        22        67
        23        32
        23        33
        23        34
        23        35   4.40145
        23        36
        23        37
        23        38
        23        39   3.70339
        23        40
        23        41
        23        42
        23        43
        23        44
        23        45   4.37554   4.06759
        23        46   4.65400
        23        47
        23        48   4.58969
        23        49   3.59766   4.96299
        23        50   3.29621
        23        51   4.72961   1.89614
        23        52
        23        53
        23        54   1.86516
        23        55   4.41340   4.63955
        23        56   4.69779
        23        57
        23        58   4.54917   3.98696
        23        59   1.84021   3.50429
        23        60   4.69833
        23        61   1.83455
        23        62   4.36085   4.96839
        23        63
        23        64
        23        65   4.41067
        23        66
        23        67
        24        32   4.40145
        24        33
        24        34
        24        35
        24        36
        24        37
        24        38
        24        39
        24        40   3.70339
        24        41
        24        42   4.37554   4.06759
        24        43
        24        44
        24        45
        24        46   3.59766   4.96299
        24        47   4.58969
        24        48
        24        49   4.65400
        24        50
        24        51
        24        52   4.72961   1.89614
        24        53   3.29621
        24        54   4.41340   4.63955
        24        55   1.86516
        24        56   1.84021   3.50429
        24        57   4.54917   3.98696
        24        58
        24        59   4.69779
        24        60
        24        61   4.36085   4.96839
        24        62   1.83455
        24        63   4.69833
        24        64
        24        65
        24        66   4.41067
        24        67
        25        32
        25        33   4.40145
        25        34
        25        35
        25        36
        25        37
        25        38
        25        39
        25        40
        25        41   3.70339
        25        42
        25        43   4.06759   4.37554
        25        44
        25        45
        25        46   4.58969
        25        47   4.96299   3.59766
        25        48   4.65400
        25        49
        25        50
        25        51
        25        52   3.29621
        25        53   1.89614   4.72961
        25        54   4.63955   4.41340
        25        55   1.86516
        25        56   3.98696   4.54917
        25        57   3.50429   1.84021
        25        58   4.69779
        25        59
        25        60   4.96839   4.36085
        25        61
        25        62   4.69833
        25        63   1.83455
        25        64
        25        65
        25        66
        25        67   4.41067
        26        32   4.06271
        26        33
        26        34
        26        35
        26        36   4.87347
        26        37
        26        38
        26        39
        26        40   4.43258   3.72183
        26        41
        26        42   1.85955
        26        43
        26        44
        26        45   4.68772   4.40509
        26        46   4.45490   1.88096
        26        47   3.33282
        26        48   4.39317
        26        49   3.10690   4.62289
        26        50
        26        51   4.27806
        26        52   1.89487   3.58794
        26        53   4.44845   3.82894
        26        54
        26        55   4.27234   4.50892
        26        56   4.75162   1.86422
        26        57   4.04526
        26        58
        26        59
        26        60
        26        61
        26        62   3.68523   4.39077
        26        63
        26        64
        26        65
        26        66
        26        67
        27        32
        27        33   4.06271
        27        34
        27        35
        27        36   4.87347
        27        37
        27        38
        27        39
        27        40
        27        41   3.72183   4.43258
        27        42
        27        43   1.85955
        27        44   4.40509   4.68772
        27        45
        27        46   3.33282
        27        47   1.88096   4.45490
        27        48   4.62289   3.10690
        27        49   4.39317
        27        50   4.27806
        27        51
        27        52   3.82894   4.44845
        27        53   3.58794   1.89487
        27        54
        27        55   4.50892   4.27234
        27        56   4.04526
        27        57   1.86422   4.75162
        27        58
        27        59
        27        60
        27        61
        27        62
        27        63   4.39077   3.68523
        27        64
        27        65
        27        66
        27        67
        28        32
        28        33
        28        34   4.06271
        28        35
        28        36
        28        37   4.87347
        28        38   3.72183   4.43258
        28        39
        28        40
        28        41
        28        42
        28        43   4.40509   4.68772
        28        44   1.85955
        28        45
        28        46   4.39317
        28        47   4.62289   3.10690
        28        48   1.88096   4.45490
        28        49   3.33282
        28        50   3.58794   1.89487
        28        51   3.82894   4.44845
        28        52
        28        53   4.27806
        28        54   4.50892   4.27234
        28        55
        28        56
        28        57
        28        58   1.86422   4.75162
        28        59   4.04526
        28        60   4.39077   3.68523
        28        61
        28        62
        28        63
        28        64
        28        65
        28        66
        28        67
        29        32
        29        33
        29        34
        29        35   4.06271
        29        36
        29        37   4.87347
        29        38
        29        39   4.43258   3.72183
        29        40
        29        41
        29        42   4.68772   4.40509
        29        43
        29        44
        29        45   1.85955
        29        46   3.10690   4.62289
        29        47   4.39317
        29        48   3.33282
        29        49   4.45490   1.88096
        29        50   4.44845   3.82894
        29        51   1.89487   3.58794
        29        52   4.27806
        29        53
        29        54   4.27234   4.50892
        29        55
        29        56
        29        57
        29        58   4.04526
        29        59   4.75162   1.86422
        29        60
        29        61   3.68523   4.39077
        29        62
        29        63
        29        64
        29        65
        29        66
        29        67
        30        32
        30        33
        30        34
        30        35
        30        36
        30        37
        30        38
        30        39
        30        40
        30        41
        30        42   4.20268
        30        43   4.20268
        30        44   4.27694   4.78953
        30        45   4.78953   4.27694
        30        46   4.73347   2.00502
        30        47   2.00502   4.73347
        30        48   3.72534   2.05846
        30        49   2.05846   3.72534
        30        50   2.02597   4.99256
        30        51   4.99256   2.02597
        30        52   3.77855   4.63495
        30        53   4.63495   3.77855
        30        54   4.11878
        30        55
        30        56   4.75981
        30        57   4.75981
        30        58   4.69156   3.89415
        30        59   3.89415   4.69156
        30        60
        30        61
        30        62
        30        63
        30        64
        30        65
        30        66
        30        67
        31        32
        31        33
        31        34
        31        35
        31        36
        31        37
        31        38
        31        39
        31        40
        31        41
        31        42   4.78953   4.27694
        31        43   4.27694   4.78953
        31        44   4.20268
        31        45   4.20268
        31        46   2.05846   3.72534
        31        47   3.72534   2.05846
        31        48   2.00502   4.73347
        31        49   4.73347   2.00502
        31        50   4.63495   3.77855
        31        51   3.77855   4.63495
        31        52   4.99256   2.02597
        31        53   2.02597   4.99256
        31        54
        31        55   4.11878
        31        56   3.89415   4.69156
        31        57   4.69156   3.89415
        31        58   4.75981
        31        59   4.75981
        31        60
        31        61
        31        62
        31        63
        31        64
        31        65
        31        66
        31        67
        32         0
        32         1
        32         2   4.19896   4.91103
        32         3
        32         4
        32         5   3.55990   4.45850
        32         6   2.46163
        32         7   4.66158
        32         8
        32         9   4.09162
        32        10
        32        11
        32        12   4.72961   1.89614
        32        13   3.29621
        32        14
        32        15
        32        16
        32        17   4.27806
        32        18   1.89487   3.58794
        32        19   3.82894   4.44845
        32        20   4.99256   2.02597
        32        21   3.77855   4.63495
        32        22
        32        23
        32        24   4.40145
        32        25
        32        26   4.06271
        32        27
        32        28
        32        29
        32        30
        32        31
        33         0
        33         1
        33         2
        33         3   4.91103   4.19896
        33         4
        33         5   4.45850   3.55990
        33         6   4.66158
        33         7   2.46163
        33         8   4.09162
        33         9
        33        10
        33        11
        33        12   3.29621
        33        13   1.89614   4.72961
        33        14
        33        15
        33        16   4.27806
        33        17
        33        18   4.44845   3.82894
        33        19   3.58794   1.89487
        33        20   2.02597   4.99256
        33        21   4.63495   3.77855
        33        22
        33        23
        33        24
        33        25   4.40145
        33        26
        33        27   4.06271
        33        28
        33        29
        33        30
        33        31
        34         0   4.91103   4.19896
        34         1
        34         2
        34         3
        34         4   4.45850   3.55990
        34         5
        34         6
        34         7   4.09162
        34         8   2.46163
        34         9   4.66158
        34        10
        34        11
        34        12
        34        13
        34        14   1.89614   4.72961
        34        15   3.29621
        34        16   3.58794   1.89487
        34        17   4.44845   3.82894
        34        18
        34        19   4.27806
        34        20   4.63495   3.77855
        34        21   2.02597   4.99256
        34        22   4.40145
        34        23
        34        24
        34        25
        34        26
        34        27
        34        28   4.06271
        34        29
        34        30
        34        31
        35         0
        35         1   4.19896   4.91103
        35         2
        35         3
        35         4   3.55990   4.45850
        35         5
        35         6   4.09162
        35         7
        35         8   4.66158
        35         9   2.46163
        35        10
        35        11
        35        12
        35        13
        35        14   3.29621
        35        15   4.72961   1.89614
        35        16   3.82894   4.44845
        35        17   1.89487   3.58794
        35        18   4.27806
        35        19
        35        20   3.77855   4.63495
        35        21   4.99256   2.02597
        35        22
        35        23   4.40145
        35        24
        35        25
        35        26
        35        27
        35        28
        35        29   4.06271
        35        30
        35        31
        36         0   4.07189
        36         1   4.07189
        36         2   4.43706   4.35536
        36         3   4.35536   4.43706
        36         4   2.30149
        36         5   2.64700   2.64700
        36         6
        36         7
        36         8
        36         9
        36        10
        36        11
        36        12   1.86516
        36        13   1.86516
        36        14   4.63955   4.41340
        36        15   4.41340   4.63955
        36        16
        36        17
        36        18   4.27234   4.50892
        36        19   4.50892   4.27234
        36        20   4.11878
        36        21
        36        22
        36        23
        36        24
        36        25
        36        26   4.87347
        36        27   4.87347
        36        28
        36        29
        36        30
        36        31
        37         0   4.35536   4.43706
        37         1   4.43706   4.35536
        37         2   4.07189
        37         3   4.07189
        37         4   2.64700   2.64700
        37         5   2.30150
        37         6
        37         7
        37         8
        37         9
        37        10
        37        11
        37        12   4.41340   4.63955
        37        13   4.63955   4.41340
        37        14   1.86516
        37        15   1.86516
        37        16   4.50892   4.27234
        37        17   4.27234   4.50892
        37        18
        37        19
        37        20
        37        21   4.11878
        37        22
        37        23
        37        24
        37        25
        37        26
        37        27
        37        28   4.87347
        37        29   4.87347
        37        30
        37        31
        38         0   2.36716
        38         1
        38         2
        38         3   4.97049   4.31018
        38         4   2.28553
        38         5   4.47668
        38         6
        38         7   4.81113
        38         8   4.59505   3.53877
        38         9
        38        10
        38        11
        38        12
        38        13   4.69779
        38        14   3.50429   1.84021
        38        15   4.54917   3.98696
        38        16   1.86422   4.75162
        38        17   4.04526
        38        18
        38        19
        38        20   4.75981
        38        21   4.69156   3.89415
        38        22   3.70339
        38        23
        38        24
        38        25
        38        26
        38        27
        38        28   4.43258   3.72183
        38        29
        38        30
        38        31
        39         0
        39         1   2.36716
        39         2   4.31018   4.97049
        39         3
        39         4   2.28553
        39         5   4.47668
        39         6   4.81113
        39         7
        39         8
        39         9   3.53877   4.59505
        39        10
        39        11
        39        12   4.69779
        39        13
        39        14   3.98696   4.54917
        39        15   1.84021   3.50429
        39        16   4.04526
        39        17   4.75162   1.86422
        39        18
        39        19
        39        20   4.75981
        39        21   3.89415   4.69156
        39        22
        39        23   3.70339
        39        24
        39        25
        39        26
        39        27
        39        28
        39        29   3.72183   4.43258
        39        30
        39        31
        40         0
        40         1   4.31018   4.97049
        40         2   2.36716
        40         3
        40         4   4.47668
        40         5   2.28553
        40         6   3.53877   4.59505
        40         7
        40         8
        40         9   4.81113
        40        10
        40        11
        40        12   1.84021   3.50429
        40        13   3.98696   4.54917
        40        14
        40        15   4.69779
        40        16
        40        17
        40        18   4.75162   1.86422
        40        19   4.04526
        40        20   3.89415   4.69156
        40        21   4.75981
        40        22
        40        23
        40        24   3.70339
        40        25
        40        26   3.72183   4.43258
        40        27
        40        28
        40        29
        40        30
        40        31
        41         0   4.97049   4.31018
        41         1
        41         2
        41         3   2.36716
        41         4   4.47668
        41         5   2.28553
        41         6
        41         7   4.59505   3.53877
        41         8   4.81113
        41         9
        41        10
        41        11
        41        12   4.54917   3.98696
        41        13   3.50429   1.84021
        41        14   4.69779
        41        15
        41        16
        41        17
        41        18   4.04526
        41        19   1.86422   4.75162
        41        20   4.69156   3.89415
        41        21   4.75981
        41        22
        41        23
        41        24
        41        25   3.70339
        41        26
        41        27   4.43258   3.72183
        41        28
        41        29
        41        30
        41        31
        42         0
        42         1   2.30071
        42         2   2.44303   2.97836
        42         3
        42         4   3.95676
        42         5   3.84474   4.28982
        42         6   3.82952
        42         7
        42         8
        42         9
        42        10
        42        11
        42        12   1.83455
        42        13   4.69833
        42        14
        42        15   4.36085   4.96839
        42        16
        42        17
        42        18   3.68523   4.39077
        42        19
        42        20
        42        21
        42        22
        42        23
        42        24   4.06759   4.37554
        42        25
        42        26   1.85955
        42        27
        42        28
        42        29   4.40509   4.68772
        42        30   4.20268
        42        31   4.27694   4.78953
        43         0   2.30071
        43         1
        43         2
        43         3   2.97836   2.44303
        43         4   3.95676
        43         5   4.28982   3.84474
        43         6
        43         7   3.82952
        43         8
        43         9
        43        10
        43        11
        43        12   4.69833
        43        13   1.83455
        43        14   4.96839   4.36085
        43        15
        43        16
        43        17
        43        18
        43        19   4.39077   3.68523
        43        20
        43        21
        43        22
        43        23
        43        24
        43        25   4.37554   4.06759
        43        26
        43        27   1.85955
        43        28   4.68772   4.40509
        43        29
        43        30   4.20268
        43        31   4.78953   4.27694
        44         0   2.97836   2.44303
        44         1
        44         2
        44         3   2.30071
        44         4   4.28982   3.84474
        44         5   3.95676
        44         6
        44         7
        44         8   3.82952
        44         9
        44        10
        44        11
        44        12
        44        13   4.96839   4.36085
        44        14   1.83455
        44        15   4.69833
        44        16   4.39077   3.68523
        44        17
        44        18
        44        19
        44        20
        44        21
        44        22   4.37554   4.06759
        44        23
        44        24
        44        25
        44        26
        44        27   4.68772   4.40509
        44        28   1.85955
        44        29
        44        30   4.78953   4.27694
        44        31   4.20268
        45         0
        45         1   2.44303   2.97836
        45         2   2.30071
        45         3
        45         4   3.84474   4.28982
        45         5   3.95676
        45         6
        45         7
        45         8
        45         9   3.82952
        45        10
        45        11
        45        12   4.36085   4.96839
        45        13
        45        14   4.69833
        45        15   1.83455
        45        16
        45        17   3.68523   4.39077
        45        18
        45        19
        45        20
        45        21
        45        22
        45        23   4.06759   4.37554
        45        24
        45        25
        45        26   4.40509   4.68772
        45        27
        45        28
        45        29   1.85955
        45        30   4.27694   4.78953
        45        31   4.20268
        46         0   4.62714
        46         1   2.82735   4.96330
        46         2   4.28050   2.63375
        46         3   4.70089
        46         4
        46         5
        46         6
        46         7
        46         8
        46         9
        46        10   4.47876
        46        11
        46        12   4.41067
        46        13
        46        14
        46        15
        46        16
        46        17
        46        18
        46        19
        46        20
        46        21
        46        22
        46        23   4.65400
        46        24   4.96299   3.59766
        46        25   4.58969
        46        26   1.88096   4.45490
        46        27   3.33282
        46        28   4.39317
        46        29   4.62289   3.10690
        46        30   2.00502   4.73347
        46        31   3.72534   2.05846
        47         0   4.96330   2.82735
        47         1   4.62714
        47         2   4.70089
        47         3   2.63375   4.28050
        47         4
        47         5
        47         6
        47         7
        47         8
        47         9
        47        10   4.47876
        47        11
        47        12
        47        13   4.41067
        47        14
        47        15
        47        16
        47        17
        47        18
        47        19
        47        20
        47        21
        47        22   4.65400
        47        23
        47        24   4.58969
        47        25   3.59766   4.96299
        47        26   3.33282
        47        27   4.45490   1.88096
        47        28   3.10690   4.62289
        47        29   4.39317
        47        30   4.73347   2.00502
        47        31   2.05846   3.72534
        48         0   2.63375   4.28050
        48         1   4.70089
        48         2   4.62714
        48         3   4.96330   2.82735
        48         4
        48         5
        48         6
        48         7
        48         8
        48         9
        48        10
        48        11   4.47876
        48        12
        48        13
        48        14   4.41067
        48        15
        48        16
        48        17
        48        18
        48        19
        48        20
        48        21
        48        22   3.59766   4.96299
        48        23   4.58969
        48        24
        48        25   4.65400
        48        26   4.39317
        48        27   3.10690   4.62289
        48        28   4.45490   1.88096
        48        29   3.33282
        48        30   2.05846   3.72534
        48        31   4.73347   2.00502
        49         0   4.70089
        49         1   4.28050   2.63375
        49         2   2.82735   4.96330
        49         3   4.62714
        49         4
        49         5
        49         6
        49         7
        49         8
        49         9
        49        10
        49        11   4.47876
        49        12
        49        13
        49        14
        49        15   4.41067
        49        16
        49        17
        49        18
        49        19
        49        20
        49        21
        49        22   4.58969
        49        23   4.96299   3.59766
        49        24   4.65400
        49        25
        49        26   4.62289   3.10690
        49        27   4.39317
        49        28   3.33282
        49        29   1.88096   4.45490
        49        30   3.72534   2.05846
        49        31   2.00502   4.73347
        50         0   2.46163
        50         1   4.66158
        50         2
        50         3   4.09162
        50         4
        50         5
        50         6
        50         7
        50         8   4.19896   4.91103
        50         9
        50        10
        50        11   3.55990   4.45850
        50        12
        50        13
        50        14   4.40145
        50        15
        50        16   4.06271
        50        17
        50        18
        50        19
        50        20
        50        21
        50        22   4.72961   1.89614
        50        23   3.29621
        50        24
        50        25
        50        26
        50        27   4.27806
        50        28   1.89487   3.58794
        50        29   3.82894   4.44845
        50        30   4.99256   2.02597
        50        31   3.77855   4.63495
        51         0   4.66158
        51         1   2.46163
        51         2   4.09162
        51         3
        51         4
        51         5
        51         6
        51         7
        51         8
        51         9   4.91103   4.19896
        51        10
        51        11   4.45850   3.55990
        51        12
        51        13
        51        14
        51        15   4.40145
        51        16
        51        17   4.06271
        51        18
        51        19
        51        20
        51        21
        51        22   3.29621
        51        23   1.89614   4.72961
        51        24
        51        25
        51        26   4.27806
        51        27
        51        28   4.44845   3.82894
        51        29   3.58794   1.89487
        51        30   2.02597   4.99256
        51        31   4.63495   3.77855
        52         0
        52         1   4.09162
        52         2   2.46163
        52         3   4.66158
        52         4
        52         5
        52         6   4.91103   4.19896
        52         7
        52         8
        52         9
        52        10   4.45850   3.55990
        52        11
        52        12   4.40145
        52        13
        52        14
        52        15
        52        16
        52        17
        52        18   4.06271
        52        19
        52        20
        52        21
        52        22
        52        23
        52        24   1.89614   4.72961
        52        25   3.29621
        52        26   3.58794   1.89487
        52        27   4.44845   3.82894
        52        28
        52        29   4.27806
        52        30   4.63495   3.77855
        52        31   2.02597   4.99256
        53         0   4.09162
        53         1
        53         2   4.66158
        53         3   2.46163
        53         4
        53         5
        53         6
        53         7   4.19896   4.91103
        53         8
        53         9
        53        10   3.55990   4.45850
        53        11
        53        12
        53        13   4.40145
        53        14
        53        15
        53        16
        53        17
        53        18
        53        19   4.06271
        53        20
        53        21
        53        22
        53        23
        53        24   3.29621
        53        25   4.72961   1.89614
        53        26   3.82894   4.44845
        53        27   1.89487   3.58794
        53        28   4.27806
        53        29
        53        30   3.77855   4.63495
        53        31   4.99256   2.02597
        54         0
        54         1
        54         2
        54         3
        54         4
        54         5
        54         6   4.07189
        54         7   4.07189
        54         8   4.43706   4.35536
        54         9   4.35536   4.43706
        54        10   2.30150
        54        11   2.64700   2.64700
        54        12
        54        13
        54        14
        54        15
        54        16   4.87347
        54        17   4.87347
        54        18
        54        19
        54        20
        54        21
        54        22   1.86516
        54        23   1.86516
        54        24   4.63955   4.41340
        54        25   4.41340   4.63955
        54        26
        54        27
        54        28   4.27234   4.50892
        54        29   4.50892   4.27234
        54        30   4.11878
        54        31
        55         0
        55         1
        55         2
        55         3
        55         4
        55         5
        55         6   4.35536   4.43706
        55         7   4.43706   4.35536
        55         8   4.07189
        55         9   4.07189
        55        10   2.64700   2.64700
        55        11   2.30149
        55        12
        55        13
        55        14
        55        15
        55        16
        55        17
        55        18   4.87347
        55        19   4.87347
        55        20
        55        21
        55        22   4.41340   4.63955
        55        23   4.63955   4.41340
        55        24   1.86516
        55        25   1.86516
        55        26   4.50892   4.27234
        55        27   4.27234   4.50892
        55        28
        55        29
        55        30
        55        31   4.11878
        56         0
        56         1   4.81113
        56         2   4.59505   3.53877
        56         3
        56         4
        56         5
        56         6   2.36716
        56         7
        56         8
        56         9   4.97049   4.31018
        56        10   2.28553
        56        11   4.47668
        56        12   3.70339
        56        13
        56        14
        56        15
        56        16
        56        17
        56        18   4.43258   3.72183
        56        19
        56        20
        56        21
        56        22
        56        23   4.69779
        56        24   3.50429   1.84021
        56        25   4.54917   3.98696
        56        26   1.86422   4.75162
        56        27   4.04526
        56        28
        56        29
        56        30   4.75981
        56        31   4.69156   3.89415
        57         0   4.81113
        57         1
        57         2
        57         3   3.53877   4.59505
        57         4
        57         5
        57         6
        57         7   2.36716
        57         8   4.31018   4.97049
        57         9
        57        10   2.28553
        57        11   4.47668
        57        12
        57        13   3.70339
        57        14
        57        15
        57        16
        57        17
        57        18
        57        19   3.72183   4.43258
        57        20
        57        21
        57        22   4.69779
        57        23
        57        24   3.98696   4.54917
        57        25   1.84021   3.50429
        57        26   4.04526
        57        27   4.75162   1.86422
        57        28
        57        29
        57        30   4.75981
        57        31   3.89415   4.69156
        58         0   3.53877   4.59505
        58         1
        58         2
        58         3   4.81113
        58         4
        58         5
        58         6
        58         7   4.31018   4.97049
        58         8   2.36716
        58         9
        58        10   4.47668
        58        11   2.28553
        58        12
        58        13
        58        14   3.70339
        58        15
        58        16   3.72183   4.43258
        58        17
        58        18
        58        19
        58        20
        58        21
        58        22   1.84021   3.50429
        58        23   3.98696   4.54917
        58        24
        58        25   4.69779
        58        26
        58        27
        58        28   4.75162   1.86422
        58        29   4.04526
        58        30   3.89415   4.69156
        58        31   4.75981
        59         0
        59         1   4.59505   3.53877
        59         2   4.81113
        59         3
        59         4
        59         5
        59         6   4.97049   4.31018
        59         7
        59         8
        59         9   2.36716
        59        10   4.47668
        59        11   2.28553
        59        12
        59        13
        59        14
        59        15   3.70339
        59        16
        59        17   4.43258   3.72183
        59        18
        59        19
        59        20
        59        21
        59        22   4.54917   3.98696
        59        23   3.50429   1.84021
        59        24   4.69779
        59        25
        59        26
        59        27
        59        28   4.04526
        59        29   1.86422   4.75162
        59        30   4.69156   3.89415
        59        31   4.75981
        60         0   3.82952
        60         1
        60         2
        60         3
        60         4
        60         5
        60         6
        60         7   2.30071
        60         8   2.44303   2.97836
        60         9
        60        10   3.95676
        60        11   3.84474   4.28982
        60        12
        60        13
        60        14   4.06759   4.37554
        60        15
        60        16   1.85955
        60        17
        60        18
        60        19   4.40509   4.68772
        60        20   4.20268
        60        21   4.27694   4.78953
        60        22   1.83455
        60        23   4.69833
        60        24
        60        25   4.36085   4.96839
        60        26
        60        27
        60        28   3.68523   4.39077
        60        29
        60        30
        60        31
        61         0
        61         1   3.82952
        61         2
        61         3
        61         4
        61         5
        61         6   2.30071
        61         7
        61         8
        61         9   2.97836   2.44303
        61        10   3.95676
        61        11   4.28982   3.84474
        61        12
        61        13
        61        14
        61        15   4.37554   4.06759
        61        16
        61        17   1.85955
        61        18   4.68772   4.40509
        61        19
        61        20   4.20268
        61        21   4.78953   4.27694
        61        22   4.69833
        61        23   1.83455
        61        24   4.96839   4.36085
        61        25
        61        26
        61        27
        61        28
        61        29   4.39077   3.68523
        61        30
        61        31
        62         0
        62         1
        62         2   3.82952
        62         3
        62         4
        62         5
        62         6   2.97836   2.44303
        62         7
        62         8
        62         9   2.30071
        62        10   4.28982   3.84474
        62        11   3.95676
        62        12   4.37554   4.06759
        62        13
        62        14
        62        15
        62        16
        62        17   4.68772   4.40509
        62        18   1.85955
        62        19
        62        20   4.78953   4.27694
        62        21   4.20268
        62        22
        62        23   4.96839   4.36085
        62        24   1.83455
        62        25   4.69833
        62        26   4.39077   3.68523
        62        27
        62        28
        62        29
        62        30
        62        31
        63         0
        63         1
        63         2
        63         3   3.82952
        63         4
        63         5
        63         6
        63         7   2.44303   2.97836
        63         8   2.30071
        63         9
        63        10   3.84474   4.28982
        63        11   3.95676
        63        12
        63        13   4.06759   4.37554
        63        14
        63        15
        63        16   4.40509   4.68772
        63        17
        63        18
        63        19   1.85955
        63        20   4.27694   4.78953
        63        21   4.20268
        63        22   4.36085   4.96839
        63        23
        63        24   4.69833
        63        25   1.83455
        63        26
        63        27   3.68523   4.39077
        63        28
        63        29
        63        30
        63        31
        64         0
        64         1
        64         2
        64         3
        64         4   4.47876
        64         5
        64         6   4.62714
        64         7   2.82735   4.96330
        64         8   4.28050   2.63375
        64         9   4.70089
        64        10
        64        11
        64        12
        64        13   4.65400
        64        14   4.96299   3.59766
        64        15   4.58969
        64        16   1.88096   4.45490
        64        17   3.33282
        64        18   4.39317
        64        19   4.62289   3.10690
        64        20   2.00502   4.73347
        64        21   3.72534   2.05846
        64        22   4.41067
        64        23
        64        24
        64        25
        64        26
        64        27
        64        28
        64        29
        64        30
        64        31
        65         0
        65         1
        65         2
        65         3
        65         4   4.47876
        65         5
        65         6   4.96330   2.82735
        65         7   4.62714
        65         8   4.70089
        65         9   2.63375   4.28050
        65        10
        65        11
        65        12   4.65400
        65        13
        65        14   4.58969
        65        15   3.59766   4.96299
        65        16   3.33282
        65        17   4.45490   1.88096
        65        18   3.10690   4.62289
        65        19   4.39317
        65        20   4.73347   2.00502
        65        21   2.05846   3.72534
        65        22
        65        23   4.41067
        65        24
        65        25
        65        26
        65        27
        65        28
        65        29
        65        30
        65        31
        66         0
        66         1
        66         2
        66         3
        66         4
        66         5   4.47876
        66         6   2.63375   4.28050
        66         7   4.70089
        66         8   4.62714
        66         9   4.96330   2.82735
        66        10
        66        11
        66        12   3.59766   4.96299
        66        13   4.58969
        66        14
        66        15   4.65400
        66        16   4.39317
        66        17   3.10690   4.62289
        66        18   4.45490   1.88096
        66        19   3.33282
        66        20   2.05846   3.72534
        66        21   4.73347   2.00502
        66        22
        66        23
        66        24   4.41067
        66        25
        66        26
        66        27
        66        28
        66        29
        66        30
        66        31
        67         0
        67         1
        67         2
        67         3
        67         4
        67         5   4.47876
        67         6   4.70089
        67         7   4.28050   2.63375
        67         8   2.82735   4.96330
        67         9   4.62714
        67        10
        67        11
        67        12   4.58969
        67        13   4.96299   3.59766
        67        14   4.65400
        67        15
        67        16   4.62289   3.10690
        67        17   4.39317
        67        18   3.33282
        67        19   1.88096   4.45490
        67        20   3.72534   2.05846
        67        21   2.00502   4.73347
        67        22
        67        23
        67        24
        67        25   4.41067
        67        26
        67        27
        67        28
        67        29
        67        30
        67        31
