 5.415  0  0  3.3814947418056716e-16  5.5224  0  -5.410830589192796  0.0  7.706599171511163 
5
0 8  3.821031423730487  1.3397342399999999  -1.6183858260173434 
0 9  -1.0182357625521017  -1.4214657600000002  1.6029726276743217 
0 10  1.6871795320442962  -1.8411681600000003  -2.250326958081259 
0 11  6.526446718326885  0.9200318399999996  -5.471685411772926 
0 12  1.1835803626334889  0.8592854399999998  -2.2580335572527703 
0 13  7.030045887737693  -1.90191456  -5.463978812601415 
0 14  4.324630593141293  -1.3607193600000003  -1.610679226845832 
0 15  -1.5218349319629083  1.40048064  1.5952660285028104 
0 16  0.48086242352701847  2.38733352  0.019266497928778215 
0 17  2.321933237651367  -0.3738664800000002  -0.0346796962717999 
0 18  5.027348532247766  -2.88876744  -3.8879792820273815 
0 19  3.186277718123416  -0.12756743999999998  -3.8340330878268034 
1 8  1.0182357625521012  4.10093424  -1.6029726276743217 
1 9  -3.8210314237304877  1.3397342399999999  1.6183858260173434 
1 10  -1.1156161291340898  0.9200318399999998  -2.2349137597382374 
1 11  3.723651057148499  3.6812318399999997  -5.456272213429904 
1 12  -1.619215298544897  3.62048544  -2.2426203589097486 
1 13  4.227250226559306  0.8592854400000001  -5.448565614258393 
1 14  1.5218349319629079  1.4004806399999998  -1.5952660285028104 
1 15  -4.324630593141294  4.16168064  1.610679226845832 
1 16  -2.3219332376513675  5.14853352  0.0346796962717999 
1 17  -0.4808624235270189  2.38733352  -0.019266497928778215 
1 18  2.2245528710693794  -0.12756744000000003  -3.87256608368436 
1 19  0.3834820569450299  2.63363256  -3.8186198894837817 
2 8  -1.6871795320442962  1.84116816  2.25032695808126 
2 9  -6.526446718326885  -0.92003184  5.471685411772925 
2 10  -3.821031423730487  -1.33973424  1.6183858260173445 
2 11  1.0182357625521017  1.4214657599999998  -1.6029726276743221 
2 12  -4.324630593141294  1.36071936  1.6106792268458332 
2 13  1.5218349319629088  -1.4004806399999998  -1.5952660285028109 
2 14  -1.1835803626334895  -0.8592854400000001  2.258033557252771 
2 15  -7.030045887737692  1.9019145600000003  5.463978812601414 
2 16  -5.027348532247765  2.88876744  3.8879792820273815 
2 17  -3.1862777181234163  0.12756743999999998  3.8340330878268034 
2 18  -0.480862423527018  -2.38733352  -0.019266497928777992 
2 19  -2.3219332376513675  0.3738664800000002  0.03467969627180012 
3 8  1.1156161291340896  -0.92003184  2.2349137597382382 
3 9  -3.7236510571484995  -3.68123184  5.456272213429903 
3 10  -1.0182357625521015  -4.10093424  1.6029726276743224 
3 11  3.8210314237304877  -1.3397342400000003  -1.6183858260173443 
3 12  -1.5218349319629088  -1.40048064  1.595266028502811 
3 13  4.324630593141294  -4.16168064  -1.610679226845833 
3 14  1.6192152985448962  -3.6204854400000004  2.2426203589097495 
3 15  -4.227250226559306  -0.8592854399999998  5.448565614258392 
3 16  -2.2245528710693794  0.12756743999999998  3.87256608368436 
3 17  -0.38348205694503057  -2.63363256  3.8186198894837817 
3 18  2.3219332376513675  -5.14853352  -0.03467969627180012 
3 19  0.48086242352701825  -2.38733352  0.019266497928777992 
4 8  1.0690106512466977  1.5904512  4.16927015178754 
4 9  -3.770256535035891  -1.1707488000000001  7.390628605479205 
4 10  -1.0648412404394934  -1.5904512000000002  3.5373290197236242 
4 11  3.7744259458430958  1.1707487999999997  0.3159705660319577 
4 12  -1.5684404098503006  1.1100024  3.529622420552113 
4 13  4.278025115253903  -1.6511976  0.3236771652034689 
4 14  1.5726098206575043  -1.1100024000000002  4.176976750959051 
4 15  -4.273855704446698  1.6511976000000002  7.382922006307694 
4 16  -2.271158348956771  2.63805048  5.8069224757336615 
4 17  -0.4300875348324224  -0.12314952000000012  5.752976281533083 
4 18  2.275327759763976  -2.63805048  1.8996766957775018 
4 19  0.4342569456396264  0.12314952000000012  1.9536228899780799 
5 8  3.7744259458430958  4.3516512  0.3159705660319583 
5 9  -1.0648412404394931  1.5904512  3.5373290197236233 
5 10  1.6405740541569047  1.1707488  -0.3159705660319574 
5 11  6.479841240439494  3.9319488  -3.537329019723624 
5 12  1.1369748847460974  3.8712024  -0.3236771652034687 
5 13  6.983440409850301  1.1100024000000002  -3.529622420552113 
5 14  4.278025115253902  1.6511976  0.32367716520346956 
5 15  -1.5684404098502998  4.4123976  3.529622420552112 
5 16  0.434256945639627  5.39925048  1.9536228899780799 
5 17  2.2753277597639756  2.63805048  1.8996766957775018 
5 18  4.980743054360374  0.12314952000000001  -1.9536228899780799 
5 19  3.1396722402360244  2.8843495200000002  -1.8996766957775018 
6 8  1.0669259458430957  1.5904512  0.3159705660319583 
6 9  -3.772341240439493  -1.1707488000000001  3.5373290197236233 
6 10  -1.0669259458430953  -1.5904512000000002  -0.3159705660319574 
6 11  3.7723412404394936  1.1707487999999997  -3.537329019723624 
6 12  -1.5705251152539026  1.1100024  -0.3236771652034687 
6 13  4.275940409850301  -1.6511976  -3.529622420552113 
6 14  1.5705251152539024  -1.1100024000000002  0.32367716520346956 
6 15  -4.2759404098503  1.6511976000000002  3.529622420552112 
6 16  -2.273243054360373  2.63805048  1.9536228899780799 
6 17  -0.4321722402360244  -0.12314952000000012  1.8996766957775018 
6 18  2.273243054360374  -2.63805048  -1.9536228899780799 
6 19  0.4321722402360244  0.12314952000000012  -1.8996766957775018 
7 8  -1.638489348753302  4.3516512  4.16927015178754 
7 9  -6.4777565350358906  1.5904512  7.390628605479205 
7 10  -3.772341240439493  1.1707488  3.5373290197236242 
7 11  1.0669259458430957  3.9319488  0.3159705660319577 
7 12  -4.275940409850301  3.8712024  3.529622420552113 
7 13  1.5705251152539028  1.1100024000000002  0.3236771652034689 
7 14  -1.1348901793424955  1.6511976  4.176976750959051 
7 15  -6.981355704446697  4.4123976  7.382922006307694 
7 16  -4.97865834895677  5.39925048  5.8069224757336615 
7 17  -3.1375875348324223  2.63805048  5.752976281533083 
7 18  -0.43217224023602396  0.12314952000000001  1.8996766957775018 
7 19  -2.2732430543603734  2.8843495200000002  1.9536228899780799 
8 0  -3.821031423730487  -1.3397342399999999  1.6183858260173434 
8 1  -1.0182357625521012  -4.10093424  1.6029726276743217 
8 2  1.6871795320442962  -1.84116816  -2.25032695808126 
8 3  -1.1156161291340896  0.92003184  -2.2349137597382382 
8 4  -1.0690106512466977  -1.5904512  -4.16927015178754 
8 5  -3.7744259458430958  -4.3516512  -0.3159705660319583 
8 6  -1.0669259458430957  -1.5904512  -0.3159705660319583 
8 7  1.638489348753302  -4.3516512  -4.16927015178754 
9 0  1.0182357625521017  1.4214657600000002  -1.6029726276743217 
9 1  3.8210314237304877  -1.3397342399999999  -1.6183858260173434 
9 2  6.526446718326885  0.92003184  -5.471685411772925 
9 3  3.7236510571484995  3.68123184  -5.456272213429903 
9 4  3.770256535035891  1.1707488000000001  -7.390628605479205 
9 5  1.0648412404394931  -1.5904512  -3.5373290197236233 
9 6  3.772341240439493  1.1707488000000001  -3.5373290197236233 
9 7  6.4777565350358906  -1.5904512  -7.390628605479205 
10 0  -1.6871795320442962  1.8411681600000003  2.250326958081259 
10 1  1.1156161291340898  -0.9200318399999998  2.2349137597382374 
10 2  3.821031423730487  1.33973424  -1.6183858260173445 
10 3  1.0182357625521015  4.10093424  -1.6029726276743224 
10 4  1.0648412404394934  1.5904512000000002  -3.5373290197236242 
10 5  -1.6405740541569047  -1.1707488  0.3159705660319574 
10 6  1.0669259458430953  1.5904512000000002  0.3159705660319574 
10 7  3.772341240439493  -1.1707488  -3.5373290197236242 
11 0  -6.526446718326885  -0.9200318399999996  5.471685411772926 
11 1  -3.723651057148499  -3.6812318399999997  5.456272213429904 
11 2  -1.0182357625521017  -1.4214657599999998  1.6029726276743221 
11 3  -3.8210314237304877  1.3397342400000003  1.6183858260173443 
11 4  -3.7744259458430958  -1.1707487999999997  -0.3159705660319577 
11 5  -6.479841240439494  -3.9319488  3.537329019723624 
11 6  -3.7723412404394936  -1.1707487999999997  3.537329019723624 
11 7  -1.0669259458430957  -3.9319488  -0.3159705660319577 
12 0  -1.1835803626334889  -0.8592854399999998  2.2580335572527703 
12 1  1.619215298544897  -3.62048544  2.2426203589097486 
12 2  4.324630593141294  -1.36071936  -1.6106792268458332 
12 3  1.5218349319629088  1.40048064  -1.595266028502811 
12 4  1.5684404098503006  -1.1100024  -3.529622420552113 
12 5  -1.1369748847460974  -3.8712024  0.3236771652034687 
12 6  1.5705251152539026  -1.1100024  0.3236771652034687 
12 7  4.275940409850301  -3.8712024  -3.529622420552113 
13 0  -7.030045887737693  1.90191456  5.463978812601415 
13 1  -4.227250226559306  -0.8592854400000001  5.448565614258393 
13 2  -1.5218349319629088  1.4004806399999998  1.5952660285028109 
13 3  -4.324630593141294  4.16168064  1.610679226845833 
13 4  -4.278025115253903  1.6511976  -0.3236771652034689 
13 5  -6.983440409850301  -1.1100024000000002  3.529622420552113 
13 6  -4.275940409850301  1.6511976  3.529622420552113 
13 7  -1.5705251152539028  -1.1100024000000002  -0.3236771652034689 
14 0  -4.324630593141293  1.3607193600000003  1.610679226845832 
14 1  -1.5218349319629079  -1.4004806399999998  1.5952660285028104 
14 2  1.1835803626334895  0.8592854400000001  -2.258033557252771 
14 3  -1.6192152985448962  3.6204854400000004  -2.2426203589097495 
14 4  -1.5726098206575043  1.1100024000000002  -4.176976750959051 
14 5  -4.278025115253902  -1.6511976  -0.32367716520346956 
14 6  -1.5705251152539024  1.1100024000000002  -0.32367716520346956 
14 7  1.1348901793424955  -1.6511976  -4.176976750959051 
15 0  1.5218349319629083  -1.40048064  -1.5952660285028104 
15 1  4.324630593141294  -4.16168064  -1.610679226845832 
15 2  7.030045887737692  -1.9019145600000003  -5.463978812601414 
15 3  4.227250226559306  0.8592854399999998  -5.448565614258392 
15 4  4.273855704446698  -1.6511976000000002  -7.382922006307694 
15 5  1.5684404098502998  -4.4123976  -3.529622420552112 
15 6  4.2759404098503  -1.6511976000000002  -3.529622420552112 
15 7  6.981355704446697  -4.4123976  -7.382922006307694 
16 0  -0.48086242352701847  -2.38733352  -0.019266497928778215 
16 1  2.3219332376513675  -5.14853352  -0.0346796962717999 
16 2  5.027348532247765  -2.88876744  -3.8879792820273815 
16 3  2.2245528710693794  -0.12756743999999998  -3.87256608368436 
16 4  2.271158348956771  -2.63805048  -5.8069224757336615 
16 5  -0.434256945639627  -5.39925048  -1.9536228899780799 
16 6  2.273243054360373  -2.63805048  -1.9536228899780799 
16 7  4.97865834895677  -5.39925048  -5.8069224757336615 
17 0  -2.321933237651367  0.3738664800000002  0.0346796962717999 
17 1  0.4808624235270189  -2.38733352  0.019266497928778215 
17 2  3.1862777181234163  -0.12756743999999998  -3.8340330878268034 
17 3  0.38348205694503057  2.63363256  -3.8186198894837817 
17 4  0.4300875348324224  0.12314952000000012  -5.752976281533083 
17 5  -2.2753277597639756  -2.63805048  -1.8996766957775018 
17 6  0.4321722402360244  0.12314952000000012  -1.8996766957775018 
17 7  3.1375875348324223  -2.63805048  -5.752976281533083 
18 0  -5.027348532247766  2.88876744  3.8879792820273815 
18 1  -2.2245528710693794  0.12756744000000003  3.87256608368436 
18 2  0.480862423527018  2.38733352  0.019266497928777992 
18 3  -2.3219332376513675  5.14853352  0.03467969627180012 
18 4  -2.275327759763976  2.63805048  -1.8996766957775018 
18 5  -4.980743054360374  -0.12314952000000001  1.9536228899780799 
18 6  -2.273243054360374  2.63805048  1.9536228899780799 
18 7  0.43217224023602396  -0.12314952000000001  -1.8996766957775018 
19 0  -3.186277718123416  0.12756743999999998  3.8340330878268034 
19 1  -0.3834820569450299  -2.63363256  3.8186198894837817 
19 2  2.3219332376513675  -0.3738664800000002  -0.03467969627180012 
19 3  -0.48086242352701825  2.38733352  -0.019266497928777992 
19 4  -0.4342569456396264  -0.12314952000000012  -1.9536228899780799 
19 5  -3.1396722402360244  -2.8843495200000002  1.8996766957775018 
19 6  -0.4321722402360244  -0.12314952000000012  1.8996766957775018 
19 7  2.2732430543603734  -2.8843495200000002  -1.9536228899780799 