 6.6253  0  0  5.238916542072462e-16  8.5558  0  -1.8977249657581237  0.0  9.479103111283171 
5
0 16  1.6440737211878504  0.99931744  1.0208994050851974 
0 17  0.6223715812549615  -3.2785825599999994  3.8077557198024503 
0 18  0.622371581254962  -0.14715975999999964  3.8077557198024503 
0 19  1.6440737211878504  4.13074024  1.0208994050851974 
0 20  -0.48770990144946025  2.5650288400000005  1.6749575197637365 
0 21  2.754155203892272  -1.7128711599999997  3.1536976051239107 
0 22  0.23535678526469161  2.5650288400000005  -2.002934487414134 
0 23  2.03108851717812  -1.7128711599999997  6.831589612301782 
0 24  2.797195164233319  2.5650288400000005  6.016386744731429 
0 25  -0.5307498617905073  -1.7128711599999997  -1.1877316198437815 
0 26  4.306411771804203  -0.19849455999999988  1.1915232610882946 
0 27  -2.039966469361392  4.07940544  3.6371318637993526 
0 28  -2.039966469361392  1.0506522399999993  3.6371318637993526 
0 29  4.306411771804203  -3.2272477599999996  1.1915232610882946 
0 30  2.8670634383464604  2.5650288400000005  -1.1498152073986487 
0 31  -0.6006181359036491  -1.7128711599999997  5.978470332286296 
0 32  3.5378100222835895  2.5650288400000005  1.3242307046462591 
0 33  -1.2713647198407783  -1.7128711599999997  3.504424420241388 
0 34  0.1897907133430301  3.87406624  5.769930063838066 
0 35  2.0766545890997814  -0.4038337599999995  -0.9412749389504191 
0 36  2.0766545890997814  -3.0219085599999995  -0.9412749389504191 
0 37  0.1897907133430301  1.2559914400000003  5.769930063838066 
0 38  1.8775839798852862  2.5650288400000005  3.4285915953511226 
0 39  0.3888613225575246  -1.7128711599999997  1.4000635295365242 
0 40  5.068460339031298  3.8911778400000006  -0.9602331451729855 
0 41  -2.8020150365884864  -0.3867221599999997  5.7888882700606334 
0 42  -2.802015036588487  -3.0390201599999997  5.7888882700606334 
0 43  5.068460339031297  1.2388798399999996  -0.9602331451729855 
1 16  -0.6223715812549617  -3.278582560000001  -3.8077557198024503 
1 17  -1.6440737211878507  -7.556482560000001  -1.0208994050851974 
1 18  -1.6440737211878502  -4.425059760000001  -1.0208994050851974 
1 19  -0.6223715812549617  -0.14715976000000097  -3.8077557198024503 
1 20  -2.7541552038922723  -1.7128711600000006  -3.153697605123911 
1 21  0.4877099014494597  -5.990771160000001  -1.674957519763737 
1 22  -2.0310885171781203  -1.7128711600000006  -6.831589612301782 
1 23  -0.23535678526469228  -5.990771160000001  2.0029344874141337 
1 24  0.5307498617905066  -1.7128711600000006  1.187731619843781 
1 25  -2.7971951642333197  -5.990771160000001  -6.016386744731429 
1 26  2.0399664693613913  -4.476394560000001  -3.637131863799353 
1 27  -4.306411771804204  -0.19849456000000032  -1.191523261088295 
1 28  -4.306411771804204  -3.227247760000002  -1.191523261088295 
1 29  2.0399664693613913  -7.505147760000001  -3.637131863799353 
1 30  0.6006181359036482  -1.7128711600000006  -5.978470332286296 
1 31  -2.8670634383464613  -5.990771160000001  1.1498152073986478 
1 32  1.2713647198407774  -1.7128711600000006  -3.5044244202413886 
1 33  -3.5378100222835904  -5.990771160000001  -1.3242307046462596 
1 34  -2.076654589099782  -0.40383376000000126  0.9412749389504178 
1 35  -0.18979071334303077  -4.68173376  -5.769930063838067 
1 36  -0.18979071334303077  -7.299808560000001  -5.769930063838067 
1 37  -2.076654589099782  -3.021908560000001  0.9412749389504178 
1 38  -0.3888613225575259  -1.7128711600000006  -1.4000635295365251 
1 39  -1.8775839798852876  -5.990771160000001  -3.4285915953511235 
1 40  2.802015036588486  -0.3867221600000006  -5.7888882700606334 
1 41  -5.068460339031299  -4.66462216  0.9602331451729853 
1 42  -5.068460339031299  -7.3169201600000005  0.9602331451729853 
1 43  2.802015036588485  -3.0390201600000015  -5.7888882700606334 
2 16  -0.6223715812549608  0.14715976000000008  -3.8077557198024503 
2 17  -1.6440737211878498  -4.13074024  -1.0208994050851974 
2 18  -1.6440737211878493  -0.9993174399999996  -1.0208994050851974 
2 19  -0.6223715812549608  3.2785825600000003  -3.8077557198024503 
2 20  -2.7541552038922714  1.7128711600000006  -3.153697605123911 
2 21  0.4877099014494606  -2.5650288399999996  -1.674957519763737 
2 22  -2.0310885171781194  1.7128711600000006  -6.831589612301782 
2 23  -0.2353567852646914  -2.5650288399999996  2.0029344874141337 
2 24  0.5307498617905075  1.7128711600000006  1.187731619843781 
2 25  -2.797195164233319  -2.5650288399999996  -6.016386744731429 
2 26  2.039966469361392  -1.0506522399999998  -3.637131863799353 
2 27  -4.306411771804203  3.227247760000001  -1.191523261088295 
2 28  -4.306411771804203  0.19849455999999943  -1.191523261088295 
2 29  2.039966469361392  -4.0794054399999995  -3.637131863799353 
2 30  0.6006181359036491  1.7128711600000006  -5.978470332286296 
2 31  -2.8670634383464604  -2.5650288399999996  1.1498152073986478 
2 32  1.2713647198407783  1.7128711600000006  -3.5044244202413886 
2 33  -3.5378100222835895  -2.5650288399999996  -1.3242307046462596 
2 34  -2.076654589099781  3.02190856  0.9412749389504178 
2 35  -0.18979071334302988  -1.2559914399999994  -5.769930063838067 
2 36  -0.18979071334302988  -3.8740662399999994  -5.769930063838067 
2 37  -2.076654589099781  0.4038337600000004  0.9412749389504178 
2 38  -0.38886132255752504  1.7128711600000006  -1.4000635295365251 
2 39  -1.8775839798852867  -2.5650288399999996  -3.4285915953511235 
2 40  2.802015036588487  3.0390201600000006  -5.7888882700606334 
2 41  -5.068460339031297  -1.2388798399999996  0.9602331451729853 
2 42  -5.068460339031298  -3.8911778399999997  0.9602331451729853 
2 43  2.802015036588486  0.3867221599999997  -5.7888882700606334 
3 16  1.6440737211878507  4.42505976  1.0208994050851974 
3 17  0.6223715812549617  0.14715976000000008  3.8077557198024503 
3 18  0.6223715812549622  3.2785825600000003  3.8077557198024503 
3 19  1.6440737211878507  7.55648256  1.0208994050851974 
3 20  -0.48770990144946  5.99077116  1.6749575197637365 
3 21  2.754155203892272  1.71287116  3.1536976051239107 
3 22  0.23535678526469184  5.99077116  -2.002934487414134 
3 23  2.0310885171781203  1.71287116  6.831589612301782 
3 24  2.797195164233319  5.99077116  6.016386744731429 
3 25  -0.5307498617905071  1.71287116  -1.1877316198437815 
3 26  4.306411771804203  3.22724776  1.1915232610882946 
3 27  -2.0399664693613917  7.505147760000001  3.6371318637993526 
3 28  -2.039966469361392  4.476394559999999  3.6371318637993526 
3 29  4.306411771804203  0.19849456  1.1915232610882946 
3 30  2.8670634383464604  5.99077116  -1.1498152073986487 
3 31  -0.6006181359036489  1.71287116  5.978470332286296 
3 32  3.5378100222835895  5.99077116  1.3242307046462591 
3 33  -1.271364719840778  1.71287116  3.504424420241388 
3 34  0.18979071334303033  7.29980856  5.769930063838066 
3 35  2.076654589099782  3.02190856  -0.9412749389504191 
3 36  2.076654589099782  0.40383376000000004  -0.9412749389504191 
3 37  0.18979071334303033  4.68173376  5.769930063838066 
3 38  1.8775839798852865  5.99077116  3.4285915953511226 
3 39  0.3888613225575248  1.71287116  1.4000635295365242 
3 40  5.068460339031298  7.3169201600000005  -0.9602331451729855 
3 41  -2.802015036588486  3.0390201599999997  5.7888882700606334 
3 42  -2.8020150365884864  0.38672216000000004  5.7888882700606334 
3 43  5.068460339031297  4.6646221599999995  -0.9602331451729855 
4 16  -1.5612095965758117  0.15229323999999966  0.9479103111283171 
4 17  -2.5829117365087004  -4.12560676  3.73476662584557 
4 18  -2.5829117365087004  -0.99418396  3.73476662584557 
4 19  -1.5612095965758117  3.28371604  0.9479103111283171 
4 20  -3.6929932192131223  1.7180046400000002  1.6019684258068563 
4 21  -0.4511281138713903  -2.55989536  3.0807085111670305 
4 22  -2.9699265324989703  1.7180046400000002  -2.0759235813710144 
4 23  -1.1741948005855423  -2.55989536  6.758600518344901 
4 24  -0.40808815353034333  1.7180046400000002  5.943397650774548 
4 25  -3.7360331795541697  -2.55989536  -1.2607207138006618 
4 26  1.1011284540405413  -1.0455187600000002  1.1185341671314144 
4 27  -5.245249787125054  3.2323812400000005  3.5641427698424724 
4 28  -5.245249787125054  0.203628039999999  3.5641427698424724 
4 29  1.1011284540405413  -4.07427196  1.1185341671314144 
4 30  -0.3382198794172018  1.7180046400000002  -1.222804301355529 
4 31  -3.8059014536673113  -2.55989536  5.905481238329415 
4 32  0.3325267045199274  1.7180046400000002  1.251241610689379 
4 33  -4.47664803760444  -2.55989536  3.431435326284508 
4 34  -3.015492604420632  3.0270420399999995  5.696940969881185 
4 35  -1.1286287286638808  -1.2508579599999998  -1.0142640329072994 
4 36  -1.1286287286638808  -3.86893276  -1.0142640329072994 
4 37  -3.015492604420632  0.40896723999999995  5.696940969881185 
4 38  -1.327699337878376  1.7180046400000002  3.3556025013942423 
4 39  -2.8164219952061376  -2.55989536  1.327074435579644 
4 40  1.863177021267636  3.04415364  -1.0332222391298658 
4 41  -6.007298354352148  -1.23374636  5.715899176103752 
4 42  -6.007298354352149  -3.88604436  5.715899176103752 
4 43  1.863177021267635  0.3918556399999993  -1.0332222391298658 
5 16  2.5829117365087013  4.4301932399999995  -3.734766625845569 
5 17  1.5612095965758126  0.15229324000000005  -0.9479103111283163 
5 18  1.561209596575813  3.28371604  -0.9479103111283163 
5 19  2.5829117365087013  7.56161604  -3.734766625845569 
5 20  0.45112811387139085  5.99590464  -3.08070851116703 
5 21  3.6929932192131227  1.71800464  -1.6019684258068558 
5 22  1.1741948005855427  5.99590464  -6.758600518344901 
5 23  2.969926532498971  1.71800464  2.075923581371015 
5 24  3.7360331795541697  5.99590464  1.2607207138006622 
5 25  0.4080881535303438  1.71800464  -5.943397650774548 
5 26  5.245249787125054  3.2323812399999996  -3.564142769842472 
5 27  -1.1011284540405408  7.51028124  -1.118534167131414 
5 28  -1.101128454040541  4.481528039999999  -1.118534167131414 
5 29  5.245249787125054  0.20362803999999995  -3.564142769842472 
5 30  3.8059014536673113  5.99590464  -5.905481238329415 
5 31  0.338219879417202  1.71800464  1.222804301355529 
5 32  4.47664803760444  5.99590464  -3.4314353262845074 
5 33  -0.33252670451992716  1.71800464  -1.2512416106893784 
5 34  1.1286287286638812  7.304942039999999  1.014264032907299 
5 35  3.0154926044206327  3.02704204  -5.696940969881186 
5 36  3.0154926044206327  0.40896724  -5.696940969881186 
5 37  1.1286287286638812  4.68686724  1.014264032907299 
5 38  2.816421995206137  5.99590464  -1.327074435579644 
5 39  1.3276993378783757  1.71800464  -3.3556025013942423 
5 40  6.007298354352149  7.32205364  -5.715899176103752 
5 41  -1.8631770212676353  3.0441536399999998  1.0332222391298664 
5 42  -1.8631770212676355  0.39185564  1.0332222391298664 
5 43  6.007298354352148  4.669755639999999  -5.715899176103752 
6 16  2.5829117365087013  0.99418396  -3.734766625845569 
6 17  1.5612095965758124  -3.28371604  -0.9479103111283163 
6 18  1.5612095965758128  -0.15229323999999966  -0.9479103111283163 
6 19  2.5829117365087013  4.12560676  -3.734766625845569 
6 20  0.4511281138713906  2.5598953600000005  -3.08070851116703 
6 21  3.6929932192131227  -1.7180046399999997  -1.6019684258068558 
6 22  1.1741948005855425  2.5598953600000005  -6.758600518344901 
6 23  2.9699265324989708  -1.7180046399999997  2.075923581371015 
6 24  3.7360331795541697  2.5598953600000005  1.2607207138006622 
6 25  0.40808815353034356  -1.7180046399999997  -5.943397650774548 
6 26  5.245249787125054  -0.2036280399999999  -3.564142769842472 
6 27  -1.101128454040541  4.074271960000001  -1.118534167131414 
6 28  -1.1011284540405413  1.0455187599999993  -1.118534167131414 
6 29  5.245249787125054  -3.2323812399999996  -3.564142769842472 
6 30  3.8059014536673113  2.5598953600000005  -5.905481238329415 
6 31  0.3382198794172018  -1.7180046399999997  1.222804301355529 
6 32  4.47664803760444  2.5598953600000005  -3.4314353262845074 
6 33  -0.3325267045199274  -1.7180046399999997  -1.2512416106893784 
6 34  1.128628728663881  3.86893276  1.014264032907299 
6 35  3.0154926044206323  -0.4089672399999995  -5.696940969881186 
6 36  3.0154926044206323  -3.0270420399999995  -5.696940969881186 
6 37  1.128628728663881  1.2508579600000003  1.014264032907299 
6 38  2.816421995206137  2.5598953600000005  -1.327074435579644 
6 39  1.3276993378783755  -1.7180046399999997  -3.3556025013942423 
6 40  6.007298354352149  3.8860443600000005  -5.715899176103752 
6 41  -1.8631770212676355  -0.3918556399999997  1.0332222391298664 
6 42  -1.8631770212676357  -3.0441536399999998  1.0332222391298664 
6 43  6.007298354352148  1.2337463599999996  -5.715899176103752 
7 16  -1.5612095965758126  -3.283716039999999  0.9479103111283171 
7 17  -2.5829117365087013  -7.561616039999999  3.73476662584557 
7 18  -2.5829117365087013  -4.430193239999999  3.73476662584557 
7 19  -1.5612095965758126  -0.15229323999999878  0.9479103111283171 
7 20  -3.692993219213123  -1.7180046399999984  1.6019684258068563 
7 21  -0.4511281138713912  -5.995904639999999  3.0807085111670305 
7 22  -2.969926532498971  -1.7180046399999984  -2.0759235813710144 
7 23  -1.1741948005855432  -5.995904639999999  6.758600518344901 
7 24  -0.4080881535303442  -1.7180046399999984  5.943397650774548 
7 25  -3.7360331795541706  -5.995904639999999  -1.2607207138006618 
7 26  1.1011284540405404  -4.481528039999999  1.1185341671314144 
7 27  -5.245249787125055  -0.20362803999999812  3.5641427698424724 
7 28  -5.245249787125055  -3.2323812399999996  3.5641427698424724 
7 29  1.1011284540405404  -7.5102812399999985  1.1185341671314144 
7 30  -0.33821987941720266  -1.7180046399999984  -1.222804301355529 
7 31  -3.805901453667312  -5.995904639999999  5.905481238329415 
7 32  0.3325267045199265  -1.7180046399999984  1.251241610689379 
7 33  -4.476648037604441  -5.995904639999999  3.431435326284508 
7 34  -3.0154926044206327  -0.40896723999999907  5.696940969881185 
7 35  -1.1286287286638816  -4.686867239999998  -1.0142640329072994 
7 36  -1.1286287286638816  -7.3049420399999985  -1.0142640329072994 
7 37  -3.0154926044206327  -3.0270420399999987  5.696940969881185 
7 38  -1.3276993378783768  -1.7180046399999984  3.3556025013942423 
7 39  -2.8164219952061385  -5.995904639999999  1.327074435579644 
7 40  1.863177021267635  -0.3918556399999984  -1.0332222391298658 
7 41  -6.00729835435215  -4.669755639999998  5.715899176103752 
7 42  -6.00729835435215  -7.322053639999998  5.715899176103752 
7 43  1.8631770212676342  -3.0441536399999993  -1.0332222391298658 
8 16  -3.4399701146931942  -1.5657114000000005  2.8532100364962347 
8 17  -4.461672254626083  -5.8436114  5.640066351213488 
8 18  -4.461672254626083  -2.7121886  5.640066351213488 
8 19  -3.4399701146931942  1.5657113999999996  2.8532100364962347 
8 20  -5.571753737330505  0.0  3.507268151174774 
8 21  -2.329888631988773  -4.277900000000001  4.986008236534948 
8 22  -4.848687050616353  0.0  -0.17062385600309704 
8 23  -3.052955318702925  -4.277900000000001  8.663900243712819 
8 24  -2.286848671647726  0.0  7.848697376142466 
8 25  -5.614793697671552  -4.277900000000001  0.6445790115672556 
8 26  -0.7776320640768413  -2.7635234000000004  3.023833892499332 
8 27  -7.124010305242437  1.5143766000000003  5.46944249521039 
8 28  -7.124010305242437  -1.5143766000000012  5.46944249521039 
8 29  -0.7776320640768413  -5.7922766  3.023833892499332 
8 30  -2.2169803975345843  0.0  0.6824954240123884 
8 31  -5.684661971784694  -4.277900000000001  7.810780963697333 
8 32  -1.5462338135974552  0.0  3.1565413360572965 
8 33  -6.355408555721823  -4.277900000000001  5.3367350516524255 
8 34  -4.894253122538014  1.3090373999999994  7.602240695249103 
8 35  -3.0073892467812633  -2.9688626  0.891035692460618 
8 36  -3.0073892467812633  -5.5869374  0.891035692460618 
8 37  -4.894253122538014  -1.3090374000000002  7.602240695249103 
8 38  -3.2064598559957584  0.0  5.26090222676216 
8 39  -4.69518251332352  -4.277900000000001  3.2323741609475616 
8 40  -0.015583496849746581  1.326149  0.8720774862380516 
8 41  -7.8860588724695315  -2.9517510000000002  7.62119890147167 
8 42  -7.8860588724695315  -5.604049  7.62119890147167 
8 43  -0.015583496849747469  -1.326149000000001  0.8720774862380516 
9 16  4.461672254626084  2.7121885999999997  -5.640066351213488 
9 17  3.439970114693195  -1.5657113999999999  -2.8532100364962343 
9 18  3.4399701146931956  1.5657114  -2.8532100364962343 
9 19  4.461672254626084  5.8436114  -5.640066351213488 
9 20  2.3298886319887733  4.277900000000001  -4.986008236534948 
9 21  5.571753737330505  0.0  -3.507268151174774 
9 22  3.0529553187029252  4.277900000000001  -8.663900243712819 
9 23  4.848687050616354  0.0  0.17062385600309682 
9 24  5.614793697671552  4.277900000000001  -0.6445790115672558 
9 25  2.2868486716477263  0.0  -7.848697376142466 
9 26  7.124010305242437  1.5143765999999999  -5.46944249521039 
9 27  0.7776320640768417  5.792276600000001  -3.023833892499332 
9 28  0.7776320640768415  2.763523399999999  -3.023833892499332 
9 29  7.124010305242437  -1.5143765999999999  -5.46944249521039 
9 30  5.684661971784694  4.277900000000001  -7.810780963697333 
9 31  2.2169803975345843  0.0  -0.682495424012389 
9 32  6.355408555721823  4.277900000000001  -5.3367350516524255 
9 33  1.5462338135974554  0.0  -3.1565413360572965 
9 34  3.0073892467812637  5.5869374  -0.8910356924606191 
9 35  4.894253122538015  1.3090374000000002  -7.602240695249104 
9 36  4.894253122538015  -1.3090373999999998  -7.602240695249104 
9 37  3.0073892467812637  2.9688626  -0.8910356924606191 
9 38  4.69518251332352  4.277900000000001  -3.232374160947562 
9 39  3.2064598559957584  0.0  -5.260902226762161 
9 40  7.8860588724695315  5.604049  -7.62119890147167 
9 41  0.015583496849747247  1.326149  -0.8720774862380516 
9 42  0.015583496849747025  -1.326149  -0.8720774862380516 
9 43  7.886058872469531  2.9517509999999993  -7.62119890147167 
10 16  0.37334969684974784  -1.5657114000000005  -0.872077486238052 
10 17  -0.6483524430831411  -5.8436114  1.914778828479201 
10 18  -0.6483524430831407  -2.7121886  1.914778828479201 
10 19  0.37334969684974784  1.5657113999999996  -0.872077486238052 
10 20  -1.7584339257875627  0.0  -0.2180193715595129 
10 21  1.4834311795541693  -4.277900000000001  1.2607207138006613 
10 22  -1.035367239073411  0.0  -3.8959113787373836 
10 23  0.7603644928400173  -4.277900000000001  4.938612720978532 
10 24  1.5264711398952162  0.0  4.123409853408179 
10 25  -1.80147388612861  -4.277900000000001  -3.080708511167031 
10 26  3.035687747466101  -2.7635234000000004  -0.7014536302349548 
10 27  -3.3106904936994948  1.5143766000000003  1.7441549724761032 
10 28  -3.3106904936994948  -1.5143766000000012  1.7441549724761032 
10 29  3.035687747466101  -5.7922766  -0.7014536302349548 
10 30  1.5963394140083578  0.0  -3.042792098721898 
10 31  -1.8713421602417517  -4.277900000000001  4.085493440963046 
10 32  2.267085997945487  0.0  -0.5687461866769903 
10 33  -2.542088744178881  -4.277900000000001  1.6114475289181387 
10 34  -1.0809333109950725  1.3090373999999994  3.876953172514816 
10 35  0.8059305647616788  -2.9688626  -2.8342518302736686 
10 36  0.8059305647616788  -5.5869374  -2.8342518302736686 
10 37  -1.0809333109950725  -1.3090374000000002  3.876953172514816 
10 38  0.6068599555471836  0.0  1.5356147040278731 
10 39  -0.881862701780578  -4.277900000000001  -0.4929133617867252 
10 40  3.7977363146931955  1.326149  -2.853210036496235 
10 41  -4.0727390609265886  -2.9517510000000002  3.8959113787373836 
10 42  -4.072739060926589  -5.604049  3.8959113787373836 
10 43  3.7977363146931946  -1.326149000000001  -2.853210036496235 
11 16  0.6483524430831418  2.7121885999999997  -1.9147788284792013 
11 17  -0.37334969684974717  -1.5657113999999999  0.8720774862380516 
11 18  -0.3733496968497467  1.5657114  0.8720774862380516 
11 19  0.6483524430831418  5.8436114  -1.9147788284792013 
11 20  -1.4834311795541688  4.277900000000001  -1.2607207138006622 
11 21  1.7584339257875632  0.0  0.218019371559512 
11 22  -0.7603644928400171  4.277900000000001  -4.938612720978533 
11 23  1.0353672390734112  0.0  3.8959113787373827 
11 24  1.8014738861286101  4.277900000000001  3.08070851116703 
11 25  -1.526471139895216  0.0  -4.12340985340818 
11 26  3.3106904936994948  1.5143765999999999  -1.744154972476104 
11 27  -3.035687747466101  5.792276600000001  0.7014536302349539 
11 28  -3.035687747466101  2.763523399999999  0.7014536302349539 
11 29  3.3106904936994948  -1.5143765999999999  -1.744154972476104 
11 30  1.8713421602417517  4.277900000000001  -4.085493440963047 
11 31  -1.5963394140083578  0.0  3.042792098721897 
11 32  2.542088744178881  4.277900000000001  -1.6114475289181396 
11 33  -2.267085997945487  0.0  0.5687461866769894 
11 34  -0.8059305647616786  5.5869374  2.834251830273667 
11 35  1.0809333109950727  1.3090374000000002  -3.876953172514818 
11 36  1.0809333109950727  -1.3090373999999998  -3.876953172514818 
11 37  -0.8059305647616786  2.9688626  2.834251830273667 
11 38  0.8818627017805776  4.277900000000001  0.49291336178672385 
11 39  -0.6068599555471841  0.0  -1.5356147040278745 
11 40  4.072739060926589  5.604049  -3.8959113787373845 
11 41  -3.797736314693195  1.326149  2.8532100364962343 
11 42  -3.7977363146931955  -1.326149  2.8532100364962343 
11 43  4.0727390609265886  2.9517509999999993  -3.8959113787373845 
12 16  1.651679879043972  -1.5657114000000005  -5.801211104105301 
12 17  0.629977739111083  -5.8436114  -3.0143547893880474 
12 18  0.6299777391110835  -2.7121886  -3.0143547893880474 
12 19  1.651679879043972  1.5657113999999996  -5.801211104105301 
12 20  -0.48010374359333874  0.0  -5.147152989426761 
12 21  2.7617613617483934  -4.277900000000001  -3.668412904066587 
12 22  0.24296294312081312  0.0  -8.825044996604632 
12 23  2.0386946750342414  -4.277900000000001  0.009479103111283749 
12 24  2.8048013220894403  0.0  -0.8057237644590689 
12 25  -0.5231437039343858  -4.277900000000001  -8.00984212903428 
12 26  4.314017929660325  -2.7635234000000004  -5.630587248102203 
12 27  -2.03236031150527  1.5143766000000003  -3.184978645391145 
12 28  -2.0323603115052706  -1.5143766000000012  -3.184978645391145 
12 29  4.314017929660325  -5.7922766  -5.630587248102203 
12 30  2.874669596202582  0.0  -7.971925716589146 
12 31  -0.5930119780475276  -4.277900000000001  -0.8436401769042021 
12 32  3.545416180139711  0.0  -5.4978798045442385 
12 33  -1.2637585619846567  -4.277900000000001  -3.3176860889491095 
12 34  0.1973968711991516  1.3090373999999994  -1.0521804453524322 
12 35  2.084260746955903  -2.9688626  -7.763385448140917 
12 36  2.084260746955903  -5.5869374  -7.763385448140917 
12 37  0.1973968711991516  -1.3090374000000002  -1.0521804453524322 
12 38  1.8851901377414078  0.0  -3.393518913839375 
12 39  0.3964674804136461  -4.277900000000001  -5.422046979653974 
12 40  5.076066496887419  1.326149  -7.782343654363483 
12 41  -2.794408878732365  -2.9517510000000002  -1.0332222391298647 
12 42  -2.794408878732365  -5.604049  -1.0332222391298647 
12 43  5.076066496887419  -1.326149000000001  -7.782343654363483 
13 16  -0.6299777391110828  2.7121885999999997  3.0143547893880482 
13 17  -1.6516798790439717  -1.5657113999999999  5.801211104105302 
13 18  -1.6516798790439713  1.5657114  5.801211104105302 
13 19  -0.6299777391110828  5.8436114  3.0143547893880482 
13 20  -2.7617613617483934  4.277900000000001  3.6684129040665874 
13 21  0.4801037435933386  0.0  5.147152989426762 
13 22  -2.0386946750342414  4.277900000000001  -0.009479103111283194 
13 23  -0.24296294312081335  0.0  8.825044996604632 
13 24  0.5231437039343856  4.277900000000001  8.00984212903428 
13 25  -2.8048013220894408  0.0  0.8057237644590696 
13 26  2.03236031150527  1.5143765999999999  3.1849786453911455 
13 27  -4.314017929660325  5.792276600000001  5.630587248102204 
13 28  -4.314017929660325  2.763523399999999  5.630587248102204 
13 29  2.03236031150527  -1.5143765999999999  3.1849786453911455 
13 30  0.5930119780475271  4.277900000000001  0.8436401769042023 
13 31  -2.8746695962025823  0.0  7.971925716589147 
13 32  1.2637585619846563  4.277900000000001  3.31768608894911 
13 33  -3.5454161801397115  0.0  5.497879804544239 
13 34  -2.084260746955903  5.5869374  7.763385448140917 
13 35  -0.19739687119915184  1.3090374000000002  1.052180445352432 
13 36  -0.19739687119915184  -1.3090373999999998  1.052180445352432 
13 37  -2.084260746955903  2.9688626  7.763385448140917 
13 38  -0.396467480413647  4.277900000000001  5.422046979653974 
13 39  -1.8851901377414086  0.0  3.393518913839375 
13 40  2.794408878732365  5.604049  1.0332222391298655 
13 41  -5.076066496887419  1.326149  7.782343654363484 
13 42  -5.07606649688742  -1.326149  7.782343654363484 
13 43  2.794408878732364  2.9517509999999993  1.0332222391298655 
14 16  -2.4498263292117493  2.7121885999999997  -1.1659296826878296 
14 17  -3.471528469144638  -1.5657113999999999  1.6209266320294233 
14 18  -3.471528469144638  1.5657114  1.6209266320294233 
14 19  -2.4498263292117493  5.8436114  -1.1659296826878296 
14 20  -4.58160995184906  4.277900000000001  -0.5118715680092905 
14 21  -1.3397448465073278  0.0  0.9668685173508837 
14 22  -3.858543265134908  4.277900000000001  -4.189763575187161 
14 23  -2.06281153322148  0.0  4.644760524528754 
14 24  -1.2967048861662809  4.277900000000001  3.829557656958402 
14 25  -4.624649912190107  0.0  -3.3745607076168085 
14 26  0.21251172140460373  1.5143765999999999  -0.9953058266847323 
14 27  -6.133866519760992  5.792276600000001  1.4503027760263256 
14 28  -6.133866519760992  2.763523399999999  1.4503027760263256 
14 29  0.21251172140460373  -1.5143765999999999  -0.9953058266847323 
14 30  -1.2268366120531393  4.277900000000001  -3.3366442951716757 
14 31  -4.694518186303249  0.0  3.7916412445132686 
14 32  -0.5560900281160102  4.277900000000001  -0.8625983831267678 
14 33  -5.365264770240378  0.0  1.3175953324683611 
14 34  -3.9041093370565694  5.5869374  3.5831009760650385 
14 35  -2.0172454612998183  1.3090374000000002  -3.128104026723446 
14 36  -2.0172454612998183  -1.3090373999999998  -3.128104026723446 
14 37  -3.9041093370565694  2.9688626  3.5831009760650385 
14 38  -2.2163160705143135  4.277900000000001  1.2417625075780956 
14 39  -3.705038727842075  0.0  -0.7867655582365027 
14 40  0.9745602886316984  5.604049  -3.1470622329460127 
14 41  -6.8959150869880865  1.326149  3.602059182287606 
14 42  -6.8959150869880865  -1.326149  3.602059182287606 
14 43  0.9745602886316975  2.9517509999999993  -3.1470622329460127 
15 16  3.4715284691446398  -1.5657114000000005  -1.6209266320294229 
15 17  2.4498263292117506  -5.8436114  1.16592968268783 
15 18  2.449826329211751  -2.7121886  1.16592968268783 
15 19  3.4715284691446398  1.5657113999999996  -1.6209266320294229 
15 20  1.339744846507329  0.0  -0.9668685173508837 
15 21  4.581609951849061  -4.277900000000001  0.5118715680092905 
15 22  2.0628115332214807  0.0  -4.644760524528754 
15 23  3.858543265134909  -4.277900000000001  4.189763575187161 
15 24  4.624649912190108  0.0  3.3745607076168085 
15 25  1.2967048861662818  -4.277900000000001  -3.829557656958402 
15 26  6.133866519760993  -2.7635234000000004  -1.4503027760263256 
15 27  -0.21251172140460273  1.5143766000000003  0.9953058266847323 
15 28  -0.21251172140460295  -1.5143766000000012  0.9953058266847323 
15 29  6.133866519760993  -5.7922766  -1.4503027760263256 
15 30  4.69451818630325  0.0  -3.791641244513269 
15 31  1.2268366120531402  -4.277900000000001  3.3366442951716753 
15 32  5.365264770240379  0.0  -1.3175953324683611 
15 33  0.5560900281160109  -4.277900000000001  0.8625983831267678 
15 34  2.017245461299819  1.3090373999999994  3.1281040267234452 
15 35  3.9041093370565707  -2.9688626  -3.5831009760650394 
15 36  3.9041093370565707  -5.5869374  -3.5831009760650394 
15 37  2.017245461299819  -1.3090374000000002  3.1281040267234452 
15 38  3.7050387278420756  0.0  0.7867655582365023 
15 39  2.216316070514314  -4.277900000000001  -1.241762507578096 
15 40  6.895915086988087  1.326149  -3.602059182287606 
15 41  -0.9745602886316972  -2.9517510000000002  3.1470622329460127 
15 42  -0.9745602886316974  -5.604049  3.1470622329460127 
15 43  6.8959150869880865  -1.326149000000001  -3.602059182287606 
16 0  -1.6440737211878504  -0.99931744  -1.0208994050851974 
16 1  0.6223715812549617  3.278582560000001  3.8077557198024503 
16 2  0.6223715812549608  -0.14715976000000008  3.8077557198024503 
16 3  -1.6440737211878507  -4.42505976  -1.0208994050851974 
16 4  1.5612095965758117  -0.15229323999999966  -0.9479103111283171 
16 5  -2.5829117365087013  -4.4301932399999995  3.734766625845569 
16 6  -2.5829117365087013  -0.99418396  3.734766625845569 
16 7  1.5612095965758126  3.283716039999999  -0.9479103111283171 
16 8  3.4399701146931942  1.5657114000000005  -2.8532100364962347 
16 9  -4.461672254626084  -2.7121885999999997  5.640066351213488 
16 10  -0.37334969684974784  1.5657114000000005  0.872077486238052 
16 11  -0.6483524430831418  -2.7121885999999997  1.9147788284792013 
16 12  -1.651679879043972  1.5657114000000005  5.801211104105301 
16 13  0.6299777391110828  -2.7121885999999997  -3.0143547893880482 
16 14  2.4498263292117493  -2.7121885999999997  1.1659296826878296 
16 15  -3.4715284691446398  1.5657114000000005  1.6209266320294229 
17 0  -0.6223715812549615  3.2785825599999994  -3.8077557198024503 
17 1  1.6440737211878507  7.556482560000001  1.0208994050851974 
17 2  1.6440737211878498  4.13074024  1.0208994050851974 
17 3  -0.6223715812549617  -0.14715976000000008  -3.8077557198024503 
17 4  2.5829117365087004  4.12560676  -3.73476662584557 
17 5  -1.5612095965758126  -0.15229324000000005  0.9479103111283163 
17 6  -1.5612095965758124  3.28371604  0.9479103111283163 
17 7  2.5829117365087013  7.561616039999999  -3.73476662584557 
17 8  4.461672254626083  5.8436114  -5.640066351213488 
17 9  -3.439970114693195  1.5657113999999999  2.8532100364962343 
17 10  0.6483524430831411  5.8436114  -1.914778828479201 
17 11  0.37334969684974717  1.5657113999999999  -0.8720774862380516 
17 12  -0.629977739111083  5.8436114  3.0143547893880474 
17 13  1.6516798790439717  1.5657113999999999  -5.801211104105302 
17 14  3.471528469144638  1.5657113999999999  -1.6209266320294233 
17 15  -2.4498263292117506  5.8436114  -1.16592968268783 
18 0  -0.622371581254962  0.14715975999999964  -3.8077557198024503 
18 1  1.6440737211878502  4.425059760000001  1.0208994050851974 
18 2  1.6440737211878493  0.9993174399999996  1.0208994050851974 
18 3  -0.6223715812549622  -3.2785825600000003  -3.8077557198024503 
18 4  2.5829117365087004  0.99418396  -3.73476662584557 
18 5  -1.561209596575813  -3.28371604  0.9479103111283163 
18 6  -1.5612095965758128  0.15229323999999966  0.9479103111283163 
18 7  2.5829117365087013  4.430193239999999  -3.73476662584557 
18 8  4.461672254626083  2.7121886  -5.640066351213488 
18 9  -3.4399701146931956  -1.5657114  2.8532100364962343 
18 10  0.6483524430831407  2.7121886  -1.914778828479201 
18 11  0.3733496968497467  -1.5657114  -0.8720774862380516 
18 12  -0.6299777391110835  2.7121886  3.0143547893880474 
18 13  1.6516798790439713  -1.5657114  -5.801211104105302 
18 14  3.471528469144638  -1.5657114  -1.6209266320294233 
18 15  -2.449826329211751  2.7121886  -1.16592968268783 
19 0  -1.6440737211878504  -4.13074024  -1.0208994050851974 
19 1  0.6223715812549617  0.14715976000000097  3.8077557198024503 
19 2  0.6223715812549608  -3.2785825600000003  3.8077557198024503 
19 3  -1.6440737211878507  -7.55648256  -1.0208994050851974 
19 4  1.5612095965758117  -3.28371604  -0.9479103111283171 
19 5  -2.5829117365087013  -7.56161604  3.734766625845569 
19 6  -2.5829117365087013  -4.12560676  3.734766625845569 
19 7  1.5612095965758126  0.15229323999999878  -0.9479103111283171 
19 8  3.4399701146931942  -1.5657113999999996  -2.8532100364962347 
19 9  -4.461672254626084  -5.8436114  5.640066351213488 
19 10  -0.37334969684974784  -1.5657113999999996  0.872077486238052 
19 11  -0.6483524430831418  -5.8436114  1.9147788284792013 
19 12  -1.651679879043972  -1.5657113999999996  5.801211104105301 
19 13  0.6299777391110828  -5.8436114  -3.0143547893880482 
19 14  2.4498263292117493  -5.8436114  1.1659296826878296 
19 15  -3.4715284691446398  -1.5657113999999996  1.6209266320294229 
20 0  0.48770990144946025  -2.5650288400000005  -1.6749575197637365 
20 1  2.7541552038922723  1.7128711600000006  3.153697605123911 
20 2  2.7541552038922714  -1.7128711600000006  3.153697605123911 
20 3  0.48770990144946  -5.99077116  -1.6749575197637365 
20 4  3.6929932192131223  -1.7180046400000002  -1.6019684258068563 
20 5  -0.45112811387139085  -5.99590464  3.08070851116703 
20 6  -0.4511281138713906  -2.5598953600000005  3.08070851116703 
20 7  3.692993219213123  1.7180046399999984  -1.6019684258068563 
20 8  5.571753737330505  0.0  -3.507268151174774 
20 9  -2.3298886319887733  -4.277900000000001  4.986008236534948 
20 10  1.7584339257875627  0.0  0.2180193715595129 
20 11  1.4834311795541688  -4.277900000000001  1.2607207138006622 
20 12  0.48010374359333874  0.0  5.147152989426761 
20 13  2.7617613617483934  -4.277900000000001  -3.6684129040665874 
20 14  4.58160995184906  -4.277900000000001  0.5118715680092905 
20 15  -1.339744846507329  0.0  0.9668685173508837 
21 0  -2.754155203892272  1.7128711599999997  -3.1536976051239107 
21 1  -0.4877099014494597  5.990771160000001  1.674957519763737 
21 2  -0.4877099014494606  2.5650288399999996  1.674957519763737 
21 3  -2.754155203892272  -1.71287116  -3.1536976051239107 
21 4  0.4511281138713903  2.55989536  -3.0807085111670305 
21 5  -3.6929932192131227  -1.71800464  1.6019684258068558 
21 6  -3.6929932192131227  1.7180046399999997  1.6019684258068558 
21 7  0.4511281138713912  5.995904639999999  -3.0807085111670305 
21 8  2.329888631988773  4.277900000000001  -4.986008236534948 
21 9  -5.571753737330505  0.0  3.507268151174774 
21 10  -1.4834311795541693  4.277900000000001  -1.2607207138006613 
21 11  -1.7584339257875632  0.0  -0.218019371559512 
21 12  -2.7617613617483934  4.277900000000001  3.668412904066587 
21 13  -0.4801037435933386  0.0  -5.147152989426762 
21 14  1.3397448465073278  0.0  -0.9668685173508837 
21 15  -4.581609951849061  4.277900000000001  -0.5118715680092905 
22 0  -0.23535678526469161  -2.5650288400000005  2.002934487414134 
22 1  2.0310885171781203  1.7128711600000006  6.831589612301782 
22 2  2.0310885171781194  -1.7128711600000006  6.831589612301782 
22 3  -0.23535678526469184  -5.99077116  2.002934487414134 
22 4  2.9699265324989703  -1.7180046400000002  2.0759235813710144 
22 5  -1.1741948005855427  -5.99590464  6.758600518344901 
22 6  -1.1741948005855425  -2.5598953600000005  6.758600518344901 
22 7  2.969926532498971  1.7180046399999984  2.0759235813710144 
22 8  4.848687050616353  0.0  0.17062385600309704 
22 9  -3.0529553187029252  -4.277900000000001  8.663900243712819 
22 10  1.035367239073411  0.0  3.8959113787373836 
22 11  0.7603644928400171  -4.277900000000001  4.938612720978533 
22 12  -0.24296294312081312  0.0  8.825044996604632 
22 13  2.0386946750342414  -4.277900000000001  0.009479103111283194 
22 14  3.858543265134908  -4.277900000000001  4.189763575187161 
22 15  -2.0628115332214807  0.0  4.644760524528754 
23 0  -2.03108851717812  1.7128711599999997  -6.831589612301782 
23 1  0.23535678526469228  5.990771160000001  -2.0029344874141337 
23 2  0.2353567852646914  2.5650288399999996  -2.0029344874141337 
23 3  -2.0310885171781203  -1.71287116  -6.831589612301782 
23 4  1.1741948005855423  2.55989536  -6.758600518344901 
23 5  -2.969926532498971  -1.71800464  -2.075923581371015 
23 6  -2.9699265324989708  1.7180046399999997  -2.075923581371015 
23 7  1.1741948005855432  5.995904639999999  -6.758600518344901 
23 8  3.052955318702925  4.277900000000001  -8.663900243712819 
23 9  -4.848687050616354  0.0  -0.17062385600309682 
23 10  -0.7603644928400173  4.277900000000001  -4.938612720978532 
23 11  -1.0353672390734112  0.0  -3.8959113787373827 
23 12  -2.0386946750342414  4.277900000000001  -0.009479103111283749 
23 13  0.24296294312081335  0.0  -8.825044996604632 
23 14  2.06281153322148  0.0  -4.644760524528754 
23 15  -3.858543265134909  4.277900000000001  -4.189763575187161 
24 0  -2.797195164233319  -2.5650288400000005  -6.016386744731429 
24 1  -0.5307498617905066  1.7128711600000006  -1.187731619843781 
24 2  -0.5307498617905075  -1.7128711600000006  -1.187731619843781 
24 3  -2.797195164233319  -5.99077116  -6.016386744731429 
24 4  0.40808815353034333  -1.7180046400000002  -5.943397650774548 
24 5  -3.7360331795541697  -5.99590464  -1.2607207138006622 
24 6  -3.7360331795541697  -2.5598953600000005  -1.2607207138006622 
24 7  0.4080881535303442  1.7180046399999984  -5.943397650774548 
24 8  2.286848671647726  0.0  -7.848697376142466 
24 9  -5.614793697671552  -4.277900000000001  0.6445790115672558 
24 10  -1.5264711398952162  0.0  -4.123409853408179 
24 11  -1.8014738861286101  -4.277900000000001  -3.08070851116703 
24 12  -2.8048013220894403  0.0  0.8057237644590689 
24 13  -0.5231437039343856  -4.277900000000001  -8.00984212903428 
24 14  1.2967048861662809  -4.277900000000001  -3.829557656958402 
24 15  -4.624649912190108  0.0  -3.3745607076168085 
25 0  0.5307498617905073  1.7128711599999997  1.1877316198437815 
25 1  2.7971951642333197  5.990771160000001  6.016386744731429 
25 2  2.797195164233319  2.5650288399999996  6.016386744731429 
25 3  0.5307498617905071  -1.71287116  1.1877316198437815 
25 4  3.7360331795541697  2.55989536  1.2607207138006618 
25 5  -0.4080881535303438  -1.71800464  5.943397650774548 
25 6  -0.40808815353034356  1.7180046399999997  5.943397650774548 
25 7  3.7360331795541706  5.995904639999999  1.2607207138006618 
25 8  5.614793697671552  4.277900000000001  -0.6445790115672556 
25 9  -2.2868486716477263  0.0  7.848697376142466 
25 10  1.80147388612861  4.277900000000001  3.080708511167031 
25 11  1.526471139895216  0.0  4.12340985340818 
25 12  0.5231437039343858  4.277900000000001  8.00984212903428 
25 13  2.8048013220894408  0.0  -0.8057237644590696 
25 14  4.624649912190107  0.0  3.3745607076168085 
25 15  -1.2967048861662818  4.277900000000001  3.829557656958402 
26 0  -4.306411771804203  0.19849455999999988  -1.1915232610882946 
26 1  -2.0399664693613913  4.476394560000001  3.637131863799353 
26 2  -2.039966469361392  1.0506522399999998  3.637131863799353 
26 3  -4.306411771804203  -3.22724776  -1.1915232610882946 
26 4  -1.1011284540405413  1.0455187600000002  -1.1185341671314144 
26 5  -5.245249787125054  -3.2323812399999996  3.564142769842472 
26 6  -5.245249787125054  0.2036280399999999  3.564142769842472 
26 7  -1.1011284540405404  4.481528039999999  -1.1185341671314144 
26 8  0.7776320640768413  2.7635234000000004  -3.023833892499332 
26 9  -7.124010305242437  -1.5143765999999999  5.46944249521039 
26 10  -3.035687747466101  2.7635234000000004  0.7014536302349548 
26 11  -3.3106904936994948  -1.5143765999999999  1.744154972476104 
26 12  -4.314017929660325  2.7635234000000004  5.630587248102203 
26 13  -2.03236031150527  -1.5143765999999999  -3.1849786453911455 
26 14  -0.21251172140460373  -1.5143765999999999  0.9953058266847323 
26 15  -6.133866519760993  2.7635234000000004  1.4503027760263256 
27 0  2.039966469361392  -4.07940544  -3.6371318637993526 
27 1  4.306411771804204  0.19849456000000032  1.191523261088295 
27 2  4.306411771804203  -3.227247760000001  1.191523261088295 
27 3  2.0399664693613917  -7.505147760000001  -3.6371318637993526 
27 4  5.245249787125054  -3.2323812400000005  -3.5641427698424724 
27 5  1.1011284540405408  -7.51028124  1.118534167131414 
27 6  1.101128454040541  -4.074271960000001  1.118534167131414 
27 7  5.245249787125055  0.20362803999999812  -3.5641427698424724 
27 8  7.124010305242437  -1.5143766000000003  -5.46944249521039 
27 9  -0.7776320640768417  -5.792276600000001  3.023833892499332 
27 10  3.3106904936994948  -1.5143766000000003  -1.7441549724761032 
27 11  3.035687747466101  -5.792276600000001  -0.7014536302349539 
27 12  2.03236031150527  -1.5143766000000003  3.184978645391145 
27 13  4.314017929660325  -5.792276600000001  -5.630587248102204 
27 14  6.133866519760992  -5.792276600000001  -1.4503027760263256 
27 15  0.21251172140460273  -1.5143766000000003  -0.9953058266847323 
28 0  2.039966469361392  -1.0506522399999993  -3.6371318637993526 
28 1  4.306411771804204  3.227247760000002  1.191523261088295 
28 2  4.306411771804203  -0.19849455999999943  1.191523261088295 
28 3  2.039966469361392  -4.476394559999999  -3.6371318637993526 
28 4  5.245249787125054  -0.203628039999999  -3.5641427698424724 
28 5  1.101128454040541  -4.481528039999999  1.118534167131414 
28 6  1.1011284540405413  -1.0455187599999993  1.118534167131414 
28 7  5.245249787125055  3.2323812399999996  -3.5641427698424724 
28 8  7.124010305242437  1.5143766000000012  -5.46944249521039 
28 9  -0.7776320640768415  -2.763523399999999  3.023833892499332 
28 10  3.3106904936994948  1.5143766000000012  -1.7441549724761032 
28 11  3.035687747466101  -2.763523399999999  -0.7014536302349539 
28 12  2.0323603115052706  1.5143766000000012  3.184978645391145 
28 13  4.314017929660325  -2.763523399999999  -5.630587248102204 
28 14  6.133866519760992  -2.763523399999999  -1.4503027760263256 
28 15  0.21251172140460295  1.5143766000000012  -0.9953058266847323 
29 0  -4.306411771804203  3.2272477599999996  -1.1915232610882946 
29 1  -2.0399664693613913  7.505147760000001  3.637131863799353 
29 2  -2.039966469361392  4.0794054399999995  3.637131863799353 
29 3  -4.306411771804203  -0.19849456  -1.1915232610882946 
29 4  -1.1011284540405413  4.07427196  -1.1185341671314144 
29 5  -5.245249787125054  -0.20362803999999995  3.564142769842472 
29 6  -5.245249787125054  3.2323812399999996  3.564142769842472 
29 7  -1.1011284540405404  7.5102812399999985  -1.1185341671314144 
29 8  0.7776320640768413  5.7922766  -3.023833892499332 
29 9  -7.124010305242437  1.5143765999999999  5.46944249521039 
29 10  -3.035687747466101  5.7922766  0.7014536302349548 
29 11  -3.3106904936994948  1.5143765999999999  1.744154972476104 
29 12  -4.314017929660325  5.7922766  5.630587248102203 
29 13  -2.03236031150527  1.5143765999999999  -3.1849786453911455 
29 14  -0.21251172140460373  1.5143765999999999  0.9953058266847323 
29 15  -6.133866519760993  5.7922766  1.4503027760263256 
30 0  -2.8670634383464604  -2.5650288400000005  1.1498152073986487 
30 1  -0.6006181359036482  1.7128711600000006  5.978470332286296 
30 2  -0.6006181359036491  -1.7128711600000006  5.978470332286296 
30 3  -2.8670634383464604  -5.99077116  1.1498152073986487 
30 4  0.3382198794172018  -1.7180046400000002  1.222804301355529 
30 5  -3.8059014536673113  -5.99590464  5.905481238329415 
30 6  -3.8059014536673113  -2.5598953600000005  5.905481238329415 
30 7  0.33821987941720266  1.7180046399999984  1.222804301355529 
30 8  2.2169803975345843  0.0  -0.6824954240123884 
30 9  -5.684661971784694  -4.277900000000001  7.810780963697333 
30 10  -1.5963394140083578  0.0  3.042792098721898 
30 11  -1.8713421602417517  -4.277900000000001  4.085493440963047 
30 12  -2.874669596202582  0.0  7.971925716589146 
30 13  -0.5930119780475271  -4.277900000000001  -0.8436401769042023 
30 14  1.2268366120531393  -4.277900000000001  3.3366442951716757 
30 15  -4.69451818630325  0.0  3.791641244513269 
31 0  0.6006181359036491  1.7128711599999997  -5.978470332286296 
31 1  2.8670634383464613  5.990771160000001  -1.1498152073986478 
31 2  2.8670634383464604  2.5650288399999996  -1.1498152073986478 
31 3  0.6006181359036489  -1.71287116  -5.978470332286296 
31 4  3.8059014536673113  2.55989536  -5.905481238329415 
31 5  -0.338219879417202  -1.71800464  -1.222804301355529 
31 6  -0.3382198794172018  1.7180046399999997  -1.222804301355529 
31 7  3.805901453667312  5.995904639999999  -5.905481238329415 
31 8  5.684661971784694  4.277900000000001  -7.810780963697333 
31 9  -2.2169803975345843  0.0  0.682495424012389 
31 10  1.8713421602417517  4.277900000000001  -4.085493440963046 
31 11  1.5963394140083578  0.0  -3.042792098721897 
31 12  0.5930119780475276  4.277900000000001  0.8436401769042021 
31 13  2.8746695962025823  0.0  -7.971925716589147 
31 14  4.694518186303249  0.0  -3.7916412445132686 
31 15  -1.2268366120531402  4.277900000000001  -3.3366442951716753 
32 0  -3.5378100222835895  -2.5650288400000005  -1.3242307046462591 
32 1  -1.2713647198407774  1.7128711600000006  3.5044244202413886 
32 2  -1.2713647198407783  -1.7128711600000006  3.5044244202413886 
32 3  -3.5378100222835895  -5.99077116  -1.3242307046462591 
32 4  -0.3325267045199274  -1.7180046400000002  -1.251241610689379 
32 5  -4.47664803760444  -5.99590464  3.4314353262845074 
32 6  -4.47664803760444  -2.5598953600000005  3.4314353262845074 
32 7  -0.3325267045199265  1.7180046399999984  -1.251241610689379 
32 8  1.5462338135974552  0.0  -3.1565413360572965 
32 9  -6.355408555721823  -4.277900000000001  5.3367350516524255 
32 10  -2.267085997945487  0.0  0.5687461866769903 
32 11  -2.542088744178881  -4.277900000000001  1.6114475289181396 
32 12  -3.545416180139711  0.0  5.4978798045442385 
32 13  -1.2637585619846563  -4.277900000000001  -3.31768608894911 
32 14  0.5560900281160102  -4.277900000000001  0.8625983831267678 
32 15  -5.365264770240379  0.0  1.3175953324683611 
33 0  1.2713647198407783  1.7128711599999997  -3.504424420241388 
33 1  3.5378100222835904  5.990771160000001  1.3242307046462596 
33 2  3.5378100222835895  2.5650288399999996  1.3242307046462596 
33 3  1.271364719840778  -1.71287116  -3.504424420241388 
33 4  4.47664803760444  2.55989536  -3.431435326284508 
33 5  0.33252670451992716  -1.71800464  1.2512416106893784 
33 6  0.3325267045199274  1.7180046399999997  1.2512416106893784 
33 7  4.476648037604441  5.995904639999999  -3.431435326284508 
33 8  6.355408555721823  4.277900000000001  -5.3367350516524255 
33 9  -1.5462338135974554  0.0  3.1565413360572965 
33 10  2.542088744178881  4.277900000000001  -1.6114475289181387 
33 11  2.267085997945487  0.0  -0.5687461866769894 
33 12  1.2637585619846567  4.277900000000001  3.3176860889491095 
33 13  3.5454161801397115  0.0  -5.497879804544239 
33 14  5.365264770240378  0.0  -1.3175953324683611 
33 15  -0.5560900281160109  4.277900000000001  -0.8625983831267678 
34 0  -0.1897907133430301  -3.87406624  -5.769930063838066 
34 1  2.076654589099782  0.40383376000000126  -0.9412749389504178 
34 2  2.076654589099781  -3.02190856  -0.9412749389504178 
34 3  -0.18979071334303033  -7.29980856  -5.769930063838066 
34 4  3.015492604420632  -3.0270420399999995  -5.696940969881185 
34 5  -1.1286287286638812  -7.304942039999999  -1.014264032907299 
34 6  -1.128628728663881  -3.86893276  -1.014264032907299 
34 7  3.0154926044206327  0.40896723999999907  -5.696940969881185 
34 8  4.894253122538014  -1.3090373999999994  -7.602240695249103 
34 9  -3.0073892467812637  -5.5869374  0.8910356924606191 
34 10  1.0809333109950725  -1.3090373999999994  -3.876953172514816 
34 11  0.8059305647616786  -5.5869374  -2.834251830273667 
34 12  -0.1973968711991516  -1.3090373999999994  1.0521804453524322 
34 13  2.084260746955903  -5.5869374  -7.763385448140917 
34 14  3.9041093370565694  -5.5869374  -3.5831009760650385 
34 15  -2.017245461299819  -1.3090373999999994  -3.1281040267234452 
35 0  -2.0766545890997814  0.4038337599999995  0.9412749389504191 
35 1  0.18979071334303077  4.68173376  5.769930063838067 
35 2  0.18979071334302988  1.2559914399999994  5.769930063838067 
35 3  -2.076654589099782  -3.02190856  0.9412749389504191 
35 4  1.1286287286638808  1.2508579599999998  1.0142640329072994 
35 5  -3.0154926044206327  -3.02704204  5.696940969881186 
35 6  -3.0154926044206323  0.4089672399999995  5.696940969881186 
35 7  1.1286287286638816  4.686867239999998  1.0142640329072994 
35 8  3.0073892467812633  2.9688626  -0.891035692460618 
35 9  -4.894253122538015  -1.3090374000000002  7.602240695249104 
35 10  -0.8059305647616788  2.9688626  2.8342518302736686 
35 11  -1.0809333109950727  -1.3090374000000002  3.876953172514818 
35 12  -2.084260746955903  2.9688626  7.763385448140917 
35 13  0.19739687119915184  -1.3090374000000002  -1.052180445352432 
35 14  2.0172454612998183  -1.3090374000000002  3.128104026723446 
35 15  -3.9041093370565707  2.9688626  3.5831009760650394 
36 0  -2.0766545890997814  3.0219085599999995  0.9412749389504191 
36 1  0.18979071334303077  7.299808560000001  5.769930063838067 
36 2  0.18979071334302988  3.8740662399999994  5.769930063838067 
36 3  -2.076654589099782  -0.40383376000000004  0.9412749389504191 
36 4  1.1286287286638808  3.86893276  1.0142640329072994 
36 5  -3.0154926044206327  -0.40896724  5.696940969881186 
36 6  -3.0154926044206323  3.0270420399999995  5.696940969881186 
36 7  1.1286287286638816  7.3049420399999985  1.0142640329072994 
36 8  3.0073892467812633  5.5869374  -0.891035692460618 
36 9  -4.894253122538015  1.3090373999999998  7.602240695249104 
36 10  -0.8059305647616788  5.5869374  2.8342518302736686 
36 11  -1.0809333109950727  1.3090373999999998  3.876953172514818 
36 12  -2.084260746955903  5.5869374  7.763385448140917 
36 13  0.19739687119915184  1.3090373999999998  -1.052180445352432 
36 14  2.0172454612998183  1.3090373999999998  3.128104026723446 
36 15  -3.9041093370565707  5.5869374  3.5831009760650394 
37 0  -0.1897907133430301  -1.2559914400000003  -5.769930063838066 
37 1  2.076654589099782  3.021908560000001  -0.9412749389504178 
37 2  2.076654589099781  -0.4038337600000004  -0.9412749389504178 
37 3  -0.18979071334303033  -4.68173376  -5.769930063838066 
37 4  3.015492604420632  -0.40896723999999995  -5.696940969881185 
37 5  -1.1286287286638812  -4.68686724  -1.014264032907299 
37 6  -1.128628728663881  -1.2508579600000003  -1.014264032907299 
37 7  3.0154926044206327  3.0270420399999987  -5.696940969881185 
37 8  4.894253122538014  1.3090374000000002  -7.602240695249103 
37 9  -3.0073892467812637  -2.9688626  0.8910356924606191 
37 10  1.0809333109950725  1.3090374000000002  -3.876953172514816 
37 11  0.8059305647616786  -2.9688626  -2.834251830273667 
37 12  -0.1973968711991516  1.3090374000000002  1.0521804453524322 
37 13  2.084260746955903  -2.9688626  -7.763385448140917 
37 14  3.9041093370565694  -2.9688626  -3.5831009760650385 
37 15  -2.017245461299819  1.3090374000000002  -3.1281040267234452 
38 0  -1.8775839798852862  -2.5650288400000005  -3.4285915953511226 
38 1  0.3888613225575259  1.7128711600000006  1.4000635295365251 
38 2  0.38886132255752504  -1.7128711600000006  1.4000635295365251 
38 3  -1.8775839798852865  -5.99077116  -3.4285915953511226 
38 4  1.327699337878376  -1.7180046400000002  -3.3556025013942423 
38 5  -2.816421995206137  -5.99590464  1.327074435579644 
38 6  -2.816421995206137  -2.5598953600000005  1.327074435579644 
38 7  1.3276993378783768  1.7180046399999984  -3.3556025013942423 
38 8  3.2064598559957584  0.0  -5.26090222676216 
38 9  -4.69518251332352  -4.277900000000001  3.232374160947562 
38 10  -0.6068599555471836  0.0  -1.5356147040278731 
38 11  -0.8818627017805776  -4.277900000000001  -0.49291336178672385 
38 12  -1.8851901377414078  0.0  3.393518913839375 
38 13  0.396467480413647  -4.277900000000001  -5.422046979653974 
38 14  2.2163160705143135  -4.277900000000001  -1.2417625075780956 
38 15  -3.7050387278420756  0.0  -0.7867655582365023 
39 0  -0.3888613225575246  1.7128711599999997  -1.4000635295365242 
39 1  1.8775839798852876  5.990771160000001  3.4285915953511235 
39 2  1.8775839798852867  2.5650288399999996  3.4285915953511235 
39 3  -0.3888613225575248  -1.71287116  -1.4000635295365242 
39 4  2.8164219952061376  2.55989536  -1.327074435579644 
39 5  -1.3276993378783757  -1.71800464  3.3556025013942423 
39 6  -1.3276993378783755  1.7180046399999997  3.3556025013942423 
39 7  2.8164219952061385  5.995904639999999  -1.327074435579644 
39 8  4.69518251332352  4.277900000000001  -3.2323741609475616 
39 9  -3.2064598559957584  0.0  5.260902226762161 
39 10  0.881862701780578  4.277900000000001  0.4929133617867252 
39 11  0.6068599555471841  0.0  1.5356147040278745 
39 12  -0.3964674804136461  4.277900000000001  5.422046979653974 
39 13  1.8851901377414086  0.0  -3.393518913839375 
39 14  3.705038727842075  0.0  0.7867655582365027 
39 15  -2.216316070514314  4.277900000000001  1.241762507578096 
40 0  -5.068460339031298  -3.8911778400000006  0.9602331451729855 
40 1  -2.802015036588486  0.3867221600000006  5.7888882700606334 
40 2  -2.802015036588487  -3.0390201600000006  5.7888882700606334 
40 3  -5.068460339031298  -7.3169201600000005  0.9602331451729855 
40 4  -1.863177021267636  -3.04415364  1.0332222391298658 
40 5  -6.007298354352149  -7.32205364  5.715899176103752 
40 6  -6.007298354352149  -3.8860443600000005  5.715899176103752 
40 7  -1.863177021267635  0.3918556399999984  1.0332222391298658 
40 8  0.015583496849746581  -1.326149  -0.8720774862380516 
40 9  -7.8860588724695315  -5.604049  7.62119890147167 
40 10  -3.7977363146931955  -1.326149  2.853210036496235 
40 11  -4.072739060926589  -5.604049  3.8959113787373845 
40 12  -5.076066496887419  -1.326149  7.782343654363483 
40 13  -2.794408878732365  -5.604049  -1.0332222391298655 
40 14  -0.9745602886316984  -5.604049  3.1470622329460127 
40 15  -6.895915086988087  -1.326149  3.602059182287606 
41 0  2.8020150365884864  0.3867221599999997  -5.7888882700606334 
41 1  5.068460339031299  4.66462216  -0.9602331451729853 
41 2  5.068460339031297  1.2388798399999996  -0.9602331451729853 
41 3  2.802015036588486  -3.0390201599999997  -5.7888882700606334 
41 4  6.007298354352148  1.23374636  -5.715899176103752 
41 5  1.8631770212676353  -3.0441536399999998  -1.0332222391298664 
41 6  1.8631770212676355  0.3918556399999997  -1.0332222391298664 
41 7  6.00729835435215  4.669755639999998  -5.715899176103752 
41 8  7.8860588724695315  2.9517510000000002  -7.62119890147167 
41 9  -0.015583496849747247  -1.326149  0.8720774862380516 
41 10  4.0727390609265886  2.9517510000000002  -3.8959113787373836 
41 11  3.797736314693195  -1.326149  -2.8532100364962343 
41 12  2.794408878732365  2.9517510000000002  1.0332222391298647 
41 13  5.076066496887419  -1.326149  -7.782343654363484 
41 14  6.8959150869880865  -1.326149  -3.602059182287606 
41 15  0.9745602886316972  2.9517510000000002  -3.1470622329460127 
42 0  2.802015036588487  3.0390201599999997  -5.7888882700606334 
42 1  5.068460339031299  7.3169201600000005  -0.9602331451729853 
42 2  5.068460339031298  3.8911778399999997  -0.9602331451729853 
42 3  2.8020150365884864  -0.38672216000000004  -5.7888882700606334 
42 4  6.007298354352149  3.88604436  -5.715899176103752 
42 5  1.8631770212676355  -0.39185564  -1.0332222391298664 
42 6  1.8631770212676357  3.0441536399999998  -1.0332222391298664 
42 7  6.00729835435215  7.322053639999998  -5.715899176103752 
42 8  7.8860588724695315  5.604049  -7.62119890147167 
42 9  -0.015583496849747025  1.326149  0.8720774862380516 
42 10  4.072739060926589  5.604049  -3.8959113787373836 
42 11  3.7977363146931955  1.326149  -2.8532100364962343 
42 12  2.794408878732365  5.604049  1.0332222391298647 
42 13  5.07606649688742  1.326149  -7.782343654363484 
42 14  6.8959150869880865  1.326149  -3.602059182287606 
42 15  0.9745602886316974  5.604049  -3.1470622329460127 
43 0  -5.068460339031297  -1.2388798399999996  0.9602331451729855 
43 1  -2.802015036588485  3.0390201600000015  5.7888882700606334 
43 2  -2.802015036588486  -0.3867221599999997  5.7888882700606334 
43 3  -5.068460339031297  -4.6646221599999995  0.9602331451729855 
43 4  -1.863177021267635  -0.3918556399999993  1.0332222391298658 
43 5  -6.007298354352148  -4.669755639999999  5.715899176103752 
43 6  -6.007298354352148  -1.2337463599999996  5.715899176103752 
43 7  -1.8631770212676342  3.0441536399999993  1.0332222391298658 
43 8  0.015583496849747469  1.326149000000001  -0.8720774862380516 
43 9  -7.886058872469531  -2.9517509999999993  7.62119890147167 
43 10  -3.7977363146931946  1.326149000000001  2.853210036496235 
43 11  -4.0727390609265886  -2.9517509999999993  3.8959113787373845 
43 12  -5.076066496887419  1.326149000000001  7.782343654363483 
43 13  -2.794408878732364  -2.9517509999999993  -1.0332222391298655 
43 14  -0.9745602886316975  -2.9517509999999993  3.1470622329460127 
43 15  -6.8959150869880865  1.326149000000001  3.602059182287606 