         0        24
         0        25
         0        26
         0        27   3.90478
         0        28   3.90479
         0        29   4.37784
         0        30
         0        31
         0        32
         0        33   2.82092   3.74897
         0        34   2.82093   3.74897
         0        35   1.65471
         0        36
         0        37
         0        38
         0        39
         0        40
         0        41
         0        42
         0        43
         0        44
         0        45
         0        46
         0        47
         0        48   2.79691   4.84788   2.89943
         0        49   2.79690   2.89943   4.84787
         0        50   4.75876   2.85211   2.85211
         0        51   4.72675
         0        52   4.72675
         0        53   4.93721   4.93721
         0        54   3.56853   3.46007
         0        55   3.56853   3.46007
         0        56   2.07806
         0        57
         0        58
         0        59
         1        24   4.37904
         1        25   4.37905
         1        26   4.75284   4.75284
         1        27   2.72705   4.89653   4.97340   2.98006
         1        28   4.97341   2.72705   2.98006   4.89652
         1        29   4.67537   2.86494   2.86494
         1        30   2.98024   3.73202
         1        31   2.98025   3.73202
         1        32   1.78115
         1        33   4.92829   4.94893   2.68215
         1        34   4.92829   2.68216   4.94893
         1        35   4.04008   4.04007   3.78462
         1        36
         1        37
         1        38
         1        39
         1        40
         1        41
         1        42
         1        43
         1        44
         1        45
         1        46
         1        47
         1        48   4.11177
         1        49   4.11176
         1        50   4.40236
         1        51
         1        52
         1        53
         1        54
         1        55
         1        56
         1        57
         1        58
         1        59
         2        24   3.43319   3.56712
         2        25   3.43319   3.56712
         2        26   2.05587
         2        27   3.72420   3.13990
         2        28   3.72420   3.13989
         2        29   1.91497
         2        30   2.88368   4.83847   2.81193
         2        31   4.83848   2.88368   2.81194
         2        32   2.85048   2.85047   4.77617
         2        33   4.19402
         2        34   4.19402
         2        35   4.51594
         2        36
         2        37
         2        38
         2        39
         2        40
         2        41
         2        42
         2        43
         2        44
         2        45   4.38607
         2        46   4.38607
         2        47   4.71632   4.71632
         2        48
         2        49
         2        50
         2        51
         2        52
         2        53
         2        54
         2        55
         2        56
         2        57
         2        58
         2        59
         3        24
         3        25
         3        26
         3        27   2.23455   4.72135
         3        28   4.72136   2.23455
         3        29   3.26163   3.97774   3.97773
         3        30   3.93415
         3        31   3.93416
         3        32   4.30645
         3        33   2.71173   4.73800   3.01575
         3        34   4.73801   2.71172   3.01576
         3        35   4.87048   2.85744   2.85742
         3        36
         3        37
         3        38
         3        39
         3        40
         3        41
         3        42
         3        43
         3        44
         3        45
         3        46
         3        47
         3        48   3.72366   3.17707
         3        49   3.72366   3.17707
         3        50   1.94695
         3        51
         3        52
         3        53
         3        54   4.59059
         3        55   4.59059
         3        56   4.87920   4.87920
         3        57
         3        58
         3        59
         4        24   2.79692   4.84786   2.89941
         4        25   2.79693   2.89941   4.84787
         4        26   4.75878   2.85210   2.85212
         4        27   4.72675
         4        28   4.72675
         4        29   4.93721   4.93721
         4        30   3.56853   3.46007
         4        31   3.56853   3.46007
         4        32   2.07806
         4        33
         4        34
         4        35
         4        36
         4        37
         4        38
         4        39   3.90481
         4        40   3.90480
         4        41   4.37784
         4        42
         4        43
         4        44
         4        45   2.82095   3.74896
         4        46   2.82095   3.74897
         4        47   1.65472
         4        48
         4        49
         4        50
         4        51
         4        52
         4        53
         4        54
         4        55
         4        56
         4        57
         4        58
         4        59
         5        24   4.11174
         5        25   4.11174
         5        26   4.40235
         5        27
         5        28
         5        29
         5        30
         5        31
         5        32
         5        33
         5        34
         5        35
         5        36   4.37904
         5        37   4.37905
         5        38   4.75284   4.75284
         5        39   2.72706   4.89651   4.97342   2.98004
         5        40   4.97341   2.72707   2.98004   4.89652
         5        41   4.67539   2.86493   2.86494
         5        42   2.98028   3.73201
         5        43   2.98027   3.73201
         5        44   1.78117
         5        45   4.92830   4.94891   2.68213
         5        46   4.92830   2.68213   4.94892
         5        47   4.04007   4.04008   3.78459
         5        48
         5        49
         5        50
         5        51
         5        52
         5        53
         5        54
         5        55
         5        56
         5        57
         5        58
         5        59
         6        24
         6        25
         6        26
         6        27
         6        28
         6        29
         6        30
         6        31
         6        32
         6        33
         6        34
         6        35
         6        36   3.43319   3.56712
         6        37   3.43319   3.56712
         6        38   2.05587
         6        39   3.72421   3.13987
         6        40   3.72421   3.13987
         6        41   1.91495
         6        42   2.88370   4.83849   2.81192
         6        43   4.83848   2.88370   2.81192
         6        44   2.85047   2.85048   4.77615
         6        45   4.19399
         6        46   4.19400
         6        47   4.51594
         6        48
         6        49
         6        50
         6        51
         6        52
         6        53
         6        54
         6        55
         6        56
         6        57   4.38607
         6        58   4.38607
         6        59   4.71632   4.71632
         7        24   3.72366   3.17704
         7        25   3.72366   3.17705
         7        26   1.94693
         7        27
         7        28
         7        29
         7        30   4.59059
         7        31   4.59059
         7        32   4.87920   4.87920
         7        33
         7        34
         7        35
         7        36
         7        37
         7        38
         7        39   2.23457   4.72136
         7        40   4.72136   2.23457
         7        41   3.26166   3.97774   3.97774
         7        42   3.93418
         7        43   3.93418
         7        44   4.30646
         7        45   2.71174   4.73801   3.01573
         7        46   4.73801   2.71174   3.01573
         7        47   4.87050   2.85743   2.85743
         7        48
         7        49
         7        50
         7        51
         7        52
         7        53
         7        54
         7        55
         7        56
         7        57
         7        58
         7        59
         8        24
         8        25
         8        26
         8        27
         8        28
         8        29
         8        30
         8        31
         8        32
         8        33
         8        34
         8        35
         8        36   2.79691   4.84788   2.89943
         8        37   2.79690   2.89943   4.84787
         8        38   4.75876   2.85211   2.85211
         8        39   4.72675
         8        40   4.72675
         8        41   4.93721   4.93721
         8        42   3.56853   3.46007
         8        43   3.56853   3.46007
         8        44   2.07806
         8        45
         8        46
         8        47
         8        48
         8        49
         8        50
         8        51   3.90478
         8        52   3.90479
         8        53   4.37784
         8        54
         8        55
         8        56
         8        57   2.82092   3.74897
         8        58   2.82093   3.74897
         8        59   1.65471
         9        24
         9        25
         9        26
         9        27
         9        28
         9        29
         9        30
         9        31
         9        32
         9        33
         9        34
         9        35
         9        36   4.11177
         9        37   4.11176
         9        38   4.40236
         9        39
         9        40
         9        41
         9        42
         9        43
         9        44
         9        45
         9        46
         9        47
         9        48   4.37902
         9        49   4.37901
         9        50   4.75283   4.75282
         9        51   2.72705   4.89653   4.97340   2.98006
         9        52   4.97341   2.72705   2.98006   4.89652
         9        53   4.67537   2.86494   2.86494
         9        54   2.98024   3.73202
         9        55   2.98025   3.73202
         9        56   1.78115
         9        57   4.92829   4.94893   2.68215
         9        58   4.92829   2.68216   4.94893
         9        59   4.04008   4.04007   3.78462
        10        24
        10        25
        10        26
        10        27
        10        28
        10        29
        10        30
        10        31
        10        32
        10        33   4.38607
        10        34   4.38607
        10        35   4.71632   4.71632
        10        36
        10        37
        10        38
        10        39
        10        40
        10        41
        10        42
        10        43
        10        44
        10        45
        10        46
        10        47
        10        48   3.43319   3.56712
        10        49   3.43319   3.56712
        10        50   2.05587
        10        51   3.72421   3.13987
        10        52   3.72421   3.13987
        10        53   1.91495
        10        54   2.88370   4.83849   2.81192
        10        55   4.83848   2.88370   2.81192
        10        56   2.85047   2.85048   4.77615
        10        57   4.19399
        10        58   4.19400
        10        59   4.51594
        11        24
        11        25
        11        26
        11        27
        11        28
        11        29
        11        30
        11        31
        11        32
        11        33
        11        34
        11        35
        11        36   3.72366   3.17704
        11        37   3.72366   3.17705
        11        38   1.94693
        11        39
        11        40
        11        41
        11        42   4.59056
        11        43   4.59056
        11        44   4.87918   4.87919
        11        45
        11        46
        11        47
        11        48
        11        49
        11        50
        11        51   2.23457   4.72136
        11        52   4.72136   2.23457
        11        53   3.26166   3.97774   3.97774
        11        54   3.93418
        11        55   3.93418
        11        56   4.30646
        11        57   2.71174   4.73801   3.01573
        11        58   4.73801   2.71174   3.01573
        11        59   4.87050   2.85743   2.85743
        12        24   3.15808
        12        25   3.15807
        12        26   4.33929   4.33930   4.13800
        12        27   4.34409   1.94317
        12        28   1.94317   4.34409
        12        29   3.86495   3.86495   2.87804
        12        30   4.83185   1.73095   4.25340
        12        31   4.83185   4.25340   1.73095
        12        32   2.40885   3.95505   3.95505
        12        33   3.89780   4.73214
        12        34   3.89780   4.73214
        12        35   3.23842
        12        36
        12        37
        12        38
        12        39
        12        40
        12        41
        12        42
        12        43
        12        44
        12        45   4.78547
        12        46   4.78548
        12        47   4.69513
        12        48
        12        49
        12        50
        12        51
        12        52
        12        53
        12        54
        12        55
        12        56
        12        57
        12        58
        12        59
        13        24   4.96560
        13        25   4.96560
        13        26   4.96621
        13        27   4.45033   2.17030   3.85598
        13        28   2.17030   4.45033   3.85598
        13        29   4.70170   4.70170   1.44011
        13        30   3.23729   4.92346
        13        31   3.23729   4.92346
        13        32   4.51994   4.11004   4.11004
        13        33   3.64675   2.66866   4.71349
        13        34   3.64675   4.71349   2.66866
        13        35   1.53605
        13        36
        13        37
        13        38
        13        39
        13        40
        13        41
        13        42
        13        43
        13        44
        13        45
        13        46
        13        47
        13        48   4.93109   3.55324
        13        49   4.93109   3.55324
        13        50   4.25125   4.25125   4.86631
        13        51
        13        52
        13        53
        13        54
        13        55
        13        56
        13        57
        13        58
        13        59
        14        24
        14        25
        14        26
        14        27   4.57558   3.83291
        14        28   4.57558   3.83291
        14        29   3.08875
        14        30
        14        31
        14        32
        14        33   1.86446   4.30946
        14        34   4.30946   1.86446
        14        35   2.73371   3.88374   3.88374
        14        36
        14        37
        14        38
        14        39
        14        40
        14        41
        14        42
        14        43
        14        44
        14        45
        14        46
        14        47
        14        48   4.24024   1.69836   4.72012
        14        49   1.69836   4.24024   4.72012
        14        50   3.99699   3.99699   2.27608
        14        51   4.89266
        14        52   4.89266
        14        53   4.85713
        14        54   3.05733   4.94394
        14        55   4.94393   3.05734
        14        56   4.12398   4.21402   4.21402
        14        57
        14        58
        14        59
        15        24   1.61104   4.46021
        15        25   4.46020   1.61104
        15        26   2.35356   4.06449   4.06449
        15        27   3.32980
        15        28   3.32980
        15        29   4.04194   4.72967   4.72967
        15        30   4.49371   1.70160
        15        31   1.70161   4.49370
        15        32   4.02800   4.02800   2.52165
        15        33
        15        34
        15        35
        15        36
        15        37
        15        38
        15        39
        15        40
        15        41
        15        42
        15        43
        15        44
        15        45   2.99506
        15        46   2.99505
        15        47   4.31703   4.31704   3.95349
        15        48
        15        49
        15        50
        15        51
        15        52
        15        53
        15        54
        15        55
        15        56
        15        57
        15        58
        15        59
        16        24
        16        25
        16        26
        16        27
        16        28
        16        29
        16        30
        16        31
        16        32
        16        33
        16        34
        16        35
        16        36   3.15806
        16        37   3.15806
        16        38   4.33928   4.33927   4.13800
        16        39   4.34409   1.94317
        16        40   1.94317   4.34409
        16        41   3.86495   3.86495   2.87804
        16        42   4.83185   1.73095   4.25340
        16        43   4.83185   4.25340   1.73095
        16        44   2.40885   3.95505   3.95505
        16        45   3.89780   4.73214
        16        46   3.89780   4.73214
        16        47   3.23842
        16        48
        16        49
        16        50
        16        51
        16        52
        16        53
        16        54
        16        55
        16        56
        16        57   4.78546
        16        58   4.78546
        16        59   4.69510
        17        24   4.93109   3.55324
        17        25   4.93109   3.55324
        17        26   4.25125   4.25125   4.86631
        17        27
        17        28
        17        29
        17        30
        17        31
        17        32
        17        33
        17        34
        17        35
        17        36   4.96557
        17        37   4.96558
        17        38   4.96620
        17        39   4.45033   2.17030   3.85598
        17        40   2.17030   4.45033   3.85598
        17        41   4.70170   4.70170   1.44011
        17        42   3.23729   4.92346
        17        43   3.23729   4.92346
        17        44   4.51994   4.11004   4.11004
        17        45   3.64675   2.66866   4.71349
        17        46   3.64675   4.71349   2.66866
        17        47   1.53605
        17        48
        17        49
        17        50
        17        51
        17        52
        17        53
        17        54
        17        55
        17        56
        17        57
        17        58
        17        59
        18        24   4.24024   1.69836   4.72012
        18        25   1.69836   4.24024   4.72012
        18        26   3.99699   3.99699   2.27608
        18        27   4.89267
        18        28   4.89268
        18        29   4.85716
        18        30   3.05735   4.94394
        18        31   4.94395   3.05735
        18        32   4.12398   4.21405   4.21404
        18        33
        18        34
        18        35
        18        36
        18        37
        18        38
        18        39   4.57558   3.83291
        18        40   4.57558   3.83291
        18        41   3.08875
        18        42
        18        43
        18        44
        18        45   1.86446   4.30946
        18        46   4.30946   1.86446
        18        47   2.73371   3.88374   3.88374
        18        48
        18        49
        18        50
        18        51
        18        52
        18        53
        18        54
        18        55
        18        56
        18        57
        18        58
        18        59
        19        24
        19        25
        19        26
        19        27
        19        28
        19        29
        19        30
        19        31
        19        32
        19        33
        19        34
        19        35
        19        36   1.61104   4.46021
        19        37   4.46020   1.61104
        19        38   2.35356   4.06449   4.06449
        19        39   3.32978
        19        40   3.32978
        19        41   4.04193   4.72964   4.72965
        19        42   4.49370   1.70159
        19        43   1.70158   4.49371
        19        44   4.02800   4.02801   2.52162
        19        45
        19        46
        19        47
        19        48
        19        49
        19        50
        19        51
        19        52
        19        53
        19        54
        19        55
        19        56
        19        57   2.99506
        19        58   2.99505
        19        59   4.31703   4.31704   3.95349
        20        24
        20        25
        20        26
        20        27
        20        28
        20        29
        20        30
        20        31
        20        32
        20        33   4.78546
        20        34   4.78546
        20        35   4.69510
        20        36
        20        37
        20        38
        20        39
        20        40
        20        41
        20        42
        20        43
        20        44
        20        45
        20        46
        20        47
        20        48   3.15806
        20        49   3.15806
        20        50   4.33928   4.33927   4.13800
        20        51   4.34409   1.94317
        20        52   1.94317   4.34409
        20        53   3.86495   3.86495   2.87804
        20        54   4.83185   1.73095   4.25340
        20        55   4.83185   4.25340   1.73095
        20        56   2.40885   3.95505   3.95505
        20        57   3.89780   4.73214
        20        58   3.89780   4.73214
        20        59   3.23842
        21        24
        21        25
        21        26
        21        27
        21        28
        21        29
        21        30
        21        31
        21        32
        21        33
        21        34
        21        35
        21        36   4.93109   3.55324
        21        37   4.93109   3.55324
        21        38   4.25125   4.25125   4.86631
        21        39
        21        40
        21        41
        21        42
        21        43
        21        44
        21        45
        21        46
        21        47
        21        48   4.96557
        21        49   4.96558
        21        50   4.96620
        21        51   4.45033   2.17030   3.85598
        21        52   2.17030   4.45033   3.85598
        21        53   4.70170   4.70170   1.44011
        21        54   3.23729   4.92346
        21        55   3.23729   4.92346
        21        56   4.51994   4.11004   4.11004
        21        57   3.64675   2.66866   4.71349
        21        58   3.64675   4.71349   2.66866
        21        59   1.53605
        22        24
        22        25
        22        26
        22        27
        22        28
        22        29
        22        30
        22        31
        22        32
        22        33
        22        34
        22        35
        22        36   4.24024   1.69836   4.72012
        22        37   1.69836   4.24024   4.72012
        22        38   3.99699   3.99699   2.27608
        22        39   4.89266
        22        40   4.89266
        22        41   4.85713
        22        42   3.05733   4.94394
        22        43   4.94393   3.05734
        22        44   4.12398   4.21402   4.21402
        22        45
        22        46
        22        47
        22        48
        22        49
        22        50
        22        51   4.57558   3.83291
        22        52   4.57558   3.83291
        22        53   3.08875
        22        54
        22        55
        22        56
        22        57   1.86446   4.30946
        22        58   4.30946   1.86446
        22        59   2.73371   3.88374   3.88374
        23        24
        23        25
        23        26
        23        27
        23        28
        23        29
        23        30
        23        31
        23        32
        23        33   2.99504
        23        34   2.99504
        23        35   4.31701   4.31701   3.95349
        23        36
        23        37
        23        38
        23        39
        23        40
        23        41
        23        42
        23        43
        23        44
        23        45
        23        46
        23        47
        23        48   1.61104   4.46019
        23        49   4.46020   1.61103
        23        50   2.35353   4.06450   4.06449
        23        51   3.32980
        23        52   3.32980
        23        53   4.04194   4.72967   4.72967
        23        54   4.49371   1.70160
        23        55   1.70161   4.49370
        23        56   4.02800   4.02800   2.52165
        23        57
        23        58
        23        59
        24         0
        24         1   4.37904
        24         2   3.56712   3.43319
        24         3
        24         4   2.89941   4.84786   2.79692
        24         5   4.11174
        24         6
        24         7   3.17704   3.72366
        24         8
        24         9
        24        10
        24        11
        24        12   3.15808
        24        13   4.96560
        24        14
        24        15   4.46021   1.61104
        24        16
        24        17   3.55324   4.93109
        24        18   4.72012   1.69836   4.24024
        24        19
        24        20
        24        21
        24        22
        24        23
        25         0
        25         1   4.37905
        25         2   3.56712   3.43319
        25         3
        25         4   4.84787   2.89941   2.79693
        25         5   4.11174
        25         6
        25         7   3.17705   3.72366
        25         8
        25         9
        25        10
        25        11
        25        12   3.15807
        25        13   4.96560
        25        14
        25        15   1.61104   4.46020
        25        16
        25        17   3.55324   4.93109
        25        18   4.72012   4.24024   1.69836
        25        19
        25        20
        25        21
        25        22
        25        23
        26         0
        26         1   4.75284   4.75284
        26         2   2.05587
        26         3
        26         4   2.85212   2.85210   4.75878
        26         5   4.40235
        26         6
        26         7   1.94693
        26         8
        26         9
        26        10
        26        11
        26        12   4.13800   4.33930   4.33929
        26        13   4.96621
        26        14
        26        15   4.06449   4.06449   2.35356
        26        16
        26        17   4.86631   4.25125   4.25125
        26        18   2.27608   3.99699   3.99699
        26        19
        26        20
        26        21
        26        22
        26        23
        27         0   3.90478
        27         1   2.98006   4.97340   4.89653   2.72705
        27         2   3.13990   3.72420
        27         3   4.72135   2.23455
        27         4   4.72675
        27         5
        27         6
        27         7
        27         8
        27         9
        27        10
        27        11
        27        12   1.94317   4.34409
        27        13   3.85598   2.17030   4.45033
        27        14   3.83291   4.57558
        27        15   3.32980
        27        16
        27        17
        27        18   4.89267
        27        19
        27        20
        27        21
        27        22
        27        23
        28         0   3.90479
        28         1   4.89652   2.98006   2.72705   4.97341
        28         2   3.13989   3.72420
        28         3   2.23455   4.72136
        28         4   4.72675
        28         5
        28         6
        28         7
        28         8
        28         9
        28        10
        28        11
        28        12   4.34409   1.94317
        28        13   3.85598   4.45033   2.17030
        28        14   3.83291   4.57558
        28        15   3.32980
        28        16
        28        17
        28        18   4.89268
        28        19
        28        20
        28        21
        28        22
        28        23
        29         0   4.37784
        29         1   2.86494   2.86494   4.67537
        29         2   1.91497
        29         3   3.97773   3.97774   3.26163
        29         4   4.93721   4.93721
        29         5
        29         6
        29         7
        29         8
        29         9
        29        10
        29        11
        29        12   2.87804   3.86495   3.86495
        29        13   1.44011   4.70170   4.70170
        29        14   3.08875
        29        15   4.72967   4.72967   4.04194
        29        16
        29        17
        29        18   4.85716
        29        19
        29        20
        29        21
        29        22
        29        23
        30         0
        30         1   3.73202   2.98024
        30         2   2.81193   4.83847   2.88368
        30         3   3.93415
        30         4   3.46007   3.56853
        30         5
        30         6
        30         7   4.59059
        30         8
        30         9
        30        10
        30        11
        30        12   4.25340   1.73095   4.83185
        30        13   4.92346   3.23729
        30        14
        30        15   1.70160   4.49371
        30        16
        30        17
        30        18   4.94394   3.05735
        30        19
        30        20
        30        21
        30        22
        30        23
        31         0
        31         1   3.73202   2.98025
        31         2   2.81194   2.88368   4.83848
        31         3   3.93416
        31         4   3.46007   3.56853
        31         5
        31         6
        31         7   4.59059
        31         8
        31         9
        31        10
        31        11
        31        12   1.73095   4.25340   4.83185
        31        13   4.92346   3.23729
        31        14
        31        15   4.49370   1.70161
        31        16
        31        17
        31        18   3.05735   4.94395
        31        19
        31        20
        31        21
        31        22
        31        23
        32         0
        32         1   1.78115
        32         2   4.77617   2.85047   2.85048
        32         3   4.30645
        32         4   2.07806
        32         5
        32         6
        32         7   4.87920   4.87920
        32         8
        32         9
        32        10
        32        11
        32        12   3.95505   3.95505   2.40885
        32        13   4.11004   4.11004   4.51994
        32        14
        32        15   2.52165   4.02800   4.02800
        32        16
        32        17
        32        18   4.21404   4.21405   4.12398
        32        19
        32        20
        32        21
        32        22
        32        23
        33         0   3.74897   2.82092
        33         1   2.68215   4.94893   4.92829
        33         2   4.19402
        33         3   3.01575   4.73800   2.71173
        33         4
        33         5
        33         6
        33         7
        33         8
        33         9
        33        10   4.38607
        33        11
        33        12   4.73214   3.89780
        33        13   4.71349   2.66866   3.64675
        33        14   4.30946   1.86446
        33        15
        33        16
        33        17
        33        18
        33        19
        33        20   4.78546
        33        21
        33        22
        33        23   2.99504
        34         0   3.74897   2.82093
        34         1   4.94893   2.68216   4.92829
        34         2   4.19402
        34         3   3.01576   2.71172   4.73801
        34         4
        34         5
        34         6
        34         7
        34         8
        34         9
        34        10   4.38607
        34        11
        34        12   4.73214   3.89780
        34        13   2.66866   4.71349   3.64675
        34        14   1.86446   4.30946
        34        15
        34        16
        34        17
        34        18
        34        19
        34        20   4.78546
        34        21
        34        22
        34        23   2.99504
        35         0   1.65471
        35         1   3.78462   4.04007   4.04008
        35         2   4.51594
        35         3   2.85742   2.85744   4.87048
        35         4
        35         5
        35         6
        35         7
        35         8
        35         9
        35        10   4.71632   4.71632
        35        11
        35        12   3.23842
        35        13   1.53605
        35        14   3.88374   3.88374   2.73371
        35        15
        35        16
        35        17
        35        18
        35        19
        35        20   4.69510
        35        21
        35        22
        35        23   3.95349   4.31701   4.31701
        36         0
        36         1
        36         2
        36         3
        36         4
        36         5   4.37904
        36         6   3.56712   3.43319
        36         7
        36         8   2.89943   4.84788   2.79691
        36         9   4.11177
        36        10
        36        11   3.17704   3.72366
        36        12
        36        13
        36        14
        36        15
        36        16   3.15806
        36        17   4.96557
        36        18
        36        19   4.46021   1.61104
        36        20
        36        21   3.55324   4.93109
        36        22   4.72012   1.69836   4.24024
        36        23
        37         0
        37         1
        37         2
        37         3
        37         4
        37         5   4.37905
        37         6   3.56712   3.43319
        37         7
        37         8   4.84787   2.89943   2.79690
        37         9   4.11176
        37        10
        37        11   3.17705   3.72366
        37        12
        37        13
        37        14
        37        15
        37        16   3.15806
        37        17   4.96558
        37        18
        37        19   1.61104   4.46020
        37        20
        37        21   3.55324   4.93109
        37        22   4.72012   4.24024   1.69836
        37        23
        38         0
        38         1
        38         2
        38         3
        38         4
        38         5   4.75284   4.75284
        38         6   2.05587
        38         7
        38         8   2.85211   2.85211   4.75876
        38         9   4.40236
        38        10
        38        11   1.94693
        38        12
        38        13
        38        14
        38        15
        38        16   4.13800   4.33927   4.33928
        38        17   4.96620
        38        18
        38        19   4.06449   4.06449   2.35356
        38        20
        38        21   4.86631   4.25125   4.25125
        38        22   2.27608   3.99699   3.99699
        38        23
        39         0
        39         1
        39         2
        39         3
        39         4   3.90481
        39         5   2.98004   4.97342   4.89651   2.72706
        39         6   3.13987   3.72421
        39         7   4.72136   2.23457
        39         8   4.72675
        39         9
        39        10
        39        11
        39        12
        39        13
        39        14
        39        15
        39        16   1.94317   4.34409
        39        17   3.85598   2.17030   4.45033
        39        18   3.83291   4.57558
        39        19   3.32978
        39        20
        39        21
        39        22   4.89266
        39        23
        40         0
        40         1
        40         2
        40         3
        40         4   3.90480
        40         5   4.89652   2.98004   2.72707   4.97341
        40         6   3.13987   3.72421
        40         7   2.23457   4.72136
        40         8   4.72675
        40         9
        40        10
        40        11
        40        12
        40        13
        40        14
        40        15
        40        16   4.34409   1.94317
        40        17   3.85598   4.45033   2.17030
        40        18   3.83291   4.57558
        40        19   3.32978
        40        20
        40        21
        40        22   4.89266
        40        23
        41         0
        41         1
        41         2
        41         3
        41         4   4.37784
        41         5   2.86494   2.86493   4.67539
        41         6   1.91495
        41         7   3.97774   3.97774   3.26166
        41         8   4.93721   4.93721
        41         9
        41        10
        41        11
        41        12
        41        13
        41        14
        41        15
        41        16   2.87804   3.86495   3.86495
        41        17   1.44011   4.70170   4.70170
        41        18   3.08875
        41        19   4.72965   4.72964   4.04193
        41        20
        41        21
        41        22   4.85713
        41        23
        42         0
        42         1
        42         2
        42         3
        42         4
        42         5   3.73201   2.98028
        42         6   2.81192   4.83849   2.88370
        42         7   3.93418
        42         8   3.46007   3.56853
        42         9
        42        10
        42        11   4.59056
        42        12
        42        13
        42        14
        42        15
        42        16   4.25340   1.73095   4.83185
        42        17   4.92346   3.23729
        42        18
        42        19   1.70159   4.49370
        42        20
        42        21
        42        22   4.94394   3.05733
        42        23
        43         0
        43         1
        43         2
        43         3
        43         4
        43         5   3.73201   2.98027
        43         6   2.81192   2.88370   4.83848
        43         7   3.93418
        43         8   3.46007   3.56853
        43         9
        43        10
        43        11   4.59056
        43        12
        43        13
        43        14
        43        15
        43        16   1.73095   4.25340   4.83185
        43        17   4.92346   3.23729
        43        18
        43        19   4.49371   1.70158
        43        20
        43        21
        43        22   3.05734   4.94393
        43        23
        44         0
        44         1
        44         2
        44         3
        44         4
        44         5   1.78117
        44         6   4.77615   2.85048   2.85047
        44         7   4.30646
        44         8   2.07806
        44         9
        44        10
        44        11   4.87919   4.87918
        44        12
        44        13
        44        14
        44        15
        44        16   3.95505   3.95505   2.40885
        44        17   4.11004   4.11004   4.51994
        44        18
        44        19   2.52162   4.02801   4.02800
        44        20
        44        21
        44        22   4.21402   4.21402   4.12398
        44        23
        45         0
        45         1
        45         2   4.38607
        45         3
        45         4   3.74896   2.82095
        45         5   2.68213   4.94891   4.92830
        45         6   4.19399
        45         7   3.01573   4.73801   2.71174
        45         8
        45         9
        45        10
        45        11
        45        12   4.78547
        45        13
        45        14
        45        15   2.99506
        45        16   4.73214   3.89780
        45        17   4.71349   2.66866   3.64675
        45        18   4.30946   1.86446
        45        19
        45        20
        45        21
        45        22
        45        23
        46         0
        46         1
        46         2   4.38607
        46         3
        46         4   3.74897   2.82095
        46         5   4.94892   2.68213   4.92830
        46         6   4.19400
        46         7   3.01573   2.71174   4.73801
        46         8
        46         9
        46        10
        46        11
        46        12   4.78548
        46        13
        46        14
        46        15   2.99505
        46        16   4.73214   3.89780
        46        17   2.66866   4.71349   3.64675
        46        18   1.86446   4.30946
        46        19
        46        20
        46        21
        46        22
        46        23
        47         0
        47         1
        47         2   4.71632   4.71632
        47         3
        47         4   1.65472
        47         5   3.78459   4.04008   4.04007
        47         6   4.51594
        47         7   2.85743   2.85743   4.87050
        47         8
        47         9
        47        10
        47        11
        47        12   4.69513
        47        13
        47        14
        47        15   3.95349   4.31704   4.31703
        47        16   3.23842
        47        17   1.53605
        47        18   3.88374   3.88374   2.73371
        47        19
        47        20
        47        21
        47        22
        47        23
        48         0   2.89943   4.84788   2.79691
        48         1   4.11177
        48         2
        48         3   3.17707   3.72366
        48         4
        48         5
        48         6
        48         7
        48         8
        48         9   4.37902
        48        10   3.56712   3.43319
        48        11
        48        12
        48        13   3.55324   4.93109
        48        14   4.72012   1.69836   4.24024
        48        15
        48        16
        48        17
        48        18
        48        19
        48        20   3.15806
        48        21   4.96557
        48        22
        48        23   4.46019   1.61104
        49         0   4.84787   2.89943   2.79690
        49         1   4.11176
        49         2
        49         3   3.17707   3.72366
        49         4
        49         5
        49         6
        49         7
        49         8
        49         9   4.37901
        49        10   3.56712   3.43319
        49        11
        49        12
        49        13   3.55324   4.93109
        49        14   4.72012   4.24024   1.69836
        49        15
        49        16
        49        17
        49        18
        49        19
        49        20   3.15806
        49        21   4.96558
        49        22
        49        23   1.61103   4.46020
        50         0   2.85211   2.85211   4.75876
        50         1   4.40236
        50         2
        50         3   1.94695
        50         4
        50         5
        50         6
        50         7
        50         8
        50         9   4.75282   4.75283
        50        10   2.05587
        50        11
        50        12
        50        13   4.86631   4.25125   4.25125
        50        14   2.27608   3.99699   3.99699
        50        15
        50        16
        50        17
        50        18
        50        19
        50        20   4.13800   4.33927   4.33928
        50        21   4.96620
        50        22
        50        23   4.06449   4.06450   2.35353
        51         0   4.72675
        51         1
        51         2
        51         3
        51         4
        51         5
        51         6
        51         7
        51         8   3.90478
        51         9   2.98006   4.97340   4.89653   2.72705
        51        10   3.13987   3.72421
        51        11   4.72136   2.23457
        51        12
        51        13
        51        14   4.89266
        51        15
        51        16
        51        17
        51        18
        51        19
        51        20   1.94317   4.34409
        51        21   3.85598   2.17030   4.45033
        51        22   3.83291   4.57558
        51        23   3.32980
        52         0   4.72675
        52         1
        52         2
        52         3
        52         4
        52         5
        52         6
        52         7
        52         8   3.90479
        52         9   4.89652   2.98006   2.72705   4.97341
        52        10   3.13987   3.72421
        52        11   2.23457   4.72136
        52        12
        52        13
        52        14   4.89266
        52        15
        52        16
        52        17
        52        18
        52        19
        52        20   4.34409   1.94317
        52        21   3.85598   4.45033   2.17030
        52        22   3.83291   4.57558
        52        23   3.32980
        53         0   4.93721   4.93721
        53         1
        53         2
        53         3
        53         4
        53         5
        53         6
        53         7
        53         8   4.37784
        53         9   2.86494   2.86494   4.67537
        53        10   1.91495
        53        11   3.97774   3.97774   3.26166
        53        12
        53        13
        53        14   4.85713
        53        15
        53        16
        53        17
        53        18
        53        19
        53        20   2.87804   3.86495   3.86495
        53        21   1.44011   4.70170   4.70170
        53        22   3.08875
        53        23   4.72967   4.72967   4.04194
        54         0   3.46007   3.56853
        54         1
        54         2
        54         3   4.59059
        54         4
        54         5
        54         6
        54         7
        54         8
        54         9   3.73202   2.98024
        54        10   2.81192   4.83849   2.88370
        54        11   3.93418
        54        12
        54        13
        54        14   4.94394   3.05733
        54        15
        54        16
        54        17
        54        18
        54        19
        54        20   4.25340   1.73095   4.83185
        54        21   4.92346   3.23729
        54        22
        54        23   1.70160   4.49371
        55         0   3.46007   3.56853
        55         1
        55         2
        55         3   4.59059
        55         4
        55         5
        55         6
        55         7
        55         8
        55         9   3.73202   2.98025
        55        10   2.81192   2.88370   4.83848
        55        11   3.93418
        55        12
        55        13
        55        14   3.05734   4.94393
        55        15
        55        16
        55        17
        55        18
        55        19
        55        20   1.73095   4.25340   4.83185
        55        21   4.92346   3.23729
        55        22
        55        23   4.49370   1.70161
        56         0   2.07806
        56         1
        56         2
        56         3   4.87920   4.87920
        56         4
        56         5
        56         6
        56         7
        56         8
        56         9   1.78115
        56        10   4.77615   2.85048   2.85047
        56        11   4.30646
        56        12
        56        13
        56        14   4.21402   4.21402   4.12398
        56        15
        56        16
        56        17
        56        18
        56        19
        56        20   3.95505   3.95505   2.40885
        56        21   4.11004   4.11004   4.51994
        56        22
        56        23   2.52165   4.02800   4.02800
        57         0
        57         1
        57         2
        57         3
        57         4
        57         5
        57         6   4.38607
        57         7
        57         8   3.74897   2.82092
        57         9   2.68215   4.94893   4.92829
        57        10   4.19399
        57        11   3.01573   4.73801   2.71174
        57        12
        57        13
        57        14
        57        15
        57        16   4.78546
        57        17
        57        18
        57        19   2.99506
        57        20   4.73214   3.89780
        57        21   4.71349   2.66866   3.64675
        57        22   4.30946   1.86446
        57        23
        58         0
        58         1
        58         2
        58         3
        58         4
        58         5
        58         6   4.38607
        58         7
        58         8   3.74897   2.82093
        58         9   4.94893   2.68216   4.92829
        58        10   4.19400
        58        11   3.01573   2.71174   4.73801
        58        12
        58        13
        58        14
        58        15
        58        16   4.78546
        58        17
        58        18
        58        19   2.99505
        58        20   4.73214   3.89780
        58        21   2.66866   4.71349   3.64675
        58        22   1.86446   4.30946
        58        23
        59         0
        59         1
        59         2
        59         3
        59         4
        59         5
        59         6   4.71632   4.71632
        59         7
        59         8   1.65471
        59         9   3.78462   4.04007   4.04008
        59        10   4.51594
        59        11   2.85743   2.85743   4.87050
        59        12
        59        13
        59        14
        59        15
        59        16   4.69510
        59        17
        59        18
        59        19   3.95349   4.31704   4.31703
        59        20   3.23842
        59        21   1.53605
        59        22   3.88374   3.88374   2.73371
        59        23
