         0         4   2.80557   2.80557   2.80557   2.80557
         0         5   3.06381   3.06381
         0         6   3.06381   3.06381
         0         7   3.06355   3.06355
         0         8   3.06355   3.06355
         1         4   4.74696   4.74696   4.74696   4.74696   4.74696   4.74696   4.74696   4.74696
         1         5   4.67937   4.67937   2.48572   2.48572   4.67937   4.67937
         1         6   4.67937   4.67937   2.48572   2.48572   4.67937   4.67937
         1         7   4.68260   2.48185   4.68260   4.68260   2.48185   4.68260
         1         8   4.68260   2.48185   4.68260   4.68260   2.48185   4.68260
         2         4   4.43124   4.43682   1.97944   4.43682   4.43124
         2         5   4.45219   2.01365   4.45219   4.45219   2.01365   4.45219
         2         6   3.88857   4.74666   3.88857   4.74666
         2         7   4.44820   4.44820   2.01712   2.01712   4.44820   4.44820
         2         8   3.88818   4.75005   3.88818   4.75005
         3         4   4.43124   4.43682   1.97944   4.43682   4.43124
         3         5   4.74666   3.88857   4.74666   3.88857
         3         6   4.45219   2.01365   4.45219   4.45219   2.01365   4.45219
         3         7   4.75005   3.88818   4.75005   3.88818
         3         8   4.44820   4.44820   2.01712   2.01712   4.44820   4.44820
         4         0   2.80557   2.80557   2.80557   2.80557
         4         1   4.74696   4.74696   4.74696   4.74696   4.74696   4.74696   4.74696   4.74696
         4         2   4.43124   4.43682   1.97944   4.43682   4.43124
         4         3   4.43124   4.43682   1.97944   4.43682   4.43124
         5         0   3.06381   3.06381
         5         1   4.67937   4.67937   2.48572   2.48572   4.67937   4.67937
         5         2   4.45219   2.01365   4.45219   4.45219   2.01365   4.45219
         5         3   3.88857   4.74666   3.88857   4.74666
         6         0   3.06381   3.06381
         6         1   4.67937   4.67937   2.48572   2.48572   4.67937   4.67937
         6         2   4.74666   3.88857   4.74666   3.88857
         6         3   4.45219   2.01365   4.45219   4.45219   2.01365   4.45219
         7         0   3.06355   3.06355
         7         1   4.68260   2.48185   4.68260   4.68260   2.48185   4.68260
         7         2   4.44820   4.44820   2.01712   2.01712   4.44820   4.44820
         7         3   3.88818   4.75005   3.88818   4.75005
         8         0   3.06355   3.06355
         8         1   4.68260   2.48185   4.68260   4.68260   2.48185   4.68260
         8         2   4.75005   3.88818   4.75005   3.88818
         8         3   4.44820   4.44820   2.01712   2.01712   4.44820   4.44820
