 8.4538  0  0  1.1658637527882802e-15  19.04  0  3.2958919305452715e-16  0.0  5.3826 
5
0 24  2.054273399999999  -1.7840480000000003  0.8235378 
0 25  6.3995266  -1.7840480000000003  0.8235378 
0 26  6.2811734  6.326991999999999  3.5148378000000005 
0 27  2.1726266000000005  6.326991999999999  3.5148378000000005 
0 28  1.9021050000000002  -0.14660800000000007  3.5901942 
0 29  6.551695  -0.14660800000000007  3.5901942 
0 30  6.129004999999999  4.689551999999999  0.8988942 
0 31  2.324795  4.689551999999999  0.8988942 
0 32  2.3755178  1.4908319999999997  0.8988942 
0 33  6.078282199999999  1.4908319999999997  0.8988942 
0 34  6.6024178  3.0521119999999997  3.5901942 
0 35  1.8513822000000002  3.0521119999999997  3.5901942 
0 36  3.6784774689035406e-16  6.1365919999999985  -0.12918239999999992 
0 37  4.2269  -1.593648  2.5621176 
0 38  1.6615331765798157e-16  2.842672  -0.12918239999999992 
0 39  4.2269  1.7002719999999996  2.5621176 
0 40  6.2811734  7.735951999999999  0.8235378 
0 41  2.1726266  7.735951999999999  0.8235378 
0 42  2.054273400000001  15.846991999999998  3.5148378000000005 
0 43  6.399526600000001  15.846991999999998  3.5148378000000005 
0 44  6.129005  9.373391999999999  3.5901942 
0 45  2.324795000000001  9.373391999999999  3.5901942 
0 46  1.902105000000001  14.209552  0.8988942 
0 47  6.5516950000000005  14.209552  0.8988942 
0 48  6.6024178000000004  11.010831999999999  0.8988942 
0 49  1.8513822000000006  11.010831999999999  0.8988942 
0 50  2.375517800000001  12.572111999999999  3.5901942 
0 51  6.0782822  12.572111999999999  3.5901942 
0 52  4.2269000000000005  15.656591999999998  -0.12918239999999992 
0 53  6.42233536179716e-16  7.926352  2.5621176 
0 54  4.2269000000000005  12.362672  -0.12918239999999992 
0 55  8.439279654120884e-16  11.220271999999998  2.5621176 
1 24  -2.1726266  -6.326992  -1.8677622 
1 25  2.1726266  -6.326992  -1.8677622 
1 26  2.0542734000000005  1.7840479999999994  0.8235378000000004 
1 27  -2.0542733999999987  1.7840479999999994  0.8235378000000004 
1 28  -2.324794999999999  -4.689552  0.8988942 
1 29  2.324795  -4.689552  0.8988942 
1 30  1.9021049999999997  0.14660799999999963  -1.7924058 
1 31  -1.9021049999999993  0.14660799999999963  -1.7924058 
1 32  -1.8513821999999993  -3.052112  -1.7924058 
1 33  1.8513821999999998  -3.052112  -1.7924058 
1 34  2.3755178  -1.4908320000000002  0.8988942 
1 35  -2.375517799999999  -1.4908320000000002  0.8988942 
1 36  -4.226899999999999  1.593647999999999  -2.8204824 
1 37  0.0  -6.136592  -0.12918239999999992 
1 38  -4.2269  -1.700272  -2.8204824 
1 39  0.0  -2.8426720000000003  -0.12918239999999992 
1 40  2.0542734000000005  3.193008  -1.8677622 
1 41  -2.054273399999999  3.193008  -1.8677622 
1 42  -2.1726265999999983  11.304047999999998  0.8235378000000004 
1 43  2.172626600000001  11.304047999999998  0.8235378000000004 
1 44  1.9021050000000006  4.830448  0.8988942 
1 45  -1.9021049999999984  4.830448  0.8988942 
1 46  -2.324794999999998  9.666608  -1.7924058 
1 47  2.324795000000001  9.666608  -1.7924058 
1 48  2.375517800000001  6.467887999999999  -1.7924058 
1 49  -2.375517799999999  6.467887999999999  -1.7924058 
1 50  -1.8513821999999984  8.029167999999999  0.8988942 
1 51  1.8513822000000006  8.029167999999999  0.8988942 
1 52  8.881784197001252e-16  11.113647999999998  -2.8204824 
1 53  -4.226899999999999  3.383408  -0.12918239999999992 
1 54  8.881784197001252e-16  7.8197280000000005  -2.8204824 
1 55  -4.226899999999999  6.677327999999998  -0.12918239999999992 
2 24  -2.1726266  -1.528912  0.9473376 
2 25  2.1726266  -1.528912  0.9473376 
2 26  2.0542734000000005  6.582127999999999  3.6386376000000005 
2 27  -2.0542733999999987  6.582127999999999  3.6386376000000005 
2 28  -2.324794999999999  0.10852800000000018  3.713994 
2 29  2.324795  0.10852800000000018  3.713994 
2 30  1.9021049999999997  4.944687999999999  1.022694 
2 31  -1.9021049999999993  4.944687999999999  1.022694 
2 32  -1.8513821999999993  1.745968  1.022694 
2 33  1.8513821999999998  1.745968  1.022694 
2 34  2.3755178  3.307248  3.713994 
2 35  -2.375517799999999  3.307248  3.713994 
2 36  -4.226899999999999  6.391727999999999  -0.005382599999999904 
2 37  0.0  -1.3385119999999997  2.6859174 
2 38  -4.2269  3.097808  -0.005382599999999904 
2 39  0.0  1.9554079999999998  2.6859174 
2 40  2.0542734000000005  7.9910879999999995  0.9473376 
2 41  -2.054273399999999  7.9910879999999995  0.9473376 
2 42  -2.1726265999999983  16.102128  3.6386376000000005 
2 43  2.172626600000001  16.102128  3.6386376000000005 
2 44  1.9021050000000006  9.628528  3.713994 
2 45  -1.9021049999999984  9.628528  3.713994 
2 46  -2.324794999999998  14.464688  1.022694 
2 47  2.324795000000001  14.464688  1.022694 
2 48  2.375517800000001  11.265967999999999  1.022694 
2 49  -2.375517799999999  11.265967999999999  1.022694 
2 50  -1.8513821999999984  12.827247999999999  3.713994 
2 51  1.8513822000000006  12.827247999999999  3.713994 
2 52  8.881784197001252e-16  15.911727999999998  -0.005382599999999904 
2 53  -4.226899999999999  8.181488  2.6859174 
2 54  8.881784197001252e-16  12.617808  -0.005382599999999904 
2 55  -4.226899999999999  11.475407999999998  2.6859174 
3 24  2.0542733999999987  -6.582127999999999  -1.7439624 
3 25  6.399526599999999  -6.582127999999999  -1.7439624 
3 26  6.281173399999999  1.528912  0.9473376000000004 
3 27  2.1726266  1.528912  0.9473376000000004 
3 28  1.9021049999999997  -4.944687999999999  1.022694 
3 29  6.551694999999999  -4.944687999999999  1.022694 
3 30  6.1290049999999985  -0.10852799999999974  -1.668606 
3 31  2.3247949999999995  -0.10852799999999974  -1.668606 
3 32  2.3755177999999995  -3.3072479999999995  -1.668606 
3 33  6.0782821999999985  -3.3072479999999995  -1.668606 
3 34  6.602417799999999  -1.7459679999999995  1.022694 
3 35  1.8513821999999998  -1.7459679999999995  1.022694 
3 36  -8.316396389930201e-17  1.3385119999999997  -2.6966826 
3 37  4.226899999999999  -6.391728  -0.005382599999999904 
3 38  -2.848583931316745e-16  -1.9554079999999994  -2.6966826 
3 39  4.226899999999999  -3.0978079999999997  -0.005382599999999904 
3 40  6.281173399999999  2.9378720000000005  -1.7439624 
3 41  2.1726265999999996  2.9378720000000005  -1.7439624 
3 42  2.0542734000000005  11.048912  0.9473376000000004 
3 43  6.3995266  11.048912  0.9473376000000004 
3 44  6.129004999999999  4.575312  1.022694 
3 45  2.3247950000000004  4.575312  1.022694 
3 46  1.9021050000000006  9.411472000000002  -1.668606 
3 47  6.551695  9.411472000000002  -1.668606 
3 48  6.6024178  6.212752  -1.668606 
3 49  1.8513822000000002  6.212752  -1.668606 
3 50  2.3755178000000003  7.774032  1.022694 
3 51  6.078282199999999  7.774032  1.022694 
3 52  4.2269  10.858512  -2.6966826 
3 53  1.9122182539005991e-16  3.128272000000001  -0.005382599999999904 
3 54  4.2269  7.564592000000001  -2.6966826 
3 55  3.929162546224323e-16  6.422191999999999  -0.005382599999999904 
4 24  -2.172626600000001  -11.304048  0.8235378 
4 25  2.172626599999999  -11.304048  0.8235378 
4 26  2.0542733999999996  -3.1930080000000007  3.5148378000000005 
4 27  -2.0542733999999996  -3.1930080000000007  3.5148378000000005 
4 28  -2.324795  -9.666608  3.5901942 
4 29  2.324794999999999  -9.666608  3.5901942 
4 30  1.9021049999999988  -4.8304480000000005  0.8988942 
4 31  -1.9021050000000002  -4.8304480000000005  0.8988942 
4 32  -1.8513822000000002  -8.029168  0.8988942 
4 33  1.8513821999999989  -8.029168  0.8988942 
4 34  2.375517799999999  -6.467888  3.5901942 
4 35  -2.3755178  -6.467888  3.5901942 
4 36  -4.2269  -3.383408000000001  -0.12918239999999992 
4 37  -8.881784197001252e-16  -11.113648  2.5621176 
4 38  -4.2269000000000005  -6.677328  -0.12918239999999992 
4 39  -8.881784197001252e-16  -7.8197280000000005  2.5621176 
4 40  2.0542733999999996  -1.7840480000000003  0.8235378 
4 41  -2.0542734  -1.7840480000000003  0.8235378 
4 42  -2.172626599999999  6.326991999999999  3.5148378000000005 
4 43  2.1726266  6.326991999999999  3.5148378000000005 
4 44  1.9021049999999997  -0.14660800000000052  3.5901942 
4 45  -1.9021049999999993  -0.14660800000000052  3.5901942 
4 46  -2.324794999999999  4.689552000000001  0.8988942 
4 47  2.324795  4.689552000000001  0.8988942 
4 48  2.3755178  1.4908319999999993  0.8988942 
4 49  -2.3755178  1.4908319999999993  0.8988942 
4 50  -1.8513821999999993  3.0521119999999993  3.5901942 
4 51  1.8513821999999998  3.0521119999999993  3.5901942 
4 52  0.0  6.1365919999999985  -0.12918239999999992 
4 53  -4.2269  -1.593648  2.5621176 
4 54  0.0  2.8426720000000003  -0.12918239999999992 
4 55  -4.2269  1.7002719999999982  2.5621176 
5 24  2.0542733999999983  -15.846991999999997  -1.8677622 
5 25  6.399526599999999  -15.846991999999997  -1.8677622 
5 26  6.281173399999999  -7.7359519999999975  0.8235378000000004 
5 27  2.1726265999999996  -7.7359519999999975  0.8235378000000004 
5 28  1.902104999999999  -14.209551999999997  0.8988942 
5 29  6.551694999999999  -14.209551999999997  0.8988942 
5 30  6.1290049999999985  -9.373391999999997  -1.7924058 
5 31  2.324794999999999  -9.373391999999997  -1.7924058 
5 32  2.375517799999999  -12.572111999999997  -1.7924058 
5 33  6.0782821999999985  -12.572111999999997  -1.7924058 
5 34  6.602417799999999  -11.010831999999997  0.8988942 
5 35  1.851382199999999  -11.010831999999997  0.8988942 
5 36  -6.580538174463333e-16  -7.926351999999998  -2.8204824 
5 37  4.226899999999999  -15.656591999999996  -0.12918239999999992 
5 38  -8.597482466787058e-16  -11.220271999999998  -2.8204824 
5 39  4.226899999999999  -12.362671999999996  -0.12918239999999992 
5 40  6.281173399999999  -6.326991999999997  -1.8677622 
5 41  2.172626599999999  -6.326991999999997  -1.8677622 
5 42  2.0542734  1.784048000000002  0.8235378000000004 
5 43  6.3995266  1.784048000000002  0.8235378000000004 
5 44  6.129004999999999  -4.689551999999997  0.8988942 
5 45  2.324795  -4.689551999999997  0.8988942 
5 46  1.902105  0.14660800000000407  -1.7924058 
5 47  6.551695  0.14660800000000407  -1.7924058 
5 48  6.6024178  -3.0521119999999975  -1.7924058 
5 49  1.8513821999999995  -3.0521119999999975  -1.7924058 
5 50  2.3755178  -1.4908319999999975  0.8988942 
5 51  6.078282199999999  -1.4908319999999975  0.8988942 
5 52  4.2269  1.5936480000000017  -2.8204824 
5 53  -3.836680281569714e-16  -6.136591999999997  -0.12918239999999992 
5 54  4.2269  -1.7002719999999965  -2.8204824 
5 55  -1.81973598924599e-16  -2.8426719999999985  -0.12918239999999992 
6 24  2.0542733999999987  -11.048911999999998  0.9473376 
6 25  6.399526599999999  -11.048911999999998  0.9473376 
6 26  6.281173399999999  -2.9378719999999987  3.6386376000000005 
6 27  2.1726266  -2.9378719999999987  3.6386376000000005 
6 28  1.9021049999999995  -9.411471999999998  3.713994 
6 29  6.551694999999999  -9.411471999999998  3.713994 
6 30  6.1290049999999985  -4.5753119999999985  1.022694 
6 31  2.3247949999999995  -4.5753119999999985  1.022694 
6 32  2.3755177999999995  -7.774031999999998  1.022694 
6 33  6.0782821999999985  -7.774031999999998  1.022694 
6 34  6.602417799999999  -6.212751999999998  3.713994 
6 35  1.8513821999999995  -6.212751999999998  3.713994 
6 36  -1.9188100377616887e-16  -3.128271999999999  -0.005382599999999904 
6 37  4.226899999999999  -10.858511999999997  2.6859174 
6 38  -3.9357543300854136e-16  -6.422191999999998  -0.005382599999999904 
6 39  4.226899999999999  -7.564591999999998  2.6859174 
6 40  6.281173399999999  -1.5289119999999983  0.9473376 
6 41  2.1726265999999996  -1.5289119999999983  0.9473376 
6 42  2.0542734000000005  6.582128000000001  3.6386376000000005 
6 43  6.3995266  6.582128000000001  3.6386376000000005 
6 44  6.129004999999999  0.10852800000000151  3.713994 
6 45  2.3247950000000004  0.10852800000000151  3.713994 
6 46  1.9021050000000004  4.944688000000003  1.022694 
6 47  6.551695  4.944688000000003  1.022694 
6 48  6.6024178  1.7459680000000013  1.022694 
6 49  1.8513822  1.7459680000000013  1.022694 
6 50  2.3755178000000003  3.3072480000000013  3.713994 
6 51  6.078282199999999  3.3072480000000013  3.713994 
6 52  4.2269  6.3917280000000005  -0.005382599999999904 
6 53  8.250478551319305e-17  -1.338511999999998  2.6859174 
6 54  4.2269  3.0978080000000023  -0.005382599999999904 
6 55  2.8419921474556544e-16  1.9554080000000003  2.6859174 
7 24  -2.172626600000001  -16.102128  -1.7439624 
7 25  2.172626599999999  -16.102128  -1.7439624 
7 26  2.0542733999999996  -7.991088000000001  0.9473376000000004 
7 27  -2.0542733999999996  -7.991088000000001  0.9473376000000004 
7 28  -2.324795  -14.464688  1.022694 
7 29  2.324794999999999  -14.464688  1.022694 
7 30  1.9021049999999988  -9.628528000000001  -1.668606 
7 31  -1.9021050000000002  -9.628528000000001  -1.668606 
7 32  -1.8513822000000002  -12.827248  -1.668606 
7 33  1.8513821999999989  -12.827248  -1.668606 
7 34  2.375517799999999  -11.265968  1.022694 
7 35  -2.3755178  -11.265968  1.022694 
7 36  -4.2269  -8.181488000000002  -2.6966826 
7 37  -8.881784197001252e-16  -15.911728  -0.005382599999999904 
7 38  -4.2269000000000005  -11.475408000000002  -2.6966826 
7 39  -8.881784197001252e-16  -12.617808  -0.005382599999999904 
7 40  2.0542733999999996  -6.582128000000001  -1.7439624 
7 41  -2.0542734  -6.582128000000001  -1.7439624 
7 42  -2.172626599999999  1.5289119999999983  0.9473376000000004 
7 43  2.1726266  1.5289119999999983  0.9473376000000004 
7 44  1.9021049999999997  -4.944688000000001  1.022694 
7 45  -1.9021049999999993  -4.944688000000001  1.022694 
7 46  -2.324794999999999  -0.10852799999999974  -1.668606 
7 47  2.324795  -0.10852799999999974  -1.668606 
7 48  2.3755178  -3.3072480000000013  -1.668606 
7 49  -2.3755178  -3.3072480000000013  -1.668606 
7 50  -1.8513821999999993  -1.7459680000000013  1.022694 
7 51  1.8513821999999998  -1.7459680000000013  1.022694 
7 52  0.0  1.338511999999998  -2.6966826 
7 53  -4.2269  -6.3917280000000005  -0.005382599999999904 
7 54  0.0  -1.9554080000000003  -2.6966826 
7 55  -4.2269  -3.0978080000000023  -0.005382599999999904 
8 24  -0.29250148000000076  -0.10281600000000013  -1.7708754 
8 25  4.05275172  -0.10281600000000013  -1.7708754 
8 26  3.93439852  8.008223999999998  0.9204246000000005 
8 27  -0.17414827999999938  8.008223999999998  0.9204246000000005 
8 28  -0.44466987999999996  1.534624  0.995781 
8 29  4.204920119999999  1.534624  0.995781 
8 30  3.782230119999999  6.370784  -1.695519 
8 31  -0.02197987999999995  6.370784  -1.695519 
8 32  0.028742920000000005  3.1720639999999998  -1.695519 
8 33  3.731507319999999  3.1720639999999998  -1.695519 
8 34  4.25564292  4.733344  0.995781 
8 35  -0.4953926799999999  4.733344  0.995781 
8 36  -2.34677488  7.817823999999999  -2.7235956 
8 37  1.8801251199999993  0.087584  -0.03229559999999987 
8 38  -2.34677488  4.523904  -2.7235956 
8 39  1.8801251199999993  3.3815039999999996  -0.03229559999999987 
8 40  3.93439852  9.417183999999999  -1.7708754 
8 41  -0.17414827999999982  9.417183999999999  -1.7708754 
8 42  -0.292501479999999  17.528223999999998  0.9204246000000005 
8 43  4.05275172  17.528223999999998  0.9204246000000005 
8 44  3.78223012  11.054624  0.995781 
8 45  -0.021979879999999064  11.054624  0.995781 
8 46  -0.4446698799999991  15.890784  -1.695519 
8 47  4.204920120000001  15.890784  -1.695519 
8 48  4.25564292  12.692063999999998  -1.695519 
8 49  -0.4953926799999995  12.692063999999998  -1.695519 
8 50  0.028742920000000893  14.253343999999998  0.995781 
8 51  3.73150732  14.253343999999998  0.995781 
8 52  1.8801251200000002  17.337823999999998  -2.7235956 
8 53  -2.3467748799999995  9.607584  -0.03229559999999987 
8 54  1.8801251200000002  14.043904000000001  -2.7235956 
8 55  -2.3467748799999995  12.901504  -0.03229559999999987 
9 24  -4.05275172  -0.10281600000000013  -1.7708754 
9 25  0.2925014800000003  -0.10281600000000013  -1.7708754 
9 26  0.1741482800000007  8.008223999999998  0.9204246000000005 
9 27  -3.9343985199999985  8.008223999999998  0.9204246000000005 
9 28  -4.204920119999999  1.534624  0.995781 
9 29  0.4446698800000002  1.534624  0.995781 
9 30  0.02197987999999995  6.370784  -1.695519 
9 31  -3.782230119999999  6.370784  -1.695519 
9 32  -3.731507319999999  3.1720639999999998  -1.695519 
9 33  -0.028742920000000005  3.1720639999999998  -1.695519 
9 34  0.49539268000000014  4.733344  0.995781 
9 35  -4.255642919999999  4.733344  0.995781 
9 36  -6.1070251199999985  7.817823999999999  -2.7235956 
9 37  -1.8801251199999998  0.087584  -0.03229559999999987 
9 38  -6.107025119999999  4.523904  -2.7235956 
9 39  -1.8801251199999998  3.3815039999999996  -0.03229559999999987 
9 40  0.1741482800000007  9.417183999999999  -1.7708754 
9 41  -3.934398519999999  9.417183999999999  -1.7708754 
9 42  -4.052751719999998  17.528223999999998  0.9204246000000005 
9 43  0.2925014800000012  17.528223999999998  0.9204246000000005 
9 44  0.02197988000000084  11.054624  0.995781 
9 45  -3.782230119999998  11.054624  0.995781 
9 46  -4.204920119999998  15.890784  -1.695519 
9 47  0.44466988000000107  15.890784  -1.695519 
9 48  0.49539268000000103  12.692063999999998  -1.695519 
9 49  -4.255642919999999  12.692063999999998  -1.695519 
9 50  -3.731507319999998  14.253343999999998  0.995781 
9 51  -0.028742919999999117  14.253343999999998  0.995781 
9 52  -1.8801251199999989  17.337823999999998  -2.7235956 
9 53  -6.1070251199999985  9.607584  -0.03229559999999987 
9 54  -1.8801251199999989  14.043904000000001  -2.7235956 
9 55  -6.1070251199999985  12.901504  -0.03229559999999987 
10 24  -4.519401480000001  -8.008224  0.9204245999999998 
10 25  -0.1741482800000007  -8.008224  0.9204245999999998 
10 26  -0.2925014800000003  0.10281599999999891  3.6117246000000005 
10 27  -4.4010482799999995  0.10281599999999891  3.6117246000000005 
10 28  -4.67156988  -6.3707840000000004  3.687081 
10 29  -0.02197988000000084  -6.3707840000000004  3.687081 
10 30  -0.44466988000000107  -1.5346240000000009  0.9957809999999998 
10 31  -4.2488798800000005  -1.5346240000000009  0.9957809999999998 
10 32  -4.19815708  -4.733344000000001  0.9957809999999998 
10 33  -0.49539268000000103  -4.733344000000001  0.9957809999999998 
10 34  0.028742919999999117  -3.1720640000000007  3.687081 
10 35  -4.72229268  -3.1720640000000007  3.687081 
10 36  -6.5736748799999996  -0.08758400000000144  -0.03229560000000009 
10 37  -2.346774880000001  -7.817824000000001  2.6590043999999997 
10 38  -6.57367488  -3.3815040000000005  -0.03229560000000009 
10 39  -2.346774880000001  -4.523904000000001  2.6590043999999997 
10 40  -0.2925014800000003  1.5117759999999993  0.9204245999999998 
10 41  -4.4010482799999995  1.5117759999999993  0.9204245999999998 
10 42  -4.519401479999999  9.622815999999998  3.6117246000000005 
10 43  -0.17414827999999982  9.622815999999998  3.6117246000000005 
10 44  -0.4446698800000002  3.149215999999999  3.687081 
10 45  -4.248879879999999  3.149215999999999  3.687081 
10 46  -4.671569879999999  7.9853760000000005  0.9957809999999998 
10 47  -0.02197987999999995  7.9853760000000005  0.9957809999999998 
10 48  0.028742920000000005  4.786655999999999  0.9957809999999998 
10 49  -4.72229268  4.786655999999999  0.9957809999999998 
10 50  -4.19815708  6.347935999999999  3.687081 
10 51  -0.49539268000000014  6.347935999999999  3.687081 
10 52  -2.34677488  9.432415999999998  -0.03229560000000009 
10 53  -6.5736748799999996  1.7021759999999997  2.6590043999999997 
10 54  -2.34677488  6.138496  -0.03229560000000009 
10 55  -6.5736748799999996  4.996095999999998  2.6590043999999997 
11 24  0.17414827999999938  -8.008224  0.9204245999999998 
11 25  4.519401479999999  -8.008224  0.9204245999999998 
11 26  4.4010482799999995  0.10281599999999891  3.6117246000000005 
11 27  0.29250148000000076  0.10281599999999891  3.6117246000000005 
11 28  0.021979880000000174  -6.3707840000000004  3.687081 
11 29  4.67156988  -6.3707840000000004  3.687081 
11 30  4.248879879999999  -1.5346240000000009  0.9957809999999998 
11 31  0.4446698800000002  -1.5346240000000009  0.9957809999999998 
11 32  0.49539268000000014  -4.733344000000001  0.9957809999999998 
11 33  4.19815708  -4.733344000000001  0.9957809999999998 
11 34  4.722292679999999  -3.1720640000000007  3.687081 
11 35  -0.028742919999999783  -3.1720640000000007  3.687081 
11 36  -1.8801251199999995  -0.08758400000000144  -0.03229560000000009 
11 37  2.3467748799999995  -7.817824000000001  2.6590043999999997 
11 38  -1.8801251199999998  -3.3815040000000005  -0.03229560000000009 
11 39  2.3467748799999995  -4.523904000000001  2.6590043999999997 
11 40  4.4010482799999995  1.5117759999999993  0.9204245999999998 
11 41  0.2925014800000003  1.5117759999999993  0.9204245999999998 
11 42  0.17414828000000115  9.622815999999998  3.6117246000000005 
11 43  4.519401480000001  9.622815999999998  3.6117246000000005 
11 44  4.2488798800000005  3.149215999999999  3.687081 
11 45  0.44466988000000107  3.149215999999999  3.687081 
11 46  0.021979880000001062  7.9853760000000005  0.9957809999999998 
11 47  4.67156988  7.9853760000000005  0.9957809999999998 
11 48  4.722292680000001  4.786655999999999  0.9957809999999998 
11 49  -0.02874291999999934  4.786655999999999  0.9957809999999998 
11 50  0.49539268000000103  6.347935999999999  3.687081 
11 51  4.19815708  6.347935999999999  3.687081 
11 52  2.3467748800000003  9.432415999999998  -0.03229560000000009 
11 53  -1.8801251199999993  1.7021759999999997  2.6590043999999997 
11 54  2.3467748800000003  6.138496  -0.03229560000000009 
11 55  -1.880125119999999  4.996095999999998  2.6590043999999997 
12 24  -0.4083185400000011  -3.263456  -1.9969446000000004 
12 25  3.936934659999999  -3.263456  -1.9969446000000004 
12 26  3.8185814599999994  4.8475839999999994  0.6943554000000001 
12 27  -0.28996533999999974  4.8475839999999994  0.6943554000000001 
12 28  -0.5604869400000003  -1.626016  0.7697117999999996 
12 29  4.089103059999999  -1.626016  0.7697117999999996 
12 30  3.6664130599999987  3.2101439999999997  -1.9215882000000004 
12 31  -0.1377969400000003  3.2101439999999997  -1.9215882000000004 
12 32  -0.08707414000000036  0.011423999999999879  -1.9215882000000004 
12 33  3.6156902599999987  0.011423999999999879  -1.9215882000000004 
12 34  4.139825859999998  1.5727039999999999  0.7697117999999996 
12 35  -0.6112097400000003  1.5727039999999999  0.7697117999999996 
12 36  -2.4625919400000003  4.657183999999999  -2.9496648000000003 
12 37  1.764308059999999  -3.073056  -0.2583648000000003 
12 38  -2.4625919400000003  1.363264  -2.9496648000000003 
12 39  1.764308059999999  0.22086399999999973  -0.2583648000000003 
12 40  3.8185814599999994  6.256544  -1.9969446000000004 
12 41  -0.2899653400000002  6.256544  -1.9969446000000004 
12 42  -0.40831853999999934  14.367583999999999  0.6943554000000001 
12 43  3.93693466  14.367583999999999  0.6943554000000001 
12 44  3.6664130599999996  7.893984  0.7697117999999996 
12 45  -0.13779693999999942  7.893984  0.7697117999999996 
12 46  -0.5604869399999994  12.730144000000001  -1.9215882000000004 
12 47  4.089103059999999  12.730144000000001  -1.9215882000000004 
12 48  4.13982586  9.531424  -1.9215882000000004 
12 49  -0.6112097399999998  9.531424  -1.9215882000000004 
12 50  -0.08707413999999947  11.092704  0.7697117999999996 
12 51  3.6156902599999996  11.092704  0.7697117999999996 
12 52  1.7643080599999998  14.177183999999999  -2.9496648000000003 
12 53  -2.46259194  6.446944  -0.2583648000000003 
12 54  1.7643080599999998  10.883264  -2.9496648000000003 
12 55  -2.46259194  9.740863999999998  -0.2583648000000003 
13 24  -3.9369346599999995  -3.263456  -1.9969446000000004 
13 25  0.4083185400000007  -3.263456  -1.9969446000000004 
13 26  0.28996534000000107  4.8475839999999994  0.6943554000000001 
13 27  -3.818581459999998  4.8475839999999994  0.6943554000000001 
13 28  -4.0891030599999985  -1.626016  0.7697117999999996 
13 29  0.5604869400000005  -1.626016  0.7697117999999996 
13 30  0.1377969400000003  3.2101439999999997  -1.9215882000000004 
13 31  -3.6664130599999987  3.2101439999999997  -1.9215882000000004 
13 32  -3.6156902599999987  0.011423999999999879  -1.9215882000000004 
13 33  0.08707414000000036  0.011423999999999879  -1.9215882000000004 
13 34  0.6112097400000005  1.5727039999999999  0.7697117999999996 
13 35  -4.139825859999998  1.5727039999999999  0.7697117999999996 
13 36  -5.991208059999998  4.657183999999999  -2.9496648000000003 
13 37  -1.7643080599999994  -3.073056  -0.2583648000000003 
13 38  -5.991208059999999  1.363264  -2.9496648000000003 
13 39  -1.7643080599999994  0.22086399999999973  -0.2583648000000003 
13 40  0.28996534000000107  6.256544  -1.9969446000000004 
13 41  -3.8185814599999985  6.256544  -1.9969446000000004 
13 42  -3.9369346599999977  14.367583999999999  0.6943554000000001 
13 43  0.40831854000000156  14.367583999999999  0.6943554000000001 
13 44  0.1377969400000012  7.893984  0.7697117999999996 
13 45  -3.666413059999998  7.893984  0.7697117999999996 
13 46  -4.089103059999998  12.730144000000001  -1.9215882000000004 
13 47  0.5604869400000014  12.730144000000001  -1.9215882000000004 
13 48  0.6112097400000014  9.531424  -1.9215882000000004 
13 49  -4.139825859999998  9.531424  -1.9215882000000004 
13 50  -3.615690259999998  11.092704  0.7697117999999996 
13 51  0.08707414000000124  11.092704  0.7697117999999996 
13 52  -1.7643080599999985  14.177183999999999  -2.9496648000000003 
13 53  -5.991208059999998  6.446944  -0.2583648000000003 
13 54  -1.7643080599999985  10.883264  -2.9496648000000003 
13 55  -5.991208059999998  9.740863999999998  -0.2583648000000003 
14 24  -4.63521854  -4.847584  0.6943553999999998 
14 25  -0.2899653400000002  -4.847584  0.6943553999999998 
14 26  -0.4083185399999998  3.263455999999999  3.3856554 
14 27  -4.516865339999999  3.263455999999999  3.3856554 
14 28  -4.787386939999999  -3.2101440000000006  3.4610117999999996 
14 29  -0.1377969400000003  -3.2101440000000006  3.4610117999999996 
14 30  -0.5604869400000005  1.626015999999999  0.7697117999999998 
14 31  -4.36469694  1.626015999999999  0.7697117999999998 
14 32  -4.313974139999999  -1.5727040000000008  0.7697117999999998 
14 33  -0.6112097400000005  -1.5727040000000008  0.7697117999999998 
14 34  -0.08707414000000036  -0.011424000000000767  3.4610117999999996 
14 35  -4.838109739999999  -0.011424000000000767  3.4610117999999996 
14 36  -6.689491939999999  3.0730559999999985  -0.25836480000000006 
14 37  -2.4625919400000003  -4.657184000000001  2.4329352 
14 38  -6.68949194  -0.22086400000000062  -0.25836480000000006 
14 39  -2.4625919400000003  -1.363264000000001  2.4329352 
14 40  -0.4083185399999998  4.672415999999999  0.6943553999999998 
14 41  -4.516865339999999  4.672415999999999  0.6943553999999998 
14 42  -4.6352185399999986  12.783455999999997  3.3856554 
14 43  -0.2899653399999993  12.783455999999997  3.3856554 
14 44  -0.5604869399999997  6.309855999999999  3.4610117999999996 
14 45  -4.364696939999998  6.309855999999999  3.4610117999999996 
14 46  -4.787386939999998  11.146016  0.7697117999999998 
14 47  -0.13779693999999942  11.146016  0.7697117999999998 
14 48  -0.08707413999999947  7.947295999999999  0.7697117999999998 
14 49  -4.838109739999999  7.947295999999999  0.7697117999999998 
14 50  -4.313974139999999  9.508575999999998  3.4610117999999996 
14 51  -0.6112097399999996  9.508575999999998  3.4610117999999996 
14 52  -2.4625919399999994  12.593055999999997  -0.25836480000000006 
14 53  -6.689491939999999  4.862816  2.4329352 
14 54  -2.4625919399999994  9.299136  -0.25836480000000006 
14 55  -6.689491939999999  8.156735999999999  2.4329352 
15 24  0.2899653399999993  -4.847584  0.6943553999999998 
15 25  4.635218539999999  -4.847584  0.6943553999999998 
15 26  4.51686534  3.263455999999999  3.3856554 
15 27  0.4083185400000007  3.263455999999999  3.3856554 
15 28  0.1377969400000001  -3.2101440000000006  3.4610117999999996 
15 29  4.787386939999999  -3.2101440000000006  3.4610117999999996 
15 30  4.364696939999999  1.626015999999999  0.7697117999999998 
15 31  0.5604869400000001  1.626015999999999  0.7697117999999998 
15 32  0.6112097400000001  -1.5727040000000008  0.7697117999999998 
15 33  4.313974139999999  -1.5727040000000008  0.7697117999999998 
15 34  4.838109739999999  -0.011424000000000767  3.4610117999999996 
15 35  0.08707414000000013  -0.011424000000000767  3.4610117999999996 
15 36  -1.7643080599999996  3.0730559999999985  -0.25836480000000006 
15 37  2.4625919399999994  -4.657184000000001  2.4329352 
15 38  -1.7643080599999998  -0.22086400000000062  -0.25836480000000006 
15 39  2.4625919399999994  -1.363264000000001  2.4329352 
15 40  4.51686534  4.672415999999999  0.6943553999999998 
15 41  0.40831854000000023  4.672415999999999  0.6943553999999998 
15 42  0.28996534000000107  12.783455999999997  3.3856554 
15 43  4.63521854  12.783455999999997  3.3856554 
15 44  4.36469694  6.309855999999999  3.4610117999999996 
15 45  0.560486940000001  6.309855999999999  3.4610117999999996 
15 46  0.13779694000000098  11.146016  0.7697117999999998 
15 47  4.78738694  11.146016  0.7697117999999998 
15 48  4.83810974  7.947295999999999  0.7697117999999998 
15 49  0.08707414000000058  7.947295999999999  0.7697117999999998 
15 50  0.611209740000001  9.508575999999998  3.4610117999999996 
15 51  4.31397414  9.508575999999998  3.4610117999999996 
15 52  2.4625919400000003  12.593055999999997  -0.25836480000000006 
15 53  -1.7643080599999994  4.862816  2.4329352 
15 54  2.4625919400000003  9.299136  -0.25836480000000006 
15 55  -1.7643080599999992  8.156735999999999  2.4329352 
16 24  -4.519401480000001  -9.622815999999998  -1.7708754 
16 25  -0.1741482800000007  -9.622815999999998  -1.7708754 
16 26  -0.2925014800000003  -1.5117759999999993  0.9204246000000005 
16 27  -4.4010482799999995  -1.5117759999999993  0.9204246000000005 
16 28  -4.67156988  -7.985375999999999  0.995781 
16 29  -0.02197988000000084  -7.985375999999999  0.995781 
16 30  -0.44466988000000107  -3.149215999999999  -1.695519 
16 31  -4.2488798800000005  -3.149215999999999  -1.695519 
16 32  -4.19815708  -6.347935999999999  -1.695519 
16 33  -0.49539268000000103  -6.347935999999999  -1.695519 
16 34  0.028742919999999117  -4.786655999999999  0.995781 
16 35  -4.72229268  -4.786655999999999  0.995781 
16 36  -6.5736748799999996  -1.7021759999999997  -2.7235956 
16 37  -2.346774880000001  -9.432415999999998  -0.03229559999999987 
16 38  -6.57367488  -4.996095999999999  -2.7235956 
16 39  -2.346774880000001  -6.138495999999999  -0.03229559999999987 
16 40  -0.2925014800000003  -0.10281599999999891  -1.7708754 
16 41  -4.4010482799999995  -0.10281599999999891  -1.7708754 
16 42  -4.519401479999999  8.008224  0.9204246000000005 
16 43  -0.17414827999999982  8.008224  0.9204246000000005 
16 44  -0.4446698800000002  1.5346240000000009  0.995781 
16 45  -4.248879879999999  1.5346240000000009  0.995781 
16 46  -4.671569879999999  6.370784000000002  -1.695519 
16 47  -0.02197987999999995  6.370784000000002  -1.695519 
16 48  0.028742920000000005  3.1720640000000007  -1.695519 
16 49  -4.72229268  3.1720640000000007  -1.695519 
16 50  -4.19815708  4.733344000000001  0.995781 
16 51  -0.49539268000000014  4.733344000000001  0.995781 
16 52  -2.34677488  7.817824  -2.7235956 
16 53  -6.5736748799999996  0.08758400000000144  -0.03229559999999987 
16 54  -2.34677488  4.523904000000002  -2.7235956 
16 55  -6.5736748799999996  3.3815039999999996  -0.03229559999999987 
17 24  0.17414827999999893  -9.622815999999998  -1.7708754 
17 25  4.519401479999999  -9.622815999999998  -1.7708754 
17 26  4.4010482799999995  -1.5117759999999993  0.9204246000000005 
17 27  0.2925014800000003  -1.5117759999999993  0.9204246000000005 
17 28  0.02197987999999973  -7.985375999999999  0.995781 
17 29  4.671569879999999  -7.985375999999999  0.995781 
17 30  4.248879879999999  -3.149215999999999  -1.695519 
17 31  0.44466987999999974  -3.149215999999999  -1.695519 
17 32  0.4953926799999997  -6.347935999999999  -1.695519 
17 33  4.198157079999999  -6.347935999999999  -1.695519 
17 34  4.722292679999999  -4.786655999999999  0.995781 
17 35  -0.028742920000000227  -4.786655999999999  0.995781 
17 36  -1.88012512  -1.7021759999999997  -2.7235956 
17 37  2.346774879999999  -9.432415999999998  -0.03229559999999987 
17 38  -1.8801251200000002  -4.996095999999999  -2.7235956 
17 39  2.346774879999999  -6.138495999999999  -0.03229559999999987 
17 40  4.4010482799999995  -0.10281599999999891  -1.7708754 
17 41  0.29250147999999987  -0.10281599999999891  -1.7708754 
17 42  0.1741482800000007  8.008224  0.9204246000000005 
17 43  4.51940148  8.008224  0.9204246000000005 
17 44  4.24887988  1.5346240000000009  0.995781 
17 45  0.44466988000000063  1.5346240000000009  0.995781 
17 46  0.021979880000000618  6.370784000000002  -1.695519 
17 47  4.67156988  6.370784000000002  -1.695519 
17 48  4.72229268  3.1720640000000007  -1.695519 
17 49  -0.028742919999999783  3.1720640000000007  -1.695519 
17 50  0.4953926800000006  4.733344000000001  0.995781 
17 51  4.19815708  4.733344000000001  0.995781 
17 52  2.34677488  7.817824  -2.7235956 
17 53  -1.8801251199999998  0.08758400000000144  -0.03229559999999987 
17 54  2.34677488  4.523904000000002  -2.7235956 
17 55  -1.8801251199999995  3.3815039999999996  -0.03229559999999987 
18 24  -0.29250148000000165  -17.528223999999998  0.9204245999999998 
18 25  4.052751719999998  -17.528223999999998  0.9204245999999998 
18 26  3.934398519999999  -9.417183999999999  3.6117246000000005 
18 27  -0.17414828000000027  -9.417183999999999  3.6117246000000005 
18 28  -0.44466988000000085  -15.890783999999998  3.687081 
18 29  4.204920119999999  -15.890783999999998  3.687081 
18 30  3.782230119999998  -11.054623999999999  0.9957809999999998 
18 31  -0.02197988000000084  -11.054623999999999  0.9957809999999998 
18 32  0.028742919999999117  -14.253343999999998  0.9957809999999998 
18 33  3.731507319999998  -14.253343999999998  0.9957809999999998 
18 34  4.255642919999998  -12.692063999999998  3.687081 
18 35  -0.4953926800000008  -12.692063999999998  3.687081 
18 36  -2.346774880000001  -9.607584  -0.03229560000000009 
18 37  1.8801251199999984  -17.337823999999998  2.6590043999999997 
18 38  -2.346774880000001  -12.901504  -0.03229560000000009 
18 39  1.8801251199999984  -14.043903999999998  2.6590043999999997 
18 40  3.934398519999999  -8.008223999999998  0.9204245999999998 
18 41  -0.1741482800000007  -8.008223999999998  0.9204245999999998 
18 42  -0.29250147999999987  0.10281600000000068  3.6117246000000005 
18 43  4.05275172  0.10281600000000068  3.6117246000000005 
18 44  3.782230119999999  -6.370783999999999  3.687081 
18 45  -0.02197987999999995  -6.370783999999999  3.687081 
18 46  -0.44466987999999996  -1.5346239999999973  0.9957809999999998 
18 47  4.204920119999999  -1.5346239999999973  0.9957809999999998 
18 48  4.25564292  -4.733343999999999  0.9957809999999998 
18 49  -0.49539268000000036  -4.733343999999999  0.9957809999999998 
18 50  0.028742920000000005  -3.172063999999999  3.687081 
18 51  3.731507319999999  -3.172063999999999  3.687081 
18 52  1.8801251199999993  -0.08758399999999966  -0.03229560000000009 
18 53  -2.3467748800000003  -7.817823999999998  2.6590043999999997 
18 54  1.8801251199999993  -3.381503999999998  -0.03229560000000009 
18 55  -2.3467748800000003  -4.523904  2.6590043999999997 
19 24  -4.052751720000001  -17.528223999999998  0.9204245999999998 
19 25  0.2925014799999994  -17.528223999999998  0.9204245999999998 
19 26  0.17414827999999982  -9.417183999999999  3.6117246000000005 
19 27  -3.9343985199999993  -9.417183999999999  3.6117246000000005 
19 28  -4.20492012  -15.890783999999998  3.687081 
19 29  0.4446698799999993  -15.890783999999998  3.687081 
19 30  0.021979879999999064  -11.054623999999999  0.9957809999999998 
19 31  -3.78223012  -11.054623999999999  0.9957809999999998 
19 32  -3.73150732  -14.253343999999998  0.9957809999999998 
19 33  -0.028742920000000893  -14.253343999999998  0.9957809999999998 
19 34  0.49539267999999925  -12.692063999999998  3.687081 
19 35  -4.25564292  -12.692063999999998  3.687081 
19 36  -6.107025119999999  -9.607584  -0.03229560000000009 
19 37  -1.8801251200000006  -17.337823999999998  2.6590043999999997 
19 38  -6.10702512  -12.901504  -0.03229560000000009 
19 39  -1.8801251200000006  -14.043903999999998  2.6590043999999997 
19 40  0.17414827999999982  -8.008223999999998  0.9204245999999998 
19 41  -3.93439852  -8.008223999999998  0.9204245999999998 
19 42  -4.052751719999999  0.10281600000000068  3.6117246000000005 
19 43  0.2925014800000003  0.10281600000000068  3.6117246000000005 
19 44  0.02197987999999995  -6.370783999999999  3.687081 
19 45  -3.782230119999999  -6.370783999999999  3.687081 
19 46  -4.204920119999999  -1.5346239999999973  0.9957809999999998 
19 47  0.4446698800000002  -1.5346239999999973  0.9957809999999998 
19 48  0.49539268000000014  -4.733343999999999  0.9957809999999998 
19 49  -4.25564292  -4.733343999999999  0.9957809999999998 
19 50  -3.731507319999999  -3.172063999999999  3.687081 
19 51  -0.028742920000000005  -3.172063999999999  3.687081 
19 52  -1.8801251199999998  -0.08758399999999966  -0.03229560000000009 
19 53  -6.107025119999999  -7.817823999999998  2.6590043999999997 
19 54  -1.8801251199999998  -3.381503999999998  -0.03229560000000009 
19 55  -6.107025119999999  -4.523904  2.6590043999999997 
20 24  -4.635218540000001  -12.783456  -1.9969446000000004 
20 25  -0.28996534000000107  -12.783456  -1.9969446000000004 
20 26  -0.4083185400000007  -4.672416  0.6943554000000001 
20 27  -4.51686534  -4.672416  0.6943554000000001 
20 28  -4.78738694  -11.146016  0.7697117999999996 
20 29  -0.1377969400000012  -11.146016  0.7697117999999996 
20 30  -0.5604869400000014  -6.309856  -1.9215882000000004 
20 31  -4.36469694  -6.309856  -1.9215882000000004 
20 32  -4.313974140000001  -9.508576  -1.9215882000000004 
20 33  -0.6112097400000014  -9.508576  -1.9215882000000004 
20 34  -0.08707414000000124  -7.947296  0.7697117999999996 
20 35  -4.83810974  -7.947296  0.7697117999999996 
20 36  -6.68949194  -4.8628160000000005  -2.9496648000000003 
20 37  -2.462591940000001  -12.593055999999999  -0.2583648000000003 
20 38  -6.689491940000001  -8.156735999999999  -2.9496648000000003 
20 39  -2.462591940000001  -9.299136  -0.2583648000000003 
20 40  -0.4083185400000007  -3.2634559999999997  -1.9969446000000004 
20 41  -4.516865340000001  -3.2634559999999997  -1.9969446000000004 
20 42  -4.635218539999999  4.8475839999999994  0.6943554000000001 
20 43  -0.2899653400000002  4.8475839999999994  0.6943554000000001 
20 44  -0.5604869400000005  -1.626016  0.7697117999999996 
20 45  -4.36469694  -1.626016  0.7697117999999996 
20 46  -4.787386939999999  3.2101440000000014  -1.9215882000000004 
20 47  -0.1377969400000003  3.2101440000000014  -1.9215882000000004 
20 48  -0.08707414000000036  0.011423999999999879  -1.9215882000000004 
20 49  -4.83810974  0.011423999999999879  -1.9215882000000004 
20 50  -4.313974139999999  1.5727039999999999  0.7697117999999996 
20 51  -0.6112097400000005  1.5727039999999999  0.7697117999999996 
20 52  -2.4625919400000003  4.657183999999999  -2.9496648000000003 
20 53  -6.68949194  -3.0730559999999993  -0.2583648000000003 
20 54  -2.4625919400000003  1.363264000000001  -2.9496648000000003 
20 55  -6.68949194  0.22086399999999884  -0.2583648000000003 
21 24  0.28996533999999863  -12.783456  -1.9969446000000004 
21 25  4.6352185399999986  -12.783456  -1.9969446000000004 
21 26  4.516865339999999  -4.672416  0.6943554000000001 
21 27  0.40831854  -4.672416  0.6943554000000001 
21 28  0.13779693999999942  -11.146016  0.7697117999999996 
21 29  4.787386939999998  -11.146016  0.7697117999999996 
21 30  4.364696939999998  -6.309856  -1.9215882000000004 
21 31  0.5604869399999994  -6.309856  -1.9215882000000004 
21 32  0.6112097399999994  -9.508576  -1.9215882000000004 
21 33  4.313974139999998  -9.508576  -1.9215882000000004 
21 34  4.838109739999998  -7.947296  0.7697117999999996 
21 35  0.08707413999999947  -7.947296  0.7697117999999996 
21 36  -1.7643080600000003  -4.8628160000000005  -2.9496648000000003 
21 37  2.4625919399999985  -12.593055999999999  -0.2583648000000003 
21 38  -1.7643080600000005  -8.156735999999999  -2.9496648000000003 
21 39  2.4625919399999985  -9.299136  -0.2583648000000003 
21 40  4.516865339999999  -3.2634559999999997  -1.9969446000000004 
21 41  0.40831853999999956  -3.2634559999999997  -1.9969446000000004 
21 42  0.2899653400000004  4.8475839999999994  0.6943554000000001 
21 43  4.635218539999999  4.8475839999999994  0.6943554000000001 
21 44  4.364696939999999  -1.626016  0.7697117999999996 
21 45  0.5604869400000003  -1.626016  0.7697117999999996 
21 46  0.1377969400000003  3.2101440000000014  -1.9215882000000004 
21 47  4.787386939999999  3.2101440000000014  -1.9215882000000004 
21 48  4.838109739999999  0.011423999999999879  -1.9215882000000004 
21 49  0.08707413999999991  0.011423999999999879  -1.9215882000000004 
21 50  0.6112097400000003  1.5727039999999999  0.7697117999999996 
21 51  4.313974139999999  1.5727039999999999  0.7697117999999996 
21 52  2.4625919399999994  4.657183999999999  -2.9496648000000003 
21 53  -1.76430806  -3.0730559999999993  -0.2583648000000003 
21 54  2.4625919399999994  1.363264000000001  -2.9496648000000003 
21 55  -1.7643080599999998  0.22086399999999884  -0.2583648000000003 
22 24  -0.4083185400000011  -14.367583999999999  0.6943553999999998 
22 25  3.936934659999999  -14.367583999999999  0.6943553999999998 
22 26  3.8185814599999994  -6.256544  3.3856554 
22 27  -0.28996533999999974  -6.256544  3.3856554 
22 28  -0.5604869400000003  -12.730144  3.4610117999999996 
22 29  4.089103059999999  -12.730144  3.4610117999999996 
22 30  3.6664130599999987  -7.893984  0.7697117999999998 
22 31  -0.1377969400000003  -7.893984  0.7697117999999998 
22 32  -0.08707414000000036  -11.092704  0.7697117999999998 
22 33  3.6156902599999987  -11.092704  0.7697117999999998 
22 34  4.139825859999998  -9.531424  3.4610117999999996 
22 35  -0.6112097400000003  -9.531424  3.4610117999999996 
22 36  -2.4625919400000003  -6.446944  -0.25836480000000006 
22 37  1.764308059999999  -14.177183999999999  2.4329352 
22 38  -2.4625919400000003  -9.740863999999998  -0.25836480000000006 
22 39  1.764308059999999  -10.883264  2.4329352 
22 40  3.8185814599999994  -4.8475839999999994  0.6943553999999998 
22 41  -0.2899653400000002  -4.8475839999999994  0.6943553999999998 
22 42  -0.40831853999999934  3.2634559999999997  3.3856554 
22 43  3.93693466  3.2634559999999997  3.3856554 
22 44  3.6664130599999996  -3.2101439999999997  3.4610117999999996 
22 45  -0.13779693999999942  -3.2101439999999997  3.4610117999999996 
22 46  -0.5604869399999994  1.6260160000000017  0.7697117999999998 
22 47  4.089103059999999  1.6260160000000017  0.7697117999999998 
22 48  4.13982586  -1.5727039999999999  0.7697117999999998 
22 49  -0.6112097399999998  -1.5727039999999999  0.7697117999999998 
22 50  -0.08707413999999947  -0.011423999999999879  3.4610117999999996 
22 51  3.6156902599999996  -0.011423999999999879  3.4610117999999996 
22 52  1.7643080599999998  3.0730559999999993  -0.25836480000000006 
22 53  -2.46259194  -4.657183999999999  2.4329352 
22 54  1.7643080599999998  -0.22086399999999884  -0.25836480000000006 
22 55  -2.46259194  -1.363264000000001  2.4329352 
23 24  -3.9369346600000004  -14.367583999999999  0.6943553999999998 
23 25  0.4083185399999998  -14.367583999999999  0.6943553999999998 
23 26  0.2899653400000002  -6.256544  3.3856554 
23 27  -3.818581459999999  -6.256544  3.3856554 
23 28  -4.089103059999999  -12.730144  3.4610117999999996 
23 29  0.5604869399999997  -12.730144  3.4610117999999996 
23 30  0.13779693999999942  -7.893984  0.7697117999999998 
23 31  -3.6664130599999996  -7.893984  0.7697117999999998 
23 32  -3.6156902599999996  -11.092704  0.7697117999999998 
23 33  0.08707413999999947  -11.092704  0.7697117999999998 
23 34  0.6112097399999996  -9.531424  3.4610117999999996 
23 35  -4.139825859999999  -9.531424  3.4610117999999996 
23 36  -5.991208059999999  -6.446944  -0.25836480000000006 
23 37  -1.7643080600000003  -14.177183999999999  2.4329352 
23 38  -5.99120806  -9.740863999999998  -0.25836480000000006 
23 39  -1.7643080600000003  -10.883264  2.4329352 
23 40  0.2899653400000002  -4.8475839999999994  0.6943553999999998 
23 41  -3.8185814599999994  -4.8475839999999994  0.6943553999999998 
23 42  -3.9369346599999986  3.2634559999999997  3.3856554 
23 43  0.4083185400000007  3.2634559999999997  3.3856554 
23 44  0.1377969400000003  -3.2101439999999997  3.4610117999999996 
23 45  -3.6664130599999987  -3.2101439999999997  3.4610117999999996 
23 46  -4.0891030599999985  1.6260160000000017  0.7697117999999998 
23 47  0.5604869400000005  1.6260160000000017  0.7697117999999998 
23 48  0.6112097400000005  -1.5727039999999999  0.7697117999999998 
23 49  -4.139825859999999  -1.5727039999999999  0.7697117999999998 
23 50  -3.6156902599999987  -0.011423999999999879  3.4610117999999996 
23 51  0.08707414000000036  -0.011423999999999879  3.4610117999999996 
23 52  -1.7643080599999994  3.0730559999999993  -0.25836480000000006 
23 53  -5.991208059999999  -4.657183999999999  2.4329352 
23 54  -1.7643080599999994  -0.22086399999999884  -0.25836480000000006 
23 55  -5.991208059999999  -1.363264000000001  2.4329352 
24 0  -2.054273399999999  1.7840480000000003  -0.8235378 
24 1  2.1726266  6.326992  1.8677622 
24 2  2.1726266  1.528912  -0.9473376 
24 3  -2.0542733999999987  6.582127999999999  1.7439624 
24 4  2.172626600000001  11.304048  -0.8235378 
24 5  -2.0542733999999983  15.846991999999997  1.8677622 
24 6  -2.0542733999999987  11.048911999999998  -0.9473376 
24 7  2.172626600000001  16.102128  1.7439624 
24 8  0.29250148000000076  0.10281600000000013  1.7708754 
24 9  4.05275172  0.10281600000000013  1.7708754 
24 10  4.519401480000001  8.008224  -0.9204245999999998 
24 11  -0.17414827999999938  8.008224  -0.9204245999999998 
24 12  0.4083185400000011  3.263456  1.9969446000000004 
24 13  3.9369346599999995  3.263456  1.9969446000000004 
24 14  4.63521854  4.847584  -0.6943553999999998 
24 15  -0.2899653399999993  4.847584  -0.6943553999999998 
24 16  4.519401480000001  9.622815999999998  1.7708754 
24 17  -0.17414827999999893  9.622815999999998  1.7708754 
24 18  0.29250148000000165  17.528223999999998  -0.9204245999999998 
24 19  4.052751720000001  17.528223999999998  -0.9204245999999998 
24 20  4.635218540000001  12.783456  1.9969446000000004 
24 21  -0.28996533999999863  12.783456  1.9969446000000004 
24 22  0.4083185400000011  14.367583999999999  -0.6943553999999998 
24 23  3.9369346600000004  14.367583999999999  -0.6943553999999998 
25 0  -6.3995266  1.7840480000000003  -0.8235378 
25 1  -2.1726266  6.326992  1.8677622 
25 2  -2.1726266  1.528912  -0.9473376 
25 3  -6.399526599999999  6.582127999999999  1.7439624 
25 4  -2.172626599999999  11.304048  -0.8235378 
25 5  -6.399526599999999  15.846991999999997  1.8677622 
25 6  -6.399526599999999  11.048911999999998  -0.9473376 
25 7  -2.172626599999999  16.102128  1.7439624 
25 8  -4.05275172  0.10281600000000013  1.7708754 
25 9  -0.2925014800000003  0.10281600000000013  1.7708754 
25 10  0.1741482800000007  8.008224  -0.9204245999999998 
25 11  -4.519401479999999  8.008224  -0.9204245999999998 
25 12  -3.936934659999999  3.263456  1.9969446000000004 
25 13  -0.4083185400000007  3.263456  1.9969446000000004 
25 14  0.2899653400000002  4.847584  -0.6943553999999998 
25 15  -4.635218539999999  4.847584  -0.6943553999999998 
25 16  0.1741482800000007  9.622815999999998  1.7708754 
25 17  -4.519401479999999  9.622815999999998  1.7708754 
25 18  -4.052751719999998  17.528223999999998  -0.9204245999999998 
25 19  -0.2925014799999994  17.528223999999998  -0.9204245999999998 
25 20  0.28996534000000107  12.783456  1.9969446000000004 
25 21  -4.6352185399999986  12.783456  1.9969446000000004 
25 22  -3.936934659999999  14.367583999999999  -0.6943553999999998 
25 23  -0.4083185399999998  14.367583999999999  -0.6943553999999998 
26 0  -6.2811734  -6.326991999999999  -3.5148378000000005 
26 1  -2.0542734000000005  -1.7840479999999994  -0.8235378000000004 
26 2  -2.0542734000000005  -6.582127999999999  -3.6386376000000005 
26 3  -6.281173399999999  -1.528912  -0.9473376000000004 
26 4  -2.0542733999999996  3.1930080000000007  -3.5148378000000005 
26 5  -6.281173399999999  7.7359519999999975  -0.8235378000000004 
26 6  -6.281173399999999  2.9378719999999987  -3.6386376000000005 
26 7  -2.0542733999999996  7.991088000000001  -0.9473376000000004 
26 8  -3.93439852  -8.008223999999998  -0.9204246000000005 
26 9  -0.1741482800000007  -8.008223999999998  -0.9204246000000005 
26 10  0.2925014800000003  -0.10281599999999891  -3.6117246000000005 
26 11  -4.4010482799999995  -0.10281599999999891  -3.6117246000000005 
26 12  -3.8185814599999994  -4.8475839999999994  -0.6943554000000001 
26 13  -0.28996534000000107  -4.8475839999999994  -0.6943554000000001 
26 14  0.4083185399999998  -3.263455999999999  -3.3856554 
26 15  -4.51686534  -3.263455999999999  -3.3856554 
26 16  0.2925014800000003  1.5117759999999993  -0.9204246000000005 
26 17  -4.4010482799999995  1.5117759999999993  -0.9204246000000005 
26 18  -3.934398519999999  9.417183999999999  -3.6117246000000005 
26 19  -0.17414827999999982  9.417183999999999  -3.6117246000000005 
26 20  0.4083185400000007  4.672416  -0.6943554000000001 
26 21  -4.516865339999999  4.672416  -0.6943554000000001 
26 22  -3.8185814599999994  6.256544  -3.3856554 
26 23  -0.2899653400000002  6.256544  -3.3856554 
27 0  -2.1726266000000005  -6.326991999999999  -3.5148378000000005 
27 1  2.0542733999999987  -1.7840479999999994  -0.8235378000000004 
27 2  2.0542733999999987  -6.582127999999999  -3.6386376000000005 
27 3  -2.1726266  -1.528912  -0.9473376000000004 
27 4  2.0542733999999996  3.1930080000000007  -3.5148378000000005 
27 5  -2.1726265999999996  7.7359519999999975  -0.8235378000000004 
27 6  -2.1726266  2.9378719999999987  -3.6386376000000005 
27 7  2.0542733999999996  7.991088000000001  -0.9473376000000004 
27 8  0.17414827999999938  -8.008223999999998  -0.9204246000000005 
27 9  3.9343985199999985  -8.008223999999998  -0.9204246000000005 
27 10  4.4010482799999995  -0.10281599999999891  -3.6117246000000005 
27 11  -0.29250148000000076  -0.10281599999999891  -3.6117246000000005 
27 12  0.28996533999999974  -4.8475839999999994  -0.6943554000000001 
27 13  3.818581459999998  -4.8475839999999994  -0.6943554000000001 
27 14  4.516865339999999  -3.263455999999999  -3.3856554 
27 15  -0.4083185400000007  -3.263455999999999  -3.3856554 
27 16  4.4010482799999995  1.5117759999999993  -0.9204246000000005 
27 17  -0.2925014800000003  1.5117759999999993  -0.9204246000000005 
27 18  0.17414828000000027  9.417183999999999  -3.6117246000000005 
27 19  3.9343985199999993  9.417183999999999  -3.6117246000000005 
27 20  4.51686534  4.672416  -0.6943554000000001 
27 21  -0.40831854  4.672416  -0.6943554000000001 
27 22  0.28996533999999974  6.256544  -3.3856554 
27 23  3.818581459999999  6.256544  -3.3856554 
28 0  -1.9021050000000002  0.14660800000000007  -3.5901942 
28 1  2.324794999999999  4.689552  -0.8988942 
28 2  2.324794999999999  -0.10852800000000018  -3.713994 
28 3  -1.9021049999999997  4.944687999999999  -1.022694 
28 4  2.324795  9.666608  -3.5901942 
28 5  -1.902104999999999  14.209551999999997  -0.8988942 
28 6  -1.9021049999999995  9.411471999999998  -3.713994 
28 7  2.324795  14.464688  -1.022694 
28 8  0.44466987999999996  -1.534624  -0.995781 
28 9  4.204920119999999  -1.534624  -0.995781 
28 10  4.67156988  6.3707840000000004  -3.687081 
28 11  -0.021979880000000174  6.3707840000000004  -3.687081 
28 12  0.5604869400000003  1.626016  -0.7697117999999996 
28 13  4.0891030599999985  1.626016  -0.7697117999999996 
28 14  4.787386939999999  3.2101440000000006  -3.4610117999999996 
28 15  -0.1377969400000001  3.2101440000000006  -3.4610117999999996 
28 16  4.67156988  7.985375999999999  -0.995781 
28 17  -0.02197987999999973  7.985375999999999  -0.995781 
28 18  0.44466988000000085  15.890783999999998  -3.687081 
28 19  4.20492012  15.890783999999998  -3.687081 
28 20  4.78738694  11.146016  -0.7697117999999996 
28 21  -0.13779693999999942  11.146016  -0.7697117999999996 
28 22  0.5604869400000003  12.730144  -3.4610117999999996 
28 23  4.089103059999999  12.730144  -3.4610117999999996 
29 0  -6.551695  0.14660800000000007  -3.5901942 
29 1  -2.324795  4.689552  -0.8988942 
29 2  -2.324795  -0.10852800000000018  -3.713994 
29 3  -6.551694999999999  4.944687999999999  -1.022694 
29 4  -2.324794999999999  9.666608  -3.5901942 
29 5  -6.551694999999999  14.209551999999997  -0.8988942 
29 6  -6.551694999999999  9.411471999999998  -3.713994 
29 7  -2.324794999999999  14.464688  -1.022694 
29 8  -4.204920119999999  -1.534624  -0.995781 
29 9  -0.4446698800000002  -1.534624  -0.995781 
29 10  0.02197988000000084  6.3707840000000004  -3.687081 
29 11  -4.67156988  6.3707840000000004  -3.687081 
29 12  -4.089103059999999  1.626016  -0.7697117999999996 
29 13  -0.5604869400000005  1.626016  -0.7697117999999996 
29 14  0.1377969400000003  3.2101440000000006  -3.4610117999999996 
29 15  -4.787386939999999  3.2101440000000006  -3.4610117999999996 
29 16  0.02197988000000084  7.985375999999999  -0.995781 
29 17  -4.671569879999999  7.985375999999999  -0.995781 
29 18  -4.204920119999999  15.890783999999998  -3.687081 
29 19  -0.4446698799999993  15.890783999999998  -3.687081 
29 20  0.1377969400000012  11.146016  -0.7697117999999996 
29 21  -4.787386939999998  11.146016  -0.7697117999999996 
29 22  -4.089103059999999  12.730144  -3.4610117999999996 
29 23  -0.5604869399999997  12.730144  -3.4610117999999996 
30 0  -6.129004999999999  -4.689551999999999  -0.8988942 
30 1  -1.9021049999999997  -0.14660799999999963  1.7924058 
30 2  -1.9021049999999997  -4.944687999999999  -1.022694 
30 3  -6.1290049999999985  0.10852799999999974  1.668606 
30 4  -1.9021049999999988  4.8304480000000005  -0.8988942 
30 5  -6.1290049999999985  9.373391999999997  1.7924058 
30 6  -6.1290049999999985  4.5753119999999985  -1.022694 
30 7  -1.9021049999999988  9.628528000000001  1.668606 
30 8  -3.782230119999999  -6.370784  1.695519 
30 9  -0.02197987999999995  -6.370784  1.695519 
30 10  0.44466988000000107  1.5346240000000009  -0.9957809999999998 
30 11  -4.248879879999999  1.5346240000000009  -0.9957809999999998 
30 12  -3.6664130599999987  -3.2101439999999997  1.9215882000000004 
30 13  -0.1377969400000003  -3.2101439999999997  1.9215882000000004 
30 14  0.5604869400000005  -1.626015999999999  -0.7697117999999998 
30 15  -4.364696939999999  -1.626015999999999  -0.7697117999999998 
30 16  0.44466988000000107  3.149215999999999  1.695519 
30 17  -4.248879879999999  3.149215999999999  1.695519 
30 18  -3.782230119999998  11.054623999999999  -0.9957809999999998 
30 19  -0.021979879999999064  11.054623999999999  -0.9957809999999998 
30 20  0.5604869400000014  6.309856  1.9215882000000004 
30 21  -4.364696939999998  6.309856  1.9215882000000004 
30 22  -3.6664130599999987  7.893984  -0.7697117999999998 
30 23  -0.13779693999999942  7.893984  -0.7697117999999998 
31 0  -2.324795  -4.689551999999999  -0.8988942 
31 1  1.9021049999999993  -0.14660799999999963  1.7924058 
31 2  1.9021049999999993  -4.944687999999999  -1.022694 
31 3  -2.3247949999999995  0.10852799999999974  1.668606 
31 4  1.9021050000000002  4.8304480000000005  -0.8988942 
31 5  -2.324794999999999  9.373391999999997  1.7924058 
31 6  -2.3247949999999995  4.5753119999999985  -1.022694 
31 7  1.9021050000000002  9.628528000000001  1.668606 
31 8  0.02197987999999995  -6.370784  1.695519 
31 9  3.782230119999999  -6.370784  1.695519 
31 10  4.2488798800000005  1.5346240000000009  -0.9957809999999998 
31 11  -0.4446698800000002  1.5346240000000009  -0.9957809999999998 
31 12  0.1377969400000003  -3.2101439999999997  1.9215882000000004 
31 13  3.6664130599999987  -3.2101439999999997  1.9215882000000004 
31 14  4.36469694  -1.626015999999999  -0.7697117999999998 
31 15  -0.5604869400000001  -1.626015999999999  -0.7697117999999998 
31 16  4.2488798800000005  3.149215999999999  1.695519 
31 17  -0.44466987999999974  3.149215999999999  1.695519 
31 18  0.02197988000000084  11.054623999999999  -0.9957809999999998 
31 19  3.78223012  11.054623999999999  -0.9957809999999998 
31 20  4.36469694  6.309856  1.9215882000000004 
31 21  -0.5604869399999994  6.309856  1.9215882000000004 
31 22  0.1377969400000003  7.893984  -0.7697117999999998 
31 23  3.6664130599999996  7.893984  -0.7697117999999998 
32 0  -2.3755178  -1.4908319999999997  -0.8988942 
32 1  1.8513821999999993  3.052112  1.7924058 
32 2  1.8513821999999993  -1.745968  -1.022694 
32 3  -2.3755177999999995  3.3072479999999995  1.668606 
32 4  1.8513822000000002  8.029168  -0.8988942 
32 5  -2.375517799999999  12.572111999999997  1.7924058 
32 6  -2.3755177999999995  7.774031999999998  -1.022694 
32 7  1.8513822000000002  12.827248  1.668606 
32 8  -0.028742920000000005  -3.1720639999999998  1.695519 
32 9  3.731507319999999  -3.1720639999999998  1.695519 
32 10  4.19815708  4.733344000000001  -0.9957809999999998 
32 11  -0.49539268000000014  4.733344000000001  -0.9957809999999998 
32 12  0.08707414000000036  -0.011423999999999879  1.9215882000000004 
32 13  3.6156902599999987  -0.011423999999999879  1.9215882000000004 
32 14  4.313974139999999  1.5727040000000008  -0.7697117999999998 
32 15  -0.6112097400000001  1.5727040000000008  -0.7697117999999998 
32 16  4.19815708  6.347935999999999  1.695519 
32 17  -0.4953926799999997  6.347935999999999  1.695519 
32 18  -0.028742919999999117  14.253343999999998  -0.9957809999999998 
32 19  3.73150732  14.253343999999998  -0.9957809999999998 
32 20  4.313974140000001  9.508576  1.9215882000000004 
32 21  -0.6112097399999994  9.508576  1.9215882000000004 
32 22  0.08707414000000036  11.092704  -0.7697117999999998 
32 23  3.6156902599999996  11.092704  -0.7697117999999998 
33 0  -6.078282199999999  -1.4908319999999997  -0.8988942 
33 1  -1.8513821999999998  3.052112  1.7924058 
33 2  -1.8513821999999998  -1.745968  -1.022694 
33 3  -6.0782821999999985  3.3072479999999995  1.668606 
33 4  -1.8513821999999989  8.029168  -0.8988942 
33 5  -6.0782821999999985  12.572111999999997  1.7924058 
33 6  -6.0782821999999985  7.774031999999998  -1.022694 
33 7  -1.8513821999999989  12.827248  1.668606 
33 8  -3.731507319999999  -3.1720639999999998  1.695519 
33 9  0.028742920000000005  -3.1720639999999998  1.695519 
33 10  0.49539268000000103  4.733344000000001  -0.9957809999999998 
33 11  -4.19815708  4.733344000000001  -0.9957809999999998 
33 12  -3.6156902599999987  -0.011423999999999879  1.9215882000000004 
33 13  -0.08707414000000036  -0.011423999999999879  1.9215882000000004 
33 14  0.6112097400000005  1.5727040000000008  -0.7697117999999998 
33 15  -4.313974139999999  1.5727040000000008  -0.7697117999999998 
33 16  0.49539268000000103  6.347935999999999  1.695519 
33 17  -4.198157079999999  6.347935999999999  1.695519 
33 18  -3.731507319999998  14.253343999999998  -0.9957809999999998 
33 19  0.028742920000000893  14.253343999999998  -0.9957809999999998 
33 20  0.6112097400000014  9.508576  1.9215882000000004 
33 21  -4.313974139999998  9.508576  1.9215882000000004 
33 22  -3.6156902599999987  11.092704  -0.7697117999999998 
33 23  -0.08707413999999947  11.092704  -0.7697117999999998 
34 0  -6.6024178  -3.0521119999999997  -3.5901942 
34 1  -2.3755178  1.4908320000000002  -0.8988942 
34 2  -2.3755178  -3.307248  -3.713994 
34 3  -6.602417799999999  1.7459679999999995  -1.022694 
34 4  -2.375517799999999  6.467888  -3.5901942 
34 5  -6.602417799999999  11.010831999999997  -0.8988942 
34 6  -6.602417799999999  6.212751999999998  -3.713994 
34 7  -2.375517799999999  11.265968  -1.022694 
34 8  -4.25564292  -4.733344  -0.995781 
34 9  -0.49539268000000014  -4.733344  -0.995781 
34 10  -0.028742919999999117  3.1720640000000007  -3.687081 
34 11  -4.722292679999999  3.1720640000000007  -3.687081 
34 12  -4.139825859999998  -1.5727039999999999  -0.7697117999999996 
34 13  -0.6112097400000005  -1.5727039999999999  -0.7697117999999996 
34 14  0.08707414000000036  0.011424000000000767  -3.4610117999999996 
34 15  -4.838109739999999  0.011424000000000767  -3.4610117999999996 
34 16  -0.028742919999999117  4.786655999999999  -0.995781 
34 17  -4.722292679999999  4.786655999999999  -0.995781 
34 18  -4.255642919999998  12.692063999999998  -3.687081 
34 19  -0.49539267999999925  12.692063999999998  -3.687081 
34 20  0.08707414000000124  7.947296  -0.7697117999999996 
34 21  -4.838109739999998  7.947296  -0.7697117999999996 
34 22  -4.139825859999998  9.531424  -3.4610117999999996 
34 23  -0.6112097399999996  9.531424  -3.4610117999999996 
35 0  -1.8513822000000002  -3.0521119999999997  -3.5901942 
35 1  2.375517799999999  1.4908320000000002  -0.8988942 
35 2  2.375517799999999  -3.307248  -3.713994 
35 3  -1.8513821999999998  1.7459679999999995  -1.022694 
35 4  2.3755178  6.467888  -3.5901942 
35 5  -1.851382199999999  11.010831999999997  -0.8988942 
35 6  -1.8513821999999995  6.212751999999998  -3.713994 
35 7  2.3755178  11.265968  -1.022694 
35 8  0.4953926799999999  -4.733344  -0.995781 
35 9  4.255642919999999  -4.733344  -0.995781 
35 10  4.72229268  3.1720640000000007  -3.687081 
35 11  0.028742919999999783  3.1720640000000007  -3.687081 
35 12  0.6112097400000003  -1.5727039999999999  -0.7697117999999996 
35 13  4.139825859999998  -1.5727039999999999  -0.7697117999999996 
35 14  4.838109739999999  0.011424000000000767  -3.4610117999999996 
35 15  -0.08707414000000013  0.011424000000000767  -3.4610117999999996 
35 16  4.72229268  4.786655999999999  -0.995781 
35 17  0.028742920000000227  4.786655999999999  -0.995781 
35 18  0.4953926800000008  12.692063999999998  -3.687081 
35 19  4.25564292  12.692063999999998  -3.687081 
35 20  4.83810974  7.947296  -0.7697117999999996 
35 21  -0.08707413999999947  7.947296  -0.7697117999999996 
35 22  0.6112097400000003  9.531424  -3.4610117999999996 
35 23  4.139825859999999  9.531424  -3.4610117999999996 
36 0  -3.6784774689035406e-16  -6.1365919999999985  0.12918239999999992 
36 1  4.226899999999999  -1.593647999999999  2.8204824 
36 2  4.226899999999999  -6.391727999999999  0.005382599999999904 
36 3  8.316396389930201e-17  -1.3385119999999997  2.6966826 
36 4  4.2269  3.383408000000001  0.12918239999999992 
36 5  6.580538174463333e-16  7.926351999999998  2.8204824 
36 6  1.9188100377616887e-16  3.128271999999999  0.005382599999999904 
36 7  4.2269  8.181488000000002  2.6966826 
36 8  2.34677488  -7.817823999999999  2.7235956 
36 9  6.1070251199999985  -7.817823999999999  2.7235956 
36 10  6.5736748799999996  0.08758400000000144  0.03229560000000009 
36 11  1.8801251199999995  0.08758400000000144  0.03229560000000009 
36 12  2.4625919400000003  -4.657183999999999  2.9496648000000003 
36 13  5.991208059999998  -4.657183999999999  2.9496648000000003 
36 14  6.689491939999999  -3.0730559999999985  0.25836480000000006 
36 15  1.7643080599999996  -3.0730559999999985  0.25836480000000006 
36 16  6.5736748799999996  1.7021759999999997  2.7235956 
36 17  1.88012512  1.7021759999999997  2.7235956 
36 18  2.346774880000001  9.607584  0.03229560000000009 
36 19  6.107025119999999  9.607584  0.03229560000000009 
36 20  6.68949194  4.8628160000000005  2.9496648000000003 
36 21  1.7643080600000003  4.8628160000000005  2.9496648000000003 
36 22  2.4625919400000003  6.446944  0.25836480000000006 
36 23  5.991208059999999  6.446944  0.25836480000000006 
37 0  -4.2269  1.593648  -2.5621176 
37 1  0.0  6.136592  0.12918239999999992 
37 2  0.0  1.3385119999999997  -2.6859174 
37 3  -4.226899999999999  6.391728  0.005382599999999904 
37 4  8.881784197001252e-16  11.113648  -2.5621176 
37 5  -4.226899999999999  15.656591999999996  0.12918239999999992 
37 6  -4.226899999999999  10.858511999999997  -2.6859174 
37 7  8.881784197001252e-16  15.911728  0.005382599999999904 
37 8  -1.8801251199999993  -0.087584  0.03229559999999987 
37 9  1.8801251199999998  -0.087584  0.03229559999999987 
37 10  2.346774880000001  7.817824000000001  -2.6590043999999997 
37 11  -2.3467748799999995  7.817824000000001  -2.6590043999999997 
37 12  -1.764308059999999  3.073056  0.2583648000000003 
37 13  1.7643080599999994  3.073056  0.2583648000000003 
37 14  2.4625919400000003  4.657184000000001  -2.4329352 
37 15  -2.4625919399999994  4.657184000000001  -2.4329352 
37 16  2.346774880000001  9.432415999999998  0.03229559999999987 
37 17  -2.346774879999999  9.432415999999998  0.03229559999999987 
37 18  -1.8801251199999984  17.337823999999998  -2.6590043999999997 
37 19  1.8801251200000006  17.337823999999998  -2.6590043999999997 
37 20  2.462591940000001  12.593055999999999  0.2583648000000003 
37 21  -2.4625919399999985  12.593055999999999  0.2583648000000003 
37 22  -1.764308059999999  14.177183999999999  -2.4329352 
37 23  1.7643080600000003  14.177183999999999  -2.4329352 
38 0  -1.6615331765798157e-16  -2.842672  0.12918239999999992 
38 1  4.2269  1.700272  2.8204824 
38 2  4.2269  -3.097808  0.005382599999999904 
38 3  2.848583931316745e-16  1.9554079999999994  2.6966826 
38 4  4.2269000000000005  6.677328  0.12918239999999992 
38 5  8.597482466787058e-16  11.220271999999998  2.8204824 
38 6  3.9357543300854136e-16  6.422191999999998  0.005382599999999904 
38 7  4.2269000000000005  11.475408000000002  2.6966826 
38 8  2.34677488  -4.523904  2.7235956 
38 9  6.107025119999999  -4.523904  2.7235956 
38 10  6.57367488  3.3815040000000005  0.03229560000000009 
38 11  1.8801251199999998  3.3815040000000005  0.03229560000000009 
38 12  2.4625919400000003  -1.363264  2.9496648000000003 
38 13  5.991208059999999  -1.363264  2.9496648000000003 
38 14  6.68949194  0.22086400000000062  0.25836480000000006 
38 15  1.7643080599999998  0.22086400000000062  0.25836480000000006 
38 16  6.57367488  4.996095999999999  2.7235956 
38 17  1.8801251200000002  4.996095999999999  2.7235956 
38 18  2.346774880000001  12.901504  0.03229560000000009 
38 19  6.10702512  12.901504  0.03229560000000009 
38 20  6.689491940000001  8.156735999999999  2.9496648000000003 
38 21  1.7643080600000005  8.156735999999999  2.9496648000000003 
38 22  2.4625919400000003  9.740863999999998  0.25836480000000006 
38 23  5.99120806  9.740863999999998  0.25836480000000006 
39 0  -4.2269  -1.7002719999999996  -2.5621176 
39 1  0.0  2.8426720000000003  0.12918239999999992 
39 2  0.0  -1.9554079999999998  -2.6859174 
39 3  -4.226899999999999  3.0978079999999997  0.005382599999999904 
39 4  8.881784197001252e-16  7.8197280000000005  -2.5621176 
39 5  -4.226899999999999  12.362671999999996  0.12918239999999992 
39 6  -4.226899999999999  7.564591999999998  -2.6859174 
39 7  8.881784197001252e-16  12.617808  0.005382599999999904 
39 8  -1.8801251199999993  -3.3815039999999996  0.03229559999999987 
39 9  1.8801251199999998  -3.3815039999999996  0.03229559999999987 
39 10  2.346774880000001  4.523904000000001  -2.6590043999999997 
39 11  -2.3467748799999995  4.523904000000001  -2.6590043999999997 
39 12  -1.764308059999999  -0.22086399999999973  0.2583648000000003 
39 13  1.7643080599999994  -0.22086399999999973  0.2583648000000003 
39 14  2.4625919400000003  1.363264000000001  -2.4329352 
39 15  -2.4625919399999994  1.363264000000001  -2.4329352 
39 16  2.346774880000001  6.138495999999999  0.03229559999999987 
39 17  -2.346774879999999  6.138495999999999  0.03229559999999987 
39 18  -1.8801251199999984  14.043903999999998  -2.6590043999999997 
39 19  1.8801251200000006  14.043903999999998  -2.6590043999999997 
39 20  2.462591940000001  9.299136  0.2583648000000003 
39 21  -2.4625919399999985  9.299136  0.2583648000000003 
39 22  -1.764308059999999  10.883264  -2.4329352 
39 23  1.7643080600000003  10.883264  -2.4329352 
40 0  -6.2811734  -7.735951999999999  -0.8235378 
40 1  -2.0542734000000005  -3.193008  1.8677622 
40 2  -2.0542734000000005  -7.9910879999999995  -0.9473376 
40 3  -6.281173399999999  -2.9378720000000005  1.7439624 
40 4  -2.0542733999999996  1.7840480000000003  -0.8235378 
40 5  -6.281173399999999  6.326991999999997  1.8677622 
40 6  -6.281173399999999  1.5289119999999983  -0.9473376 
40 7  -2.0542733999999996  6.582128000000001  1.7439624 
40 8  -3.93439852  -9.417183999999999  1.7708754 
40 9  -0.1741482800000007  -9.417183999999999  1.7708754 
40 10  0.2925014800000003  -1.5117759999999993  -0.9204245999999998 
40 11  -4.4010482799999995  -1.5117759999999993  -0.9204245999999998 
40 12  -3.8185814599999994  -6.256544  1.9969446000000004 
40 13  -0.28996534000000107  -6.256544  1.9969446000000004 
40 14  0.4083185399999998  -4.672415999999999  -0.6943553999999998 
40 15  -4.51686534  -4.672415999999999  -0.6943553999999998 
40 16  0.2925014800000003  0.10281599999999891  1.7708754 
40 17  -4.4010482799999995  0.10281599999999891  1.7708754 
40 18  -3.934398519999999  8.008223999999998  -0.9204245999999998 
40 19  -0.17414827999999982  8.008223999999998  -0.9204245999999998 
40 20  0.4083185400000007  3.2634559999999997  1.9969446000000004 
40 21  -4.516865339999999  3.2634559999999997  1.9969446000000004 
40 22  -3.8185814599999994  4.8475839999999994  -0.6943553999999998 
40 23  -0.2899653400000002  4.8475839999999994  -0.6943553999999998 
41 0  -2.1726266  -7.735951999999999  -0.8235378 
41 1  2.054273399999999  -3.193008  1.8677622 
41 2  2.054273399999999  -7.9910879999999995  -0.9473376 
41 3  -2.1726265999999996  -2.9378720000000005  1.7439624 
41 4  2.0542734  1.7840480000000003  -0.8235378 
41 5  -2.172626599999999  6.326991999999997  1.8677622 
41 6  -2.1726265999999996  1.5289119999999983  -0.9473376 
41 7  2.0542734  6.582128000000001  1.7439624 
41 8  0.17414827999999982  -9.417183999999999  1.7708754 
41 9  3.934398519999999  -9.417183999999999  1.7708754 
41 10  4.4010482799999995  -1.5117759999999993  -0.9204245999999998 
41 11  -0.2925014800000003  -1.5117759999999993  -0.9204245999999998 
41 12  0.2899653400000002  -6.256544  1.9969446000000004 
41 13  3.8185814599999985  -6.256544  1.9969446000000004 
41 14  4.516865339999999  -4.672415999999999  -0.6943553999999998 
41 15  -0.40831854000000023  -4.672415999999999  -0.6943553999999998 
41 16  4.4010482799999995  0.10281599999999891  1.7708754 
41 17  -0.29250147999999987  0.10281599999999891  1.7708754 
41 18  0.1741482800000007  8.008223999999998  -0.9204245999999998 
41 19  3.93439852  8.008223999999998  -0.9204245999999998 
41 20  4.516865340000001  3.2634559999999997  1.9969446000000004 
41 21  -0.40831853999999956  3.2634559999999997  1.9969446000000004 
41 22  0.2899653400000002  4.8475839999999994  -0.6943553999999998 
41 23  3.8185814599999994  4.8475839999999994  -0.6943553999999998 
42 0  -2.054273400000001  -15.846991999999998  -3.5148378000000005 
42 1  2.1726265999999983  -11.304047999999998  -0.8235378000000004 
42 2  2.1726265999999983  -16.102128  -3.6386376000000005 
42 3  -2.0542734000000005  -11.048912  -0.9473376000000004 
42 4  2.172626599999999  -6.326991999999999  -3.5148378000000005 
42 5  -2.0542734  -1.784048000000002  -0.8235378000000004 
42 6  -2.0542734000000005  -6.582128000000001  -3.6386376000000005 
42 7  2.172626599999999  -1.5289119999999983  -0.9473376000000004 
42 8  0.292501479999999  -17.528223999999998  -0.9204246000000005 
42 9  4.052751719999998  -17.528223999999998  -0.9204246000000005 
42 10  4.519401479999999  -9.622815999999998  -3.6117246000000005 
42 11  -0.17414828000000115  -9.622815999999998  -3.6117246000000005 
42 12  0.40831853999999934  -14.367583999999999  -0.6943554000000001 
42 13  3.9369346599999977  -14.367583999999999  -0.6943554000000001 
42 14  4.6352185399999986  -12.783455999999997  -3.3856554 
42 15  -0.28996534000000107  -12.783455999999997  -3.3856554 
42 16  4.519401479999999  -8.008224  -0.9204246000000005 
42 17  -0.1741482800000007  -8.008224  -0.9204246000000005 
42 18  0.29250147999999987  -0.10281600000000068  -3.6117246000000005 
42 19  4.052751719999999  -0.10281600000000068  -3.6117246000000005 
42 20  4.635218539999999  -4.8475839999999994  -0.6943554000000001 
42 21  -0.2899653400000004  -4.8475839999999994  -0.6943554000000001 
42 22  0.40831853999999934  -3.2634559999999997  -3.3856554 
42 23  3.9369346599999986  -3.2634559999999997  -3.3856554 
43 0  -6.399526600000001  -15.846991999999998  -3.5148378000000005 
43 1  -2.172626600000001  -11.304047999999998  -0.8235378000000004 
43 2  -2.172626600000001  -16.102128  -3.6386376000000005 
43 3  -6.3995266  -11.048912  -0.9473376000000004 
43 4  -2.1726266  -6.326991999999999  -3.5148378000000005 
43 5  -6.3995266  -1.784048000000002  -0.8235378000000004 
43 6  -6.3995266  -6.582128000000001  -3.6386376000000005 
43 7  -2.1726266  -1.5289119999999983  -0.9473376000000004 
43 8  -4.05275172  -17.528223999999998  -0.9204246000000005 
43 9  -0.2925014800000012  -17.528223999999998  -0.9204246000000005 
43 10  0.17414827999999982  -9.622815999999998  -3.6117246000000005 
43 11  -4.519401480000001  -9.622815999999998  -3.6117246000000005 
43 12  -3.93693466  -14.367583999999999  -0.6943554000000001 
43 13  -0.40831854000000156  -14.367583999999999  -0.6943554000000001 
43 14  0.2899653399999993  -12.783455999999997  -3.3856554 
43 15  -4.63521854  -12.783455999999997  -3.3856554 
43 16  0.17414827999999982  -8.008224  -0.9204246000000005 
43 17  -4.51940148  -8.008224  -0.9204246000000005 
43 18  -4.05275172  -0.10281600000000068  -3.6117246000000005 
43 19  -0.2925014800000003  -0.10281600000000068  -3.6117246000000005 
43 20  0.2899653400000002  -4.8475839999999994  -0.6943554000000001 
43 21  -4.635218539999999  -4.8475839999999994  -0.6943554000000001 
43 22  -3.93693466  -3.2634559999999997  -3.3856554 
43 23  -0.4083185400000007  -3.2634559999999997  -3.3856554 
44 0  -6.129005  -9.373391999999999  -3.5901942 
44 1  -1.9021050000000006  -4.830448  -0.8988942 
44 2  -1.9021050000000006  -9.628528  -3.713994 
44 3  -6.129004999999999  -4.575312  -1.022694 
44 4  -1.9021049999999997  0.14660800000000052  -3.5901942 
44 5  -6.129004999999999  4.689551999999997  -0.8988942 
44 6  -6.129004999999999  -0.10852800000000151  -3.713994 
44 7  -1.9021049999999997  4.944688000000001  -1.022694 
44 8  -3.78223012  -11.054624  -0.995781 
44 9  -0.02197988000000084  -11.054624  -0.995781 
44 10  0.4446698800000002  -3.149215999999999  -3.687081 
44 11  -4.2488798800000005  -3.149215999999999  -3.687081 
44 12  -3.6664130599999996  -7.893984  -0.7697117999999996 
44 13  -0.1377969400000012  -7.893984  -0.7697117999999996 
44 14  0.5604869399999997  -6.309855999999999  -3.4610117999999996 
44 15  -4.36469694  -6.309855999999999  -3.4610117999999996 
44 16  0.4446698800000002  -1.5346240000000009  -0.995781 
44 17  -4.24887988  -1.5346240000000009  -0.995781 
44 18  -3.782230119999999  6.370783999999999  -3.687081 
44 19  -0.02197987999999995  6.370783999999999  -3.687081 
44 20  0.5604869400000005  1.626016  -0.7697117999999996 
44 21  -4.364696939999999  1.626016  -0.7697117999999996 
44 22  -3.6664130599999996  3.2101439999999997  -3.4610117999999996 
44 23  -0.1377969400000003  3.2101439999999997  -3.4610117999999996 
45 0  -2.324795000000001  -9.373391999999999  -3.5901942 
45 1  1.9021049999999984  -4.830448  -0.8988942 
45 2  1.9021049999999984  -9.628528  -3.713994 
45 3  -2.3247950000000004  -4.575312  -1.022694 
45 4  1.9021049999999993  0.14660800000000052  -3.5901942 
45 5  -2.324795  4.689551999999997  -0.8988942 
45 6  -2.3247950000000004  -0.10852800000000151  -3.713994 
45 7  1.9021049999999993  4.944688000000001  -1.022694 
45 8  0.021979879999999064  -11.054624  -0.995781 
45 9  3.782230119999998  -11.054624  -0.995781 
45 10  4.248879879999999  -3.149215999999999  -3.687081 
45 11  -0.44466988000000107  -3.149215999999999  -3.687081 
45 12  0.13779693999999942  -7.893984  -0.7697117999999996 
45 13  3.666413059999998  -7.893984  -0.7697117999999996 
45 14  4.364696939999998  -6.309855999999999  -3.4610117999999996 
45 15  -0.560486940000001  -6.309855999999999  -3.4610117999999996 
45 16  4.248879879999999  -1.5346240000000009  -0.995781 
45 17  -0.44466988000000063  -1.5346240000000009  -0.995781 
45 18  0.02197987999999995  6.370783999999999  -3.687081 
45 19  3.782230119999999  6.370783999999999  -3.687081 
45 20  4.36469694  1.626016  -0.7697117999999996 
45 21  -0.5604869400000003  1.626016  -0.7697117999999996 
45 22  0.13779693999999942  3.2101439999999997  -3.4610117999999996 
45 23  3.6664130599999987  3.2101439999999997  -3.4610117999999996 
46 0  -1.902105000000001  -14.209552  -0.8988942 
46 1  2.324794999999998  -9.666608  1.7924058 
46 2  2.324794999999998  -14.464688  -1.022694 
46 3  -1.9021050000000006  -9.411472000000002  1.668606 
46 4  2.324794999999999  -4.689552000000001  -0.8988942 
46 5  -1.902105  -0.14660800000000407  1.7924058 
46 6  -1.9021050000000004  -4.944688000000003  -1.022694 
46 7  2.324794999999999  0.10852799999999974  1.668606 
46 8  0.4446698799999991  -15.890784  1.695519 
46 9  4.204920119999998  -15.890784  1.695519 
46 10  4.671569879999999  -7.9853760000000005  -0.9957809999999998 
46 11  -0.021979880000001062  -7.9853760000000005  -0.9957809999999998 
46 12  0.5604869399999994  -12.730144000000001  1.9215882000000004 
46 13  4.089103059999998  -12.730144000000001  1.9215882000000004 
46 14  4.787386939999998  -11.146016  -0.7697117999999998 
46 15  -0.13779694000000098  -11.146016  -0.7697117999999998 
46 16  4.671569879999999  -6.370784000000002  1.695519 
46 17  -0.021979880000000618  -6.370784000000002  1.695519 
46 18  0.44466987999999996  1.5346239999999973  -0.9957809999999998 
46 19  4.204920119999999  1.5346239999999973  -0.9957809999999998 
46 20  4.787386939999999  -3.2101440000000014  1.9215882000000004 
46 21  -0.1377969400000003  -3.2101440000000014  1.9215882000000004 
46 22  0.5604869399999994  -1.6260160000000017  -0.7697117999999998 
46 23  4.0891030599999985  -1.6260160000000017  -0.7697117999999998 
47 0  -6.5516950000000005  -14.209552  -0.8988942 
47 1  -2.324795000000001  -9.666608  1.7924058 
47 2  -2.324795000000001  -14.464688  -1.022694 
47 3  -6.551695  -9.411472000000002  1.668606 
47 4  -2.324795  -4.689552000000001  -0.8988942 
47 5  -6.551695  -0.14660800000000407  1.7924058 
47 6  -6.551695  -4.944688000000003  -1.022694 
47 7  -2.324795  0.10852799999999974  1.668606 
47 8  -4.204920120000001  -15.890784  1.695519 
47 9  -0.44466988000000107  -15.890784  1.695519 
47 10  0.02197987999999995  -7.9853760000000005  -0.9957809999999998 
47 11  -4.67156988  -7.9853760000000005  -0.9957809999999998 
47 12  -4.089103059999999  -12.730144000000001  1.9215882000000004 
47 13  -0.5604869400000014  -12.730144000000001  1.9215882000000004 
47 14  0.13779693999999942  -11.146016  -0.7697117999999998 
47 15  -4.78738694  -11.146016  -0.7697117999999998 
47 16  0.02197987999999995  -6.370784000000002  1.695519 
47 17  -4.67156988  -6.370784000000002  1.695519 
47 18  -4.204920119999999  1.5346239999999973  -0.9957809999999998 
47 19  -0.4446698800000002  1.5346239999999973  -0.9957809999999998 
47 20  0.1377969400000003  -3.2101440000000014  1.9215882000000004 
47 21  -4.787386939999999  -3.2101440000000014  1.9215882000000004 
47 22  -4.089103059999999  -1.6260160000000017  -0.7697117999999998 
47 23  -0.5604869400000005  -1.6260160000000017  -0.7697117999999998 
48 0  -6.6024178000000004  -11.010831999999999  -0.8988942 
48 1  -2.375517800000001  -6.467887999999999  1.7924058 
48 2  -2.375517800000001  -11.265967999999999  -1.022694 
48 3  -6.6024178  -6.212752  1.668606 
48 4  -2.3755178  -1.4908319999999993  -0.8988942 
48 5  -6.6024178  3.0521119999999975  1.7924058 
48 6  -6.6024178  -1.7459680000000013  -1.022694 
48 7  -2.3755178  3.3072480000000013  1.668606 
48 8  -4.25564292  -12.692063999999998  1.695519 
48 9  -0.49539268000000103  -12.692063999999998  1.695519 
48 10  -0.028742920000000005  -4.786655999999999  -0.9957809999999998 
48 11  -4.722292680000001  -4.786655999999999  -0.9957809999999998 
48 12  -4.13982586  -9.531424  1.9215882000000004 
48 13  -0.6112097400000014  -9.531424  1.9215882000000004 
48 14  0.08707413999999947  -7.947295999999999  -0.7697117999999998 
48 15  -4.83810974  -7.947295999999999  -0.7697117999999998 
48 16  -0.028742920000000005  -3.1720640000000007  1.695519 
48 17  -4.72229268  -3.1720640000000007  1.695519 
48 18  -4.25564292  4.733343999999999  -0.9957809999999998 
48 19  -0.49539268000000014  4.733343999999999  -0.9957809999999998 
48 20  0.08707414000000036  -0.011423999999999879  1.9215882000000004 
48 21  -4.838109739999999  -0.011423999999999879  1.9215882000000004 
48 22  -4.13982586  1.5727039999999999  -0.7697117999999998 
48 23  -0.6112097400000005  1.5727039999999999  -0.7697117999999998 
49 0  -1.8513822000000006  -11.010831999999999  -0.8988942 
49 1  2.375517799999999  -6.467887999999999  1.7924058 
49 2  2.375517799999999  -11.265967999999999  -1.022694 
49 3  -1.8513822000000002  -6.212752  1.668606 
49 4  2.3755178  -1.4908319999999993  -0.8988942 
49 5  -1.8513821999999995  3.0521119999999975  1.7924058 
49 6  -1.8513822  -1.7459680000000013  -1.022694 
49 7  2.3755178  3.3072480000000013  1.668606 
49 8  0.4953926799999995  -12.692063999999998  1.695519 
49 9  4.255642919999999  -12.692063999999998  1.695519 
49 10  4.72229268  -4.786655999999999  -0.9957809999999998 
49 11  0.02874291999999934  -4.786655999999999  -0.9957809999999998 
49 12  0.6112097399999998  -9.531424  1.9215882000000004 
49 13  4.139825859999998  -9.531424  1.9215882000000004 
49 14  4.838109739999999  -7.947295999999999  -0.7697117999999998 
49 15  -0.08707414000000058  -7.947295999999999  -0.7697117999999998 
49 16  4.72229268  -3.1720640000000007  1.695519 
49 17  0.028742919999999783  -3.1720640000000007  1.695519 
49 18  0.49539268000000036  4.733343999999999  -0.9957809999999998 
49 19  4.25564292  4.733343999999999  -0.9957809999999998 
49 20  4.83810974  -0.011423999999999879  1.9215882000000004 
49 21  -0.08707413999999991  -0.011423999999999879  1.9215882000000004 
49 22  0.6112097399999998  1.5727039999999999  -0.7697117999999998 
49 23  4.139825859999999  1.5727039999999999  -0.7697117999999998 
50 0  -2.375517800000001  -12.572111999999999  -3.5901942 
50 1  1.8513821999999984  -8.029167999999999  -0.8988942 
50 2  1.8513821999999984  -12.827247999999999  -3.713994 
50 3  -2.3755178000000003  -7.774032  -1.022694 
50 4  1.8513821999999993  -3.0521119999999993  -3.5901942 
50 5  -2.3755178  1.4908319999999975  -0.8988942 
50 6  -2.3755178000000003  -3.3072480000000013  -3.713994 
50 7  1.8513821999999993  1.7459680000000013  -1.022694 
50 8  -0.028742920000000893  -14.253343999999998  -0.995781 
50 9  3.731507319999998  -14.253343999999998  -0.995781 
50 10  4.19815708  -6.347935999999999  -3.687081 
50 11  -0.49539268000000103  -6.347935999999999  -3.687081 
50 12  0.08707413999999947  -11.092704  -0.7697117999999996 
50 13  3.615690259999998  -11.092704  -0.7697117999999996 
50 14  4.313974139999999  -9.508575999999998  -3.4610117999999996 
50 15  -0.611209740000001  -9.508575999999998  -3.4610117999999996 
50 16  4.19815708  -4.733344000000001  -0.995781 
50 17  -0.4953926800000006  -4.733344000000001  -0.995781 
50 18  -0.028742920000000005  3.172063999999999  -3.687081 
50 19  3.731507319999999  3.172063999999999  -3.687081 
50 20  4.313974139999999  -1.5727039999999999  -0.7697117999999996 
50 21  -0.6112097400000003  -1.5727039999999999  -0.7697117999999996 
50 22  0.08707413999999947  0.011423999999999879  -3.4610117999999996 
50 23  3.6156902599999987  0.011423999999999879  -3.4610117999999996 
51 0  -6.0782822  -12.572111999999999  -3.5901942 
51 1  -1.8513822000000006  -8.029167999999999  -0.8988942 
51 2  -1.8513822000000006  -12.827247999999999  -3.713994 
51 3  -6.078282199999999  -7.774032  -1.022694 
51 4  -1.8513821999999998  -3.0521119999999993  -3.5901942 
51 5  -6.078282199999999  1.4908319999999975  -0.8988942 
51 6  -6.078282199999999  -3.3072480000000013  -3.713994 
51 7  -1.8513821999999998  1.7459680000000013  -1.022694 
51 8  -3.73150732  -14.253343999999998  -0.995781 
51 9  0.028742919999999117  -14.253343999999998  -0.995781 
51 10  0.49539268000000014  -6.347935999999999  -3.687081 
51 11  -4.19815708  -6.347935999999999  -3.687081 
51 12  -3.6156902599999996  -11.092704  -0.7697117999999996 
51 13  -0.08707414000000124  -11.092704  -0.7697117999999996 
51 14  0.6112097399999996  -9.508575999999998  -3.4610117999999996 
51 15  -4.31397414  -9.508575999999998  -3.4610117999999996 
51 16  0.49539268000000014  -4.733344000000001  -0.995781 
51 17  -4.19815708  -4.733344000000001  -0.995781 
51 18  -3.731507319999999  3.172063999999999  -3.687081 
51 19  0.028742920000000005  3.172063999999999  -3.687081 
51 20  0.6112097400000005  -1.5727039999999999  -0.7697117999999996 
51 21  -4.313974139999999  -1.5727039999999999  -0.7697117999999996 
51 22  -3.6156902599999996  0.011423999999999879  -3.4610117999999996 
51 23  -0.08707414000000036  0.011423999999999879  -3.4610117999999996 
52 0  -4.2269000000000005  -15.656591999999998  0.12918239999999992 
52 1  -8.881784197001252e-16  -11.113647999999998  2.8204824 
52 2  -8.881784197001252e-16  -15.911727999999998  0.005382599999999904 
52 3  -4.2269  -10.858512  2.6966826 
52 4  0.0  -6.1365919999999985  0.12918239999999992 
52 5  -4.2269  -1.5936480000000017  2.8204824 
52 6  -4.2269  -6.3917280000000005  0.005382599999999904 
52 7  0.0  -1.338511999999998  2.6966826 
52 8  -1.8801251200000002  -17.337823999999998  2.7235956 
52 9  1.8801251199999989  -17.337823999999998  2.7235956 
52 10  2.34677488  -9.432415999999998  0.03229560000000009 
52 11  -2.3467748800000003  -9.432415999999998  0.03229560000000009 
52 12  -1.7643080599999998  -14.177183999999999  2.9496648000000003 
52 13  1.7643080599999985  -14.177183999999999  2.9496648000000003 
52 14  2.4625919399999994  -12.593055999999997  0.25836480000000006 
52 15  -2.4625919400000003  -12.593055999999997  0.25836480000000006 
52 16  2.34677488  -7.817824  2.7235956 
52 17  -2.34677488  -7.817824  2.7235956 
52 18  -1.8801251199999993  0.08758399999999966  0.03229560000000009 
52 19  1.8801251199999998  0.08758399999999966  0.03229560000000009 
52 20  2.4625919400000003  -4.657183999999999  2.9496648000000003 
52 21  -2.4625919399999994  -4.657183999999999  2.9496648000000003 
52 22  -1.7643080599999998  -3.0730559999999993  0.25836480000000006 
52 23  1.7643080599999994  -3.0730559999999993  0.25836480000000006 
53 0  -6.42233536179716e-16  -7.926352  -2.5621176 
53 1  4.226899999999999  -3.383408  0.12918239999999992 
53 2  4.226899999999999  -8.181488  -2.6859174 
53 3  -1.9122182539005991e-16  -3.128272000000001  0.005382599999999904 
53 4  4.2269  1.593648  -2.5621176 
53 5  3.836680281569714e-16  6.136591999999997  0.12918239999999992 
53 6  -8.250478551319305e-17  1.338511999999998  -2.6859174 
53 7  4.2269  6.3917280000000005  0.005382599999999904 
53 8  2.3467748799999995  -9.607584  0.03229559999999987 
53 9  6.1070251199999985  -9.607584  0.03229559999999987 
53 10  6.5736748799999996  -1.7021759999999997  -2.6590043999999997 
53 11  1.8801251199999993  -1.7021759999999997  -2.6590043999999997 
53 12  2.46259194  -6.446944  0.2583648000000003 
53 13  5.991208059999998  -6.446944  0.2583648000000003 
53 14  6.689491939999999  -4.862816  -2.4329352 
53 15  1.7643080599999994  -4.862816  -2.4329352 
53 16  6.5736748799999996  -0.08758400000000144  0.03229559999999987 
53 17  1.8801251199999998  -0.08758400000000144  0.03229559999999987 
53 18  2.3467748800000003  7.817823999999998  -2.6590043999999997 
53 19  6.107025119999999  7.817823999999998  -2.6590043999999997 
53 20  6.68949194  3.0730559999999993  0.2583648000000003 
53 21  1.76430806  3.0730559999999993  0.2583648000000003 
53 22  2.46259194  4.657183999999999  -2.4329352 
53 23  5.991208059999999  4.657183999999999  -2.4329352 
54 0  -4.2269000000000005  -12.362672  0.12918239999999992 
54 1  -8.881784197001252e-16  -7.8197280000000005  2.8204824 
54 2  -8.881784197001252e-16  -12.617808  0.005382599999999904 
54 3  -4.2269  -7.564592000000001  2.6966826 
54 4  0.0  -2.8426720000000003  0.12918239999999992 
54 5  -4.2269  1.7002719999999965  2.8204824 
54 6  -4.2269  -3.0978080000000023  0.005382599999999904 
54 7  0.0  1.9554080000000003  2.6966826 
54 8  -1.8801251200000002  -14.043904000000001  2.7235956 
54 9  1.8801251199999989  -14.043904000000001  2.7235956 
54 10  2.34677488  -6.138496  0.03229560000000009 
54 11  -2.3467748800000003  -6.138496  0.03229560000000009 
54 12  -1.7643080599999998  -10.883264  2.9496648000000003 
54 13  1.7643080599999985  -10.883264  2.9496648000000003 
54 14  2.4625919399999994  -9.299136  0.25836480000000006 
54 15  -2.4625919400000003  -9.299136  0.25836480000000006 
54 16  2.34677488  -4.523904000000002  2.7235956 
54 17  -2.34677488  -4.523904000000002  2.7235956 
54 18  -1.8801251199999993  3.381503999999998  0.03229560000000009 
54 19  1.8801251199999998  3.381503999999998  0.03229560000000009 
54 20  2.4625919400000003  -1.363264000000001  2.9496648000000003 
54 21  -2.4625919399999994  -1.363264000000001  2.9496648000000003 
54 22  -1.7643080599999998  0.22086399999999884  0.25836480000000006 
54 23  1.7643080599999994  0.22086399999999884  0.25836480000000006 
55 0  -8.439279654120884e-16  -11.220271999999998  -2.5621176 
55 1  4.226899999999999  -6.677327999999998  0.12918239999999992 
55 2  4.226899999999999  -11.475407999999998  -2.6859174 
55 3  -3.929162546224323e-16  -6.422191999999999  0.005382599999999904 
55 4  4.2269  -1.7002719999999982  -2.5621176 
55 5  1.81973598924599e-16  2.8426719999999985  0.12918239999999992 
55 6  -2.8419921474556544e-16  -1.9554080000000003  -2.6859174 
55 7  4.2269  3.0978080000000023  0.005382599999999904 
55 8  2.3467748799999995  -12.901504  0.03229559999999987 
55 9  6.1070251199999985  -12.901504  0.03229559999999987 
55 10  6.5736748799999996  -4.996095999999998  -2.6590043999999997 
55 11  1.880125119999999  -4.996095999999998  -2.6590043999999997 
55 12  2.46259194  -9.740863999999998  0.2583648000000003 
55 13  5.991208059999998  -9.740863999999998  0.2583648000000003 
55 14  6.689491939999999  -8.156735999999999  -2.4329352 
55 15  1.7643080599999992  -8.156735999999999  -2.4329352 
55 16  6.5736748799999996  -3.3815039999999996  0.03229559999999987 
55 17  1.8801251199999995  -3.3815039999999996  0.03229559999999987 
55 18  2.3467748800000003  4.523904  -2.6590043999999997 
55 19  6.107025119999999  4.523904  -2.6590043999999997 
55 20  6.68949194  -0.22086399999999884  0.2583648000000003 
55 21  1.7643080599999998  -0.22086399999999884  0.2583648000000003 
55 22  2.46259194  1.363264000000001  -2.4329352 
55 23  5.991208059999999  1.363264000000001  -2.4329352 