 7.31441  0  0  4.478784397075695e-16  7.31441  0  4.478784397075695e-16  0.0  7.31441 
5
0 16  2.374988927000001  5.861036733  3.657205 
0 17  2.3749889270000004  1.453373267  3.657205 
0 18  1.2822160730000003  2.203831733  0.0 
0 19  1.2822160730000003  5.110578266999999  0.0 
0 20  5.110578266999999  0.0  1.282216073 
0 21  2.203831733  0.0  1.282216073 
0 22  1.4533732670000004  3.657205  2.374988927 
0 23  5.861036733  3.657205  2.374988927 
0 24  2.1345886436462764e-16  1.282216073  2.203831733 
0 25  3.914457563044158e-16  1.282216073  5.110578266999999 
0 26  3.6572050000000003  2.374988927  5.861036733 
0 27  3.657205  2.374988927  1.453373267 
0 28  6.032193927  2.203831733  0.0 
0 29  6.032193927  5.110578266999999  0.0 
0 30  4.939421073  5.861036733  3.657205 
0 31  4.939421073  1.453373267  3.657205 
0 32  1.4533732670000004  3.657205  4.939421073 
0 33  5.861036733  3.657205  4.939421073 
0 34  5.110578266999999  0.0  6.032193927 
0 35  2.2038317330000003  0.0  6.032193927 
0 36  3.6572050000000007  4.939421073  5.861036733 
0 37  3.6572050000000003  4.939421073  1.453373267 
0 38  5.043111231107233e-16  6.032193927  2.203831733 
0 39  6.822980150505114e-16  6.032193927  5.110578266999999 
1 16  -1.2822160729999998  2.203831733  0.0 
1 17  -1.2822160730000003  -2.203831733  0.0 
1 18  -2.3749889270000004  -1.453373267  -3.657205 
1 19  -2.3749889270000004  1.4533732669999995  -3.657205 
1 20  1.4533732669999986  -3.657205  -2.3749889269999995 
1 21  -1.4533732670000008  -3.657205  -2.3749889269999995 
1 22  -2.2038317330000003  0.0  -1.2822160729999998 
1 23  2.203831732999999  0.0  -1.2822160729999998 
1 24  -3.6572050000000007  -2.3749889269999995  -1.453373267 
1 25  -3.6572050000000003  -2.3749889269999995  1.4533732669999995 
1 26  -4.440892098500626e-16  -1.2822160729999998  2.203831733 
1 27  -8.881784197001252e-16  -1.2822160729999998  -2.203831733 
1 28  2.374988926999999  -1.453373267  -3.657205 
1 29  2.374988926999999  1.4533732669999995  -3.657205 
1 30  1.2822160729999994  2.203831733  0.0 
1 31  1.2822160729999994  -2.203831733  0.0 
1 32  -2.2038317330000003  0.0  1.2822160730000003 
1 33  2.203831732999999  0.0  1.2822160730000003 
1 34  1.4533732669999986  -3.657205  2.374988927 
1 35  -1.4533732670000004  -3.657205  2.374988927 
1 36  0.0  1.2822160730000003  2.203831733 
1 37  -4.440892098500626e-16  1.2822160730000003  -2.203831733 
1 38  -3.6572050000000003  2.374988927  -1.453373267 
1 39  -3.657205  2.374988927  1.4533732669999995 
2 16  -3.110818572999999  4.032434233  1.8286025 
2 17  -3.1108185729999995  -0.375229233  1.8286025 
2 18  -4.203591426999999  0.375229233  -1.8286025 
2 19  -4.203591426999999  3.2819757669999996  -1.8286025 
2 20  -0.37522923300000066  -1.8286025  -0.5463864269999998 
2 21  -3.281975767  -1.8286025  -0.5463864269999998 
2 22  -4.032434233  1.8286025  0.5463864270000001 
2 23  0.3752292329999998  1.8286025  0.5463864270000001 
2 24  -5.4858075  -0.5463864269999998  0.375229233 
2 25  -5.4858075  -0.5463864269999998  3.2819757669999996 
2 26  -1.8286024999999997  0.5463864270000001  4.032434233 
2 27  -1.8286025000000001  0.5463864270000001  -0.375229233 
2 28  0.5463864269999998  0.375229233  -1.8286025 
2 29  0.5463864269999998  3.2819757669999996  -1.8286025 
2 30  -0.5463864269999998  4.032434233  1.8286025 
2 31  -0.5463864269999998  -0.375229233  1.8286025 
2 32  -4.032434233  1.8286025  3.1108185730000004 
2 33  0.3752292329999998  1.8286025  3.1108185730000004 
2 34  -0.37522923300000066  -1.8286025  4.203591427 
2 35  -3.2819757669999996  -1.8286025  4.203591427 
2 36  -1.8286024999999992  3.1108185730000004  4.032434233 
2 37  -1.8286024999999997  3.1108185730000004  -0.375229233 
2 38  -5.485807499999999  4.203591427  0.375229233 
2 39  -5.485807499999999  4.203591427  3.2819757669999996 
3 16  0.5463864270000005  4.032434233  1.8286025 
3 17  0.5463864270000001  -0.375229233  1.8286025 
3 18  -0.5463864270000001  0.375229233  -1.8286025 
3 19  -0.5463864270000001  3.2819757669999996  -1.8286025 
3 20  3.2819757669999987  -1.8286025  -0.5463864269999998 
3 21  0.37522923299999955  -1.8286025  -0.5463864269999998 
3 22  -0.375229233  1.8286025  0.5463864270000001 
3 23  4.032434232999999  1.8286025  0.5463864270000001 
3 24  -1.8286025000000001  -0.5463864269999998  0.375229233 
3 25  -1.8286025  -0.5463864269999998  3.2819757669999996 
3 26  1.8286025  0.5463864270000001  4.032434233 
3 27  1.8286024999999995  0.5463864270000001  -0.375229233 
3 28  4.203591426999999  0.375229233  -1.8286025 
3 29  4.203591426999999  3.2819757669999996  -1.8286025 
3 30  3.1108185729999995  4.032434233  1.8286025 
3 31  3.1108185729999995  -0.375229233  1.8286025 
3 32  -0.375229233  1.8286025  3.1108185730000004 
3 33  4.032434232999999  1.8286025  3.1108185730000004 
3 34  3.2819757669999987  -1.8286025  4.203591427 
3 35  0.375229233  -1.8286025  4.203591427 
3 36  1.8286025000000004  3.1108185730000004  4.032434233 
3 37  1.8286025  3.1108185730000004  -0.375229233 
3 38  -1.8286025  4.203591427  0.375229233 
3 39  -1.8286024999999997  4.203591427  3.2819757669999996 
4 16  0.5463864270000003  4.032434233  -1.8286025000000001 
4 17  0.5463864269999998  -0.375229233  -1.8286025000000001 
4 18  -0.5463864270000003  0.375229233  -5.4858075 
4 19  -0.5463864270000003  3.2819757669999996  -5.4858075 
4 20  3.2819757669999987  -1.8286025  -4.203591427 
4 21  0.37522923299999933  -1.8286025  -4.203591427 
4 22  -0.3752292330000002  1.8286025  -3.110818573 
4 23  4.032434232999999  1.8286025  -3.110818573 
4 24  -1.8286025000000004  -0.5463864269999998  -3.281975767 
4 25  -1.8286025000000001  -0.5463864269999998  -0.37522923300000066 
4 26  1.8286024999999997  0.5463864270000001  0.3752292329999998 
4 27  1.8286024999999992  0.5463864270000001  -4.032434233 
4 28  4.203591426999999  0.375229233  -5.4858075 
4 29  4.203591426999999  3.2819757669999996  -5.4858075 
4 30  3.1108185729999995  4.032434233  -1.8286025000000001 
4 31  3.1108185729999995  -0.375229233  -1.8286025000000001 
4 32  -0.3752292330000002  1.8286025  -0.5463864269999998 
4 33  4.032434232999999  1.8286025  -0.5463864269999998 
4 34  3.2819757669999987  -1.8286025  0.5463864269999998 
4 35  0.3752292329999998  -1.8286025  0.5463864269999998 
4 36  1.8286025000000001  3.1108185730000004  0.3752292329999998 
4 37  1.8286024999999997  3.1108185730000004  -4.032434233 
4 38  -1.8286025000000001  4.203591427  -3.281975767 
4 39  -1.8286025  4.203591427  -0.37522923300000066 
5 16  0.5463864270000003  0.3752292329999998  1.8286025 
5 17  0.5463864269999998  -4.032434233  1.8286025 
5 18  -0.5463864270000003  -3.281975767  -1.8286025 
5 19  -0.5463864270000003  -0.37522923300000066  -1.8286025 
5 20  3.2819757669999987  -5.4858075  -0.5463864269999998 
5 21  0.37522923299999933  -5.4858075  -0.5463864269999998 
5 22  -0.3752292330000002  -1.8286025000000001  0.5463864270000001 
5 23  4.032434232999999  -1.8286025000000001  0.5463864270000001 
5 24  -1.8286025000000004  -4.203591427  0.375229233 
5 25  -1.8286025000000001  -4.203591427  3.2819757669999996 
5 26  1.8286024999999997  -3.110818573  4.032434233 
5 27  1.8286024999999992  -3.110818573  -0.375229233 
5 28  4.203591426999999  -3.281975767  -1.8286025 
5 29  4.203591426999999  -0.37522923300000066  -1.8286025 
5 30  3.1108185729999995  0.3752292329999998  1.8286025 
5 31  3.1108185729999995  -4.032434233  1.8286025 
5 32  -0.3752292330000002  -1.8286025000000001  3.1108185730000004 
5 33  4.032434232999999  -1.8286025000000001  3.1108185730000004 
5 34  3.2819757669999987  -5.4858075  4.203591427 
5 35  0.3752292329999998  -5.4858075  4.203591427 
5 36  1.8286025000000001  -0.5463864269999998  4.032434233 
5 37  1.8286024999999997  -0.5463864269999998  -0.375229233 
5 38  -1.8286025000000001  0.5463864269999998  0.375229233 
5 39  -1.8286025  0.5463864269999998  3.2819757669999996 
6 16  0.5463864270000001  0.3752292329999998  -1.8286025000000001 
6 17  0.5463864269999996  -4.032434233  -1.8286025000000001 
6 18  -0.5463864270000005  -3.281975767  -5.4858075 
6 19  -0.5463864270000005  -0.37522923300000066  -5.4858075 
6 20  3.2819757669999987  -5.4858075  -4.203591427 
6 21  0.3752292329999991  -5.4858075  -4.203591427 
6 22  -0.37522923300000044  -1.8286025000000001  -3.110818573 
6 23  4.032434232999999  -1.8286025000000001  -3.110818573 
6 24  -1.8286025000000006  -4.203591427  -3.281975767 
6 25  -1.8286025000000004  -4.203591427  -0.37522923300000066 
6 26  1.8286024999999995  -3.110818573  0.3752292329999998 
6 27  1.828602499999999  -3.110818573  -4.032434233 
6 28  4.203591426999999  -3.281975767  -5.4858075 
6 29  4.203591426999999  -0.37522923300000066  -5.4858075 
6 30  3.1108185729999995  0.3752292329999998  -1.8286025000000001 
6 31  3.1108185729999995  -4.032434233  -1.8286025000000001 
6 32  -0.37522923300000044  -1.8286025000000001  -0.5463864269999998 
6 33  4.032434232999999  -1.8286025000000001  -0.5463864269999998 
6 34  3.2819757669999987  -5.4858075  0.5463864269999998 
6 35  0.37522923299999955  -5.4858075  0.5463864269999998 
6 36  1.8286025  -0.5463864269999998  0.3752292329999998 
6 37  1.8286024999999995  -0.5463864269999998  -4.032434233 
6 38  -1.8286025000000004  0.5463864269999998  -3.281975767 
6 39  -1.8286025000000001  0.5463864269999998  -0.37522923300000066 
7 16  -3.110818572999999  0.3752292329999998  -1.8286025000000001 
7 17  -3.1108185729999995  -4.032434233  -1.8286025000000001 
7 18  -4.203591426999999  -3.281975767  -5.4858075 
7 19  -4.203591426999999  -0.37522923300000066  -5.4858075 
7 20  -0.37522923300000066  -5.4858075  -4.203591427 
7 21  -3.281975767  -5.4858075  -4.203591427 
7 22  -4.032434233  -1.8286025000000001  -3.110818573 
7 23  0.3752292329999998  -1.8286025000000001  -3.110818573 
7 24  -5.4858075  -4.203591427  -3.281975767 
7 25  -5.4858075  -4.203591427  -0.37522923300000066 
7 26  -1.8286024999999997  -3.110818573  0.3752292329999998 
7 27  -1.8286025000000001  -3.110818573  -4.032434233 
7 28  0.5463864269999998  -3.281975767  -5.4858075 
7 29  0.5463864269999998  -0.37522923300000066  -5.4858075 
7 30  -0.5463864269999998  0.3752292329999998  -1.8286025000000001 
7 31  -0.5463864269999998  -4.032434233  -1.8286025000000001 
7 32  -4.032434233  -1.8286025000000001  -0.5463864269999998 
7 33  0.3752292329999998  -1.8286025000000001  -0.5463864269999998 
7 34  -0.37522923300000066  -5.4858075  0.5463864269999998 
7 35  -3.2819757669999996  -5.4858075  0.5463864269999998 
7 36  -1.8286024999999992  -0.5463864269999998  0.3752292329999998 
7 37  -1.8286024999999997  -0.5463864269999998  -4.032434233 
7 38  -5.485807499999999  0.5463864269999998  -3.281975767 
7 39  -5.485807499999999  0.5463864269999998  -0.37522923300000066 
8 16  -3.110818572999999  0.3752292329999998  1.8286025 
8 17  -3.1108185729999995  -4.032434233  1.8286025 
8 18  -4.203591426999999  -3.281975767  -1.8286025 
8 19  -4.203591426999999  -0.37522923300000066  -1.8286025 
8 20  -0.37522923300000066  -5.4858075  -0.5463864269999998 
8 21  -3.281975767  -5.4858075  -0.5463864269999998 
8 22  -4.032434233  -1.8286025000000001  0.5463864270000001 
8 23  0.3752292329999998  -1.8286025000000001  0.5463864270000001 
8 24  -5.4858075  -4.203591427  0.375229233 
8 25  -5.4858075  -4.203591427  3.2819757669999996 
8 26  -1.8286024999999997  -3.110818573  4.032434233 
8 27  -1.8286025000000001  -3.110818573  -0.375229233 
8 28  0.5463864269999998  -3.281975767  -1.8286025 
8 29  0.5463864269999998  -0.37522923300000066  -1.8286025 
8 30  -0.5463864269999998  0.3752292329999998  1.8286025 
8 31  -0.5463864269999998  -4.032434233  1.8286025 
8 32  -4.032434233  -1.8286025000000001  3.1108185730000004 
8 33  0.3752292329999998  -1.8286025000000001  3.1108185730000004 
8 34  -0.37522923300000066  -5.4858075  4.203591427 
8 35  -3.2819757669999996  -5.4858075  4.203591427 
8 36  -1.8286024999999992  -0.5463864269999998  4.032434233 
8 37  -1.8286024999999997  -0.5463864269999998  -0.375229233 
8 38  -5.485807499999999  0.5463864269999998  0.375229233 
8 39  -5.485807499999999  0.5463864269999998  3.2819757669999996 
9 16  -3.110818572999999  4.032434233  -1.8286025000000001 
9 17  -3.1108185729999995  -0.375229233  -1.8286025000000001 
9 18  -4.203591426999999  0.375229233  -5.4858075 
9 19  -4.203591426999999  3.2819757669999996  -5.4858075 
9 20  -0.37522923300000066  -1.8286025  -4.203591427 
9 21  -3.281975767  -1.8286025  -4.203591427 
9 22  -4.032434233  1.8286025  -3.110818573 
9 23  0.3752292329999998  1.8286025  -3.110818573 
9 24  -5.4858075  -0.5463864269999998  -3.281975767 
9 25  -5.4858075  -0.5463864269999998  -0.37522923300000066 
9 26  -1.8286024999999997  0.5463864270000001  0.3752292329999998 
9 27  -1.8286025000000001  0.5463864270000001  -4.032434233 
9 28  0.5463864269999998  0.375229233  -5.4858075 
9 29  0.5463864269999998  3.2819757669999996  -5.4858075 
9 30  -0.5463864269999998  4.032434233  -1.8286025000000001 
9 31  -0.5463864269999998  -0.375229233  -1.8286025000000001 
9 32  -4.032434233  1.8286025  -0.5463864269999998 
9 33  0.3752292329999998  1.8286025  -0.5463864269999998 
9 34  -0.37522923300000066  -1.8286025  0.5463864269999998 
9 35  -3.2819757669999996  -1.8286025  0.5463864269999998 
9 36  -1.8286024999999992  3.1108185730000004  0.3752292329999998 
9 37  -1.8286024999999997  3.1108185730000004  -4.032434233 
9 38  -5.485807499999999  4.203591427  -3.281975767 
9 39  -5.485807499999999  4.203591427  -0.37522923300000066 
10 16  2.3749889270000004  5.861036733  0.0 
10 17  2.374988927  1.453373267  0.0 
10 18  1.282216073  2.203831733  -3.657205 
10 19  1.282216073  5.110578266999999  -3.657205 
10 20  5.110578266999999  0.0  -2.3749889269999995 
10 21  2.2038317329999995  0.0  -2.3749889269999995 
10 22  1.4533732670000001  3.657205  -1.2822160729999998 
10 23  5.861036733  3.657205  -1.2822160729999998 
10 24  -1.0480355489157126e-17  1.282216073  -1.453373267 
10 25  1.67506536450631e-16  1.282216073  1.4533732669999995 
10 26  3.657205  2.374988927  2.203831733 
10 27  3.6572049999999994  2.374988927  -2.203831733 
10 28  6.032193927  2.203831733  -3.657205 
10 29  6.032193927  5.110578266999999  -3.657205 
10 30  4.939421073  5.861036733  0.0 
10 31  4.939421073  1.453373267  0.0 
10 32  1.4533732670000001  3.657205  1.2822160730000003 
10 33  5.861036733  3.657205  1.2822160730000003 
10 34  5.110578266999999  0.0  2.374988927 
10 35  2.203831733  0.0  2.374988927 
10 36  3.6572050000000003  4.939421073  2.203831733 
10 37  3.657205  4.939421073  -2.203831733 
10 38  2.8037190325693853e-16  6.032193927  -1.453373267 
10 39  4.583587951967266e-16  6.032193927  1.4533732669999995 
11 16  2.3749889270000004  2.203831733  3.657205 
11 17  2.374988927  -2.203831733  3.657205 
11 18  1.282216073  -1.453373267  0.0 
11 19  1.282216073  1.4533732669999995  0.0 
11 20  5.110578266999999  -3.657205  1.282216073 
11 21  2.2038317329999995  -3.657205  1.282216073 
11 22  1.4533732670000001  0.0  2.374988927 
11 23  5.861036733  0.0  2.374988927 
11 24  -1.0480355489157126e-17  -2.3749889269999995  2.203831733 
11 25  1.67506536450631e-16  -2.3749889269999995  5.110578266999999 
11 26  3.657205  -1.2822160729999998  5.861036733 
11 27  3.6572049999999994  -1.2822160729999998  1.453373267 
11 28  6.032193927  -1.453373267  0.0 
11 29  6.032193927  1.4533732669999995  0.0 
11 30  4.939421073  2.203831733  3.657205 
11 31  4.939421073  -2.203831733  3.657205 
11 32  1.4533732670000001  0.0  4.939421073 
11 33  5.861036733  0.0  4.939421073 
11 34  5.110578266999999  -3.657205  6.032193927 
11 35  2.203831733  -3.657205  6.032193927 
11 36  3.6572050000000003  1.2822160730000003  5.861036733 
11 37  3.657205  1.2822160730000003  1.453373267 
11 38  2.8037190325693853e-16  2.374988927  2.203831733 
11 39  4.583587951967266e-16  2.374988927  5.110578266999999 
12 16  -1.282216072999999  5.861036733  3.657205 
12 17  -1.2822160729999994  1.453373267  3.657205 
12 18  -2.3749889269999995  2.203831733  0.0 
12 19  -2.3749889269999995  5.110578266999999  0.0 
12 20  1.4533732669999995  0.0  1.282216073 
12 21  -1.453373267  0.0  1.282216073 
12 22  -2.2038317329999995  3.657205  2.374988927 
12 23  2.203831733  3.657205  2.374988927 
12 24  -3.657205  1.282216073  2.203831733 
12 25  -3.6572049999999994  1.282216073  5.110578266999999 
12 26  4.440892098500626e-16  2.374988927  5.861036733 
12 27  0.0  2.374988927  1.453373267 
12 28  2.374988927  2.203831733  0.0 
12 29  2.374988927  5.110578266999999  0.0 
12 30  1.2822160730000003  5.861036733  3.657205 
12 31  1.2822160730000003  1.453373267  3.657205 
12 32  -2.2038317329999995  3.657205  4.939421073 
12 33  2.203831733  3.657205  4.939421073 
12 34  1.4533732669999995  0.0  6.032193927 
12 35  -1.4533732669999995  0.0  6.032193927 
12 36  8.881784197001252e-16  4.939421073  5.861036733 
12 37  4.440892098500626e-16  4.939421073  1.453373267 
12 38  -3.6572049999999994  6.032193927  2.203831733 
12 39  -3.657204999999999  6.032193927  5.110578266999999 
13 16  -1.2822160729999994  2.203831733  3.657205 
13 17  -1.2822160729999998  -2.203831733  3.657205 
13 18  -2.374988927  -1.453373267  0.0 
13 19  -2.374988927  1.4533732669999995  0.0 
13 20  1.453373266999999  -3.657205  1.282216073 
13 21  -1.4533732670000004  -3.657205  1.282216073 
13 22  -2.203831733  0.0  2.374988927 
13 23  2.2038317329999995  0.0  2.374988927 
13 24  -3.6572050000000003  -2.3749889269999995  2.203831733 
13 25  -3.657205  -2.3749889269999995  5.110578266999999 
13 26  0.0  -1.2822160729999998  5.861036733 
13 27  -4.440892098500626e-16  -1.2822160729999998  1.453373267 
13 28  2.3749889269999995  -1.453373267  0.0 
13 29  2.3749889269999995  1.4533732669999995  0.0 
13 30  1.2822160729999998  2.203831733  3.657205 
13 31  1.2822160729999998  -2.203831733  3.657205 
13 32  -2.203831733  0.0  4.939421073 
13 33  2.2038317329999995  0.0  4.939421073 
13 34  1.453373266999999  -3.657205  6.032193927 
13 35  -1.453373267  -3.657205  6.032193927 
13 36  4.440892098500626e-16  1.2822160730000003  5.861036733 
13 37  0.0  1.2822160730000003  1.453373267 
13 38  -3.657205  2.374988927  2.203831733 
13 39  -3.6572049999999994  2.374988927  5.110578266999999 
14 16  -1.2822160729999994  5.861036733  0.0 
14 17  -1.2822160729999998  1.453373267  0.0 
14 18  -2.374988927  2.203831733  -3.657205 
14 19  -2.374988927  5.110578266999999  -3.657205 
14 20  1.453373266999999  0.0  -2.3749889269999995 
14 21  -1.4533732670000004  0.0  -2.3749889269999995 
14 22  -2.203831733  3.657205  -1.2822160729999998 
14 23  2.2038317329999995  3.657205  -1.2822160729999998 
14 24  -3.6572050000000003  1.282216073  -1.453373267 
14 25  -3.657205  1.282216073  1.4533732669999995 
14 26  0.0  2.374988927  2.203831733 
14 27  -4.440892098500626e-16  2.374988927  -2.203831733 
14 28  2.3749889269999995  2.203831733  -3.657205 
14 29  2.3749889269999995  5.110578266999999  -3.657205 
14 30  1.2822160729999998  5.861036733  0.0 
14 31  1.2822160729999998  1.453373267  0.0 
14 32  -2.203831733  3.657205  1.2822160730000003 
14 33  2.2038317329999995  3.657205  1.2822160730000003 
14 34  1.453373266999999  0.0  2.374988927 
14 35  -1.453373267  0.0  2.374988927 
14 36  4.440892098500626e-16  4.939421073  2.203831733 
14 37  0.0  4.939421073  -2.203831733 
14 38  -3.657205  6.032193927  -1.453373267 
14 39  -3.6572049999999994  6.032193927  1.4533732669999995 
15 16  2.3749889270000004  2.203831733  0.0 
15 17  2.374988927  -2.203831733  0.0 
15 18  1.2822160729999998  -1.453373267  -3.657205 
15 19  1.2822160729999998  1.4533732669999995  -3.657205 
15 20  5.110578266999998  -3.657205  -2.3749889269999995 
15 21  2.2038317329999995  -3.657205  -2.3749889269999995 
15 22  1.453373267  0.0  -1.2822160729999998 
15 23  5.861036732999999  0.0  -1.2822160729999998 
15 24  -2.344195753429419e-16  -2.3749889269999995  -1.453373267 
15 25  -5.643268340315376e-17  -2.3749889269999995  1.4533732669999995 
15 26  3.657205  -1.2822160729999998  2.203831733 
15 27  3.6572049999999994  -1.2822160729999998  -2.203831733 
15 28  6.032193926999999  -1.453373267  -3.657205 
15 29  6.032193926999999  1.4533732669999995  -3.657205 
15 30  4.939421072999999  2.203831733  0.0 
15 31  4.939421072999999  -2.203831733  0.0 
15 32  1.453373267  0.0  1.2822160730000003 
15 33  5.861036732999999  0.0  1.2822160730000003 
15 34  5.110578266999998  -3.657205  2.374988927 
15 35  2.203831733  -3.657205  2.374988927 
15 36  3.6572050000000003  1.2822160730000003  2.203831733 
15 37  3.657205  1.2822160730000003  -2.203831733 
15 38  5.643268340315376e-17  2.374988927  -1.453373267 
15 39  2.3441957534294185e-16  2.374988927  1.4533732669999995 
16 0  -2.374988927000001  -5.861036733  -3.657205 
16 1  1.2822160729999998  -2.203831733  0.0 
16 2  3.110818572999999  -4.032434233  -1.8286025 
16 3  -0.5463864270000005  -4.032434233  -1.8286025 
16 4  -0.5463864270000003  -4.032434233  1.8286025000000001 
16 5  -0.5463864270000003  -0.3752292329999998  -1.8286025 
16 6  -0.5463864270000001  -0.3752292329999998  1.8286025000000001 
16 7  3.110818572999999  -0.3752292329999998  1.8286025000000001 
16 8  3.110818572999999  -0.3752292329999998  -1.8286025 
16 9  3.110818572999999  -4.032434233  1.8286025000000001 
16 10  -2.3749889270000004  -5.861036733  0.0 
16 11  -2.3749889270000004  -2.203831733  -3.657205 
16 12  1.282216072999999  -5.861036733  -3.657205 
16 13  1.2822160729999994  -2.203831733  -3.657205 
16 14  1.2822160729999994  -5.861036733  0.0 
16 15  -2.3749889270000004  -2.203831733  0.0 
17 0  -2.3749889270000004  -1.453373267  -3.657205 
17 1  1.2822160730000003  2.203831733  0.0 
17 2  3.1108185729999995  0.375229233  -1.8286025 
17 3  -0.5463864270000001  0.375229233  -1.8286025 
17 4  -0.5463864269999998  0.375229233  1.8286025000000001 
17 5  -0.5463864269999998  4.032434233  -1.8286025 
17 6  -0.5463864269999996  4.032434233  1.8286025000000001 
17 7  3.1108185729999995  4.032434233  1.8286025000000001 
17 8  3.1108185729999995  4.032434233  -1.8286025 
17 9  3.1108185729999995  0.375229233  1.8286025000000001 
17 10  -2.374988927  -1.453373267  0.0 
17 11  -2.374988927  2.203831733  -3.657205 
17 12  1.2822160729999994  -1.453373267  -3.657205 
17 13  1.2822160729999998  2.203831733  -3.657205 
17 14  1.2822160729999998  -1.453373267  0.0 
17 15  -2.374988927  2.203831733  0.0 
18 0  -1.2822160730000003  -2.203831733  0.0 
18 1  2.3749889270000004  1.453373267  3.657205 
18 2  4.203591426999999  -0.375229233  1.8286025 
18 3  0.5463864270000001  -0.375229233  1.8286025 
18 4  0.5463864270000003  -0.375229233  5.4858075 
18 5  0.5463864270000003  3.281975767  1.8286025 
18 6  0.5463864270000005  3.281975767  5.4858075 
18 7  4.203591426999999  3.281975767  5.4858075 
18 8  4.203591426999999  3.281975767  1.8286025 
18 9  4.203591426999999  -0.375229233  5.4858075 
18 10  -1.282216073  -2.203831733  3.657205 
18 11  -1.282216073  1.453373267  0.0 
18 12  2.3749889269999995  -2.203831733  0.0 
18 13  2.374988927  1.453373267  0.0 
18 14  2.374988927  -2.203831733  3.657205 
18 15  -1.2822160729999998  1.453373267  3.657205 
19 0  -1.2822160730000003  -5.110578266999999  0.0 
19 1  2.3749889270000004  -1.4533732669999995  3.657205 
19 2  4.203591426999999  -3.2819757669999996  1.8286025 
19 3  0.5463864270000001  -3.2819757669999996  1.8286025 
19 4  0.5463864270000003  -3.2819757669999996  5.4858075 
19 5  0.5463864270000003  0.37522923300000066  1.8286025 
19 6  0.5463864270000005  0.37522923300000066  5.4858075 
19 7  4.203591426999999  0.37522923300000066  5.4858075 
19 8  4.203591426999999  0.37522923300000066  1.8286025 
19 9  4.203591426999999  -3.2819757669999996  5.4858075 
19 10  -1.282216073  -5.110578266999999  3.657205 
19 11  -1.282216073  -1.4533732669999995  0.0 
19 12  2.3749889269999995  -5.110578266999999  0.0 
19 13  2.374988927  -1.4533732669999995  0.0 
19 14  2.374988927  -5.110578266999999  3.657205 
19 15  -1.2822160729999998  -1.4533732669999995  3.657205 
20 0  -5.110578266999999  0.0  -1.282216073 
20 1  -1.4533732669999986  3.657205  2.3749889269999995 
20 2  0.37522923300000066  1.8286025  0.5463864269999998 
20 3  -3.2819757669999987  1.8286025  0.5463864269999998 
20 4  -3.2819757669999987  1.8286025  4.203591427 
20 5  -3.2819757669999987  5.4858075  0.5463864269999998 
20 6  -3.2819757669999987  5.4858075  4.203591427 
20 7  0.37522923300000066  5.4858075  4.203591427 
20 8  0.37522923300000066  5.4858075  0.5463864269999998 
20 9  0.37522923300000066  1.8286025  4.203591427 
20 10  -5.110578266999999  0.0  2.3749889269999995 
20 11  -5.110578266999999  3.657205  -1.282216073 
20 12  -1.4533732669999995  0.0  -1.282216073 
20 13  -1.453373266999999  3.657205  -1.282216073 
20 14  -1.453373266999999  0.0  2.3749889269999995 
20 15  -5.110578266999998  3.657205  2.3749889269999995 
21 0  -2.203831733  0.0  -1.282216073 
21 1  1.4533732670000008  3.657205  2.3749889269999995 
21 2  3.281975767  1.8286025  0.5463864269999998 
21 3  -0.37522923299999955  1.8286025  0.5463864269999998 
21 4  -0.37522923299999933  1.8286025  4.203591427 
21 5  -0.37522923299999933  5.4858075  0.5463864269999998 
21 6  -0.3752292329999991  5.4858075  4.203591427 
21 7  3.281975767  5.4858075  4.203591427 
21 8  3.281975767  5.4858075  0.5463864269999998 
21 9  3.281975767  1.8286025  4.203591427 
21 10  -2.2038317329999995  0.0  2.3749889269999995 
21 11  -2.2038317329999995  3.657205  -1.282216073 
21 12  1.453373267  0.0  -1.282216073 
21 13  1.4533732670000004  3.657205  -1.282216073 
21 14  1.4533732670000004  0.0  2.3749889269999995 
21 15  -2.2038317329999995  3.657205  2.3749889269999995 
22 0  -1.4533732670000004  -3.657205  -2.374988927 
22 1  2.2038317330000003  0.0  1.2822160729999998 
22 2  4.032434233  -1.8286025  -0.5463864270000001 
22 3  0.375229233  -1.8286025  -0.5463864270000001 
22 4  0.3752292330000002  -1.8286025  3.110818573 
22 5  0.3752292330000002  1.8286025000000001  -0.5463864270000001 
22 6  0.37522923300000044  1.8286025000000001  3.110818573 
22 7  4.032434233  1.8286025000000001  3.110818573 
22 8  4.032434233  1.8286025000000001  -0.5463864270000001 
22 9  4.032434233  -1.8286025  3.110818573 
22 10  -1.4533732670000001  -3.657205  1.2822160729999998 
22 11  -1.4533732670000001  0.0  -2.374988927 
22 12  2.2038317329999995  -3.657205  -2.374988927 
22 13  2.203831733  0.0  -2.374988927 
22 14  2.203831733  -3.657205  1.2822160729999998 
22 15  -1.453373267  0.0  1.2822160729999998 
23 0  -5.861036733  -3.657205  -2.374988927 
23 1  -2.203831732999999  0.0  1.2822160729999998 
23 2  -0.3752292329999998  -1.8286025  -0.5463864270000001 
23 3  -4.032434232999999  -1.8286025  -0.5463864270000001 
23 4  -4.032434232999999  -1.8286025  3.110818573 
23 5  -4.032434232999999  1.8286025000000001  -0.5463864270000001 
23 6  -4.032434232999999  1.8286025000000001  3.110818573 
23 7  -0.3752292329999998  1.8286025000000001  3.110818573 
23 8  -0.3752292329999998  1.8286025000000001  -0.5463864270000001 
23 9  -0.3752292329999998  -1.8286025  3.110818573 
23 10  -5.861036733  -3.657205  1.2822160729999998 
23 11  -5.861036733  0.0  -2.374988927 
23 12  -2.203831733  -3.657205  -2.374988927 
23 13  -2.2038317329999995  0.0  -2.374988927 
23 14  -2.2038317329999995  -3.657205  1.2822160729999998 
23 15  -5.861036732999999  0.0  1.2822160729999998 
24 0  -2.1345886436462764e-16  -1.282216073  -2.203831733 
24 1  3.6572050000000007  2.3749889269999995  1.453373267 
24 2  5.4858075  0.5463864269999998  -0.375229233 
24 3  1.8286025000000001  0.5463864269999998  -0.375229233 
24 4  1.8286025000000004  0.5463864269999998  3.281975767 
24 5  1.8286025000000004  4.203591427  -0.375229233 
24 6  1.8286025000000006  4.203591427  3.281975767 
24 7  5.4858075  4.203591427  3.281975767 
24 8  5.4858075  4.203591427  -0.375229233 
24 9  5.4858075  0.5463864269999998  3.281975767 
24 10  1.0480355489157126e-17  -1.282216073  1.453373267 
24 11  1.0480355489157126e-17  2.3749889269999995  -2.203831733 
24 12  3.657205  -1.282216073  -2.203831733 
24 13  3.6572050000000003  2.3749889269999995  -2.203831733 
24 14  3.6572050000000003  -1.282216073  1.453373267 
24 15  2.344195753429419e-16  2.3749889269999995  1.453373267 
25 0  -3.914457563044158e-16  -1.282216073  -5.110578266999999 
25 1  3.6572050000000003  2.3749889269999995  -1.4533732669999995 
25 2  5.4858075  0.5463864269999998  -3.2819757669999996 
25 3  1.8286025  0.5463864269999998  -3.2819757669999996 
25 4  1.8286025000000001  0.5463864269999998  0.37522923300000066 
25 5  1.8286025000000001  4.203591427  -3.2819757669999996 
25 6  1.8286025000000004  4.203591427  0.37522923300000066 
25 7  5.4858075  4.203591427  0.37522923300000066 
25 8  5.4858075  4.203591427  -3.2819757669999996 
25 9  5.4858075  0.5463864269999998  0.37522923300000066 
25 10  -1.67506536450631e-16  -1.282216073  -1.4533732669999995 
25 11  -1.67506536450631e-16  2.3749889269999995  -5.110578266999999 
25 12  3.6572049999999994  -1.282216073  -5.110578266999999 
25 13  3.657205  2.3749889269999995  -5.110578266999999 
25 14  3.657205  -1.282216073  -1.4533732669999995 
25 15  5.643268340315376e-17  2.3749889269999995  -1.4533732669999995 
26 0  -3.6572050000000003  -2.374988927  -5.861036733 
26 1  4.440892098500626e-16  1.2822160729999998  -2.203831733 
26 2  1.8286024999999997  -0.5463864270000001  -4.032434233 
26 3  -1.8286025  -0.5463864270000001  -4.032434233 
26 4  -1.8286024999999997  -0.5463864270000001  -0.3752292329999998 
26 5  -1.8286024999999997  3.110818573  -4.032434233 
26 6  -1.8286024999999995  3.110818573  -0.3752292329999998 
26 7  1.8286024999999997  3.110818573  -0.3752292329999998 
26 8  1.8286024999999997  3.110818573  -4.032434233 
26 9  1.8286024999999997  -0.5463864270000001  -0.3752292329999998 
26 10  -3.657205  -2.374988927  -2.203831733 
26 11  -3.657205  1.2822160729999998  -5.861036733 
26 12  -4.440892098500626e-16  -2.374988927  -5.861036733 
26 13  0.0  1.2822160729999998  -5.861036733 
26 14  0.0  -2.374988927  -2.203831733 
26 15  -3.657205  1.2822160729999998  -2.203831733 
27 0  -3.657205  -2.374988927  -1.453373267 
27 1  8.881784197001252e-16  1.2822160729999998  2.203831733 
27 2  1.8286025000000001  -0.5463864270000001  0.375229233 
27 3  -1.8286024999999995  -0.5463864270000001  0.375229233 
27 4  -1.8286024999999992  -0.5463864270000001  4.032434233 
27 5  -1.8286024999999992  3.110818573  0.375229233 
27 6  -1.828602499999999  3.110818573  4.032434233 
27 7  1.8286025000000001  3.110818573  4.032434233 
27 8  1.8286025000000001  3.110818573  0.375229233 
27 9  1.8286025000000001  -0.5463864270000001  4.032434233 
27 10  -3.6572049999999994  -2.374988927  2.203831733 
27 11  -3.6572049999999994  1.2822160729999998  -1.453373267 
27 12  0.0  -2.374988927  -1.453373267 
27 13  4.440892098500626e-16  1.2822160729999998  -1.453373267 
27 14  4.440892098500626e-16  -2.374988927  2.203831733 
27 15  -3.6572049999999994  1.2822160729999998  2.203831733 
28 0  -6.032193927  -2.203831733  0.0 
28 1  -2.374988926999999  1.453373267  3.657205 
28 2  -0.5463864269999998  -0.375229233  1.8286025 
28 3  -4.203591426999999  -0.375229233  1.8286025 
28 4  -4.203591426999999  -0.375229233  5.4858075 
28 5  -4.203591426999999  3.281975767  1.8286025 
28 6  -4.203591426999999  3.281975767  5.4858075 
28 7  -0.5463864269999998  3.281975767  5.4858075 
28 8  -0.5463864269999998  3.281975767  1.8286025 
28 9  -0.5463864269999998  -0.375229233  5.4858075 
28 10  -6.032193927  -2.203831733  3.657205 
28 11  -6.032193927  1.453373267  0.0 
28 12  -2.374988927  -2.203831733  0.0 
28 13  -2.3749889269999995  1.453373267  0.0 
28 14  -2.3749889269999995  -2.203831733  3.657205 
28 15  -6.032193926999999  1.453373267  3.657205 
29 0  -6.032193927  -5.110578266999999  0.0 
29 1  -2.374988926999999  -1.4533732669999995  3.657205 
29 2  -0.5463864269999998  -3.2819757669999996  1.8286025 
29 3  -4.203591426999999  -3.2819757669999996  1.8286025 
29 4  -4.203591426999999  -3.2819757669999996  5.4858075 
29 5  -4.203591426999999  0.37522923300000066  1.8286025 
29 6  -4.203591426999999  0.37522923300000066  5.4858075 
29 7  -0.5463864269999998  0.37522923300000066  5.4858075 
29 8  -0.5463864269999998  0.37522923300000066  1.8286025 
29 9  -0.5463864269999998  -3.2819757669999996  5.4858075 
29 10  -6.032193927  -5.110578266999999  3.657205 
29 11  -6.032193927  -1.4533732669999995  0.0 
29 12  -2.374988927  -5.110578266999999  0.0 
29 13  -2.3749889269999995  -1.4533732669999995  0.0 
29 14  -2.3749889269999995  -5.110578266999999  3.657205 
29 15  -6.032193926999999  -1.4533732669999995  3.657205 
30 0  -4.939421073  -5.861036733  -3.657205 
30 1  -1.2822160729999994  -2.203831733  0.0 
30 2  0.5463864269999998  -4.032434233  -1.8286025 
30 3  -3.1108185729999995  -4.032434233  -1.8286025 
30 4  -3.1108185729999995  -4.032434233  1.8286025000000001 
30 5  -3.1108185729999995  -0.3752292329999998  -1.8286025 
30 6  -3.1108185729999995  -0.3752292329999998  1.8286025000000001 
30 7  0.5463864269999998  -0.3752292329999998  1.8286025000000001 
30 8  0.5463864269999998  -0.3752292329999998  -1.8286025 
30 9  0.5463864269999998  -4.032434233  1.8286025000000001 
30 10  -4.939421073  -5.861036733  0.0 
30 11  -4.939421073  -2.203831733  -3.657205 
30 12  -1.2822160730000003  -5.861036733  -3.657205 
30 13  -1.2822160729999998  -2.203831733  -3.657205 
30 14  -1.2822160729999998  -5.861036733  0.0 
30 15  -4.939421072999999  -2.203831733  0.0 
31 0  -4.939421073  -1.453373267  -3.657205 
31 1  -1.2822160729999994  2.203831733  0.0 
31 2  0.5463864269999998  0.375229233  -1.8286025 
31 3  -3.1108185729999995  0.375229233  -1.8286025 
31 4  -3.1108185729999995  0.375229233  1.8286025000000001 
31 5  -3.1108185729999995  4.032434233  -1.8286025 
31 6  -3.1108185729999995  4.032434233  1.8286025000000001 
31 7  0.5463864269999998  4.032434233  1.8286025000000001 
31 8  0.5463864269999998  4.032434233  -1.8286025 
31 9  0.5463864269999998  0.375229233  1.8286025000000001 
31 10  -4.939421073  -1.453373267  0.0 
31 11  -4.939421073  2.203831733  -3.657205 
31 12  -1.2822160730000003  -1.453373267  -3.657205 
31 13  -1.2822160729999998  2.203831733  -3.657205 
31 14  -1.2822160729999998  -1.453373267  0.0 
31 15  -4.939421072999999  2.203831733  0.0 
32 0  -1.4533732670000004  -3.657205  -4.939421073 
32 1  2.2038317330000003  0.0  -1.2822160730000003 
32 2  4.032434233  -1.8286025  -3.1108185730000004 
32 3  0.375229233  -1.8286025  -3.1108185730000004 
32 4  0.3752292330000002  -1.8286025  0.5463864269999998 
32 5  0.3752292330000002  1.8286025000000001  -3.1108185730000004 
32 6  0.37522923300000044  1.8286025000000001  0.5463864269999998 
32 7  4.032434233  1.8286025000000001  0.5463864269999998 
32 8  4.032434233  1.8286025000000001  -3.1108185730000004 
32 9  4.032434233  -1.8286025  0.5463864269999998 
32 10  -1.4533732670000001  -3.657205  -1.2822160730000003 
32 11  -1.4533732670000001  0.0  -4.939421073 
32 12  2.2038317329999995  -3.657205  -4.939421073 
32 13  2.203831733  0.0  -4.939421073 
32 14  2.203831733  -3.657205  -1.2822160730000003 
32 15  -1.453373267  0.0  -1.2822160730000003 
33 0  -5.861036733  -3.657205  -4.939421073 
33 1  -2.203831732999999  0.0  -1.2822160730000003 
33 2  -0.3752292329999998  -1.8286025  -3.1108185730000004 
33 3  -4.032434232999999  -1.8286025  -3.1108185730000004 
33 4  -4.032434232999999  -1.8286025  0.5463864269999998 
33 5  -4.032434232999999  1.8286025000000001  -3.1108185730000004 
33 6  -4.032434232999999  1.8286025000000001  0.5463864269999998 
33 7  -0.3752292329999998  1.8286025000000001  0.5463864269999998 
33 8  -0.3752292329999998  1.8286025000000001  -3.1108185730000004 
33 9  -0.3752292329999998  -1.8286025  0.5463864269999998 
33 10  -5.861036733  -3.657205  -1.2822160730000003 
33 11  -5.861036733  0.0  -4.939421073 
33 12  -2.203831733  -3.657205  -4.939421073 
33 13  -2.2038317329999995  0.0  -4.939421073 
33 14  -2.2038317329999995  -3.657205  -1.2822160730000003 
33 15  -5.861036732999999  0.0  -1.2822160730000003 
34 0  -5.110578266999999  0.0  -6.032193927 
34 1  -1.4533732669999986  3.657205  -2.374988927 
34 2  0.37522923300000066  1.8286025  -4.203591427 
34 3  -3.2819757669999987  1.8286025  -4.203591427 
34 4  -3.2819757669999987  1.8286025  -0.5463864269999998 
34 5  -3.2819757669999987  5.4858075  -4.203591427 
34 6  -3.2819757669999987  5.4858075  -0.5463864269999998 
34 7  0.37522923300000066  5.4858075  -0.5463864269999998 
34 8  0.37522923300000066  5.4858075  -4.203591427 
34 9  0.37522923300000066  1.8286025  -0.5463864269999998 
34 10  -5.110578266999999  0.0  -2.374988927 
34 11  -5.110578266999999  3.657205  -6.032193927 
34 12  -1.4533732669999995  0.0  -6.032193927 
34 13  -1.453373266999999  3.657205  -6.032193927 
34 14  -1.453373266999999  0.0  -2.374988927 
34 15  -5.110578266999998  3.657205  -2.374988927 
35 0  -2.2038317330000003  0.0  -6.032193927 
35 1  1.4533732670000004  3.657205  -2.374988927 
35 2  3.2819757669999996  1.8286025  -4.203591427 
35 3  -0.375229233  1.8286025  -4.203591427 
35 4  -0.3752292329999998  1.8286025  -0.5463864269999998 
35 5  -0.3752292329999998  5.4858075  -4.203591427 
35 6  -0.37522923299999955  5.4858075  -0.5463864269999998 
35 7  3.2819757669999996  5.4858075  -0.5463864269999998 
35 8  3.2819757669999996  5.4858075  -4.203591427 
35 9  3.2819757669999996  1.8286025  -0.5463864269999998 
35 10  -2.203831733  0.0  -2.374988927 
35 11  -2.203831733  3.657205  -6.032193927 
35 12  1.4533732669999995  0.0  -6.032193927 
35 13  1.453373267  3.657205  -6.032193927 
35 14  1.453373267  0.0  -2.374988927 
35 15  -2.203831733  3.657205  -2.374988927 
36 0  -3.6572050000000007  -4.939421073  -5.861036733 
36 1  0.0  -1.2822160730000003  -2.203831733 
36 2  1.8286024999999992  -3.1108185730000004  -4.032434233 
36 3  -1.8286025000000004  -3.1108185730000004  -4.032434233 
36 4  -1.8286025000000001  -3.1108185730000004  -0.3752292329999998 
36 5  -1.8286025000000001  0.5463864269999998  -4.032434233 
36 6  -1.8286025  0.5463864269999998  -0.3752292329999998 
36 7  1.8286024999999992  0.5463864269999998  -0.3752292329999998 
36 8  1.8286024999999992  0.5463864269999998  -4.032434233 
36 9  1.8286024999999992  -3.1108185730000004  -0.3752292329999998 
36 10  -3.6572050000000003  -4.939421073  -2.203831733 
36 11  -3.6572050000000003  -1.2822160730000003  -5.861036733 
36 12  -8.881784197001252e-16  -4.939421073  -5.861036733 
36 13  -4.440892098500626e-16  -1.2822160730000003  -5.861036733 
36 14  -4.440892098500626e-16  -4.939421073  -2.203831733 
36 15  -3.6572050000000003  -1.2822160730000003  -2.203831733 
37 0  -3.6572050000000003  -4.939421073  -1.453373267 
37 1  4.440892098500626e-16  -1.2822160730000003  2.203831733 
37 2  1.8286024999999997  -3.1108185730000004  0.375229233 
37 3  -1.8286025  -3.1108185730000004  0.375229233 
37 4  -1.8286024999999997  -3.1108185730000004  4.032434233 
37 5  -1.8286024999999997  0.5463864269999998  0.375229233 
37 6  -1.8286024999999995  0.5463864269999998  4.032434233 
37 7  1.8286024999999997  0.5463864269999998  4.032434233 
37 8  1.8286024999999997  0.5463864269999998  0.375229233 
37 9  1.8286024999999997  -3.1108185730000004  4.032434233 
37 10  -3.657205  -4.939421073  2.203831733 
37 11  -3.657205  -1.2822160730000003  -1.453373267 
37 12  -4.440892098500626e-16  -4.939421073  -1.453373267 
37 13  0.0  -1.2822160730000003  -1.453373267 
37 14  0.0  -4.939421073  2.203831733 
37 15  -3.657205  -1.2822160730000003  2.203831733 
38 0  -5.043111231107233e-16  -6.032193927  -2.203831733 
38 1  3.6572050000000003  -2.374988927  1.453373267 
38 2  5.485807499999999  -4.203591427  -0.375229233 
38 3  1.8286025  -4.203591427  -0.375229233 
38 4  1.8286025000000001  -4.203591427  3.281975767 
38 5  1.8286025000000001  -0.5463864269999998  -0.375229233 
38 6  1.8286025000000004  -0.5463864269999998  3.281975767 
38 7  5.485807499999999  -0.5463864269999998  3.281975767 
38 8  5.485807499999999  -0.5463864269999998  -0.375229233 
38 9  5.485807499999999  -4.203591427  3.281975767 
38 10  -2.8037190325693853e-16  -6.032193927  1.453373267 
38 11  -2.8037190325693853e-16  -2.374988927  -2.203831733 
38 12  3.6572049999999994  -6.032193927  -2.203831733 
38 13  3.657205  -2.374988927  -2.203831733 
38 14  3.657205  -6.032193927  1.453373267 
38 15  -5.643268340315376e-17  -2.374988927  1.453373267 
39 0  -6.822980150505114e-16  -6.032193927  -5.110578266999999 
39 1  3.657205  -2.374988927  -1.4533732669999995 
39 2  5.485807499999999  -4.203591427  -3.2819757669999996 
39 3  1.8286024999999997  -4.203591427  -3.2819757669999996 
39 4  1.8286025  -4.203591427  0.37522923300000066 
39 5  1.8286025  -0.5463864269999998  -3.2819757669999996 
39 6  1.8286025000000001  -0.5463864269999998  0.37522923300000066 
39 7  5.485807499999999  -0.5463864269999998  0.37522923300000066 
39 8  5.485807499999999  -0.5463864269999998  -3.2819757669999996 
39 9  5.485807499999999  -4.203591427  0.37522923300000066 
39 10  -4.583587951967266e-16  -6.032193927  -1.4533732669999995 
39 11  -4.583587951967266e-16  -2.374988927  -5.110578266999999 
39 12  3.657204999999999  -6.032193927  -5.110578266999999 
39 13  3.6572049999999994  -2.374988927  -5.110578266999999 
39 14  3.6572049999999994  -6.032193927  -1.4533732669999995 
39 15  -2.3441957534294185e-16  -2.374988927  -1.4533732669999995 