         0        16   4.60516   4.60516
         0        17   4.60516   4.60516
         0        18   2.56211
         0        19   2.56211
         0        20   2.56211
         0        21   2.56211
         0        22   4.60516   4.60516
         0        23   4.60516   4.60516
         0        24   2.56211
         0        25   2.56211
         0        26   4.60516   4.60516
         0        27   4.60516   4.60516
         0        28   2.56211
         0        29   2.56211
         0        30   4.60516   4.60516
         0        31   4.60516   4.60516
         0        32   4.60516   4.60516
         0        33   4.60516   4.60516
         0        34   2.56211
         0        35   2.56211
         0        36   4.60516   4.60516
         0        37   4.60516   4.60516
         0        38   2.56211
         0        39   2.56211
         1        16   2.56211
         1        17   2.56211
         1        18   4.60516   4.60516
         1        19   4.60516   4.60516
         1        20   4.60516   4.60516
         1        21   4.60516   4.60516
         1        22   2.56211
         1        23   2.56211
         1        24   4.60516   4.60516
         1        25   4.60516   4.60516
         1        26   2.56211
         1        27   2.56211
         1        28   4.60516   4.60516
         1        29   4.60516   4.60516
         1        30   2.56211
         1        31   2.56211
         1        32   2.56211
         1        33   2.56211
         1        34   4.60516   4.60516
         1        35   4.60516   4.60516
         1        36   2.56211
         1        37   2.56211
         1        38   4.60516   4.60516
         1        39   4.60516   4.60516
         2        16   4.88443
         2        17   4.61100   3.63733
         2        18   3.63733   4.61100
         2        19   4.88443
         2        20   1.95109
         2        21   4.47852   3.79925
         2        22   3.79925   4.47852
         2        23   1.95109
         2        24   1.95109
         2        25   3.79925   4.47852
         2        26   4.47852   3.79925
         2        27   1.95109
         2        28   1.95109
         2        29   3.79925   4.47852
         2        30   4.47852   3.79925
         2        31   1.95109
         2        32   4.88443
         2        33   3.63733   4.61100
         2        34   4.61100   3.63733
         2        35   4.88443
         2        36   4.88443
         2        37   3.63733   4.61100
         2        38   4.61100   3.63733
         2        39   4.88443
         3        16   4.47852   3.79925
         3        17   1.95109
         3        18   1.95109
         3        19   3.79925   4.47852
         3        20   3.79925   4.47852
         3        21   1.95109
         3        22   1.95109
         3        23   4.47852   3.79925
         3        24   1.95109
         3        25   3.79925   4.47852
         3        26   4.47852   3.79925
         3        27   1.95109
         3        28   4.61100   3.63733
         3        29   4.88443
         3        30   4.88443
         3        31   3.63733   4.61100
         3        32   3.63733   4.61100
         3        33   4.88443
         3        34   4.88443
         3        35   4.61100   3.63733
         3        36   4.88443
         3        37   3.63733   4.61100
         3        38   4.61100   3.63733
         3        39   4.88443
         4        16   4.47852   3.79925
         4        17   1.95109
         4        18   1.95109
         4        19   3.79925   4.47852
         4        20   4.88443
         4        21   3.63733   4.61100
         4        22   4.61100   3.63733
         4        23   4.88443
         4        24   4.47852   3.79925
         4        25   1.95109
         4        26   1.95109
         4        27   3.79925   4.47852
         4        28   4.61100   3.63733
         4        29   4.88443
         4        30   4.88443
         4        31   3.63733   4.61100
         4        32   1.95109
         4        33   4.47852   3.79925
         4        34   3.79925   4.47852
         4        35   1.95109
         4        36   3.63733   4.61100
         4        37   4.88443
         4        38   4.88443
         4        39   4.61100   3.63733
         5        16   1.95109
         5        17   3.79925   4.47852
         5        18   4.47852   3.79925
         5        19   1.95109
         5        20   3.79925   4.47852
         5        21   1.95109
         5        22   1.95109
         5        23   4.47852   3.79925
         5        24   3.63733   4.61100
         5        25   4.88443
         5        26   4.88443
         5        27   4.61100   3.63733
         5        28   4.88443
         5        29   4.61100   3.63733
         5        30   3.63733   4.61100
         5        31   4.88443
         5        32   3.63733   4.61100
         5        33   4.88443
         5        34   4.88443
         5        35   4.61100   3.63733
         5        36   4.47852   3.79925
         5        37   1.95109
         5        38   1.95109
         5        39   3.79925   4.47852
         6        16   1.95109
         6        17   3.79925   4.47852
         6        18   4.47852   3.79925
         6        19   1.95109
         6        20   4.88443
         6        21   3.63733   4.61100
         6        22   4.61100   3.63733
         6        23   4.88443
         6        24   4.88443
         6        25   3.63733   4.61100
         6        26   4.61100   3.63733
         6        27   4.88443
         6        28   4.88443
         6        29   4.61100   3.63733
         6        30   3.63733   4.61100
         6        31   4.88443
         6        32   1.95109
         6        33   4.47852   3.79925
         6        34   3.79925   4.47852
         6        35   1.95109
         6        36   1.95109
         6        37   3.79925   4.47852
         6        38   4.47852   3.79925
         6        39   1.95109
         7        16   4.61100   3.63733
         7        17   4.88443
         7        18   4.88443
         7        19   3.63733   4.61100
         7        20   3.63733   4.61100
         7        21   4.88443
         7        22   4.88443
         7        23   4.61100   3.63733
         7        24   4.88443
         7        25   3.63733   4.61100
         7        26   4.61100   3.63733
         7        27   4.88443
         7        28   4.47852   3.79925
         7        29   1.95109
         7        30   1.95109
         7        31   3.79925   4.47852
         7        32   3.79925   4.47852
         7        33   1.95109
         7        34   1.95109
         7        35   4.47852   3.79925
         7        36   1.95109
         7        37   3.79925   4.47852
         7        38   4.47852   3.79925
         7        39   1.95109
         8        16   4.61100   3.63733
         8        17   4.88443
         8        18   4.88443
         8        19   3.63733   4.61100
         8        20   1.95109
         8        21   4.47852   3.79925
         8        22   3.79925   4.47852
         8        23   1.95109
         8        24   3.63733   4.61100
         8        25   4.88443
         8        26   4.88443
         8        27   4.61100   3.63733
         8        28   4.47852   3.79925
         8        29   1.95109
         8        30   1.95109
         8        31   3.79925   4.47852
         8        32   4.88443
         8        33   3.63733   4.61100
         8        34   4.61100   3.63733
         8        35   4.88443
         8        36   4.47852   3.79925
         8        37   1.95109
         8        38   1.95109
         8        39   3.79925   4.47852
         9        16   4.88443
         9        17   4.61100   3.63733
         9        18   3.63733   4.61100
         9        19   4.88443
         9        20   3.63733   4.61100
         9        21   4.88443
         9        22   4.88443
         9        23   4.61100   3.63733
         9        24   4.47852   3.79925
         9        25   1.95109
         9        26   1.95109
         9        27   3.79925   4.47852
         9        28   1.95109
         9        29   3.79925   4.47852
         9        30   4.47852   3.79925
         9        31   1.95109
         9        32   3.79925   4.47852
         9        33   1.95109
         9        34   1.95109
         9        35   4.47852   3.79925
         9        36   3.63733   4.61100
         9        37   4.88443
         9        38   4.88443
         9        39   4.61100   3.63733
        10        16   2.78721
        10        17   2.78721
        10        18   4.47251   4.47251
        10        19   4.47251   4.47251
        10        20   3.25269
        10        21   3.25269
        10        22   4.14632   4.14632
        10        23   4.14632   4.14632
        10        24   1.93726
        10        25   1.93726
        10        26   4.90091   4.90091
        10        27   4.90091   4.90091
        10        28   4.47251   4.47251
        10        29   4.47251   4.47251
        10        30   2.78721
        10        31   2.78721
        10        32   4.14632   4.14632
        10        33   4.14632   4.14632
        10        34   3.25269
        10        35   3.25269
        10        36   4.90091   4.90091
        10        37   4.90091   4.90091
        10        38   1.93726
        10        39   1.93726
        11        16   4.90091   4.90091
        11        17   4.90091   4.90091
        11        18   1.93726
        11        19   1.93726
        11        20   4.47251   4.47251
        11        21   4.47251   4.47251
        11        22   2.78721
        11        23   2.78721
        11        24   3.25269
        11        25   3.25269
        11        26   4.14632   4.14632
        11        27   4.14632   4.14632
        11        28   1.93726
        11        29   1.93726
        11        30   4.90091   4.90091
        11        31   4.90091   4.90091
        11        32   2.78721
        11        33   2.78721
        11        34   4.47251   4.47251
        11        35   4.47251   4.47251
        11        36   4.14632   4.14632
        11        37   4.14632   4.14632
        11        38   3.25269
        11        39   3.25269
        12        16   4.14632   4.14632
        12        17   4.14632   4.14632
        12        18   3.25269
        12        19   3.25269
        12        20   1.93726
        12        21   1.93726
        12        22   4.90091   4.90091
        12        23   4.90091   4.90091
        12        24   4.47251   4.47251
        12        25   4.47251   4.47251
        12        26   2.78721
        12        27   2.78721
        12        28   3.25269
        12        29   3.25269
        12        30   4.14632   4.14632
        12        31   4.14632   4.14632
        12        32   4.90091   4.90091
        12        33   4.90091   4.90091
        12        34   1.93726
        12        35   1.93726
        12        36   2.78721
        12        37   2.78721
        12        38   4.47251   4.47251
        12        39   4.47251   4.47251
        13        16   4.47251   4.47251
        13        17   4.47251   4.47251
        13        18   2.78721
        13        19   2.78721
        13        20   4.14632   4.14632
        13        21   4.14632   4.14632
        13        22   3.25269
        13        23   3.25269
        13        24   4.90091   4.90091
        13        25   4.90091   4.90091
        13        26   1.93726
        13        27   1.93726
        13        28   2.78721
        13        29   2.78721
        13        30   4.47251   4.47251
        13        31   4.47251   4.47251
        13        32   3.25269
        13        33   3.25269
        13        34   4.14632   4.14632
        13        35   4.14632   4.14632
        13        36   1.93726
        13        37   1.93726
        13        38   4.90091   4.90091
        13        39   4.90091   4.90091
        14        16   1.93726
        14        17   1.93726
        14        18   4.90091   4.90091
        14        19   4.90091   4.90091
        14        20   2.78721
        14        21   2.78721
        14        22   4.47251   4.47251
        14        23   4.47251   4.47251
        14        24   4.14632   4.14632
        14        25   4.14632   4.14632
        14        26   3.25269
        14        27   3.25269
        14        28   4.90091   4.90091
        14        29   4.90091   4.90091
        14        30   1.93726
        14        31   1.93726
        14        32   4.47251   4.47251
        14        33   4.47251   4.47251
        14        34   2.78721
        14        35   2.78721
        14        36   3.25269
        14        37   3.25269
        14        38   4.14632   4.14632
        14        39   4.14632   4.14632
        15        16   3.25269
        15        17   3.25269
        15        18   4.14632   4.14632
        15        19   4.14632   4.14632
        15        20   4.90091   4.90091
        15        21   4.90091   4.90091
        15        22   1.93726
        15        23   1.93726
        15        24   2.78721
        15        25   2.78721
        15        26   4.47251   4.47251
        15        27   4.47251   4.47251
        15        28   4.14632   4.14632
        15        29   4.14632   4.14632
        15        30   3.25269
        15        31   3.25269
        15        32   1.93726
        15        33   1.93726
        15        34   4.90091   4.90091
        15        35   4.90091   4.90091
        15        36   4.47251   4.47251
        15        37   4.47251   4.47251
        15        38   2.78721
        15        39   2.78721
        16         0   4.60516   4.60516
        16         1   2.56211
        16         2   4.88443
        16         3   3.79925   4.47852
        16         4   3.79925   4.47852
        16         5   1.95109
        16         6   1.95109
        16         7   3.63733   4.61100
        16         8   3.63733   4.61100
        16         9   4.88443
        16        10   2.78721
        16        11   4.90091   4.90091
        16        12   4.14632   4.14632
        16        13   4.47251   4.47251
        16        14   1.93726
        16        15   3.25269
        17         0   4.60516   4.60516
        17         1   2.56211
        17         2   3.63733   4.61100
        17         3   1.95109
        17         4   1.95109
        17         5   4.47852   3.79925
        17         6   4.47852   3.79925
        17         7   4.88443
        17         8   4.88443
        17         9   3.63733   4.61100
        17        10   2.78721
        17        11   4.90091   4.90091
        17        12   4.14632   4.14632
        17        13   4.47251   4.47251
        17        14   1.93726
        17        15   3.25269
        18         0   2.56211
        18         1   4.60516   4.60516
        18         2   4.61100   3.63733
        18         3   1.95109
        18         4   1.95109
        18         5   3.79925   4.47852
        18         6   3.79925   4.47852
        18         7   4.88443
        18         8   4.88443
        18         9   4.61100   3.63733
        18        10   4.47251   4.47251
        18        11   1.93726
        18        12   3.25269
        18        13   2.78721
        18        14   4.90091   4.90091
        18        15   4.14632   4.14632
        19         0   2.56211
        19         1   4.60516   4.60516
        19         2   4.88443
        19         3   4.47852   3.79925
        19         4   4.47852   3.79925
        19         5   1.95109
        19         6   1.95109
        19         7   4.61100   3.63733
        19         8   4.61100   3.63733
        19         9   4.88443
        19        10   4.47251   4.47251
        19        11   1.93726
        19        12   3.25269
        19        13   2.78721
        19        14   4.90091   4.90091
        19        15   4.14632   4.14632
        20         0   2.56211
        20         1   4.60516   4.60516
        20         2   1.95109
        20         3   4.47852   3.79925
        20         4   4.88443
        20         5   4.47852   3.79925
        20         6   4.88443
        20         7   4.61100   3.63733
        20         8   1.95109
        20         9   4.61100   3.63733
        20        10   3.25269
        20        11   4.47251   4.47251
        20        12   1.93726
        20        13   4.14632   4.14632
        20        14   2.78721
        20        15   4.90091   4.90091
        21         0   2.56211
        21         1   4.60516   4.60516
        21         2   3.79925   4.47852
        21         3   1.95109
        21         4   4.61100   3.63733
        21         5   1.95109
        21         6   4.61100   3.63733
        21         7   4.88443
        21         8   3.79925   4.47852
        21         9   4.88443
        21        10   3.25269
        21        11   4.47251   4.47251
        21        12   1.93726
        21        13   4.14632   4.14632
        21        14   2.78721
        21        15   4.90091   4.90091
        22         0   4.60516   4.60516
        22         1   2.56211
        22         2   4.47852   3.79925
        22         3   1.95109
        22         4   3.63733   4.61100
        22         5   1.95109
        22         6   3.63733   4.61100
        22         7   4.88443
        22         8   4.47852   3.79925
        22         9   4.88443
        22        10   4.14632   4.14632
        22        11   2.78721
        22        12   4.90091   4.90091
        22        13   3.25269
        22        14   4.47251   4.47251
        22        15   1.93726
        23         0   4.60516   4.60516
        23         1   2.56211
        23         2   1.95109
        23         3   3.79925   4.47852
        23         4   4.88443
        23         5   3.79925   4.47852
        23         6   4.88443
        23         7   3.63733   4.61100
        23         8   1.95109
        23         9   3.63733   4.61100
        23        10   4.14632   4.14632
        23        11   2.78721
        23        12   4.90091   4.90091
        23        13   3.25269
        23        14   4.47251   4.47251
        23        15   1.93726
        24         0   2.56211
        24         1   4.60516   4.60516
        24         2   1.95109
        24         3   1.95109
        24         4   3.79925   4.47852
        24         5   4.61100   3.63733
        24         6   4.88443
        24         7   4.88443
        24         8   4.61100   3.63733
        24         9   3.79925   4.47852
        24        10   1.93726
        24        11   3.25269
        24        12   4.47251   4.47251
        24        13   4.90091   4.90091
        24        14   4.14632   4.14632
        24        15   2.78721
        25         0   2.56211
        25         1   4.60516   4.60516
        25         2   4.47852   3.79925
        25         3   4.47852   3.79925
        25         4   1.95109
        25         5   4.88443
        25         6   4.61100   3.63733
        25         7   4.61100   3.63733
        25         8   4.88443
        25         9   1.95109
        25        10   1.93726
        25        11   3.25269
        25        12   4.47251   4.47251
        25        13   4.90091   4.90091
        25        14   4.14632   4.14632
        25        15   2.78721
        26         0   4.60516   4.60516
        26         1   2.56211
        26         2   3.79925   4.47852
        26         3   3.79925   4.47852
        26         4   1.95109
        26         5   4.88443
        26         6   3.63733   4.61100
        26         7   3.63733   4.61100
        26         8   4.88443
        26         9   1.95109
        26        10   4.90091   4.90091
        26        11   4.14632   4.14632
        26        12   2.78721
        26        13   1.93726
        26        14   3.25269
        26        15   4.47251   4.47251
        27         0   4.60516   4.60516
        27         1   2.56211
        27         2   1.95109
        27         3   1.95109
        27         4   4.47852   3.79925
        27         5   3.63733   4.61100
        27         6   4.88443
        27         7   4.88443
        27         8   3.63733   4.61100
        27         9   4.47852   3.79925
        27        10   4.90091   4.90091
        27        11   4.14632   4.14632
        27        12   2.78721
        27        13   1.93726
        27        14   3.25269
        27        15   4.47251   4.47251
        28         0   2.56211
        28         1   4.60516   4.60516
        28         2   1.95109
        28         3   3.63733   4.61100
        28         4   3.63733   4.61100
        28         5   4.88443
        28         6   4.88443
        28         7   3.79925   4.47852
        28         8   3.79925   4.47852
        28         9   1.95109
        28        10   4.47251   4.47251
        28        11   1.93726
        28        12   3.25269
        28        13   2.78721
        28        14   4.90091   4.90091
        28        15   4.14632   4.14632
        29         0   2.56211
        29         1   4.60516   4.60516
        29         2   4.47852   3.79925
        29         3   4.88443
        29         4   4.88443
        29         5   3.63733   4.61100
        29         6   3.63733   4.61100
        29         7   1.95109
        29         8   1.95109
        29         9   4.47852   3.79925
        29        10   4.47251   4.47251
        29        11   1.93726
        29        12   3.25269
        29        13   2.78721
        29        14   4.90091   4.90091
        29        15   4.14632   4.14632
        30         0   4.60516   4.60516
        30         1   2.56211
        30         2   3.79925   4.47852
        30         3   4.88443
        30         4   4.88443
        30         5   4.61100   3.63733
        30         6   4.61100   3.63733
        30         7   1.95109
        30         8   1.95109
        30         9   3.79925   4.47852
        30        10   2.78721
        30        11   4.90091   4.90091
        30        12   4.14632   4.14632
        30        13   4.47251   4.47251
        30        14   1.93726
        30        15   3.25269
        31         0   4.60516   4.60516
        31         1   2.56211
        31         2   1.95109
        31         3   4.61100   3.63733
        31         4   4.61100   3.63733
        31         5   4.88443
        31         6   4.88443
        31         7   4.47852   3.79925
        31         8   4.47852   3.79925
        31         9   1.95109
        31        10   2.78721
        31        11   4.90091   4.90091
        31        12   4.14632   4.14632
        31        13   4.47251   4.47251
        31        14   1.93726
        31        15   3.25269
        32         0   4.60516   4.60516
        32         1   2.56211
        32         2   4.88443
        32         3   4.61100   3.63733
        32         4   1.95109
        32         5   4.61100   3.63733
        32         6   1.95109
        32         7   4.47852   3.79925
        32         8   4.88443
        32         9   4.47852   3.79925
        32        10   4.14632   4.14632
        32        11   2.78721
        32        12   4.90091   4.90091
        32        13   3.25269
        32        14   4.47251   4.47251
        32        15   1.93726
        33         0   4.60516   4.60516
        33         1   2.56211
        33         2   4.61100   3.63733
        33         3   4.88443
        33         4   3.79925   4.47852
        33         5   4.88443
        33         6   3.79925   4.47852
        33         7   1.95109
        33         8   4.61100   3.63733
        33         9   1.95109
        33        10   4.14632   4.14632
        33        11   2.78721
        33        12   4.90091   4.90091
        33        13   3.25269
        33        14   4.47251   4.47251
        33        15   1.93726
        34         0   2.56211
        34         1   4.60516   4.60516
        34         2   3.63733   4.61100
        34         3   4.88443
        34         4   4.47852   3.79925
        34         5   4.88443
        34         6   4.47852   3.79925
        34         7   1.95109
        34         8   3.63733   4.61100
        34         9   1.95109
        34        10   3.25269
        34        11   4.47251   4.47251
        34        12   1.93726
        34        13   4.14632   4.14632
        34        14   2.78721
        34        15   4.90091   4.90091
        35         0   2.56211
        35         1   4.60516   4.60516
        35         2   4.88443
        35         3   3.63733   4.61100
        35         4   1.95109
        35         5   3.63733   4.61100
        35         6   1.95109
        35         7   3.79925   4.47852
        35         8   4.88443
        35         9   3.79925   4.47852
        35        10   3.25269
        35        11   4.47251   4.47251
        35        12   1.93726
        35        13   4.14632   4.14632
        35        14   2.78721
        35        15   4.90091   4.90091
        36         0   4.60516   4.60516
        36         1   2.56211
        36         2   4.88443
        36         3   4.88443
        36         4   4.61100   3.63733
        36         5   3.79925   4.47852
        36         6   1.95109
        36         7   1.95109
        36         8   3.79925   4.47852
        36         9   4.61100   3.63733
        36        10   4.90091   4.90091
        36        11   4.14632   4.14632
        36        12   2.78721
        36        13   1.93726
        36        14   3.25269
        36        15   4.47251   4.47251
        37         0   4.60516   4.60516
        37         1   2.56211
        37         2   4.61100   3.63733
        37         3   4.61100   3.63733
        37         4   4.88443
        37         5   1.95109
        37         6   4.47852   3.79925
        37         7   4.47852   3.79925
        37         8   1.95109
        37         9   4.88443
        37        10   4.90091   4.90091
        37        11   4.14632   4.14632
        37        12   2.78721
        37        13   1.93726
        37        14   3.25269
        37        15   4.47251   4.47251
        38         0   2.56211
        38         1   4.60516   4.60516
        38         2   3.63733   4.61100
        38         3   3.63733   4.61100
        38         4   4.88443
        38         5   1.95109
        38         6   3.79925   4.47852
        38         7   3.79925   4.47852
        38         8   1.95109
        38         9   4.88443
        38        10   1.93726
        38        11   3.25269
        38        12   4.47251   4.47251
        38        13   4.90091   4.90091
        38        14   4.14632   4.14632
        38        15   2.78721
        39         0   2.56211
        39         1   4.60516   4.60516
        39         2   4.88443
        39         3   4.88443
        39         4   3.63733   4.61100
        39         5   4.47852   3.79925
        39         6   1.95109
        39         7   1.95109
        39         8   4.47852   3.79925
        39         9   3.63733   4.61100
        39        10   1.93726
        39        11   3.25269
        39        12   4.47251   4.47251
        39        13   4.90091   4.90091
        39        14   4.14632   4.14632
        39        15   2.78721
