         0        16   4.60223   4.60223
         0        17   4.60223   4.60223
         0        18   2.53356
         0        19   2.53356
         0        20   2.53356
         0        21   2.53356
         0        22   4.60223   4.60223
         0        23   4.60223   4.60223
         0        24   2.53356
         0        25   2.53356
         0        26   4.60223   4.60223
         0        27   4.60223   4.60223
         0        28   2.53356
         0        29   2.53356
         0        30   4.60223   4.60223
         0        31   4.60223   4.60223
         0        32   4.60223   4.60223
         0        33   4.60223   4.60223
         0        34   2.53356
         0        35   2.53356
         0        36   4.60223   4.60223
         0        37   4.60223   4.60223
         0        38   2.53356
         0        39   2.53356
         1        16   2.53356
         1        17   2.53356
         1        18   4.60223   4.60223
         1        19   4.60223   4.60223
         1        20   4.60223   4.60223
         1        21   4.60223   4.60223
         1        22   2.53356
         1        23   2.53356
         1        24   4.60223   4.60223
         1        25   4.60223   4.60223
         1        26   2.53356
         1        27   2.53356
         1        28   4.60223   4.60223
         1        29   4.60223   4.60223
         1        30   2.53356
         1        31   2.53356
         1        32   2.53356
         1        33   2.53356
         1        34   4.60223   4.60223
         1        35   4.60223   4.60223
         1        36   2.53356
         1        37   2.53356
         1        38   4.60223   4.60223
         1        39   4.60223   4.60223
         2        16   4.87425
         2        17   4.60542   3.61494
         2        18   3.61494   4.60542
         2        19   4.87425
         2        20   1.94483
         2        21   4.45026   3.80432
         2        22   3.80432   4.45026
         2        23   1.94483
         2        24   1.94483
         2        25   3.80432   4.45026
         2        26   4.45026   3.80432
         2        27   1.94483
         2        28   1.94483
         2        29   3.80432   4.45026
         2        30   4.45026   3.80432
         2        31   1.94483
         2        32   4.87425
         2        33   3.61494   4.60542
         2        34   4.60542   3.61494
         2        35   4.87425
         2        36   4.87425
         2        37   3.61494   4.60542
         2        38   4.60542   3.61494
         2        39   4.87425
         3        16   4.45026   3.80432
         3        17   1.94483
         3        18   1.94483
         3        19   3.80432   4.45026
         3        20   3.80432   4.45026
         3        21   1.94483
         3        22   1.94483
         3        23   4.45026   3.80432
         3        24   1.94483
         3        25   3.80432   4.45026
         3        26   4.45026   3.80432
         3        27   1.94483
         3        28   4.60542   3.61494
         3        29   4.87425
         3        30   4.87425
         3        31   3.61494   4.60542
         3        32   3.61494   4.60542
         3        33   4.87425
         3        34   4.87425
         3        35   4.60542   3.61494
         3        36   4.87425
         3        37   3.61494   4.60542
         3        38   4.60542   3.61494
         3        39   4.87425
         4        16   4.45026   3.80432
         4        17   1.94483
         4        18   1.94483
         4        19   3.80432   4.45026
         4        20   4.87425
         4        21   3.61494   4.60542
         4        22   4.60542   3.61494
         4        23   4.87425
         4        24   4.45026   3.80432
         4        25   1.94483
         4        26   1.94483
         4        27   3.80432   4.45026
         4        28   4.60542   3.61494
         4        29   4.87425
         4        30   4.87425
         4        31   3.61494   4.60542
         4        32   1.94483
         4        33   4.45026   3.80432
         4        34   3.80432   4.45026
         4        35   1.94483
         4        36   3.61494   4.60542
         4        37   4.87425
         4        38   4.87425
         4        39   4.60542   3.61494
         5        16   1.94483
         5        17   3.80432   4.45026
         5        18   4.45026   3.80432
         5        19   1.94483
         5        20   3.80432   4.45026
         5        21   1.94483
         5        22   1.94483
         5        23   4.45026   3.80432
         5        24   3.61494   4.60542
         5        25   4.87425
         5        26   4.87425
         5        27   4.60542   3.61494
         5        28   4.87425
         5        29   4.60542   3.61494
         5        30   3.61494   4.60542
         5        31   4.87425
         5        32   3.61494   4.60542
         5        33   4.87425
         5        34   4.87425
         5        35   4.60542   3.61494
         5        36   4.45026   3.80432
         5        37   1.94483
         5        38   1.94483
         5        39   3.80432   4.45026
         6        16   1.94483
         6        17   3.80432   4.45026
         6        18   4.45026   3.80432
         6        19   1.94483
         6        20   4.87425
         6        21   3.61494   4.60542
         6        22   4.60542   3.61494
         6        23   4.87425
         6        24   4.87425
         6        25   3.61494   4.60542
         6        26   4.60542   3.61494
         6        27   4.87425
         6        28   4.87425
         6        29   4.60542   3.61494
         6        30   3.61494   4.60542
         6        31   4.87425
         6        32   1.94483
         6        33   4.45026   3.80432
         6        34   3.80432   4.45026
         6        35   1.94483
         6        36   1.94483
         6        37   3.80432   4.45026
         6        38   4.45026   3.80432
         6        39   1.94483
         7        16   4.60542   3.61494
         7        17   4.87425
         7        18   4.87425
         7        19   3.61494   4.60542
         7        20   3.61494   4.60542
         7        21   4.87425
         7        22   4.87425
         7        23   4.60542   3.61494
         7        24   4.87425
         7        25   3.61494   4.60542
         7        26   4.60542   3.61494
         7        27   4.87425
         7        28   4.45026   3.80432
         7        29   1.94483
         7        30   1.94483
         7        31   3.80432   4.45026
         7        32   3.80432   4.45026
         7        33   1.94483
         7        34   1.94483
         7        35   4.45026   3.80432
         7        36   1.94483
         7        37   3.80432   4.45026
         7        38   4.45026   3.80432
         7        39   1.94483
         8        16   4.60542   3.61494
         8        17   4.87425
         8        18   4.87425
         8        19   3.61494   4.60542
         8        20   1.94483
         8        21   4.45026   3.80432
         8        22   3.80432   4.45026
         8        23   1.94483
         8        24   3.61494   4.60542
         8        25   4.87425
         8        26   4.87425
         8        27   4.60542   3.61494
         8        28   4.45026   3.80432
         8        29   1.94483
         8        30   1.94483
         8        31   3.80432   4.45026
         8        32   4.87425
         8        33   3.61494   4.60542
         8        34   4.60542   3.61494
         8        35   4.87425
         8        36   4.45026   3.80432
         8        37   1.94483
         8        38   1.94483
         8        39   3.80432   4.45026
         9        16   4.87425
         9        17   4.60542   3.61494
         9        18   3.61494   4.60542
         9        19   4.87425
         9        20   3.61494   4.60542
         9        21   4.87425
         9        22   4.87425
         9        23   4.60542   3.61494
         9        24   4.45026   3.80432
         9        25   1.94483
         9        26   1.94483
         9        27   3.80432   4.45026
         9        28   1.94483
         9        29   3.80432   4.45026
         9        30   4.45026   3.80432
         9        31   1.94483
         9        32   3.80432   4.45026
         9        33   1.94483
         9        34   1.94483
         9        35   4.45026   3.80432
         9        36   3.61494   4.60542
         9        37   4.87425
         9        38   4.87425
         9        39   4.60542   3.61494
        10        16   2.79715
        10        17   2.79715
        10        18   4.44695   4.44695
        10        19   4.44695   4.44695
        10        20   3.23882
        10        21   3.23882
        10        22   4.13636   4.13636
        10        23   4.13636   4.13636
        10        24   1.93726
        10        25   1.93726
        10        26   4.88328   4.88328
        10        27   4.88328   4.88328
        10        28   4.44695   4.44695
        10        29   4.44695   4.44695
        10        30   2.79715
        10        31   2.79715
        10        32   4.13636   4.13636
        10        33   4.13636   4.13636
        10        34   3.23882
        10        35   3.23882
        10        36   4.88328   4.88328
        10        37   4.88328   4.88328
        10        38   1.93726
        10        39   1.93726
        11        16   4.88328   4.88328
        11        17   4.88328   4.88328
        11        18   1.93726
        11        19   1.93726
        11        20   4.44695   4.44695
        11        21   4.44695   4.44695
        11        22   2.79715
        11        23   2.79715
        11        24   3.23882
        11        25   3.23882
        11        26   4.13636   4.13636
        11        27   4.13636   4.13636
        11        28   1.93726
        11        29   1.93726
        11        30   4.88328   4.88328
        11        31   4.88328   4.88328
        11        32   2.79715
        11        33   2.79715
        11        34   4.44695   4.44695
        11        35   4.44695   4.44695
        11        36   4.13636   4.13636
        11        37   4.13636   4.13636
        11        38   3.23882
        11        39   3.23882
        12        16   4.13636   4.13636
        12        17   4.13636   4.13636
        12        18   3.23882
        12        19   3.23882
        12        20   1.93726
        12        21   1.93726
        12        22   4.88328   4.88328
        12        23   4.88328   4.88328
        12        24   4.44695   4.44695
        12        25   4.44695   4.44695
        12        26   2.79715
        12        27   2.79715
        12        28   3.23882
        12        29   3.23882
        12        30   4.13636   4.13636
        12        31   4.13636   4.13636
        12        32   4.88328   4.88328
        12        33   4.88328   4.88328
        12        34   1.93726
        12        35   1.93726
        12        36   2.79715
        12        37   2.79715
        12        38   4.44695   4.44695
        12        39   4.44695   4.44695
        13        16   4.44695   4.44695
        13        17   4.44695   4.44695
        13        18   2.79715
        13        19   2.79715
        13        20   4.13636   4.13636
        13        21   4.13636   4.13636
        13        22   3.23882
        13        23   3.23882
        13        24   4.88328   4.88328
        13        25   4.88328   4.88328
        13        26   1.93726
        13        27   1.93726
        13        28   2.79715
        13        29   2.79715
        13        30   4.44695   4.44695
        13        31   4.44695   4.44695
        13        32   3.23882
        13        33   3.23882
        13        34   4.13636   4.13636
        13        35   4.13636   4.13636
        13        36   1.93726
        13        37   1.93726
        13        38   4.88328   4.88328
        13        39   4.88328   4.88328
        14        16   1.93726
        14        17   1.93726
        14        18   4.88328   4.88328
        14        19   4.88328   4.88328
        14        20   2.79715
        14        21   2.79715
        14        22   4.44695   4.44695
        14        23   4.44695   4.44695
        14        24   4.13636   4.13636
        14        25   4.13636   4.13636
        14        26   3.23882
        14        27   3.23882
        14        28   4.88328   4.88328
        14        29   4.88328   4.88328
        14        30   1.93726
        14        31   1.93726
        14        32   4.44695   4.44695
        14        33   4.44695   4.44695
        14        34   2.79715
        14        35   2.79715
        14        36   3.23882
        14        37   3.23882
        14        38   4.13636   4.13636
        14        39   4.13636   4.13636
        15        16   3.23882
        15        17   3.23882
        15        18   4.13636   4.13636
        15        19   4.13636   4.13636
        15        20   4.88328   4.88328
        15        21   4.88328   4.88328
        15        22   1.93726
        15        23   1.93726
        15        24   2.79715
        15        25   2.79715
        15        26   4.44695   4.44695
        15        27   4.44695   4.44695
        15        28   4.13636   4.13636
        15        29   4.13636   4.13636
        15        30   3.23882
        15        31   3.23882
        15        32   1.93726
        15        33   1.93726
        15        34   4.88328   4.88328
        15        35   4.88328   4.88328
        15        36   4.44695   4.44695
        15        37   4.44695   4.44695
        15        38   2.79715
        15        39   2.79715
        16         0   4.60223   4.60223
        16         1   2.53356
        16         2   4.87425
        16         3   3.80432   4.45026
        16         4   3.80432   4.45026
        16         5   1.94483
        16         6   1.94483
        16         7   3.61494   4.60542
        16         8   3.61494   4.60542
        16         9   4.87425
        16        10   2.79715
        16        11   4.88328   4.88328
        16        12   4.13636   4.13636
        16        13   4.44695   4.44695
        16        14   1.93726
        16        15   3.23882
        17         0   4.60223   4.60223
        17         1   2.53356
        17         2   3.61494   4.60542
        17         3   1.94483
        17         4   1.94483
        17         5   4.45026   3.80432
        17         6   4.45026   3.80432
        17         7   4.87425
        17         8   4.87425
        17         9   3.61494   4.60542
        17        10   2.79715
        17        11   4.88328   4.88328
        17        12   4.13636   4.13636
        17        13   4.44695   4.44695
        17        14   1.93726
        17        15   3.23882
        18         0   2.53356
        18         1   4.60223   4.60223
        18         2   4.60542   3.61494
        18         3   1.94483
        18         4   1.94483
        18         5   3.80432   4.45026
        18         6   3.80432   4.45026
        18         7   4.87425
        18         8   4.87425
        18         9   4.60542   3.61494
        18        10   4.44695   4.44695
        18        11   1.93726
        18        12   3.23882
        18        13   2.79715
        18        14   4.88328   4.88328
        18        15   4.13636   4.13636
        19         0   2.53356
        19         1   4.60223   4.60223
        19         2   4.87425
        19         3   4.45026   3.80432
        19         4   4.45026   3.80432
        19         5   1.94483
        19         6   1.94483
        19         7   4.60542   3.61494
        19         8   4.60542   3.61494
        19         9   4.87425
        19        10   4.44695   4.44695
        19        11   1.93726
        19        12   3.23882
        19        13   2.79715
        19        14   4.88328   4.88328
        19        15   4.13636   4.13636
        20         0   2.53356
        20         1   4.60223   4.60223
        20         2   1.94483
        20         3   4.45026   3.80432
        20         4   4.87425
        20         5   4.45026   3.80432
        20         6   4.87425
        20         7   4.60542   3.61494
        20         8   1.94483
        20         9   4.60542   3.61494
        20        10   3.23882
        20        11   4.44695   4.44695
        20        12   1.93726
        20        13   4.13636   4.13636
        20        14   2.79715
        20        15   4.88328   4.88328
        21         0   2.53356
        21         1   4.60223   4.60223
        21         2   3.80432   4.45026
        21         3   1.94483
        21         4   4.60542   3.61494
        21         5   1.94483
        21         6   4.60542   3.61494
        21         7   4.87425
        21         8   3.80432   4.45026
        21         9   4.87425
        21        10   3.23882
        21        11   4.44695   4.44695
        21        12   1.93726
        21        13   4.13636   4.13636
        21        14   2.79715
        21        15   4.88328   4.88328
        22         0   4.60223   4.60223
        22         1   2.53356
        22         2   4.45026   3.80432
        22         3   1.94483
        22         4   3.61494   4.60542
        22         5   1.94483
        22         6   3.61494   4.60542
        22         7   4.87425
        22         8   4.45026   3.80432
        22         9   4.87425
        22        10   4.13636   4.13636
        22        11   2.79715
        22        12   4.88328   4.88328
        22        13   3.23882
        22        14   4.44695   4.44695
        22        15   1.93726
        23         0   4.60223   4.60223
        23         1   2.53356
        23         2   1.94483
        23         3   3.80432   4.45026
        23         4   4.87425
        23         5   3.80432   4.45026
        23         6   4.87425
        23         7   3.61494   4.60542
        23         8   1.94483
        23         9   3.61494   4.60542
        23        10   4.13636   4.13636
        23        11   2.79715
        23        12   4.88328   4.88328
        23        13   3.23882
        23        14   4.44695   4.44695
        23        15   1.93726
        24         0   2.53356
        24         1   4.60223   4.60223
        24         2   1.94483
        24         3   1.94483
        24         4   3.80432   4.45026
        24         5   4.60542   3.61494
        24         6   4.87425
        24         7   4.87425
        24         8   4.60542   3.61494
        24         9   3.80432   4.45026
        24        10   1.93726
        24        11   3.23882
        24        12   4.44695   4.44695
        24        13   4.88328   4.88328
        24        14   4.13636   4.13636
        24        15   2.79715
        25         0   2.53356
        25         1   4.60223   4.60223
        25         2   4.45026   3.80432
        25         3   4.45026   3.80432
        25         4   1.94483
        25         5   4.87425
        25         6   4.60542   3.61494
        25         7   4.60542   3.61494
        25         8   4.87425
        25         9   1.94483
        25        10   1.93726
        25        11   3.23882
        25        12   4.44695   4.44695
        25        13   4.88328   4.88328
        25        14   4.13636   4.13636
        25        15   2.79715
        26         0   4.60223   4.60223
        26         1   2.53356
        26         2   3.80432   4.45026
        26         3   3.80432   4.45026
        26         4   1.94483
        26         5   4.87425
        26         6   3.61494   4.60542
        26         7   3.61494   4.60542
        26         8   4.87425
        26         9   1.94483
        26        10   4.88328   4.88328
        26        11   4.13636   4.13636
        26        12   2.79715
        26        13   1.93726
        26        14   3.23882
        26        15   4.44695   4.44695
        27         0   4.60223   4.60223
        27         1   2.53356
        27         2   1.94483
        27         3   1.94483
        27         4   4.45026   3.80432
        27         5   3.61494   4.60542
        27         6   4.87425
        27         7   4.87425
        27         8   3.61494   4.60542
        27         9   4.45026   3.80432
        27        10   4.88328   4.88328
        27        11   4.13636   4.13636
        27        12   2.79715
        27        13   1.93726
        27        14   3.23882
        27        15   4.44695   4.44695
        28         0   2.53356
        28         1   4.60223   4.60223
        28         2   1.94483
        28         3   3.61494   4.60542
        28         4   3.61494   4.60542
        28         5   4.87425
        28         6   4.87425
        28         7   3.80432   4.45026
        28         8   3.80432   4.45026
        28         9   1.94483
        28        10   4.44695   4.44695
        28        11   1.93726
        28        12   3.23882
        28        13   2.79715
        28        14   4.88328   4.88328
        28        15   4.13636   4.13636
        29         0   2.53356
        29         1   4.60223   4.60223
        29         2   4.45026   3.80432
        29         3   4.87425
        29         4   4.87425
        29         5   3.61494   4.60542
        29         6   3.61494   4.60542
        29         7   1.94483
        29         8   1.94483
        29         9   4.45026   3.80432
        29        10   4.44695   4.44695
        29        11   1.93726
        29        12   3.23882
        29        13   2.79715
        29        14   4.88328   4.88328
        29        15   4.13636   4.13636
        30         0   4.60223   4.60223
        30         1   2.53356
        30         2   3.80432   4.45026
        30         3   4.87425
        30         4   4.87425
        30         5   4.60542   3.61494
        30         6   4.60542   3.61494
        30         7   1.94483
        30         8   1.94483
        30         9   3.80432   4.45026
        30        10   2.79715
        30        11   4.88328   4.88328
        30        12   4.13636   4.13636
        30        13   4.44695   4.44695
        30        14   1.93726
        30        15   3.23882
        31         0   4.60223   4.60223
        31         1   2.53356
        31         2   1.94483
        31         3   4.60542   3.61494
        31         4   4.60542   3.61494
        31         5   4.87425
        31         6   4.87425
        31         7   4.45026   3.80432
        31         8   4.45026   3.80432
        31         9   1.94483
        31        10   2.79715
        31        11   4.88328   4.88328
        31        12   4.13636   4.13636
        31        13   4.44695   4.44695
        31        14   1.93726
        31        15   3.23882
        32         0   4.60223   4.60223
        32         1   2.53356
        32         2   4.87425
        32         3   4.60542   3.61494
        32         4   1.94483
        32         5   4.60542   3.61494
        32         6   1.94483
        32         7   4.45026   3.80432
        32         8   4.87425
        32         9   4.45026   3.80432
        32        10   4.13636   4.13636
        32        11   2.79715
        32        12   4.88328   4.88328
        32        13   3.23882
        32        14   4.44695   4.44695
        32        15   1.93726
        33         0   4.60223   4.60223
        33         1   2.53356
        33         2   4.60542   3.61494
        33         3   4.87425
        33         4   3.80432   4.45026
        33         5   4.87425
        33         6   3.80432   4.45026
        33         7   1.94483
        33         8   4.60542   3.61494
        33         9   1.94483
        33        10   4.13636   4.13636
        33        11   2.79715
        33        12   4.88328   4.88328
        33        13   3.23882
        33        14   4.44695   4.44695
        33        15   1.93726
        34         0   2.53356
        34         1   4.60223   4.60223
        34         2   3.61494   4.60542
        34         3   4.87425
        34         4   4.45026   3.80432
        34         5   4.87425
        34         6   4.45026   3.80432
        34         7   1.94483
        34         8   3.61494   4.60542
        34         9   1.94483
        34        10   3.23882
        34        11   4.44695   4.44695
        34        12   1.93726
        34        13   4.13636   4.13636
        34        14   2.79715
        34        15   4.88328   4.88328
        35         0   2.53356
        35         1   4.60223   4.60223
        35         2   4.87425
        35         3   3.61494   4.60542
        35         4   1.94483
        35         5   3.61494   4.60542
        35         6   1.94483
        35         7   3.80432   4.45026
        35         8   4.87425
        35         9   3.80432   4.45026
        35        10   3.23882
        35        11   4.44695   4.44695
        35        12   1.93726
        35        13   4.13636   4.13636
        35        14   2.79715
        35        15   4.88328   4.88328
        36         0   4.60223   4.60223
        36         1   2.53356
        36         2   4.87425
        36         3   4.87425
        36         4   4.60542   3.61494
        36         5   3.80432   4.45026
        36         6   1.94483
        36         7   1.94483
        36         8   3.80432   4.45026
        36         9   4.60542   3.61494
        36        10   4.88328   4.88328
        36        11   4.13636   4.13636
        36        12   2.79715
        36        13   1.93726
        36        14   3.23882
        36        15   4.44695   4.44695
        37         0   4.60223   4.60223
        37         1   2.53356
        37         2   4.60542   3.61494
        37         3   4.60542   3.61494
        37         4   4.87425
        37         5   1.94483
        37         6   4.45026   3.80432
        37         7   4.45026   3.80432
        37         8   1.94483
        37         9   4.87425
        37        10   4.88328   4.88328
        37        11   4.13636   4.13636
        37        12   2.79715
        37        13   1.93726
        37        14   3.23882
        37        15   4.44695   4.44695
        38         0   2.53356
        38         1   4.60223   4.60223
        38         2   3.61494   4.60542
        38         3   3.61494   4.60542
        38         4   4.87425
        38         5   1.94483
        38         6   3.80432   4.45026
        38         7   3.80432   4.45026
        38         8   1.94483
        38         9   4.87425
        38        10   1.93726
        38        11   3.23882
        38        12   4.44695   4.44695
        38        13   4.88328   4.88328
        38        14   4.13636   4.13636
        38        15   2.79715
        39         0   2.53356
        39         1   4.60223   4.60223
        39         2   4.87425
        39         3   4.87425
        39         4   3.61494   4.60542
        39         5   4.45026   3.80432
        39         6   1.94483
        39         7   1.94483
        39         8   4.45026   3.80432
        39         9   3.61494   4.60542
        39        10   1.93726
        39        11   3.23882
        39        12   4.44695   4.44695
        39        13   4.88328   4.88328
        39        14   4.13636   4.13636
        39        15   2.79715
