 7.40361  0  0  4.533403644317667e-16  7.40361  0  4.533403644317667e-16  0.0  7.40361 
5
0 16  2.4491141880000007  5.991001212  3.701805 
0 17  2.4491141880000002  1.412608788  3.701805 
0 18  1.252690812  2.289196212  0.0 
0 19  1.252690812  5.114413787999999  0.0 
0 20  5.114413787999999  0.0  1.2526908119999998 
0 21  2.289196212  0.0  1.2526908119999998 
0 22  1.4126087880000004  3.701805  2.449114188 
0 23  5.991001212  3.701805  2.449114188 
0 24  2.1687803034415718e-16  1.2526908119999998  2.289196212 
0 25  3.8987271341131935e-16  1.2526908119999998  5.114413787999999 
0 26  3.7018050000000002  2.449114188  5.991001212 
0 27  3.701805  2.449114188  1.412608788 
0 28  6.150919188  2.289196212  0.0 
0 29  6.150919188  5.114413787999999  0.0 
0 30  4.954495812  5.991001212  3.701805 
0 31  4.954495812  1.412608788  3.701805 
0 32  1.4126087880000004  3.701805  4.954495812 
0 33  5.991001212  3.701805  4.954495812 
0 34  5.114413787999999  0.0  6.150919188 
0 35  2.2891962120000002  0.0  6.150919188 
0 36  3.7018050000000007  4.954495812  5.991001212 
0 37  3.7018050000000002  4.954495812  1.412608788 
0 38  5.168080154522141e-16  6.150919188  2.289196212 
0 39  6.898026985193763e-16  6.150919188  5.114413787999999 
1 16  -1.252690812  2.289196212  0.0 
1 17  -1.2526908120000004  -2.289196212  0.0 
1 18  -2.4491141880000007  -1.412608788  -3.701805 
1 19  -2.4491141880000007  1.4126087879999996  -3.701805 
1 20  1.4126087879999987  -3.701805  -2.4491141880000002 
1 21  -1.412608788000001  -3.701805  -2.4491141880000002 
1 22  -2.2891962120000002  0.0  -1.252690812 
1 23  2.289196211999999  0.0  -1.252690812 
1 24  -3.7018050000000007  -2.4491141880000002  -1.412608788 
1 25  -3.7018050000000002  -2.4491141880000002  1.4126087879999996 
1 26  -4.440892098500626e-16  -1.252690812  2.289196212 
1 27  -8.881784197001252e-16  -1.252690812  -2.289196212 
1 28  2.449114187999999  -1.412608788  -3.701805 
1 29  2.449114187999999  1.4126087879999996  -3.701805 
1 30  1.2526908119999995  2.289196212  0.0 
1 31  1.2526908119999995  -2.289196212  0.0 
1 32  -2.2891962120000002  0.0  1.2526908120000004 
1 33  2.289196211999999  0.0  1.2526908120000004 
1 34  1.4126087879999987  -3.701805  2.449114188 
1 35  -1.4126087880000004  -3.701805  2.449114188 
1 36  0.0  1.2526908120000004  2.289196212 
1 37  -4.440892098500626e-16  1.2526908120000004  -2.289196212 
1 38  -3.7018050000000002  2.449114188  -1.412608788 
1 39  -3.701805  2.449114188  1.4126087879999996 
2 16  -3.1035933119999988  4.1400987119999995  1.8509025 
2 17  -3.103593311999999  -0.4382937119999999  1.8509025 
2 18  -4.3000166879999995  0.4382937119999999  -1.8509025 
2 19  -4.3000166879999995  3.2635112879999992  -1.8509025 
2 20  -0.4382937120000001  -1.8509025  -0.5982116880000001 
2 21  -3.2635112879999997  -1.8509025  -0.5982116880000001 
2 22  -4.140098711999999  1.8509025  0.5982116879999999 
2 23  0.4382937120000001  1.8509025  0.5982116879999999 
2 24  -5.5527074999999995  -0.5982116880000001  0.4382937119999999 
2 25  -5.5527074999999995  -0.5982116880000001  3.2635112879999992 
2 26  -1.8509024999999992  0.5982116879999999  4.1400987119999995 
2 27  -1.8509024999999997  0.5982116879999999  -0.4382937119999999 
2 28  0.5982116880000001  0.4382937119999999  -1.8509025 
2 29  0.5982116880000001  3.2635112879999992  -1.8509025 
2 30  -0.5982116879999992  4.1400987119999995  1.8509025 
2 31  -0.5982116879999992  -0.4382937119999999  1.8509025 
2 32  -4.140098711999999  1.8509025  3.103593312 
2 33  0.4382937120000001  1.8509025  3.103593312 
2 34  -0.4382937120000001  -1.8509025  4.3000166879999995 
2 35  -3.2635112879999992  -1.8509025  4.3000166879999995 
2 36  -1.8509024999999988  3.103593312  4.1400987119999995 
2 37  -1.8509024999999992  3.103593312  -0.4382937119999999 
2 38  -5.552707499999999  4.3000166879999995  0.4382937119999999 
2 39  -5.552707499999999  4.3000166879999995  3.2635112879999992 
3 16  0.5982116880000004  4.1400987119999995  1.8509025 
3 17  0.5982116879999999  -0.4382937119999999  1.8509025 
3 18  -0.5982116880000004  0.4382937119999999  -1.8509025 
3 19  -0.5982116880000004  3.2635112879999992  -1.8509025 
3 20  3.2635112879999992  -1.8509025  -0.5982116880000001 
3 21  0.43829371199999945  -1.8509025  -0.5982116880000001 
3 22  -0.4382937119999999  1.8509025  0.5982116879999999 
3 23  4.1400987119999995  1.8509025  0.5982116879999999 
3 24  -1.8509025000000001  -0.5982116880000001  0.4382937119999999 
3 25  -1.8509025  -0.5982116880000001  3.2635112879999992 
3 26  1.8509025  0.5982116879999999  4.1400987119999995 
3 27  1.8509024999999995  0.5982116879999999  -0.4382937119999999 
3 28  4.3000166879999995  0.4382937119999999  -1.8509025 
3 29  4.3000166879999995  3.2635112879999992  -1.8509025 
3 30  3.103593312  4.1400987119999995  1.8509025 
3 31  3.103593312  -0.4382937119999999  1.8509025 
3 32  -0.4382937119999999  1.8509025  3.103593312 
3 33  4.1400987119999995  1.8509025  3.103593312 
3 34  3.2635112879999992  -1.8509025  4.3000166879999995 
3 35  0.4382937119999999  -1.8509025  4.3000166879999995 
3 36  1.8509025000000003  3.103593312  4.1400987119999995 
3 37  1.8509025  3.103593312  -0.4382937119999999 
3 38  -1.8509025  4.3000166879999995  0.4382937119999999 
3 39  -1.8509024999999997  4.3000166879999995  3.2635112879999992 
4 16  0.5982116880000001  4.1400987119999995  -1.8509024999999997 
4 17  0.5982116879999997  -0.4382937119999999  -1.8509024999999997 
4 18  -0.5982116880000006  0.4382937119999999  -5.5527074999999995 
4 19  -0.5982116880000006  3.2635112879999992  -5.5527074999999995 
4 20  3.263511287999999  -1.8509025  -4.3000166879999995 
4 21  0.4382937119999992  -1.8509025  -4.3000166879999995 
4 22  -0.4382937120000001  1.8509025  -3.1035933119999997 
4 23  4.140098711999999  1.8509025  -3.1035933119999997 
4 24  -1.8509025000000003  -0.5982116880000001  -3.2635112879999997 
4 25  -1.8509025000000001  -0.5982116880000001  -0.4382937120000001 
4 26  1.8509024999999997  0.5982116879999999  0.4382937120000001 
4 27  1.8509024999999992  0.5982116879999999  -4.1400987119999995 
4 28  4.3000166879999995  0.4382937119999999  -5.5527074999999995 
4 29  4.3000166879999995  3.2635112879999992  -5.5527074999999995 
4 30  3.1035933119999997  4.1400987119999995  -1.8509024999999997 
4 31  3.1035933119999997  -0.4382937119999999  -1.8509024999999997 
4 32  -0.4382937120000001  1.8509025  -0.5982116879999992 
4 33  4.140098711999999  1.8509025  -0.5982116879999992 
4 34  3.263511287999999  -1.8509025  0.5982116880000001 
4 35  0.43829371199999967  -1.8509025  0.5982116880000001 
4 36  1.8509025000000001  3.103593312  0.4382937120000001 
4 37  1.8509024999999997  3.103593312  -4.1400987119999995 
4 38  -1.8509025000000001  4.3000166879999995  -3.2635112879999997 
4 39  -1.8509025  4.3000166879999995  -0.4382937120000001 
5 16  0.5982116880000001  0.4382937120000001  1.8509025 
5 17  0.5982116879999997  -4.1400987119999995  1.8509025 
5 18  -0.5982116880000006  -3.2635112879999997  -1.8509025 
5 19  -0.5982116880000006  -0.4382937120000001  -1.8509025 
5 20  3.263511287999999  -5.5527074999999995  -0.5982116880000001 
5 21  0.4382937119999992  -5.5527074999999995  -0.5982116880000001 
5 22  -0.4382937120000001  -1.8509024999999997  0.5982116879999999 
5 23  4.140098711999999  -1.8509024999999997  0.5982116879999999 
5 24  -1.8509025000000003  -4.3000166879999995  0.4382937119999999 
5 25  -1.8509025000000001  -4.3000166879999995  3.2635112879999992 
5 26  1.8509024999999997  -3.1035933119999997  4.1400987119999995 
5 27  1.8509024999999992  -3.1035933119999997  -0.4382937119999999 
5 28  4.3000166879999995  -3.2635112879999997  -1.8509025 
5 29  4.3000166879999995  -0.4382937120000001  -1.8509025 
5 30  3.1035933119999997  0.4382937120000001  1.8509025 
5 31  3.1035933119999997  -4.1400987119999995  1.8509025 
5 32  -0.4382937120000001  -1.8509024999999997  3.103593312 
5 33  4.140098711999999  -1.8509024999999997  3.103593312 
5 34  3.263511287999999  -5.5527074999999995  4.3000166879999995 
5 35  0.43829371199999967  -5.5527074999999995  4.3000166879999995 
5 36  1.8509025000000001  -0.5982116879999992  4.1400987119999995 
5 37  1.8509024999999997  -0.5982116879999992  -0.4382937119999999 
5 38  -1.8509025000000001  0.5982116880000001  0.4382937119999999 
5 39  -1.8509025  0.5982116880000001  3.2635112879999992 
6 16  0.5982116879999999  0.4382937120000001  -1.8509024999999997 
6 17  0.5982116879999995  -4.1400987119999995  -1.8509024999999997 
6 18  -0.5982116880000008  -3.2635112879999997  -5.5527074999999995 
6 19  -0.5982116880000008  -0.4382937120000001  -5.5527074999999995 
6 20  3.2635112879999983  -5.5527074999999995  -4.3000166879999995 
6 21  0.438293711999999  -5.5527074999999995  -4.3000166879999995 
6 22  -0.43829371200000034  -1.8509024999999997  -3.1035933119999997 
6 23  4.140098711999999  -1.8509024999999997  -3.1035933119999997 
6 24  -1.8509025000000006  -4.3000166879999995  -3.2635112879999997 
6 25  -1.8509025000000003  -4.3000166879999995  -0.4382937120000001 
6 26  1.8509024999999995  -3.1035933119999997  0.4382937120000001 
6 27  1.850902499999999  -3.1035933119999997  -4.1400987119999995 
6 28  4.300016687999999  -3.2635112879999997  -5.5527074999999995 
6 29  4.300016687999999  -0.4382937120000001  -5.5527074999999995 
6 30  3.103593311999999  0.4382937120000001  -1.8509024999999997 
6 31  3.103593311999999  -4.1400987119999995  -1.8509024999999997 
6 32  -0.43829371200000034  -1.8509024999999997  -0.5982116879999992 
6 33  4.140098711999999  -1.8509024999999997  -0.5982116879999992 
6 34  3.2635112879999983  -5.5527074999999995  0.5982116880000001 
6 35  0.43829371199999945  -5.5527074999999995  0.5982116880000001 
6 36  1.8509025  -0.5982116879999992  0.4382937120000001 
6 37  1.8509024999999995  -0.5982116879999992  -4.1400987119999995 
6 38  -1.8509025000000003  0.5982116880000001  -3.2635112879999997 
6 39  -1.8509025000000001  0.5982116880000001  -0.4382937120000001 
7 16  -3.1035933119999988  0.4382937120000001  -1.8509024999999997 
7 17  -3.103593311999999  -4.1400987119999995  -1.8509024999999997 
7 18  -4.3000166879999995  -3.2635112879999997  -5.5527074999999995 
7 19  -4.3000166879999995  -0.4382937120000001  -5.5527074999999995 
7 20  -0.4382937120000001  -5.5527074999999995  -4.3000166879999995 
7 21  -3.2635112879999997  -5.5527074999999995  -4.3000166879999995 
7 22  -4.140098711999999  -1.8509024999999997  -3.1035933119999997 
7 23  0.4382937120000001  -1.8509024999999997  -3.1035933119999997 
7 24  -5.5527074999999995  -4.3000166879999995  -3.2635112879999997 
7 25  -5.5527074999999995  -4.3000166879999995  -0.4382937120000001 
7 26  -1.8509024999999992  -3.1035933119999997  0.4382937120000001 
7 27  -1.8509024999999997  -3.1035933119999997  -4.1400987119999995 
7 28  0.5982116880000001  -3.2635112879999997  -5.5527074999999995 
7 29  0.5982116880000001  -0.4382937120000001  -5.5527074999999995 
7 30  -0.5982116879999992  0.4382937120000001  -1.8509024999999997 
7 31  -0.5982116879999992  -4.1400987119999995  -1.8509024999999997 
7 32  -4.140098711999999  -1.8509024999999997  -0.5982116879999992 
7 33  0.4382937120000001  -1.8509024999999997  -0.5982116879999992 
7 34  -0.4382937120000001  -5.5527074999999995  0.5982116880000001 
7 35  -3.2635112879999992  -5.5527074999999995  0.5982116880000001 
7 36  -1.8509024999999988  -0.5982116879999992  0.4382937120000001 
7 37  -1.8509024999999992  -0.5982116879999992  -4.1400987119999995 
7 38  -5.552707499999999  0.5982116880000001  -3.2635112879999997 
7 39  -5.552707499999999  0.5982116880000001  -0.4382937120000001 
8 16  -3.1035933119999988  0.4382937120000001  1.8509025 
8 17  -3.103593311999999  -4.1400987119999995  1.8509025 
8 18  -4.3000166879999995  -3.2635112879999997  -1.8509025 
8 19  -4.3000166879999995  -0.4382937120000001  -1.8509025 
8 20  -0.4382937120000001  -5.5527074999999995  -0.5982116880000001 
8 21  -3.2635112879999997  -5.5527074999999995  -0.5982116880000001 
8 22  -4.140098711999999  -1.8509024999999997  0.5982116879999999 
8 23  0.4382937120000001  -1.8509024999999997  0.5982116879999999 
8 24  -5.5527074999999995  -4.3000166879999995  0.4382937119999999 
8 25  -5.5527074999999995  -4.3000166879999995  3.2635112879999992 
8 26  -1.8509024999999992  -3.1035933119999997  4.1400987119999995 
8 27  -1.8509024999999997  -3.1035933119999997  -0.4382937119999999 
8 28  0.5982116880000001  -3.2635112879999997  -1.8509025 
8 29  0.5982116880000001  -0.4382937120000001  -1.8509025 
8 30  -0.5982116879999992  0.4382937120000001  1.8509025 
8 31  -0.5982116879999992  -4.1400987119999995  1.8509025 
8 32  -4.140098711999999  -1.8509024999999997  3.103593312 
8 33  0.4382937120000001  -1.8509024999999997  3.103593312 
8 34  -0.4382937120000001  -5.5527074999999995  4.3000166879999995 
8 35  -3.2635112879999992  -5.5527074999999995  4.3000166879999995 
8 36  -1.8509024999999988  -0.5982116879999992  4.1400987119999995 
8 37  -1.8509024999999992  -0.5982116879999992  -0.4382937119999999 
8 38  -5.552707499999999  0.5982116880000001  0.4382937119999999 
8 39  -5.552707499999999  0.5982116880000001  3.2635112879999992 
9 16  -3.1035933119999988  4.1400987119999995  -1.8509024999999997 
9 17  -3.103593311999999  -0.4382937119999999  -1.8509024999999997 
9 18  -4.3000166879999995  0.4382937119999999  -5.5527074999999995 
9 19  -4.3000166879999995  3.2635112879999992  -5.5527074999999995 
9 20  -0.4382937120000001  -1.8509025  -4.3000166879999995 
9 21  -3.2635112879999997  -1.8509025  -4.3000166879999995 
9 22  -4.140098711999999  1.8509025  -3.1035933119999997 
9 23  0.4382937120000001  1.8509025  -3.1035933119999997 
9 24  -5.5527074999999995  -0.5982116880000001  -3.2635112879999997 
9 25  -5.5527074999999995  -0.5982116880000001  -0.4382937120000001 
9 26  -1.8509024999999992  0.5982116879999999  0.4382937120000001 
9 27  -1.8509024999999997  0.5982116879999999  -4.1400987119999995 
9 28  0.5982116880000001  0.4382937119999999  -5.5527074999999995 
9 29  0.5982116880000001  3.2635112879999992  -5.5527074999999995 
9 30  -0.5982116879999992  4.1400987119999995  -1.8509024999999997 
9 31  -0.5982116879999992  -0.4382937119999999  -1.8509024999999997 
9 32  -4.140098711999999  1.8509025  -0.5982116879999992 
9 33  0.4382937120000001  1.8509025  -0.5982116879999992 
9 34  -0.4382937120000001  -1.8509025  0.5982116880000001 
9 35  -3.2635112879999992  -1.8509025  0.5982116880000001 
9 36  -1.8509024999999988  3.103593312  0.4382937120000001 
9 37  -1.8509024999999992  3.103593312  -4.1400987119999995 
9 38  -5.552707499999999  4.3000166879999995  -3.2635112879999997 
9 39  -5.552707499999999  4.3000166879999995  -0.4382937120000001 
10 16  2.4491141880000002  5.991001212  0.0 
10 17  2.449114188  1.412608788  0.0 
10 18  1.2526908119999998  2.289196212  -3.701805 
10 19  1.2526908119999998  5.114413787999999  -3.701805 
10 20  5.114413787999999  0.0  -2.4491141880000002 
10 21  2.2891962119999993  0.0  -2.4491141880000002 
10 22  1.4126087880000002  3.701805  -1.252690812 
10 23  5.991001212  3.701805  -1.252690812 
10 24  -9.792151871726192e-18  1.2526908119999998  -1.412608788 
10 25  1.6320253119543598e-16  1.2526908119999998  1.4126087879999996 
10 26  3.701805  2.449114188  2.289196212 
10 27  3.7018049999999993  2.449114188  -2.289196212 
10 28  6.150919188  2.289196212  -3.701805 
10 29  6.150919188  5.114413787999999  -3.701805 
10 30  4.954495812  5.991001212  0.0 
10 31  4.954495812  1.412608788  0.0 
10 32  1.4126087880000002  3.701805  1.2526908120000004 
10 33  5.991001212  3.701805  1.2526908120000004 
10 34  5.114413787999999  0.0  2.449114188 
10 35  2.289196212  0.0  2.449114188 
10 36  3.7018050000000002  4.954495812  2.289196212 
10 37  3.701805  4.954495812  -2.289196212 
10 38  2.901378332363307e-16  6.150919188  -1.412608788 
10 39  4.631325163034929e-16  6.150919188  1.4126087879999996 
11 16  2.4491141880000002  2.289196212  3.701805 
11 17  2.449114188  -2.289196212  3.701805 
11 18  1.2526908119999998  -1.412608788  0.0 
11 19  1.2526908119999998  1.4126087879999996  0.0 
11 20  5.114413787999999  -3.701805  1.2526908119999998 
11 21  2.2891962119999993  -3.701805  1.2526908119999998 
11 22  1.4126087880000002  0.0  2.449114188 
11 23  5.991001212  0.0  2.449114188 
11 24  -9.792151871726192e-18  -2.4491141880000002  2.289196212 
11 25  1.6320253119543598e-16  -2.4491141880000002  5.114413787999999 
11 26  3.701805  -1.252690812  5.991001212 
11 27  3.7018049999999993  -1.252690812  1.412608788 
11 28  6.150919188  -1.412608788  0.0 
11 29  6.150919188  1.4126087879999996  0.0 
11 30  4.954495812  2.289196212  3.701805 
11 31  4.954495812  -2.289196212  3.701805 
11 32  1.4126087880000002  0.0  4.954495812 
11 33  5.991001212  0.0  4.954495812 
11 34  5.114413787999999  -3.701805  6.150919188 
11 35  2.289196212  -3.701805  6.150919188 
11 36  3.7018050000000002  1.2526908120000004  5.991001212 
11 37  3.701805  1.2526908120000004  1.412608788 
11 38  2.901378332363307e-16  2.449114188  2.289196212 
11 39  4.631325163034929e-16  2.449114188  5.114413787999999 
12 16  -1.252690811999999  5.991001212  3.701805 
12 17  -1.2526908119999995  1.412608788  3.701805 
12 18  -2.449114188  2.289196212  0.0 
12 19  -2.449114188  5.114413787999999  0.0 
12 20  1.4126087879999996  0.0  1.2526908119999998 
12 21  -1.412608788  0.0  1.2526908119999998 
12 22  -2.2891962119999993  3.701805  2.449114188 
12 23  2.289196212  3.701805  2.449114188 
12 24  -3.701805  1.2526908119999998  2.289196212 
12 25  -3.7018049999999993  1.2526908119999998  5.114413787999999 
12 26  4.440892098500626e-16  2.449114188  5.991001212 
12 27  0.0  2.449114188  1.412608788 
12 28  2.449114188  2.289196212  0.0 
12 29  2.449114188  5.114413787999999  0.0 
12 30  1.2526908120000004  5.991001212  3.701805 
12 31  1.2526908120000004  1.412608788  3.701805 
12 32  -2.2891962119999993  3.701805  4.954495812 
12 33  2.289196212  3.701805  4.954495812 
12 34  1.4126087879999996  0.0  6.150919188 
12 35  -1.4126087879999996  0.0  6.150919188 
12 36  8.881784197001252e-16  4.954495812  5.991001212 
12 37  4.440892098500626e-16  4.954495812  1.412608788 
12 38  -3.7018049999999993  6.150919188  2.289196212 
12 39  -3.701804999999999  6.150919188  5.114413787999999 
13 16  -1.2526908119999995  2.289196212  3.701805 
13 17  -1.252690812  -2.289196212  3.701805 
13 18  -2.4491141880000002  -1.412608788  0.0 
13 19  -2.4491141880000002  1.4126087879999996  0.0 
13 20  1.4126087879999991  -3.701805  1.2526908119999998 
13 21  -1.4126087880000004  -3.701805  1.2526908119999998 
13 22  -2.289196212  0.0  2.449114188 
13 23  2.2891962119999993  0.0  2.449114188 
13 24  -3.7018050000000002  -2.4491141880000002  2.289196212 
13 25  -3.701805  -2.4491141880000002  5.114413787999999 
13 26  0.0  -1.252690812  5.991001212 
13 27  -4.440892098500626e-16  -1.252690812  1.412608788 
13 28  2.4491141879999994  -1.412608788  0.0 
13 29  2.4491141879999994  1.4126087879999996  0.0 
13 30  1.252690812  2.289196212  3.701805 
13 31  1.252690812  -2.289196212  3.701805 
13 32  -2.289196212  0.0  4.954495812 
13 33  2.2891962119999993  0.0  4.954495812 
13 34  1.4126087879999991  -3.701805  6.150919188 
13 35  -1.412608788  -3.701805  6.150919188 
13 36  4.440892098500626e-16  1.2526908120000004  5.991001212 
13 37  0.0  1.2526908120000004  1.412608788 
13 38  -3.701805  2.449114188  2.289196212 
13 39  -3.7018049999999993  2.449114188  5.114413787999999 
14 16  -1.2526908119999995  5.991001212  0.0 
14 17  -1.252690812  1.412608788  0.0 
14 18  -2.4491141880000002  2.289196212  -3.701805 
14 19  -2.4491141880000002  5.114413787999999  -3.701805 
14 20  1.4126087879999991  0.0  -2.4491141880000002 
14 21  -1.4126087880000004  0.0  -2.4491141880000002 
14 22  -2.289196212  3.701805  -1.252690812 
14 23  2.2891962119999993  3.701805  -1.252690812 
14 24  -3.7018050000000002  1.2526908119999998  -1.412608788 
14 25  -3.701805  1.2526908119999998  1.4126087879999996 
14 26  0.0  2.449114188  2.289196212 
14 27  -4.440892098500626e-16  2.449114188  -2.289196212 
14 28  2.4491141879999994  2.289196212  -3.701805 
14 29  2.4491141879999994  5.114413787999999  -3.701805 
14 30  1.252690812  5.991001212  0.0 
14 31  1.252690812  1.412608788  0.0 
14 32  -2.289196212  3.701805  1.2526908120000004 
14 33  2.2891962119999993  3.701805  1.2526908120000004 
14 34  1.4126087879999991  0.0  2.449114188 
14 35  -1.412608788  0.0  2.449114188 
14 36  4.440892098500626e-16  4.954495812  2.289196212 
14 37  0.0  4.954495812  -2.289196212 
14 38  -3.701805  6.150919188  -1.412608788 
14 39  -3.7018049999999993  6.150919188  1.4126087879999996 
15 16  2.4491141880000002  2.289196212  0.0 
15 17  2.449114188  -2.289196212  0.0 
15 18  1.2526908119999995  -1.412608788  -3.701805 
15 19  1.2526908119999995  1.4126087879999996  -3.701805 
15 20  5.1144137879999985  -3.701805  -2.4491141880000002 
15 21  2.2891962119999993  -3.701805  -2.4491141880000002 
15 22  1.412608788  0.0  -1.252690812 
15 23  5.991001211999999  0.0  -1.252690812 
15 24  -2.3646233408760957e-16  -2.4491141880000002  -1.412608788 
15 25  -6.34676510204474e-17  -2.4491141880000002  1.4126087879999996 
15 26  3.701805  -1.252690812  2.289196212 
15 27  3.7018049999999993  -1.252690812  -2.289196212 
15 28  6.150919187999999  -1.412608788  -3.701805 
15 29  6.150919187999999  1.4126087879999996  -3.701805 
15 30  4.954495811999999  2.289196212  0.0 
15 31  4.954495811999999  -2.289196212  0.0 
15 32  1.412608788  0.0  1.2526908120000004 
15 33  5.991001211999999  0.0  1.2526908120000004 
15 34  5.1144137879999985  -3.701805  2.449114188 
15 35  2.289196212  -3.701805  2.449114188 
15 36  3.7018050000000002  1.2526908120000004  2.289196212 
15 37  3.701805  1.2526908120000004  -2.289196212 
15 38  6.346765102044735e-17  2.449114188  -1.412608788 
15 39  2.3646233408760957e-16  2.449114188  1.4126087879999996 
16 0  -2.4491141880000007  -5.991001212  -3.701805 
16 1  1.252690812  -2.289196212  0.0 
16 2  3.1035933119999988  -4.1400987119999995  -1.8509025 
16 3  -0.5982116880000004  -4.1400987119999995  -1.8509025 
16 4  -0.5982116880000001  -4.1400987119999995  1.8509024999999997 
16 5  -0.5982116880000001  -0.4382937120000001  -1.8509025 
16 6  -0.5982116879999999  -0.4382937120000001  1.8509024999999997 
16 7  3.1035933119999988  -0.4382937120000001  1.8509024999999997 
16 8  3.1035933119999988  -0.4382937120000001  -1.8509025 
16 9  3.1035933119999988  -4.1400987119999995  1.8509024999999997 
16 10  -2.4491141880000002  -5.991001212  0.0 
16 11  -2.4491141880000002  -2.289196212  -3.701805 
16 12  1.252690811999999  -5.991001212  -3.701805 
16 13  1.2526908119999995  -2.289196212  -3.701805 
16 14  1.2526908119999995  -5.991001212  0.0 
16 15  -2.4491141880000002  -2.289196212  0.0 
17 0  -2.4491141880000002  -1.412608788  -3.701805 
17 1  1.2526908120000004  2.289196212  0.0 
17 2  3.103593311999999  0.4382937119999999  -1.8509025 
17 3  -0.5982116879999999  0.4382937119999999  -1.8509025 
17 4  -0.5982116879999997  0.4382937119999999  1.8509024999999997 
17 5  -0.5982116879999997  4.1400987119999995  -1.8509025 
17 6  -0.5982116879999995  4.1400987119999995  1.8509024999999997 
17 7  3.103593311999999  4.1400987119999995  1.8509024999999997 
17 8  3.103593311999999  4.1400987119999995  -1.8509025 
17 9  3.103593311999999  0.4382937119999999  1.8509024999999997 
17 10  -2.449114188  -1.412608788  0.0 
17 11  -2.449114188  2.289196212  -3.701805 
17 12  1.2526908119999995  -1.412608788  -3.701805 
17 13  1.252690812  2.289196212  -3.701805 
17 14  1.252690812  -1.412608788  0.0 
17 15  -2.449114188  2.289196212  0.0 
18 0  -1.252690812  -2.289196212  0.0 
18 1  2.4491141880000007  1.412608788  3.701805 
18 2  4.3000166879999995  -0.4382937119999999  1.8509025 
18 3  0.5982116880000004  -0.4382937119999999  1.8509025 
18 4  0.5982116880000006  -0.4382937119999999  5.5527074999999995 
18 5  0.5982116880000006  3.2635112879999997  1.8509025 
18 6  0.5982116880000008  3.2635112879999997  5.5527074999999995 
18 7  4.3000166879999995  3.2635112879999997  5.5527074999999995 
18 8  4.3000166879999995  3.2635112879999997  1.8509025 
18 9  4.3000166879999995  -0.4382937119999999  5.5527074999999995 
18 10  -1.2526908119999998  -2.289196212  3.701805 
18 11  -1.2526908119999998  1.412608788  0.0 
18 12  2.449114188  -2.289196212  0.0 
18 13  2.4491141880000002  1.412608788  0.0 
18 14  2.4491141880000002  -2.289196212  3.701805 
18 15  -1.2526908119999995  1.412608788  3.701805 
19 0  -1.252690812  -5.114413787999999  0.0 
19 1  2.4491141880000007  -1.4126087879999996  3.701805 
19 2  4.3000166879999995  -3.2635112879999992  1.8509025 
19 3  0.5982116880000004  -3.2635112879999992  1.8509025 
19 4  0.5982116880000006  -3.2635112879999992  5.5527074999999995 
19 5  0.5982116880000006  0.4382937120000001  1.8509025 
19 6  0.5982116880000008  0.4382937120000001  5.5527074999999995 
19 7  4.3000166879999995  0.4382937120000001  5.5527074999999995 
19 8  4.3000166879999995  0.4382937120000001  1.8509025 
19 9  4.3000166879999995  -3.2635112879999992  5.5527074999999995 
19 10  -1.2526908119999998  -5.114413787999999  3.701805 
19 11  -1.2526908119999998  -1.4126087879999996  0.0 
19 12  2.449114188  -5.114413787999999  0.0 
19 13  2.4491141880000002  -1.4126087879999996  0.0 
19 14  2.4491141880000002  -5.114413787999999  3.701805 
19 15  -1.2526908119999995  -1.4126087879999996  3.701805 
20 0  -5.114413787999999  0.0  -1.2526908119999998 
20 1  -1.4126087879999987  3.701805  2.4491141880000002 
20 2  0.4382937120000001  1.8509025  0.5982116880000001 
20 3  -3.2635112879999992  1.8509025  0.5982116880000001 
20 4  -3.263511287999999  1.8509025  4.3000166879999995 
20 5  -3.263511287999999  5.5527074999999995  0.5982116880000001 
20 6  -3.2635112879999983  5.5527074999999995  4.3000166879999995 
20 7  0.4382937120000001  5.5527074999999995  4.3000166879999995 
20 8  0.4382937120000001  5.5527074999999995  0.5982116880000001 
20 9  0.4382937120000001  1.8509025  4.3000166879999995 
20 10  -5.114413787999999  0.0  2.4491141880000002 
20 11  -5.114413787999999  3.701805  -1.2526908119999998 
20 12  -1.4126087879999996  0.0  -1.2526908119999998 
20 13  -1.4126087879999991  3.701805  -1.2526908119999998 
20 14  -1.4126087879999991  0.0  2.4491141880000002 
20 15  -5.1144137879999985  3.701805  2.4491141880000002 
21 0  -2.289196212  0.0  -1.2526908119999998 
21 1  1.412608788000001  3.701805  2.4491141880000002 
21 2  3.2635112879999997  1.8509025  0.5982116880000001 
21 3  -0.43829371199999945  1.8509025  0.5982116880000001 
21 4  -0.4382937119999992  1.8509025  4.3000166879999995 
21 5  -0.4382937119999992  5.5527074999999995  0.5982116880000001 
21 6  -0.438293711999999  5.5527074999999995  4.3000166879999995 
21 7  3.2635112879999997  5.5527074999999995  4.3000166879999995 
21 8  3.2635112879999997  5.5527074999999995  0.5982116880000001 
21 9  3.2635112879999997  1.8509025  4.3000166879999995 
21 10  -2.2891962119999993  0.0  2.4491141880000002 
21 11  -2.2891962119999993  3.701805  -1.2526908119999998 
21 12  1.412608788  0.0  -1.2526908119999998 
21 13  1.4126087880000004  3.701805  -1.2526908119999998 
21 14  1.4126087880000004  0.0  2.4491141880000002 
21 15  -2.2891962119999993  3.701805  2.4491141880000002 
22 0  -1.4126087880000004  -3.701805  -2.449114188 
22 1  2.2891962120000002  0.0  1.252690812 
22 2  4.140098711999999  -1.8509025  -0.5982116879999999 
22 3  0.4382937119999999  -1.8509025  -0.5982116879999999 
22 4  0.4382937120000001  -1.8509025  3.1035933119999997 
22 5  0.4382937120000001  1.8509024999999997  -0.5982116879999999 
22 6  0.43829371200000034  1.8509024999999997  3.1035933119999997 
22 7  4.140098711999999  1.8509024999999997  3.1035933119999997 
22 8  4.140098711999999  1.8509024999999997  -0.5982116879999999 
22 9  4.140098711999999  -1.8509025  3.1035933119999997 
22 10  -1.4126087880000002  -3.701805  1.252690812 
22 11  -1.4126087880000002  0.0  -2.449114188 
22 12  2.2891962119999993  -3.701805  -2.449114188 
22 13  2.289196212  0.0  -2.449114188 
22 14  2.289196212  -3.701805  1.252690812 
22 15  -1.412608788  0.0  1.252690812 
23 0  -5.991001212  -3.701805  -2.449114188 
23 1  -2.289196211999999  0.0  1.252690812 
23 2  -0.4382937120000001  -1.8509025  -0.5982116879999999 
23 3  -4.1400987119999995  -1.8509025  -0.5982116879999999 
23 4  -4.140098711999999  -1.8509025  3.1035933119999997 
23 5  -4.140098711999999  1.8509024999999997  -0.5982116879999999 
23 6  -4.140098711999999  1.8509024999999997  3.1035933119999997 
23 7  -0.4382937120000001  1.8509024999999997  3.1035933119999997 
23 8  -0.4382937120000001  1.8509024999999997  -0.5982116879999999 
23 9  -0.4382937120000001  -1.8509025  3.1035933119999997 
23 10  -5.991001212  -3.701805  1.252690812 
23 11  -5.991001212  0.0  -2.449114188 
23 12  -2.289196212  -3.701805  -2.449114188 
23 13  -2.2891962119999993  0.0  -2.449114188 
23 14  -2.2891962119999993  -3.701805  1.252690812 
23 15  -5.991001211999999  0.0  1.252690812 
24 0  -2.1687803034415718e-16  -1.2526908119999998  -2.289196212 
24 1  3.7018050000000007  2.4491141880000002  1.412608788 
24 2  5.5527074999999995  0.5982116880000001  -0.4382937119999999 
24 3  1.8509025000000001  0.5982116880000001  -0.4382937119999999 
24 4  1.8509025000000003  0.5982116880000001  3.2635112879999997 
24 5  1.8509025000000003  4.3000166879999995  -0.4382937119999999 
24 6  1.8509025000000006  4.3000166879999995  3.2635112879999997 
24 7  5.5527074999999995  4.3000166879999995  3.2635112879999997 
24 8  5.5527074999999995  4.3000166879999995  -0.4382937119999999 
24 9  5.5527074999999995  0.5982116880000001  3.2635112879999997 
24 10  9.792151871726192e-18  -1.2526908119999998  1.412608788 
24 11  9.792151871726192e-18  2.4491141880000002  -2.289196212 
24 12  3.701805  -1.2526908119999998  -2.289196212 
24 13  3.7018050000000002  2.4491141880000002  -2.289196212 
24 14  3.7018050000000002  -1.2526908119999998  1.412608788 
24 15  2.3646233408760957e-16  2.4491141880000002  1.412608788 
25 0  -3.8987271341131935e-16  -1.2526908119999998  -5.114413787999999 
25 1  3.7018050000000002  2.4491141880000002  -1.4126087879999996 
25 2  5.5527074999999995  0.5982116880000001  -3.2635112879999992 
25 3  1.8509025  0.5982116880000001  -3.2635112879999992 
25 4  1.8509025000000001  0.5982116880000001  0.4382937120000001 
25 5  1.8509025000000001  4.3000166879999995  -3.2635112879999992 
25 6  1.8509025000000003  4.3000166879999995  0.4382937120000001 
25 7  5.5527074999999995  4.3000166879999995  0.4382937120000001 
25 8  5.5527074999999995  4.3000166879999995  -3.2635112879999992 
25 9  5.5527074999999995  0.5982116880000001  0.4382937120000001 
25 10  -1.6320253119543598e-16  -1.2526908119999998  -1.4126087879999996 
25 11  -1.6320253119543598e-16  2.4491141880000002  -5.114413787999999 
25 12  3.7018049999999993  -1.2526908119999998  -5.114413787999999 
25 13  3.701805  2.4491141880000002  -5.114413787999999 
25 14  3.701805  -1.2526908119999998  -1.4126087879999996 
25 15  6.34676510204474e-17  2.4491141880000002  -1.4126087879999996 
26 0  -3.7018050000000002  -2.449114188  -5.991001212 
26 1  4.440892098500626e-16  1.252690812  -2.289196212 
26 2  1.8509024999999992  -0.5982116879999999  -4.1400987119999995 
26 3  -1.8509025  -0.5982116879999999  -4.1400987119999995 
26 4  -1.8509024999999997  -0.5982116879999999  -0.4382937120000001 
26 5  -1.8509024999999997  3.1035933119999997  -4.1400987119999995 
26 6  -1.8509024999999995  3.1035933119999997  -0.4382937120000001 
26 7  1.8509024999999992  3.1035933119999997  -0.4382937120000001 
26 8  1.8509024999999992  3.1035933119999997  -4.1400987119999995 
26 9  1.8509024999999992  -0.5982116879999999  -0.4382937120000001 
26 10  -3.701805  -2.449114188  -2.289196212 
26 11  -3.701805  1.252690812  -5.991001212 
26 12  -4.440892098500626e-16  -2.449114188  -5.991001212 
26 13  0.0  1.252690812  -5.991001212 
26 14  0.0  -2.449114188  -2.289196212 
26 15  -3.701805  1.252690812  -2.289196212 
27 0  -3.701805  -2.449114188  -1.412608788 
27 1  8.881784197001252e-16  1.252690812  2.289196212 
27 2  1.8509024999999997  -0.5982116879999999  0.4382937119999999 
27 3  -1.8509024999999995  -0.5982116879999999  0.4382937119999999 
27 4  -1.8509024999999992  -0.5982116879999999  4.1400987119999995 
27 5  -1.8509024999999992  3.1035933119999997  0.4382937119999999 
27 6  -1.850902499999999  3.1035933119999997  4.1400987119999995 
27 7  1.8509024999999997  3.1035933119999997  4.1400987119999995 
27 8  1.8509024999999997  3.1035933119999997  0.4382937119999999 
27 9  1.8509024999999997  -0.5982116879999999  4.1400987119999995 
27 10  -3.7018049999999993  -2.449114188  2.289196212 
27 11  -3.7018049999999993  1.252690812  -1.412608788 
27 12  0.0  -2.449114188  -1.412608788 
27 13  4.440892098500626e-16  1.252690812  -1.412608788 
27 14  4.440892098500626e-16  -2.449114188  2.289196212 
27 15  -3.7018049999999993  1.252690812  2.289196212 
28 0  -6.150919188  -2.289196212  0.0 
28 1  -2.449114187999999  1.412608788  3.701805 
28 2  -0.5982116880000001  -0.4382937119999999  1.8509025 
28 3  -4.3000166879999995  -0.4382937119999999  1.8509025 
28 4  -4.3000166879999995  -0.4382937119999999  5.5527074999999995 
28 5  -4.3000166879999995  3.2635112879999997  1.8509025 
28 6  -4.300016687999999  3.2635112879999997  5.5527074999999995 
28 7  -0.5982116880000001  3.2635112879999997  5.5527074999999995 
28 8  -0.5982116880000001  3.2635112879999997  1.8509025 
28 9  -0.5982116880000001  -0.4382937119999999  5.5527074999999995 
28 10  -6.150919188  -2.289196212  3.701805 
28 11  -6.150919188  1.412608788  0.0 
28 12  -2.449114188  -2.289196212  0.0 
28 13  -2.4491141879999994  1.412608788  0.0 
28 14  -2.4491141879999994  -2.289196212  3.701805 
28 15  -6.150919187999999  1.412608788  3.701805 
29 0  -6.150919188  -5.114413787999999  0.0 
29 1  -2.449114187999999  -1.4126087879999996  3.701805 
29 2  -0.5982116880000001  -3.2635112879999992  1.8509025 
29 3  -4.3000166879999995  -3.2635112879999992  1.8509025 
29 4  -4.3000166879999995  -3.2635112879999992  5.5527074999999995 
29 5  -4.3000166879999995  0.4382937120000001  1.8509025 
29 6  -4.300016687999999  0.4382937120000001  5.5527074999999995 
29 7  -0.5982116880000001  0.4382937120000001  5.5527074999999995 
29 8  -0.5982116880000001  0.4382937120000001  1.8509025 
29 9  -0.5982116880000001  -3.2635112879999992  5.5527074999999995 
29 10  -6.150919188  -5.114413787999999  3.701805 
29 11  -6.150919188  -1.4126087879999996  0.0 
29 12  -2.449114188  -5.114413787999999  0.0 
29 13  -2.4491141879999994  -1.4126087879999996  0.0 
29 14  -2.4491141879999994  -5.114413787999999  3.701805 
29 15  -6.150919187999999  -1.4126087879999996  3.701805 
30 0  -4.954495812  -5.991001212  -3.701805 
30 1  -1.2526908119999995  -2.289196212  0.0 
30 2  0.5982116879999992  -4.1400987119999995  -1.8509025 
30 3  -3.103593312  -4.1400987119999995  -1.8509025 
30 4  -3.1035933119999997  -4.1400987119999995  1.8509024999999997 
30 5  -3.1035933119999997  -0.4382937120000001  -1.8509025 
30 6  -3.103593311999999  -0.4382937120000001  1.8509024999999997 
30 7  0.5982116879999992  -0.4382937120000001  1.8509024999999997 
30 8  0.5982116879999992  -0.4382937120000001  -1.8509025 
30 9  0.5982116879999992  -4.1400987119999995  1.8509024999999997 
30 10  -4.954495812  -5.991001212  0.0 
30 11  -4.954495812  -2.289196212  -3.701805 
30 12  -1.2526908120000004  -5.991001212  -3.701805 
30 13  -1.252690812  -2.289196212  -3.701805 
30 14  -1.252690812  -5.991001212  0.0 
30 15  -4.954495811999999  -2.289196212  0.0 
31 0  -4.954495812  -1.412608788  -3.701805 
31 1  -1.2526908119999995  2.289196212  0.0 
31 2  0.5982116879999992  0.4382937119999999  -1.8509025 
31 3  -3.103593312  0.4382937119999999  -1.8509025 
31 4  -3.1035933119999997  0.4382937119999999  1.8509024999999997 
31 5  -3.1035933119999997  4.1400987119999995  -1.8509025 
31 6  -3.103593311999999  4.1400987119999995  1.8509024999999997 
31 7  0.5982116879999992  4.1400987119999995  1.8509024999999997 
31 8  0.5982116879999992  4.1400987119999995  -1.8509025 
31 9  0.5982116879999992  0.4382937119999999  1.8509024999999997 
31 10  -4.954495812  -1.412608788  0.0 
31 11  -4.954495812  2.289196212  -3.701805 
31 12  -1.2526908120000004  -1.412608788  -3.701805 
31 13  -1.252690812  2.289196212  -3.701805 
31 14  -1.252690812  -1.412608788  0.0 
31 15  -4.954495811999999  2.289196212  0.0 
32 0  -1.4126087880000004  -3.701805  -4.954495812 
32 1  2.2891962120000002  0.0  -1.2526908120000004 
32 2  4.140098711999999  -1.8509025  -3.103593312 
32 3  0.4382937119999999  -1.8509025  -3.103593312 
32 4  0.4382937120000001  -1.8509025  0.5982116879999992 
32 5  0.4382937120000001  1.8509024999999997  -3.103593312 
32 6  0.43829371200000034  1.8509024999999997  0.5982116879999992 
32 7  4.140098711999999  1.8509024999999997  0.5982116879999992 
32 8  4.140098711999999  1.8509024999999997  -3.103593312 
32 9  4.140098711999999  -1.8509025  0.5982116879999992 
32 10  -1.4126087880000002  -3.701805  -1.2526908120000004 
32 11  -1.4126087880000002  0.0  -4.954495812 
32 12  2.2891962119999993  -3.701805  -4.954495812 
32 13  2.289196212  0.0  -4.954495812 
32 14  2.289196212  -3.701805  -1.2526908120000004 
32 15  -1.412608788  0.0  -1.2526908120000004 
33 0  -5.991001212  -3.701805  -4.954495812 
33 1  -2.289196211999999  0.0  -1.2526908120000004 
33 2  -0.4382937120000001  -1.8509025  -3.103593312 
33 3  -4.1400987119999995  -1.8509025  -3.103593312 
33 4  -4.140098711999999  -1.8509025  0.5982116879999992 
33 5  -4.140098711999999  1.8509024999999997  -3.103593312 
33 6  -4.140098711999999  1.8509024999999997  0.5982116879999992 
33 7  -0.4382937120000001  1.8509024999999997  0.5982116879999992 
33 8  -0.4382937120000001  1.8509024999999997  -3.103593312 
33 9  -0.4382937120000001  -1.8509025  0.5982116879999992 
33 10  -5.991001212  -3.701805  -1.2526908120000004 
33 11  -5.991001212  0.0  -4.954495812 
33 12  -2.289196212  -3.701805  -4.954495812 
33 13  -2.2891962119999993  0.0  -4.954495812 
33 14  -2.2891962119999993  -3.701805  -1.2526908120000004 
33 15  -5.991001211999999  0.0  -1.2526908120000004 
34 0  -5.114413787999999  0.0  -6.150919188 
34 1  -1.4126087879999987  3.701805  -2.449114188 
34 2  0.4382937120000001  1.8509025  -4.3000166879999995 
34 3  -3.2635112879999992  1.8509025  -4.3000166879999995 
34 4  -3.263511287999999  1.8509025  -0.5982116880000001 
34 5  -3.263511287999999  5.5527074999999995  -4.3000166879999995 
34 6  -3.2635112879999983  5.5527074999999995  -0.5982116880000001 
34 7  0.4382937120000001  5.5527074999999995  -0.5982116880000001 
34 8  0.4382937120000001  5.5527074999999995  -4.3000166879999995 
34 9  0.4382937120000001  1.8509025  -0.5982116880000001 
34 10  -5.114413787999999  0.0  -2.449114188 
34 11  -5.114413787999999  3.701805  -6.150919188 
34 12  -1.4126087879999996  0.0  -6.150919188 
34 13  -1.4126087879999991  3.701805  -6.150919188 
34 14  -1.4126087879999991  0.0  -2.449114188 
34 15  -5.1144137879999985  3.701805  -2.449114188 
35 0  -2.2891962120000002  0.0  -6.150919188 
35 1  1.4126087880000004  3.701805  -2.449114188 
35 2  3.2635112879999992  1.8509025  -4.3000166879999995 
35 3  -0.4382937119999999  1.8509025  -4.3000166879999995 
35 4  -0.43829371199999967  1.8509025  -0.5982116880000001 
35 5  -0.43829371199999967  5.5527074999999995  -4.3000166879999995 
35 6  -0.43829371199999945  5.5527074999999995  -0.5982116880000001 
35 7  3.2635112879999992  5.5527074999999995  -0.5982116880000001 
35 8  3.2635112879999992  5.5527074999999995  -4.3000166879999995 
35 9  3.2635112879999992  1.8509025  -0.5982116880000001 
35 10  -2.289196212  0.0  -2.449114188 
35 11  -2.289196212  3.701805  -6.150919188 
35 12  1.4126087879999996  0.0  -6.150919188 
35 13  1.412608788  3.701805  -6.150919188 
35 14  1.412608788  0.0  -2.449114188 
35 15  -2.289196212  3.701805  -2.449114188 
36 0  -3.7018050000000007  -4.954495812  -5.991001212 
36 1  0.0  -1.2526908120000004  -2.289196212 
36 2  1.8509024999999988  -3.103593312  -4.1400987119999995 
36 3  -1.8509025000000003  -3.103593312  -4.1400987119999995 
36 4  -1.8509025000000001  -3.103593312  -0.4382937120000001 
36 5  -1.8509025000000001  0.5982116879999992  -4.1400987119999995 
36 6  -1.8509025  0.5982116879999992  -0.4382937120000001 
36 7  1.8509024999999988  0.5982116879999992  -0.4382937120000001 
36 8  1.8509024999999988  0.5982116879999992  -4.1400987119999995 
36 9  1.8509024999999988  -3.103593312  -0.4382937120000001 
36 10  -3.7018050000000002  -4.954495812  -2.289196212 
36 11  -3.7018050000000002  -1.2526908120000004  -5.991001212 
36 12  -8.881784197001252e-16  -4.954495812  -5.991001212 
36 13  -4.440892098500626e-16  -1.2526908120000004  -5.991001212 
36 14  -4.440892098500626e-16  -4.954495812  -2.289196212 
36 15  -3.7018050000000002  -1.2526908120000004  -2.289196212 
37 0  -3.7018050000000002  -4.954495812  -1.412608788 
37 1  4.440892098500626e-16  -1.2526908120000004  2.289196212 
37 2  1.8509024999999992  -3.103593312  0.4382937119999999 
37 3  -1.8509025  -3.103593312  0.4382937119999999 
37 4  -1.8509024999999997  -3.103593312  4.1400987119999995 
37 5  -1.8509024999999997  0.5982116879999992  0.4382937119999999 
37 6  -1.8509024999999995  0.5982116879999992  4.1400987119999995 
37 7  1.8509024999999992  0.5982116879999992  4.1400987119999995 
37 8  1.8509024999999992  0.5982116879999992  0.4382937119999999 
37 9  1.8509024999999992  -3.103593312  4.1400987119999995 
37 10  -3.701805  -4.954495812  2.289196212 
37 11  -3.701805  -1.2526908120000004  -1.412608788 
37 12  -4.440892098500626e-16  -4.954495812  -1.412608788 
37 13  0.0  -1.2526908120000004  -1.412608788 
37 14  0.0  -4.954495812  2.289196212 
37 15  -3.701805  -1.2526908120000004  2.289196212 
38 0  -5.168080154522141e-16  -6.150919188  -2.289196212 
38 1  3.7018050000000002  -2.449114188  1.412608788 
38 2  5.552707499999999  -4.3000166879999995  -0.4382937119999999 
38 3  1.8509025  -4.3000166879999995  -0.4382937119999999 
38 4  1.8509025000000001  -4.3000166879999995  3.2635112879999997 
38 5  1.8509025000000001  -0.5982116880000001  -0.4382937119999999 
38 6  1.8509025000000003  -0.5982116880000001  3.2635112879999997 
38 7  5.552707499999999  -0.5982116880000001  3.2635112879999997 
38 8  5.552707499999999  -0.5982116880000001  -0.4382937119999999 
38 9  5.552707499999999  -4.3000166879999995  3.2635112879999997 
38 10  -2.901378332363307e-16  -6.150919188  1.412608788 
38 11  -2.901378332363307e-16  -2.449114188  -2.289196212 
38 12  3.7018049999999993  -6.150919188  -2.289196212 
38 13  3.701805  -2.449114188  -2.289196212 
38 14  3.701805  -6.150919188  1.412608788 
38 15  -6.346765102044735e-17  -2.449114188  1.412608788 
39 0  -6.898026985193763e-16  -6.150919188  -5.114413787999999 
39 1  3.701805  -2.449114188  -1.4126087879999996 
39 2  5.552707499999999  -4.3000166879999995  -3.2635112879999992 
39 3  1.8509024999999997  -4.3000166879999995  -3.2635112879999992 
39 4  1.8509025  -4.3000166879999995  0.4382937120000001 
39 5  1.8509025  -0.5982116880000001  -3.2635112879999992 
39 6  1.8509025000000001  -0.5982116880000001  0.4382937120000001 
39 7  5.552707499999999  -0.5982116880000001  0.4382937120000001 
39 8  5.552707499999999  -0.5982116880000001  -3.2635112879999992 
39 9  5.552707499999999  -4.3000166879999995  0.4382937120000001 
39 10  -4.631325163034929e-16  -6.150919188  -1.4126087879999996 
39 11  -4.631325163034929e-16  -2.449114188  -5.114413787999999 
39 12  3.701804999999999  -6.150919188  -5.114413787999999 
39 13  3.7018049999999993  -2.449114188  -5.114413787999999 
39 14  3.7018049999999993  -6.150919188  -1.4126087879999996 
39 15  -2.3646233408760957e-16  -2.449114188  -1.4126087879999996 