         0        16   4.59485   4.59485
         0        17   4.59485   4.59485
         0        18   2.53543
         0        19   2.53543
         0        20   2.53543
         0        21   2.53543
         0        22   4.59485   4.59485
         0        23   4.59485   4.59485
         0        24   2.53543
         0        25   2.53543
         0        26   4.59485   4.59485
         0        27   4.59485   4.59485
         0        28   2.53543
         0        29   2.53543
         0        30   4.59485   4.59485
         0        31   4.59485   4.59485
         0        32   4.59485   4.59485
         0        33   4.59485   4.59485
         0        34   2.53543
         0        35   2.53543
         0        36   4.59485   4.59485
         0        37   4.59485   4.59485
         0        38   2.53543
         0        39   2.53543
         1        16   2.53543
         1        17   2.53543
         1        18   4.59485   4.59485
         1        19   4.59485   4.59485
         1        20   4.59485   4.59485
         1        21   4.59485   4.59485
         1        22   2.53543
         1        23   2.53543
         1        24   4.59485   4.59485
         1        25   4.59485   4.59485
         1        26   2.53543
         1        27   2.53543
         1        28   4.59485   4.59485
         1        29   4.59485   4.59485
         1        30   2.53543
         1        31   2.53543
         1        32   2.53543
         1        33   2.53543
         1        34   4.59485   4.59485
         1        35   4.59485   4.59485
         1        36   2.53543
         1        37   2.53543
         1        38   4.59485   4.59485
         1        39   4.59485   4.59485
         2        16   4.87397
         2        17   4.59572   3.61770
         2        18   3.61770   4.59572
         2        19   4.87397
         2        20   1.94151
         2        21   4.44648   3.79964
         2        22   3.79964   4.44648
         2        23   1.94151
         2        24   1.94151
         2        25   3.79964   4.44648
         2        26   4.44648   3.79964
         2        27   1.94151
         2        28   1.94151
         2        29   3.79964   4.44648
         2        30   4.44648   3.79964
         2        31   1.94151
         2        32   4.87397
         2        33   3.61770   4.59572
         2        34   4.59572   3.61770
         2        35   4.87397
         2        36   4.87397
         2        37   3.61770   4.59572
         2        38   4.59572   3.61770
         2        39   4.87397
         3        16   4.44648   3.79964
         3        17   1.94151
         3        18   1.94151
         3        19   3.79964   4.44648
         3        20   3.79964   4.44648
         3        21   1.94151
         3        22   1.94151
         3        23   4.44648   3.79964
         3        24   1.94151
         3        25   3.79964   4.44648
         3        26   4.44648   3.79964
         3        27   1.94151
         3        28   4.59572   3.61770
         3        29   4.87397
         3        30   4.87397
         3        31   3.61770   4.59572
         3        32   3.61770   4.59572
         3        33   4.87397
         3        34   4.87397
         3        35   4.59572   3.61770
         3        36   4.87397
         3        37   3.61770   4.59572
         3        38   4.59572   3.61770
         3        39   4.87397
         4        16   4.44648   3.79964
         4        17   1.94151
         4        18   1.94151
         4        19   3.79964   4.44648
         4        20   4.87397
         4        21   3.61770   4.59572
         4        22   4.59572   3.61770
         4        23   4.87397
         4        24   4.44648   3.79964
         4        25   1.94151
         4        26   1.94151
         4        27   3.79964   4.44648
         4        28   4.59572   3.61770
         4        29   4.87397
         4        30   4.87397
         4        31   3.61770   4.59572
         4        32   1.94151
         4        33   4.44648   3.79964
         4        34   3.79964   4.44648
         4        35   1.94151
         4        36   3.61770   4.59572
         4        37   4.87397
         4        38   4.87397
         4        39   4.59572   3.61770
         5        16   1.94151
         5        17   3.79964   4.44648
         5        18   4.44648   3.79964
         5        19   1.94151
         5        20   3.79964   4.44648
         5        21   1.94151
         5        22   1.94151
         5        23   4.44648   3.79964
         5        24   3.61770   4.59572
         5        25   4.87397
         5        26   4.87397
         5        27   4.59572   3.61770
         5        28   4.87397
         5        29   4.59572   3.61770
         5        30   3.61770   4.59572
         5        31   4.87397
         5        32   3.61770   4.59572
         5        33   4.87397
         5        34   4.87397
         5        35   4.59572   3.61770
         5        36   4.44648   3.79964
         5        37   1.94151
         5        38   1.94151
         5        39   3.79964   4.44648
         6        16   1.94151
         6        17   3.79964   4.44648
         6        18   4.44648   3.79964
         6        19   1.94151
         6        20   4.87397
         6        21   3.61770   4.59572
         6        22   4.59572   3.61770
         6        23   4.87397
         6        24   4.87397
         6        25   3.61770   4.59572
         6        26   4.59572   3.61770
         6        27   4.87397
         6        28   4.87397
         6        29   4.59572   3.61770
         6        30   3.61770   4.59572
         6        31   4.87397
         6        32   1.94151
         6        33   4.44648   3.79964
         6        34   3.79964   4.44648
         6        35   1.94151
         6        36   1.94151
         6        37   3.79964   4.44648
         6        38   4.44648   3.79964
         6        39   1.94151
         7        16   4.59572   3.61770
         7        17   4.87397
         7        18   4.87397
         7        19   3.61770   4.59572
         7        20   3.61770   4.59572
         7        21   4.87397
         7        22   4.87397
         7        23   4.59572   3.61770
         7        24   4.87397
         7        25   3.61770   4.59572
         7        26   4.59572   3.61770
         7        27   4.87397
         7        28   4.44648   3.79964
         7        29   1.94151
         7        30   1.94151
         7        31   3.79964   4.44648
         7        32   3.79964   4.44648
         7        33   1.94151
         7        34   1.94151
         7        35   4.44648   3.79964
         7        36   1.94151
         7        37   3.79964   4.44648
         7        38   4.44648   3.79964
         7        39   1.94151
         8        16   4.59572   3.61770
         8        17   4.87397
         8        18   4.87397
         8        19   3.61770   4.59572
         8        20   1.94151
         8        21   4.44648   3.79964
         8        22   3.79964   4.44648
         8        23   1.94151
         8        24   3.61770   4.59572
         8        25   4.87397
         8        26   4.87397
         8        27   4.59572   3.61770
         8        28   4.44648   3.79964
         8        29   1.94151
         8        30   1.94151
         8        31   3.79964   4.44648
         8        32   4.87397
         8        33   3.61770   4.59572
         8        34   4.59572   3.61770
         8        35   4.87397
         8        36   4.44648   3.79964
         8        37   1.94151
         8        38   1.94151
         8        39   3.79964   4.44648
         9        16   4.87397
         9        17   4.59572   3.61770
         9        18   3.61770   4.59572
         9        19   4.87397
         9        20   3.61770   4.59572
         9        21   4.87397
         9        22   4.87397
         9        23   4.59572   3.61770
         9        24   4.44648   3.79964
         9        25   1.94151
         9        26   1.94151
         9        27   3.79964   4.44648
         9        28   1.94151
         9        29   3.79964   4.44648
         9        30   4.44648   3.79964
         9        31   1.94151
         9        32   3.79964   4.44648
         9        33   1.94151
         9        34   1.94151
         9        35   4.44648   3.79964
         9        36   3.61770   4.59572
         9        37   4.87397
         9        38   4.87397
         9        39   4.59572   3.61770
        10        16   2.78889
        10        17   2.78889
        10        18   4.44558   4.44558
        10        19   4.44558   4.44558
        10        20   3.23185
        10        21   3.23185
        10        22   4.13475   4.13475
        10        23   4.13475   4.13475
        10        24   1.93945
        10        25   1.93945
        10        26   4.87643   4.87643
        10        27   4.87643   4.87643
        10        28   4.44558   4.44558
        10        29   4.44558   4.44558
        10        30   2.78889
        10        31   2.78889
        10        32   4.13475   4.13475
        10        33   4.13475   4.13475
        10        34   3.23185
        10        35   3.23185
        10        36   4.87643   4.87643
        10        37   4.87643   4.87643
        10        38   1.93945
        10        39   1.93945
        11        16   4.87643   4.87643
        11        17   4.87643   4.87643
        11        18   1.93945
        11        19   1.93945
        11        20   4.44558   4.44558
        11        21   4.44558   4.44558
        11        22   2.78889
        11        23   2.78889
        11        24   3.23185
        11        25   3.23185
        11        26   4.13475   4.13475
        11        27   4.13475   4.13475
        11        28   1.93945
        11        29   1.93945
        11        30   4.87643   4.87643
        11        31   4.87643   4.87643
        11        32   2.78889
        11        33   2.78889
        11        34   4.44558   4.44558
        11        35   4.44558   4.44558
        11        36   4.13475   4.13475
        11        37   4.13475   4.13475
        11        38   3.23185
        11        39   3.23185
        12        16   4.13475   4.13475
        12        17   4.13475   4.13475
        12        18   3.23185
        12        19   3.23185
        12        20   1.93945
        12        21   1.93945
        12        22   4.87643   4.87643
        12        23   4.87643   4.87643
        12        24   4.44558   4.44558
        12        25   4.44558   4.44558
        12        26   2.78889
        12        27   2.78889
        12        28   3.23185
        12        29   3.23185
        12        30   4.13475   4.13475
        12        31   4.13475   4.13475
        12        32   4.87643   4.87643
        12        33   4.87643   4.87643
        12        34   1.93945
        12        35   1.93945
        12        36   2.78889
        12        37   2.78889
        12        38   4.44558   4.44558
        12        39   4.44558   4.44558
        13        16   4.44558   4.44558
        13        17   4.44558   4.44558
        13        18   2.78889
        13        19   2.78889
        13        20   4.13475   4.13475
        13        21   4.13475   4.13475
        13        22   3.23185
        13        23   3.23185
        13        24   4.87643   4.87643
        13        25   4.87643   4.87643
        13        26   1.93945
        13        27   1.93945
        13        28   2.78889
        13        29   2.78889
        13        30   4.44558   4.44558
        13        31   4.44558   4.44558
        13        32   3.23185
        13        33   3.23185
        13        34   4.13475   4.13475
        13        35   4.13475   4.13475
        13        36   1.93945
        13        37   1.93945
        13        38   4.87643   4.87643
        13        39   4.87643   4.87643
        14        16   1.93945
        14        17   1.93945
        14        18   4.87643   4.87643
        14        19   4.87643   4.87643
        14        20   2.78889
        14        21   2.78889
        14        22   4.44558   4.44558
        14        23   4.44558   4.44558
        14        24   4.13475   4.13475
        14        25   4.13475   4.13475
        14        26   3.23185
        14        27   3.23185
        14        28   4.87643   4.87643
        14        29   4.87643   4.87643
        14        30   1.93945
        14        31   1.93945
        14        32   4.44558   4.44558
        14        33   4.44558   4.44558
        14        34   2.78889
        14        35   2.78889
        14        36   3.23185
        14        37   3.23185
        14        38   4.13475   4.13475
        14        39   4.13475   4.13475
        15        16   3.23185
        15        17   3.23185
        15        18   4.13475   4.13475
        15        19   4.13475   4.13475
        15        20   4.87643   4.87643
        15        21   4.87643   4.87643
        15        22   1.93945
        15        23   1.93945
        15        24   2.78889
        15        25   2.78889
        15        26   4.44558   4.44558
        15        27   4.44558   4.44558
        15        28   4.13475   4.13475
        15        29   4.13475   4.13475
        15        30   3.23185
        15        31   3.23185
        15        32   1.93945
        15        33   1.93945
        15        34   4.87643   4.87643
        15        35   4.87643   4.87643
        15        36   4.44558   4.44558
        15        37   4.44558   4.44558
        15        38   2.78889
        15        39   2.78889
        16         0   4.59485   4.59485
        16         1   2.53543
        16         2   4.87397
        16         3   3.79964   4.44648
        16         4   3.79964   4.44648
        16         5   1.94151
        16         6   1.94151
        16         7   3.61770   4.59572
        16         8   3.61770   4.59572
        16         9   4.87397
        16        10   2.78889
        16        11   4.87643   4.87643
        16        12   4.13475   4.13475
        16        13   4.44558   4.44558
        16        14   1.93945
        16        15   3.23185
        17         0   4.59485   4.59485
        17         1   2.53543
        17         2   3.61770   4.59572
        17         3   1.94151
        17         4   1.94151
        17         5   4.44648   3.79964
        17         6   4.44648   3.79964
        17         7   4.87397
        17         8   4.87397
        17         9   3.61770   4.59572
        17        10   2.78889
        17        11   4.87643   4.87643
        17        12   4.13475   4.13475
        17        13   4.44558   4.44558
        17        14   1.93945
        17        15   3.23185
        18         0   2.53543
        18         1   4.59485   4.59485
        18         2   4.59572   3.61770
        18         3   1.94151
        18         4   1.94151
        18         5   3.79964   4.44648
        18         6   3.79964   4.44648
        18         7   4.87397
        18         8   4.87397
        18         9   4.59572   3.61770
        18        10   4.44558   4.44558
        18        11   1.93945
        18        12   3.23185
        18        13   2.78889
        18        14   4.87643   4.87643
        18        15   4.13475   4.13475
        19         0   2.53543
        19         1   4.59485   4.59485
        19         2   4.87397
        19         3   4.44648   3.79964
        19         4   4.44648   3.79964
        19         5   1.94151
        19         6   1.94151
        19         7   4.59572   3.61770
        19         8   4.59572   3.61770
        19         9   4.87397
        19        10   4.44558   4.44558
        19        11   1.93945
        19        12   3.23185
        19        13   2.78889
        19        14   4.87643   4.87643
        19        15   4.13475   4.13475
        20         0   2.53543
        20         1   4.59485   4.59485
        20         2   1.94151
        20         3   4.44648   3.79964
        20         4   4.87397
        20         5   4.44648   3.79964
        20         6   4.87397
        20         7   4.59572   3.61770
        20         8   1.94151
        20         9   4.59572   3.61770
        20        10   3.23185
        20        11   4.44558   4.44558
        20        12   1.93945
        20        13   4.13475   4.13475
        20        14   2.78889
        20        15   4.87643   4.87643
        21         0   2.53543
        21         1   4.59485   4.59485
        21         2   3.79964   4.44648
        21         3   1.94151
        21         4   4.59572   3.61770
        21         5   1.94151
        21         6   4.59572   3.61770
        21         7   4.87397
        21         8   3.79964   4.44648
        21         9   4.87397
        21        10   3.23185
        21        11   4.44558   4.44558
        21        12   1.93945
        21        13   4.13475   4.13475
        21        14   2.78889
        21        15   4.87643   4.87643
        22         0   4.59485   4.59485
        22         1   2.53543
        22         2   4.44648   3.79964
        22         3   1.94151
        22         4   3.61770   4.59572
        22         5   1.94151
        22         6   3.61770   4.59572
        22         7   4.87397
        22         8   4.44648   3.79964
        22         9   4.87397
        22        10   4.13475   4.13475
        22        11   2.78889
        22        12   4.87643   4.87643
        22        13   3.23185
        22        14   4.44558   4.44558
        22        15   1.93945
        23         0   4.59485   4.59485
        23         1   2.53543
        23         2   1.94151
        23         3   3.79964   4.44648
        23         4   4.87397
        23         5   3.79964   4.44648
        23         6   4.87397
        23         7   3.61770   4.59572
        23         8   1.94151
        23         9   3.61770   4.59572
        23        10   4.13475   4.13475
        23        11   2.78889
        23        12   4.87643   4.87643
        23        13   3.23185
        23        14   4.44558   4.44558
        23        15   1.93945
        24         0   2.53543
        24         1   4.59485   4.59485
        24         2   1.94151
        24         3   1.94151
        24         4   3.79964   4.44648
        24         5   4.59572   3.61770
        24         6   4.87397
        24         7   4.87397
        24         8   4.59572   3.61770
        24         9   3.79964   4.44648
        24        10   1.93945
        24        11   3.23185
        24        12   4.44558   4.44558
        24        13   4.87643   4.87643
        24        14   4.13475   4.13475
        24        15   2.78889
        25         0   2.53543
        25         1   4.59485   4.59485
        25         2   4.44648   3.79964
        25         3   4.44648   3.79964
        25         4   1.94151
        25         5   4.87397
        25         6   4.59572   3.61770
        25         7   4.59572   3.61770
        25         8   4.87397
        25         9   1.94151
        25        10   1.93945
        25        11   3.23185
        25        12   4.44558   4.44558
        25        13   4.87643   4.87643
        25        14   4.13475   4.13475
        25        15   2.78889
        26         0   4.59485   4.59485
        26         1   2.53543
        26         2   3.79964   4.44648
        26         3   3.79964   4.44648
        26         4   1.94151
        26         5   4.87397
        26         6   3.61770   4.59572
        26         7   3.61770   4.59572
        26         8   4.87397
        26         9   1.94151
        26        10   4.87643   4.87643
        26        11   4.13475   4.13475
        26        12   2.78889
        26        13   1.93945
        26        14   3.23185
        26        15   4.44558   4.44558
        27         0   4.59485   4.59485
        27         1   2.53543
        27         2   1.94151
        27         3   1.94151
        27         4   4.44648   3.79964
        27         5   3.61770   4.59572
        27         6   4.87397
        27         7   4.87397
        27         8   3.61770   4.59572
        27         9   4.44648   3.79964
        27        10   4.87643   4.87643
        27        11   4.13475   4.13475
        27        12   2.78889
        27        13   1.93945
        27        14   3.23185
        27        15   4.44558   4.44558
        28         0   2.53543
        28         1   4.59485   4.59485
        28         2   1.94151
        28         3   3.61770   4.59572
        28         4   3.61770   4.59572
        28         5   4.87397
        28         6   4.87397
        28         7   3.79964   4.44648
        28         8   3.79964   4.44648
        28         9   1.94151
        28        10   4.44558   4.44558
        28        11   1.93945
        28        12   3.23185
        28        13   2.78889
        28        14   4.87643   4.87643
        28        15   4.13475   4.13475
        29         0   2.53543
        29         1   4.59485   4.59485
        29         2   4.44648   3.79964
        29         3   4.87397
        29         4   4.87397
        29         5   3.61770   4.59572
        29         6   3.61770   4.59572
        29         7   1.94151
        29         8   1.94151
        29         9   4.44648   3.79964
        29        10   4.44558   4.44558
        29        11   1.93945
        29        12   3.23185
        29        13   2.78889
        29        14   4.87643   4.87643
        29        15   4.13475   4.13475
        30         0   4.59485   4.59485
        30         1   2.53543
        30         2   3.79964   4.44648
        30         3   4.87397
        30         4   4.87397
        30         5   4.59572   3.61770
        30         6   4.59572   3.61770
        30         7   1.94151
        30         8   1.94151
        30         9   3.79964   4.44648
        30        10   2.78889
        30        11   4.87643   4.87643
        30        12   4.13475   4.13475
        30        13   4.44558   4.44558
        30        14   1.93945
        30        15   3.23185
        31         0   4.59485   4.59485
        31         1   2.53543
        31         2   1.94151
        31         3   4.59572   3.61770
        31         4   4.59572   3.61770
        31         5   4.87397
        31         6   4.87397
        31         7   4.44648   3.79964
        31         8   4.44648   3.79964
        31         9   1.94151
        31        10   2.78889
        31        11   4.87643   4.87643
        31        12   4.13475   4.13475
        31        13   4.44558   4.44558
        31        14   1.93945
        31        15   3.23185
        32         0   4.59485   4.59485
        32         1   2.53543
        32         2   4.87397
        32         3   4.59572   3.61770
        32         4   1.94151
        32         5   4.59572   3.61770
        32         6   1.94151
        32         7   4.44648   3.79964
        32         8   4.87397
        32         9   4.44648   3.79964
        32        10   4.13475   4.13475
        32        11   2.78889
        32        12   4.87643   4.87643
        32        13   3.23185
        32        14   4.44558   4.44558
        32        15   1.93945
        33         0   4.59485   4.59485
        33         1   2.53543
        33         2   4.59572   3.61770
        33         3   4.87397
        33         4   3.79964   4.44648
        33         5   4.87397
        33         6   3.79964   4.44648
        33         7   1.94151
        33         8   4.59572   3.61770
        33         9   1.94151
        33        10   4.13475   4.13475
        33        11   2.78889
        33        12   4.87643   4.87643
        33        13   3.23185
        33        14   4.44558   4.44558
        33        15   1.93945
        34         0   2.53543
        34         1   4.59485   4.59485
        34         2   3.61770   4.59572
        34         3   4.87397
        34         4   4.44648   3.79964
        34         5   4.87397
        34         6   4.44648   3.79964
        34         7   1.94151
        34         8   3.61770   4.59572
        34         9   1.94151
        34        10   3.23185
        34        11   4.44558   4.44558
        34        12   1.93945
        34        13   4.13475   4.13475
        34        14   2.78889
        34        15   4.87643   4.87643
        35         0   2.53543
        35         1   4.59485   4.59485
        35         2   4.87397
        35         3   3.61770   4.59572
        35         4   1.94151
        35         5   3.61770   4.59572
        35         6   1.94151
        35         7   3.79964   4.44648
        35         8   4.87397
        35         9   3.79964   4.44648
        35        10   3.23185
        35        11   4.44558   4.44558
        35        12   1.93945
        35        13   4.13475   4.13475
        35        14   2.78889
        35        15   4.87643   4.87643
        36         0   4.59485   4.59485
        36         1   2.53543
        36         2   4.87397
        36         3   4.87397
        36         4   4.59572   3.61770
        36         5   3.79964   4.44648
        36         6   1.94151
        36         7   1.94151
        36         8   3.79964   4.44648
        36         9   4.59572   3.61770
        36        10   4.87643   4.87643
        36        11   4.13475   4.13475
        36        12   2.78889
        36        13   1.93945
        36        14   3.23185
        36        15   4.44558   4.44558
        37         0   4.59485   4.59485
        37         1   2.53543
        37         2   4.59572   3.61770
        37         3   4.59572   3.61770
        37         4   4.87397
        37         5   1.94151
        37         6   4.44648   3.79964
        37         7   4.44648   3.79964
        37         8   1.94151
        37         9   4.87397
        37        10   4.87643   4.87643
        37        11   4.13475   4.13475
        37        12   2.78889
        37        13   1.93945
        37        14   3.23185
        37        15   4.44558   4.44558
        38         0   2.53543
        38         1   4.59485   4.59485
        38         2   3.61770   4.59572
        38         3   3.61770   4.59572
        38         4   4.87397
        38         5   1.94151
        38         6   3.79964   4.44648
        38         7   3.79964   4.44648
        38         8   1.94151
        38         9   4.87397
        38        10   1.93945
        38        11   3.23185
        38        12   4.44558   4.44558
        38        13   4.87643   4.87643
        38        14   4.13475   4.13475
        38        15   2.78889
        39         0   2.53543
        39         1   4.59485   4.59485
        39         2   4.87397
        39         3   4.87397
        39         4   3.61770   4.59572
        39         5   4.44648   3.79964
        39         6   1.94151
        39         7   1.94151
        39         8   4.44648   3.79964
        39         9   3.61770   4.59572
        39        10   1.93945
        39        11   3.23185
        39        12   4.44558   4.44558
        39        13   4.87643   4.87643
        39        14   4.13475   4.13475
        39        15   2.78889
