 9.103  0  0  3.3347132340782427e-16  5.446  0  4.470573140287413e-16  0.0  7.301 
5
0 8  6.586930799999999  0.0  3.3095433000000005 
0 9  2.0354308000000003  0.0  5.3246193 
0 10  -0.8411171999999997  2.7230000000000003  1.6741193000000003 
0 11  3.7103827999999996  2.7230000000000003  -0.3409567 
0 12  0.023667800000000128  0.0  2.8057743000000004 
0 13  4.5751678  0.0  5.8283883 
0 14  5.7221458  2.7230000000000003  2.1778883 
0 15  1.1706458000000002  2.7230000000000003  -0.8447257 
0 16  -0.9594561999999998  -1.176336  4.7770443 
0 17  3.5920438  1.176336  3.8571183000000007 
0 18  6.7052698  1.5466640000000003  0.20661829999999992 
0 19  2.1537698  3.8993359999999995  1.1265443000000002 
0 20  6.7052698  3.8993359999999995  0.20661829999999992 
0 21  2.1537698  1.5466640000000003  1.1265443000000002 
0 22  -0.9594561999999996  1.176336  4.7770443 
0 23  3.5920438  -1.176336  3.8571183000000007 
1 8  2.0354307999999994  0.0  1.9763807000000004 
1 9  -2.5160691999999996  0.0  3.9914567 
1 10  -5.392617199999999  2.7230000000000003  0.34095670000000045 
1 11  -0.8411172000000002  2.7230000000000003  -1.6741192999999999 
1 12  -4.5278322  0.0  1.4726117000000003 
1 13  0.023667800000000128  0.0  4.495225700000001 
1 14  1.1706458  2.7230000000000003  0.8447257000000001 
1 15  -3.3808541999999995  2.7230000000000003  -2.1778882999999998 
1 16  -5.510956199999999  -1.176336  3.4438817 
1 17  -0.9594562  1.176336  2.5239557000000006 
1 18  2.1537698  1.5466640000000003  -1.1265443 
1 19  -2.3977301999999994  3.8993359999999995  -0.2066182999999997 
1 20  2.1537698  3.8993359999999995  -1.1265443 
1 21  -2.3977302  1.5466640000000003  -0.2066182999999997 
1 22  -5.510956199999999  1.176336  3.4438817 
1 23  -0.9594562  -1.176336  2.5239557000000006 
2 8  0.8411171999999993  -2.7230000000000003  -1.6741193 
2 9  -3.7103827999999996  -2.7230000000000003  0.34095669999999956 
2 10  -6.586930799999999  0.0  -3.3095433 
2 11  -2.0354308000000003  0.0  -5.3246193 
2 12  -5.7221458  -2.7230000000000003  -2.1778883 
2 13  -1.1706458  -2.7230000000000003  0.8447256999999997 
2 14  -0.023667800000000128  0.0  -2.8057743000000004 
2 15  -4.575167799999999  0.0  -5.8283883 
2 16  -6.7052698  -3.8993360000000004  -0.2066183000000006 
2 17  -2.1537698  -1.5466640000000003  -1.1265443 
2 18  0.9594562  -1.176336  -4.7770443 
2 19  -3.5920437999999995  1.1763359999999992  -3.8571183 
2 20  0.9594562  1.1763359999999992  -4.7770443 
2 21  -3.5920438  -1.176336  -3.8571183 
2 22  -6.705269799999999  -1.5466640000000003  -0.2066183000000006 
2 23  -2.1537698  -3.8993360000000004  -1.1265443 
3 8  5.392617199999998  -2.7230000000000003  -0.34095669999999956 
3 9  0.8411171999999993  -2.7230000000000003  1.6741193 
3 10  -2.0354308000000003  0.0  -1.9763806999999995 
3 11  2.5160691999999987  0.0  -3.9914566999999996 
3 12  -1.1706458000000006  -2.7230000000000003  -0.8447256999999997 
3 13  3.380854199999999  -2.7230000000000003  2.1778883 
3 14  4.527832199999999  0.0  -1.4726116999999999 
3 15  -0.02366780000000057  0.0  -4.4952257 
3 16  -2.1537698000000005  -3.8993360000000004  1.1265443 
3 17  2.397730199999999  -1.5466640000000003  0.2066183000000006 
3 18  5.510956199999999  -1.176336  -3.4438817 
3 19  0.9594561999999995  1.1763359999999992  -2.5239556999999997 
3 20  5.510956199999999  1.1763359999999992  -3.4438817 
3 21  0.9594561999999991  -1.176336  -2.5239556999999997 
3 22  -2.1537698000000005  -1.5466640000000003  1.1265443 
3 23  2.397730199999999  -3.8993360000000004  0.2066183000000006 
4 8  7.682931999999999  0.0  -0.5694779999999993 
4 9  3.1314319999999998  0.0  1.4455980000000004 
4 10  0.254884  2.7230000000000003  -2.2049019999999993 
4 11  4.8063839999999995  2.7230000000000003  -4.219977999999999 
4 12  1.1196689999999998  0.0  -1.0732469999999994 
4 13  5.671168999999999  0.0  1.9493670000000005 
4 14  6.818147  2.7230000000000003  -1.7011329999999996 
4 15  2.266647  2.7230000000000003  -4.7237469999999995 
4 16  0.13654499999999992  -1.176336  0.8980230000000002 
4 17  4.688044999999999  1.176336  -0.021902999999999118 
4 18  7.801271  1.5466640000000003  -3.6724029999999996 
4 19  3.249771  3.8993359999999995  -2.7524769999999994 
4 20  7.801271  3.8993359999999995  -3.6724029999999996 
4 21  3.2497709999999995  1.5466640000000003  -2.7524769999999994 
4 22  0.13654500000000003  1.176336  0.8980230000000002 
4 23  4.688044999999999  -1.176336  -0.021902999999999118 
5 8  3.131432  0.0  -1.4455980000000004 
5 9  -1.4200679999999988  0.0  0.5694779999999993 
5 10  -4.296615999999998  2.7230000000000003  -3.0810220000000004 
5 11  0.25488400000000055  2.7230000000000003  -5.0960980000000005 
5 12  -3.431830999999999  0.0  -1.9493670000000005 
5 13  1.119669000000001  0.0  1.0732469999999994 
5 14  2.2666470000000007  2.7230000000000003  -2.5772530000000007 
5 15  -2.2848529999999987  2.7230000000000003  -5.599867000000001 
5 16  -4.414954999999999  -1.176336  0.021902999999999118 
5 17  0.1365450000000008  1.176336  -0.8980230000000002 
5 18  3.249771000000001  1.5466640000000003  -4.548523000000001 
5 19  -1.3017289999999986  3.8993359999999995  -3.6285970000000005 
5 20  3.249771000000001  3.8993359999999995  -4.548523000000001 
5 21  -1.301728999999999  1.5466640000000003  -3.6285970000000005 
5 22  -4.414954999999998  1.176336  0.021902999999999118 
5 23  0.1365450000000008  -1.176336  -0.8980230000000002 
6 8  -0.25488400000000055  -2.7230000000000003  2.204902 
6 9  -4.8063839999999995  -2.7230000000000003  4.219977999999999 
6 10  -7.682931999999999  0.0  0.5694780000000002 
6 11  -3.131432  0.0  -1.4455980000000002 
6 12  -6.818147  -2.7230000000000003  1.701133 
6 13  -2.266647  -2.7230000000000003  4.7237469999999995 
6 14  -1.119669  0.0  1.0732469999999998 
6 15  -5.671168999999999  0.0  -1.949367 
6 16  -7.801271  -3.8993360000000004  3.6724029999999996 
6 17  -3.249771  -1.5466640000000003  2.7524770000000003 
6 18  -0.13654499999999992  -1.176336  -0.8980230000000002 
6 19  -4.688044999999999  1.1763359999999992  0.021903000000000006 
6 20  -0.13654499999999992  1.1763359999999992  -0.8980230000000002 
6 21  -4.688045  -1.176336  0.021903000000000006 
6 22  -7.801270999999999  -1.5466640000000003  3.6724029999999996 
6 23  -3.249771  -3.8993360000000004  2.7524770000000003 
7 8  4.296615999999998  -2.7230000000000003  3.081022 
7 9  -0.2548840000000001  -2.7230000000000003  5.096098 
7 10  -3.1314319999999998  0.0  1.4455980000000002 
7 11  1.4200679999999992  0.0  -0.5694780000000002 
7 12  -2.266647  -2.7230000000000003  2.577253 
7 13  2.2848529999999996  -2.7230000000000003  5.599867 
7 14  3.4318309999999994  0.0  1.9493669999999998 
7 15  -1.119669  0.0  -1.0732470000000003 
7 16  -3.249771  -3.8993360000000004  4.548522999999999 
7 17  1.3017289999999995  -1.5466640000000003  3.628597 
7 18  4.414954999999999  -1.176336  -0.021903000000000228 
7 19  -0.13654499999999992  1.1763359999999992  0.898023 
7 20  4.414954999999999  1.1763359999999992  -0.021903000000000228 
7 21  -0.13654500000000036  -1.176336  0.898023 
7 22  -3.249771  -1.5466640000000003  4.548522999999999 
7 23  1.3017289999999995  -3.8993360000000004  3.628597 
8 0  -6.586930799999999  0.0  -3.3095433000000005 
8 1  -2.0354307999999994  0.0  -1.9763807000000004 
8 2  -0.8411171999999993  2.7230000000000003  1.6741193 
8 3  -5.392617199999998  2.7230000000000003  0.34095669999999956 
8 4  -7.682931999999999  0.0  0.5694779999999993 
8 5  -3.131432  0.0  1.4455980000000004 
8 6  0.25488400000000055  2.7230000000000003  -2.204902 
8 7  -4.296615999999998  2.7230000000000003  -3.081022 
9 0  -2.0354308000000003  0.0  -5.3246193 
9 1  2.5160691999999996  0.0  -3.9914567 
9 2  3.7103827999999996  2.7230000000000003  -0.34095669999999956 
9 3  -0.8411171999999993  2.7230000000000003  -1.6741193 
9 4  -3.1314319999999998  0.0  -1.4455980000000004 
9 5  1.4200679999999988  0.0  -0.5694779999999993 
9 6  4.8063839999999995  2.7230000000000003  -4.219977999999999 
9 7  0.2548840000000001  2.7230000000000003  -5.096098 
10 0  0.8411171999999997  -2.7230000000000003  -1.6741193000000003 
10 1  5.392617199999999  -2.7230000000000003  -0.34095670000000045 
10 2  6.586930799999999  0.0  3.3095433 
10 3  2.0354308000000003  0.0  1.9763806999999995 
10 4  -0.254884  -2.7230000000000003  2.2049019999999993 
10 5  4.296615999999998  -2.7230000000000003  3.0810220000000004 
10 6  7.682931999999999  0.0  -0.5694780000000002 
10 7  3.1314319999999998  0.0  -1.4455980000000002 
11 0  -3.7103827999999996  -2.7230000000000003  0.3409567 
11 1  0.8411172000000002  -2.7230000000000003  1.6741192999999999 
11 2  2.0354308000000003  0.0  5.3246193 
11 3  -2.5160691999999987  0.0  3.9914566999999996 
11 4  -4.8063839999999995  -2.7230000000000003  4.219977999999999 
11 5  -0.25488400000000055  -2.7230000000000003  5.0960980000000005 
11 6  3.131432  0.0  1.4455980000000002 
11 7  -1.4200679999999992  0.0  0.5694780000000002 
12 0  -0.023667800000000128  0.0  -2.8057743000000004 
12 1  4.5278322  0.0  -1.4726117000000003 
12 2  5.7221458  2.7230000000000003  2.1778883 
12 3  1.1706458000000006  2.7230000000000003  0.8447256999999997 
12 4  -1.1196689999999998  0.0  1.0732469999999994 
12 5  3.431830999999999  0.0  1.9493670000000005 
12 6  6.818147  2.7230000000000003  -1.701133 
12 7  2.266647  2.7230000000000003  -2.577253 
13 0  -4.5751678  0.0  -5.8283883 
13 1  -0.023667800000000128  0.0  -4.495225700000001 
13 2  1.1706458  2.7230000000000003  -0.8447256999999997 
13 3  -3.380854199999999  2.7230000000000003  -2.1778883 
13 4  -5.671168999999999  0.0  -1.9493670000000005 
13 5  -1.119669000000001  0.0  -1.0732469999999994 
13 6  2.266647  2.7230000000000003  -4.7237469999999995 
13 7  -2.2848529999999996  2.7230000000000003  -5.599867 
14 0  -5.7221458  -2.7230000000000003  -2.1778883 
14 1  -1.1706458  -2.7230000000000003  -0.8447257000000001 
14 2  0.023667800000000128  0.0  2.8057743000000004 
14 3  -4.527832199999999  0.0  1.4726116999999999 
14 4  -6.818147  -2.7230000000000003  1.7011329999999996 
14 5  -2.2666470000000007  -2.7230000000000003  2.5772530000000007 
14 6  1.119669  0.0  -1.0732469999999998 
14 7  -3.4318309999999994  0.0  -1.9493669999999998 
15 0  -1.1706458000000002  -2.7230000000000003  0.8447257 
15 1  3.3808541999999995  -2.7230000000000003  2.1778882999999998 
15 2  4.575167799999999  0.0  5.8283883 
15 3  0.02366780000000057  0.0  4.4952257 
15 4  -2.266647  -2.7230000000000003  4.7237469999999995 
15 5  2.2848529999999987  -2.7230000000000003  5.599867000000001 
15 6  5.671168999999999  0.0  1.949367 
15 7  1.119669  0.0  1.0732470000000003 
16 0  0.9594561999999998  1.176336  -4.7770443 
16 1  5.510956199999999  1.176336  -3.4438817 
16 2  6.7052698  3.8993360000000004  0.2066183000000006 
16 3  2.1537698000000005  3.8993360000000004  -1.1265443 
16 4  -0.13654499999999992  1.176336  -0.8980230000000002 
16 5  4.414954999999999  1.176336  -0.021902999999999118 
16 6  7.801271  3.8993360000000004  -3.6724029999999996 
16 7  3.249771  3.8993360000000004  -4.548522999999999 
17 0  -3.5920438  -1.176336  -3.8571183000000007 
17 1  0.9594562  -1.176336  -2.5239557000000006 
17 2  2.1537698  1.5466640000000003  1.1265443 
17 3  -2.397730199999999  1.5466640000000003  -0.2066183000000006 
17 4  -4.688044999999999  -1.176336  0.021902999999999118 
17 5  -0.1365450000000008  -1.176336  0.8980230000000002 
17 6  3.249771  1.5466640000000003  -2.7524770000000003 
17 7  -1.3017289999999995  1.5466640000000003  -3.628597 
18 0  -6.7052698  -1.5466640000000003  -0.20661829999999992 
18 1  -2.1537698  -1.5466640000000003  1.1265443 
18 2  -0.9594562  1.176336  4.7770443 
18 3  -5.510956199999999  1.176336  3.4438817 
18 4  -7.801271  -1.5466640000000003  3.6724029999999996 
18 5  -3.249771000000001  -1.5466640000000003  4.548523000000001 
18 6  0.13654499999999992  1.176336  0.8980230000000002 
18 7  -4.414954999999999  1.176336  0.021903000000000228 
19 0  -2.1537698  -3.8993359999999995  -1.1265443000000002 
19 1  2.3977301999999994  -3.8993359999999995  0.2066182999999997 
19 2  3.5920437999999995  -1.1763359999999992  3.8571183 
19 3  -0.9594561999999995  -1.1763359999999992  2.5239556999999997 
19 4  -3.249771  -3.8993359999999995  2.7524769999999994 
19 5  1.3017289999999986  -3.8993359999999995  3.6285970000000005 
19 6  4.688044999999999  -1.1763359999999992  -0.021903000000000006 
19 7  0.13654499999999992  -1.1763359999999992  -0.898023 
20 0  -6.7052698  -3.8993359999999995  -0.20661829999999992 
20 1  -2.1537698  -3.8993359999999995  1.1265443 
20 2  -0.9594562  -1.1763359999999992  4.7770443 
20 3  -5.510956199999999  -1.1763359999999992  3.4438817 
20 4  -7.801271  -3.8993359999999995  3.6724029999999996 
20 5  -3.249771000000001  -3.8993359999999995  4.548523000000001 
20 6  0.13654499999999992  -1.1763359999999992  0.8980230000000002 
20 7  -4.414954999999999  -1.1763359999999992  0.021903000000000228 
21 0  -2.1537698  -1.5466640000000003  -1.1265443000000002 
21 1  2.3977302  -1.5466640000000003  0.2066182999999997 
21 2  3.5920438  1.176336  3.8571183 
21 3  -0.9594561999999991  1.176336  2.5239556999999997 
21 4  -3.2497709999999995  -1.5466640000000003  2.7524769999999994 
21 5  1.301728999999999  -1.5466640000000003  3.6285970000000005 
21 6  4.688045  1.176336  -0.021903000000000006 
21 7  0.13654500000000036  1.176336  -0.898023 
22 0  0.9594561999999996  -1.176336  -4.7770443 
22 1  5.510956199999999  -1.176336  -3.4438817 
22 2  6.705269799999999  1.5466640000000003  0.2066183000000006 
22 3  2.1537698000000005  1.5466640000000003  -1.1265443 
22 4  -0.13654500000000003  -1.176336  -0.8980230000000002 
22 5  4.414954999999998  -1.176336  -0.021902999999999118 
22 6  7.801270999999999  1.5466640000000003  -3.6724029999999996 
22 7  3.249771  1.5466640000000003  -4.548522999999999 
23 0  -3.5920438  1.176336  -3.8571183000000007 
23 1  0.9594562  1.176336  -2.5239557000000006 
23 2  2.1537698  3.8993360000000004  1.1265443 
23 3  -2.397730199999999  3.8993360000000004  -0.2066183000000006 
23 4  -4.688044999999999  1.176336  0.021902999999999118 
23 5  -0.1365450000000008  1.176336  0.8980230000000002 
23 6  3.249771  3.8993360000000004  -2.7524770000000003 
23 7  -1.3017289999999995  3.8993360000000004  -3.628597 