 5.42489  0  0  9.052325840235417e-16  14.78357  0  3.42465741824162e-16  0.0  5.59289 
5
0 16  -1.1864234429999998  -1.835084544099999  1.199115616 
0 17  -1.3263856049999996  -1.3560968760999987  3.9955606159999997 
0 18  1.386059395000001  5.5567004559000015  4.135382866 
0 19  1.5260215570000004  -8.7478818761  1.338937866 
0 20  1.3860593950000006  -1.3560968760999987  4.135382866 
0 21  1.5260215570000004  -1.835084544099999  1.338937866 
0 22  -1.1864234430000002  -8.7478818761  1.199115616 
0 23  -1.3263856049999991  5.5567004559000015  3.9955606159999997 
0 24  -2.4677824609999996  0.4888926599000012  0.303693927 
0 25  -0.04502658699999973  -3.680074080099999  3.100138927 
0 26  2.6674184130000005  -6.902892340099999  5.030804555 
0 27  0.24466253900000057  3.7117109199  2.2343595549999997 
0 28  2.6674184130000005  -3.680074080099999  5.030804555 
0 29  0.24466253900000012  0.4888926599000012  2.2343595549999997 
0 30  -2.4677824609999996  3.7117109199  0.303693927 
0 31  -0.04502658700000017  -6.902892340099999  3.100138927 
0 32  0.6233198610000015  2.1003017899000014  4.790869574 
0 33  2.288761091  -5.291483210099999  1.994424574 
0 34  -0.42368390899999975  -5.291483210099999  0.543628908 
0 35  -2.0891251389999996  2.1003017899000014  3.3400739079999995 
1 16  1.326385605  1.3560968761000005  -1.5973293839999998 
1 17  1.1864234430000002  1.8350845441000008  1.1991156159999998 
1 18  3.898868443000001  8.747881876100001  1.3389378659999998 
1 19  4.038830605  -5.556700455899999  -1.4575071339999999 
1 20  3.8988684430000005  1.8350845441000008  1.3389378659999998 
1 21  4.038830605  1.3560968761000005  -1.4575071339999999 
1 22  1.3263856049999996  -5.556700455899999  -1.5973293839999998 
1 23  1.1864234430000007  8.747881876100001  1.1991156159999998 
1 24  0.045026587000000076  3.6800740801000007  -2.492751073 
1 25  2.467782461  -0.4888926598999994  0.3036939270000003 
1 26  5.180227461  -3.7117109198999994  2.2343595549999997 
1 27  2.7574715870000004  6.902892340099999  -0.5620854450000001 
1 28  5.180227461  -0.4888926598999994  2.2343595549999997 
1 29  2.757471587  3.6800740801000007  -0.5620854450000001 
1 30  0.04502658700000027  6.902892340099999  -2.492751073 
1 31  2.4677824609999996  -3.7117109198999994  0.3036939270000003 
1 32  3.1361289090000013  5.291483210100001  1.9944245740000004 
1 33  4.801570139  -2.100301789899999  -0.8020204259999999 
1 34  2.089125139  -2.100301789899999  -2.2528160919999998 
1 35  0.4236839090000004  5.291483210100001  0.5436289079999996 
2 16  -1.3860593949999997  5.5567004559  -4.135382866 
2 17  -1.5260215569999995  6.0356881239  -1.3389378660000002 
2 18  1.1864234430000011  12.9484854559  -1.1991156160000003 
2 19  1.3263856050000005  -1.3560968761  -3.9955606159999997 
2 20  1.1864234430000007  6.0356881239  -1.1991156160000003 
2 21  1.3263856050000005  5.5567004559  -3.9955606159999997 
2 22  -1.3860593950000002  -1.3560968761  -4.135382866 
2 23  -1.526021556999999  12.9484854559  -1.3389378660000002 
2 24  -2.6674184129999996  7.8806776599  -5.030804555 
2 25  -0.24466253899999968  3.7117109199  -2.2343595549999997 
2 26  2.4677824610000005  0.48889265989999964  -0.3036939270000003 
2 27  0.04502658700000062  11.103495919899999  -3.100138927 
2 28  2.4677824610000005  3.7117109199  -0.3036939270000003 
2 29  0.04502658700000017  7.8806776599  -3.100138927 
2 30  -2.6674184129999996  11.103495919899999  -5.030804555 
2 31  -0.24466253900000012  0.48889265989999964  -2.2343595549999997 
2 32  0.4236839090000015  9.4920867899  -0.5436289079999996 
2 33  2.089125139  2.1003017898999996  -3.340073908 
2 34  -0.6233198609999997  2.1003017898999996  -4.790869574 
2 35  -2.2887610909999996  9.4920867899  -1.9944245740000004 
3 16  -3.898868443000001  -6.0356881239  -1.338937866 
3 17  -4.038830605000001  -5.5567004559  1.4575071339999996 
3 18  -1.326385605  1.3560968761000005  1.5973293839999996 
3 19  -1.1864234430000007  -12.9484854559  -1.199115616 
3 20  -1.3263856050000005  -5.5567004559  1.5973293839999996 
3 21  -1.1864234430000007  -6.0356881239  -1.199115616 
3 22  -3.8988684430000013  -12.9484854559  -1.338937866 
3 23  -4.038830605  1.3560968761000005  1.4575071339999996 
3 24  -5.180227461000001  -3.7117109199  -2.234359555 
3 25  -2.757471587000001  -7.8806776599  0.5620854450000001 
3 26  -0.04502658700000062  -11.1034959199  2.4927510729999995 
3 27  -2.4677824610000005  -0.4888926599000012  -0.3036939270000003 
3 28  -0.04502658700000062  -7.8806776599  2.4927510729999995 
3 29  -2.467782461000001  -3.7117109199  -0.3036939270000003 
3 30  -5.180227461000001  -0.4888926599000012  -2.234359555 
3 31  -2.7574715870000013  -11.1034959199  0.5620854450000001 
3 32  -2.0891251389999996  -2.1003017898999996  2.252816092 
3 33  -0.4236839090000011  -9.4920867899  -0.5436289080000001 
3 34  -3.136128909000001  -9.4920867899  -1.994424574 
3 35  -4.801570139000001  -2.1003017898999996  0.8020204259999995 
4 16  -1.3860593950000002  1.3560968761000005  -4.135382866 
4 17  -1.526021557  1.8350845441000008  -1.3389378660000002 
4 18  1.1864234430000007  8.747881876100001  -1.1991156160000003 
4 19  1.326385605  -5.556700455899999  -3.9955606159999997 
4 20  1.1864234430000002  1.8350845441000008  -1.1991156160000003 
4 21  1.326385605  1.3560968761000005  -3.9955606159999997 
4 22  -1.3860593950000006  -5.556700455899999  -4.135382866 
4 23  -1.5260215569999995  8.747881876100001  -1.3389378660000002 
4 24  -2.667418413  3.6800740801000007  -5.030804555 
4 25  -0.24466253900000012  -0.4888926598999994  -2.2343595549999997 
4 26  2.467782461  -3.7117109198999994  -0.3036939270000003 
4 27  0.04502658700000017  6.902892340099999  -3.100138927 
4 28  2.467782461  -0.4888926598999994  -0.3036939270000003 
4 29  0.04502658699999973  3.6800740801000007  -3.100138927 
4 30  -2.667418413  6.902892340099999  -5.030804555 
4 31  -0.24466253900000057  -3.7117109198999994  -2.2343595549999997 
4 32  0.4236839090000011  5.291483210100001  -0.5436289079999996 
4 33  2.0891251389999996  -2.100301789899999  -3.340073908 
4 34  -0.6233198610000001  -2.100301789899999  -4.790869574 
4 35  -2.288761091  5.291483210100001  -1.9944245740000004 
5 16  -3.898868443000001  -1.835084544099999  -1.338937866 
5 17  -4.038830605000001  -1.3560968760999987  1.4575071339999996 
5 18  -1.326385605  5.5567004559000015  1.5973293839999996 
5 19  -1.1864234430000007  -8.7478818761  -1.199115616 
5 20  -1.3263856050000005  -1.3560968760999987  1.5973293839999996 
5 21  -1.1864234430000007  -1.835084544099999  -1.199115616 
5 22  -3.8988684430000013  -8.7478818761  -1.338937866 
5 23  -4.038830605  5.5567004559000015  1.4575071339999996 
5 24  -5.180227461000001  0.4888926599000012  -2.234359555 
5 25  -2.757471587000001  -3.680074080099999  0.5620854450000001 
5 26  -0.04502658700000062  -6.902892340099999  2.4927510729999995 
5 27  -2.4677824610000005  3.7117109199  -0.3036939270000003 
5 28  -0.04502658700000062  -3.680074080099999  2.4927510729999995 
5 29  -2.467782461000001  0.4888926599000012  -0.3036939270000003 
5 30  -5.180227461000001  3.7117109199  -2.234359555 
5 31  -2.7574715870000013  -6.902892340099999  0.5620854450000001 
5 32  -2.0891251389999996  2.1003017899000014  2.252816092 
5 33  -0.4236839090000011  -5.291483210099999  -0.5436289080000001 
5 34  -3.136128909000001  -5.291483210099999  -1.994424574 
5 35  -4.801570139000001  2.1003017899000014  0.8020204259999995 
6 16  -1.1864234430000002  -6.0356881239  1.199115616 
6 17  -1.326385605  -5.5567004559  3.9955606159999997 
6 18  1.3860593950000006  1.3560968761000005  4.135382866 
6 19  1.526021557  -12.9484854559  1.338937866 
6 20  1.3860593950000002  -5.5567004559  4.135382866 
6 21  1.526021557  -6.0356881239  1.338937866 
6 22  -1.1864234430000007  -12.9484854559  1.199115616 
6 23  -1.3263856049999996  1.3560968761000005  3.9955606159999997 
6 24  -2.467782461  -3.7117109199  0.303693927 
6 25  -0.04502658700000017  -7.8806776599  3.100138927 
6 26  2.667418413  -11.1034959199  5.030804555 
6 27  0.24466253900000012  -0.4888926599000012  2.2343595549999997 
6 28  2.667418413  -7.8806776599  5.030804555 
6 29  0.24466253899999968  -3.7117109199  2.2343595549999997 
6 30  -2.467782461  -0.4888926599000012  0.303693927 
6 31  -0.04502658700000062  -11.1034959199  3.100138927 
6 32  0.623319861000001  -2.1003017898999996  4.790869574 
6 33  2.2887610909999996  -9.4920867899  1.994424574 
6 34  -0.4236839090000002  -9.4920867899  0.543628908 
6 35  -2.089125139  -2.1003017898999996  3.3400739079999995 
7 16  1.3263856050000005  5.5567004559  -1.5973293839999998 
7 17  1.1864234430000007  6.0356881239  1.1991156159999998 
7 18  3.8988684430000013  12.9484854559  1.3389378659999998 
7 19  4.038830605  -1.3560968761  -1.4575071339999999 
7 20  3.898868443000001  6.0356881239  1.3389378659999998 
7 21  4.038830605  5.5567004559  -1.4575071339999999 
7 22  1.326385605  -1.3560968761  -1.5973293839999998 
7 23  1.1864234430000011  12.9484854559  1.1991156159999998 
7 24  0.04502658700000034  7.8806776599  -2.492751073 
7 25  2.4677824610000005  3.7117109199  0.3036939270000003 
7 26  5.180227461  0.48889265989999964  2.2343595549999997 
7 27  2.757471587000001  11.103495919899999  -0.5620854450000001 
7 28  5.180227461  3.7117109199  2.2343595549999997 
7 29  2.7574715870000004  7.8806776599  -0.5620854450000001 
7 30  0.045026587000000534  11.103495919899999  -2.492751073 
7 31  2.467782461  0.48889265989999964  0.3036939270000003 
7 32  3.1361289090000017  9.4920867899  1.9944245740000004 
7 33  4.801570139  2.1003017898999996  -0.8020204259999999 
7 34  2.0891251390000005  2.1003017898999996  -2.2528160919999998 
7 35  0.42368390900000064  9.4920867899  0.5436289079999996 
8 16  -3.7068273370000004  -3.9353863340000004  -3.8988036189999997 
8 17  -3.8467894990000002  -3.456398666  -1.1023586190000003 
8 18  -1.1343444989999996  3.456398666  -0.9625363690000004 
8 19  -0.9943823370000002  -10.848183666  -3.758981369 
8 20  -1.134344499  -3.456398666  -0.9625363690000004 
8 21  -0.9943823370000002  -3.9353863340000004  -3.758981369 
8 22  -3.706827337000001  -10.848183666  -3.8988036189999997 
8 23  -3.846789499  3.456398666  -1.1023586190000003 
8 24  -4.988186355000001  -1.6114091300000002  -4.794225308 
8 25  -2.5654304810000004  -5.78037587  -1.9977803079999998 
8 26  0.14701451899999984  -9.00319413  -0.06711468000000043 
8 27  -2.275741355  1.6114091299999984  -2.8635596800000003 
8 28  0.14701451899999984  -5.78037587  -0.06711468000000043 
8 29  -2.2757413550000005  -1.6114091300000002  -2.8635596800000003 
8 30  -4.988186355  1.6114091299999984  -4.794225308 
8 31  -2.565430481000001  -9.00319413  -1.9977803079999998 
8 32  -1.8970840329999992  0.0  -0.30704966099999975 
8 33  -0.23164280300000062  -7.3917850000000005  -3.103494661 
8 34  -2.9440878030000004  -7.3917850000000005  -4.554290327 
8 35  -4.609529033  0.0  -1.7578453270000005 
9 16  -1.5781005009999998  3.4563986659999997  -1.1023586189999997 
9 17  -1.7180626629999995  3.935386334  1.694086381 
9 18  0.9943823370000011  10.848183666  1.833908631 
9 19  1.1343444990000005  -3.4563986659999997  -0.9625363689999997 
9 20  0.9943823370000007  3.935386334  1.833908631 
9 21  1.1343444990000005  3.4563986659999997  -0.9625363689999997 
9 22  -1.5781005010000002  -3.4563986659999997  -1.1023586189999997 
9 23  -1.718062662999999  10.848183666  1.694086381 
9 24  -2.8594595189999996  5.78037587  -1.9977803079999996 
9 25  -0.4367036449999997  1.6114091299999997  0.7986646920000005 
9 26  2.2757413550000005  -1.6114091300000002  2.72933032 
9 27  -0.1470145189999994  9.003194129999999  -0.06711467999999998 
9 28  2.2757413550000005  1.6114091299999997  2.72933032 
9 29  -0.14701451899999984  5.78037587  -0.06711467999999998 
9 30  -2.8594595189999996  9.003194129999999  -1.9977803079999996 
9 31  -0.43670364500000014  -1.6114091300000002  0.7986646920000005 
9 32  0.2316428030000015  7.3917850000000005  2.4893953390000005 
9 33  1.897084033  0.0  -0.30704966099999975 
9 34  -0.8153609669999997  0.0  -1.7578453269999996 
9 35  -2.4808021969999996  7.3917850000000005  1.0385996729999998 
10 16  1.1343444990000005  3.4563986659999997  0.962536369 
10 17  0.9943823370000007  3.935386334  3.758981369 
10 18  3.7068273370000013  10.848183666  3.8988036189999997 
10 19  3.8467894990000007  -3.4563986659999997  1.1023586189999999 
10 20  3.706827337000001  3.935386334  3.8988036189999997 
10 21  3.8467894990000007  3.4563986659999997  1.1023586189999999 
10 22  1.134344499  -3.4563986659999997  0.962536369 
10 23  0.9943823370000011  10.848183666  3.758981369 
10 24  -0.14701451899999965  5.78037587  0.06711467999999998 
10 25  2.2757413550000005  1.6114091299999997  2.8635596800000003 
10 26  4.988186355000001  -1.6114091300000002  4.794225308 
10 27  2.565430481000001  9.003194129999999  1.9977803079999996 
10 28  4.988186355000001  1.6114091299999997  4.794225308 
10 29  2.5654304810000004  5.78037587  1.9977803079999996 
10 30  -0.14701451899999946  9.003194129999999  0.06711467999999998 
10 31  2.275741355  -1.6114091300000002  2.8635596800000003 
10 32  2.9440878030000017  7.3917850000000005  4.554290327 
10 33  4.609529033  0.0  1.7578453269999998 
10 34  1.8970840330000005  0.0  0.30704966100000003 
10 35  0.23164280300000067  7.3917850000000005  3.1034946609999996 
11 16  -0.9943823370000002  -3.9353863340000004  -1.8339086310000001 
11 17  -1.134344499  -3.456398666  0.9625363689999995 
11 18  1.5781005010000007  3.456398666  1.1023586189999994 
11 19  1.718062663  -10.848183666  -1.6940863810000002 
11 20  1.5781005010000002  -3.456398666  1.1023586189999994 
11 21  1.718062663  -3.9353863340000004  -1.6940863810000002 
11 22  -0.9943823370000007  -10.848183666  -1.8339086310000001 
11 23  -1.1343444989999996  3.456398666  0.9625363689999995 
11 24  -2.275741355  -1.6114091300000002  -2.7293303200000003 
11 25  0.14701451899999984  -5.78037587  0.06711467999999998 
11 26  2.859459519  -9.00319413  1.9977803079999994 
11 27  0.43670364500000014  1.6114091299999984  -0.7986646920000005 
11 28  2.859459519  -5.78037587  1.9977803079999994 
11 29  0.4367036449999997  -1.6114091300000002  -0.7986646920000005 
11 30  -2.275741355  1.6114091299999984  -2.7293303200000003 
11 31  0.1470145189999994  -9.00319413  0.06711467999999998 
11 32  0.815360967000001  0.0  1.757845327 
11 33  2.4808021969999996  -7.3917850000000005  -1.0385996730000002 
11 34  -0.23164280300000017  -7.3917850000000005  -2.489395339 
11 35  -1.897084033  0.0  0.3070496609999993 
12 16  1.4262035810000002  -0.23949383400000013  1.328311375 
12 17  1.2862414190000004  0.23949383400000013  4.124756375 
12 18  3.998686419000001  7.152291166  4.2645786249999995 
12 19  4.138648581  -7.1522911659999995  1.4681336249999999 
12 20  3.9986864190000007  0.23949383400000013  4.2645786249999995 
12 21  4.138648581  -0.23949383400000013  1.4681336249999999 
12 22  1.4262035809999998  -7.1522911659999995  1.328311375 
12 23  1.2862414190000009  7.152291166  4.124756375 
12 24  0.14484456300000018  2.08448337  0.43288968599999994 
12 25  2.5676004370000003  -2.08448337  3.229334686 
12 26  5.280045437  -5.3073016299999995  5.1600003139999995 
12 27  2.8572895630000006  5.307301629999999  2.3635553139999996 
12 28  5.280045437  -2.08448337  5.1600003139999995 
12 29  2.857289563  2.08448337  2.3635553139999996 
12 30  0.14484456300000037  5.307301629999999  0.43288968599999994 
12 31  2.567600437  -5.3073016299999995  3.229334686 
12 32  3.2359468850000015  3.6958925000000002  4.920065333 
12 33  4.901388115  -3.6958925  2.123620333 
12 34  2.1889431150000003  -3.6958925  0.672824667 
12 35  0.5235018850000005  3.6958925000000002  3.4692696669999994 
13 16  -1.286241419  -0.23949383400000013  -1.4681336249999999 
13 17  -1.4262035809999998  0.23949383400000013  1.3283113749999997 
13 18  1.2862414190000009  7.152291166  1.4681336249999997 
13 19  1.4262035810000002  -7.1522911659999995  -1.328311375 
13 20  1.2862414190000004  0.23949383400000013  1.4681336249999997 
13 21  1.4262035810000002  -0.23949383400000013  -1.328311375 
13 22  -1.2862414190000004  -7.1522911659999995  -1.4681336249999999 
13 23  -1.4262035809999993  7.152291166  1.3283113749999997 
13 24  -2.567600437  2.08448337  -2.363555314 
13 25  -0.14484456299999993  -2.08448337  0.4328896860000002 
13 26  2.5676004370000003  -5.3073016299999995  2.3635553139999996 
13 27  0.14484456300000037  5.307301629999999  -0.4328896860000002 
13 28  2.5676004370000003  -2.08448337  2.3635553139999996 
13 29  0.14484456299999993  2.08448337  -0.4328896860000002 
13 30  -2.567600437  5.307301629999999  -2.363555314 
13 31  -0.14484456300000037  -5.3073016299999995  0.4328896860000002 
13 32  0.5235018850000013  3.6958925000000002  2.1236203330000003 
13 33  2.188943115  -3.6958925  -0.672824667 
13 34  -0.523501885  -3.6958925  -2.123620333 
13 35  -2.188943115  3.6958925000000002  0.6728246669999995 
14 16  1.4262035810000007  7.1522911659999995  1.328311375 
14 17  1.2862414190000009  7.631278834  4.124756375 
14 18  3.9986864190000015  14.544076166  4.2645786249999995 
14 19  4.138648581000001  0.23949383399999996  1.4681336249999999 
14 20  3.998686419000001  7.631278834  4.2645786249999995 
14 21  4.138648581000001  7.1522911659999995  1.4681336249999999 
14 22  1.4262035810000002  0.23949383399999996  1.328311375 
14 23  1.2862414190000013  14.544076166  4.124756375 
14 24  0.14484456300000062  9.47626837  0.43288968599999994 
14 25  2.5676004370000007  5.3073016299999995  3.229334686 
14 26  5.280045437000001  2.0844833699999996  5.1600003139999995 
14 27  2.857289563000001  12.699086629999998  2.3635553139999996 
14 28  5.280045437000001  5.3073016299999995  5.1600003139999995 
14 29  2.8572895630000006  9.47626837  2.3635553139999996 
14 30  0.14484456300000081  12.699086629999998  0.43288968599999994 
14 31  2.5676004370000003  2.0844833699999996  3.229334686 
14 32  3.235946885000002  11.0876775  4.920065333 
14 33  4.9013881150000005  3.6958925  2.123620333 
14 34  2.1889431150000007  3.6958925  0.672824667 
14 35  0.5235018850000009  11.0876775  3.4692696669999994 
15 16  -1.2862414189999996  7.1522911659999995  -1.4681336249999999 
15 17  -1.4262035809999993  7.631278834  1.3283113749999997 
15 18  1.2862414190000013  14.544076166  1.4681336249999997 
15 19  1.4262035810000007  0.23949383399999996  -1.328311375 
15 20  1.2862414190000009  7.631278834  1.4681336249999997 
15 21  1.4262035810000007  7.1522911659999995  -1.328311375 
15 22  -1.286241419  0.23949383399999996  -1.4681336249999999 
15 23  -1.4262035809999989  14.544076166  1.3283113749999997 
15 24  -2.5676004369999994  9.47626837  -2.363555314 
15 25  -0.14484456299999948  5.3073016299999995  0.4328896860000002 
15 26  2.5676004370000007  2.0844833699999996  2.3635553139999996 
15 27  0.14484456300000081  12.699086629999998  -0.4328896860000002 
15 28  2.5676004370000007  5.3073016299999995  2.3635553139999996 
15 29  0.14484456300000037  9.47626837  -0.4328896860000002 
15 30  -2.5676004369999994  12.699086629999998  -2.363555314 
15 31  -0.14484456299999993  2.0844833699999996  0.4328896860000002 
15 32  0.5235018850000017  11.0876775  2.1236203330000003 
15 33  2.1889431150000003  3.6958925  -0.672824667 
15 34  -0.5235018849999995  3.6958925  -2.123620333 
15 35  -2.1889431149999994  11.0876775  0.6728246669999995 
16 0  1.1864234429999998  1.835084544099999  -1.199115616 
16 1  -1.326385605  -1.3560968761000005  1.5973293839999998 
16 2  1.3860593949999997  -5.5567004559  4.135382866 
16 3  3.898868443000001  6.0356881239  1.338937866 
16 4  1.3860593950000002  -1.3560968761000005  4.135382866 
16 5  3.898868443000001  1.835084544099999  1.338937866 
16 6  1.1864234430000002  6.0356881239  -1.199115616 
16 7  -1.3263856050000005  -5.5567004559  1.5973293839999998 
16 8  3.7068273370000004  3.9353863340000004  3.8988036189999997 
16 9  1.5781005009999998  -3.4563986659999997  1.1023586189999997 
16 10  -1.1343444990000005  -3.4563986659999997  -0.962536369 
16 11  0.9943823370000002  3.9353863340000004  1.8339086310000001 
16 12  -1.4262035810000002  0.23949383400000013  -1.328311375 
16 13  1.286241419  0.23949383400000013  1.4681336249999999 
16 14  -1.4262035810000007  -7.1522911659999995  -1.328311375 
16 15  1.2862414189999996  -7.1522911659999995  1.4681336249999999 
17 0  1.3263856049999996  1.3560968760999987  -3.9955606159999997 
17 1  -1.1864234430000002  -1.8350845441000008  -1.1991156159999998 
17 2  1.5260215569999995  -6.0356881239  1.3389378660000002 
17 3  4.038830605000001  5.5567004559  -1.4575071339999996 
17 4  1.526021557  -1.8350845441000008  1.3389378660000002 
17 5  4.038830605000001  1.3560968760999987  -1.4575071339999996 
17 6  1.326385605  5.5567004559  -3.9955606159999997 
17 7  -1.1864234430000007  -6.0356881239  -1.1991156159999998 
17 8  3.8467894990000002  3.456398666  1.1023586190000003 
17 9  1.7180626629999995  -3.935386334  -1.694086381 
17 10  -0.9943823370000007  -3.935386334  -3.758981369 
17 11  1.134344499  3.456398666  -0.9625363689999995 
17 12  -1.2862414190000004  -0.23949383400000013  -4.124756375 
17 13  1.4262035809999998  -0.23949383400000013  -1.3283113749999997 
17 14  -1.2862414190000009  -7.631278834  -4.124756375 
17 15  1.4262035809999993  -7.631278834  -1.3283113749999997 
18 0  -1.386059395000001  -5.5567004559000015  -4.135382866 
18 1  -3.898868443000001  -8.747881876100001  -1.3389378659999998 
18 2  -1.1864234430000011  -12.9484854559  1.1991156160000003 
18 3  1.326385605  -1.3560968761000005  -1.5973293839999996 
18 4  -1.1864234430000007  -8.747881876100001  1.1991156160000003 
18 5  1.326385605  -5.5567004559000015  -1.5973293839999996 
18 6  -1.3860593950000006  -1.3560968761000005  -4.135382866 
18 7  -3.8988684430000013  -12.9484854559  -1.3389378659999998 
18 8  1.1343444989999996  -3.456398666  0.9625363690000004 
18 9  -0.9943823370000011  -10.848183666  -1.833908631 
18 10  -3.7068273370000013  -10.848183666  -3.8988036189999997 
18 11  -1.5781005010000007  -3.456398666  -1.1023586189999994 
18 12  -3.998686419000001  -7.152291166  -4.2645786249999995 
18 13  -1.2862414190000009  -7.152291166  -1.4681336249999997 
18 14  -3.9986864190000015  -14.544076166  -4.2645786249999995 
18 15  -1.2862414190000013  -14.544076166  -1.4681336249999997 
19 0  -1.5260215570000004  8.7478818761  -1.338937866 
19 1  -4.038830605  5.556700455899999  1.4575071339999999 
19 2  -1.3263856050000005  1.3560968761  3.9955606159999997 
19 3  1.1864234430000007  12.9484854559  1.199115616 
19 4  -1.326385605  5.556700455899999  3.9955606159999997 
19 5  1.1864234430000007  8.7478818761  1.199115616 
19 6  -1.526021557  12.9484854559  -1.338937866 
19 7  -4.038830605  1.3560968761  1.4575071339999999 
19 8  0.9943823370000002  10.848183666  3.758981369 
19 9  -1.1343444990000005  3.4563986659999997  0.9625363689999997 
19 10  -3.8467894990000007  3.4563986659999997  -1.1023586189999999 
19 11  -1.718062663  10.848183666  1.6940863810000002 
19 12  -4.138648581  7.1522911659999995  -1.4681336249999999 
19 13  -1.4262035810000002  7.1522911659999995  1.328311375 
19 14  -4.138648581000001  -0.23949383399999996  -1.4681336249999999 
19 15  -1.4262035810000007  -0.23949383399999996  1.328311375 
20 0  -1.3860593950000006  1.3560968760999987  -4.135382866 
20 1  -3.8988684430000005  -1.8350845441000008  -1.3389378659999998 
20 2  -1.1864234430000007  -6.0356881239  1.1991156160000003 
20 3  1.3263856050000005  5.5567004559  -1.5973293839999996 
20 4  -1.1864234430000002  -1.8350845441000008  1.1991156160000003 
20 5  1.3263856050000005  1.3560968760999987  -1.5973293839999996 
20 6  -1.3860593950000002  5.5567004559  -4.135382866 
20 7  -3.898868443000001  -6.0356881239  -1.3389378659999998 
20 8  1.134344499  3.456398666  0.9625363690000004 
20 9  -0.9943823370000007  -3.935386334  -1.833908631 
20 10  -3.706827337000001  -3.935386334  -3.8988036189999997 
20 11  -1.5781005010000002  3.456398666  -1.1023586189999994 
20 12  -3.9986864190000007  -0.23949383400000013  -4.2645786249999995 
20 13  -1.2862414190000004  -0.23949383400000013  -1.4681336249999997 
20 14  -3.998686419000001  -7.631278834  -4.2645786249999995 
20 15  -1.2862414190000009  -7.631278834  -1.4681336249999997 
21 0  -1.5260215570000004  1.835084544099999  -1.338937866 
21 1  -4.038830605  -1.3560968761000005  1.4575071339999999 
21 2  -1.3263856050000005  -5.5567004559  3.9955606159999997 
21 3  1.1864234430000007  6.0356881239  1.199115616 
21 4  -1.326385605  -1.3560968761000005  3.9955606159999997 
21 5  1.1864234430000007  1.835084544099999  1.199115616 
21 6  -1.526021557  6.0356881239  -1.338937866 
21 7  -4.038830605  -5.5567004559  1.4575071339999999 
21 8  0.9943823370000002  3.9353863340000004  3.758981369 
21 9  -1.1343444990000005  -3.4563986659999997  0.9625363689999997 
21 10  -3.8467894990000007  -3.4563986659999997  -1.1023586189999999 
21 11  -1.718062663  3.9353863340000004  1.6940863810000002 
21 12  -4.138648581  0.23949383400000013  -1.4681336249999999 
21 13  -1.4262035810000002  0.23949383400000013  1.328311375 
21 14  -4.138648581000001  -7.1522911659999995  -1.4681336249999999 
21 15  -1.4262035810000007  -7.1522911659999995  1.328311375 
22 0  1.1864234430000002  8.7478818761  -1.199115616 
22 1  -1.3263856049999996  5.556700455899999  1.5973293839999998 
22 2  1.3860593950000002  1.3560968761  4.135382866 
22 3  3.8988684430000013  12.9484854559  1.338937866 
22 4  1.3860593950000006  5.556700455899999  4.135382866 
22 5  3.8988684430000013  8.7478818761  1.338937866 
22 6  1.1864234430000007  12.9484854559  -1.199115616 
22 7  -1.326385605  1.3560968761  1.5973293839999998 
22 8  3.706827337000001  10.848183666  3.8988036189999997 
22 9  1.5781005010000002  3.4563986659999997  1.1023586189999997 
22 10  -1.134344499  3.4563986659999997  -0.962536369 
22 11  0.9943823370000007  10.848183666  1.8339086310000001 
22 12  -1.4262035809999998  7.1522911659999995  -1.328311375 
22 13  1.2862414190000004  7.1522911659999995  1.4681336249999999 
22 14  -1.4262035810000002  -0.23949383399999996  -1.328311375 
22 15  1.286241419  -0.23949383399999996  1.4681336249999999 
23 0  1.3263856049999991  -5.5567004559000015  -3.9955606159999997 
23 1  -1.1864234430000007  -8.747881876100001  -1.1991156159999998 
23 2  1.526021556999999  -12.9484854559  1.3389378660000002 
23 3  4.038830605  -1.3560968761000005  -1.4575071339999996 
23 4  1.5260215569999995  -8.747881876100001  1.3389378660000002 
23 5  4.038830605  -5.5567004559000015  -1.4575071339999996 
23 6  1.3263856049999996  -1.3560968761000005  -3.9955606159999997 
23 7  -1.1864234430000011  -12.9484854559  -1.1991156159999998 
23 8  3.846789499  -3.456398666  1.1023586190000003 
23 9  1.718062662999999  -10.848183666  -1.694086381 
23 10  -0.9943823370000011  -10.848183666  -3.758981369 
23 11  1.1343444989999996  -3.456398666  -0.9625363689999995 
23 12  -1.2862414190000009  -7.152291166  -4.124756375 
23 13  1.4262035809999993  -7.152291166  -1.3283113749999997 
23 14  -1.2862414190000013  -14.544076166  -4.124756375 
23 15  1.4262035809999989  -14.544076166  -1.3283113749999997 
24 0  2.4677824609999996  -0.4888926599000012  -0.303693927 
24 1  -0.045026587000000076  -3.6800740801000007  2.492751073 
24 2  2.6674184129999996  -7.8806776599  5.030804555 
24 3  5.180227461000001  3.7117109199  2.234359555 
24 4  2.667418413  -3.6800740801000007  5.030804555 
24 5  5.180227461000001  -0.4888926599000012  2.234359555 
24 6  2.467782461  3.7117109199  -0.303693927 
24 7  -0.04502658700000034  -7.8806776599  2.492751073 
24 8  4.988186355000001  1.6114091300000002  4.794225308 
24 9  2.8594595189999996  -5.78037587  1.9977803079999996 
24 10  0.14701451899999965  -5.78037587  -0.06711467999999998 
24 11  2.275741355  1.6114091300000002  2.7293303200000003 
24 12  -0.14484456300000018  -2.08448337  -0.43288968599999994 
24 13  2.567600437  -2.08448337  2.363555314 
24 14  -0.14484456300000062  -9.47626837  -0.43288968599999994 
24 15  2.5676004369999994  -9.47626837  2.363555314 
25 0  0.04502658699999973  3.680074080099999  -3.100138927 
25 1  -2.467782461  0.4888926598999994  -0.3036939270000003 
25 2  0.24466253899999968  -3.7117109199  2.2343595549999997 
25 3  2.757471587000001  7.8806776599  -0.5620854450000001 
25 4  0.24466253900000012  0.4888926598999994  2.2343595549999997 
25 5  2.757471587000001  3.680074080099999  -0.5620854450000001 
25 6  0.04502658700000017  7.8806776599  -3.100138927 
25 7  -2.4677824610000005  -3.7117109199  -0.3036939270000003 
25 8  2.5654304810000004  5.78037587  1.9977803079999998 
25 9  0.4367036449999997  -1.6114091299999997  -0.7986646920000005 
25 10  -2.2757413550000005  -1.6114091299999997  -2.8635596800000003 
25 11  -0.14701451899999984  5.78037587  -0.06711467999999998 
25 12  -2.5676004370000003  2.08448337  -3.229334686 
25 13  0.14484456299999993  2.08448337  -0.4328896860000002 
25 14  -2.5676004370000007  -5.3073016299999995  -3.229334686 
25 15  0.14484456299999948  -5.3073016299999995  -0.4328896860000002 
26 0  -2.6674184130000005  6.902892340099999  -5.030804555 
26 1  -5.180227461  3.7117109198999994  -2.2343595549999997 
26 2  -2.4677824610000005  -0.48889265989999964  0.3036939270000003 
26 3  0.04502658700000062  11.1034959199  -2.4927510729999995 
26 4  -2.467782461  3.7117109198999994  0.3036939270000003 
26 5  0.04502658700000062  6.902892340099999  -2.4927510729999995 
26 6  -2.667418413  11.1034959199  -5.030804555 
26 7  -5.180227461  -0.48889265989999964  -2.2343595549999997 
26 8  -0.14701451899999984  9.00319413  0.06711468000000043 
26 9  -2.2757413550000005  1.6114091300000002  -2.72933032 
26 10  -4.988186355000001  1.6114091300000002  -4.794225308 
26 11  -2.859459519  9.00319413  -1.9977803079999994 
26 12  -5.280045437  5.3073016299999995  -5.1600003139999995 
26 13  -2.5676004370000003  5.3073016299999995  -2.3635553139999996 
26 14  -5.280045437000001  -2.0844833699999996  -5.1600003139999995 
26 15  -2.5676004370000007  -2.0844833699999996  -2.3635553139999996 
27 0  -0.24466253900000057  -3.7117109199  -2.2343595549999997 
27 1  -2.7574715870000004  -6.902892340099999  0.5620854450000001 
27 2  -0.04502658700000062  -11.103495919899999  3.100138927 
27 3  2.4677824610000005  0.4888926599000012  0.3036939270000003 
27 4  -0.04502658700000017  -6.902892340099999  3.100138927 
27 5  2.4677824610000005  -3.7117109199  0.3036939270000003 
27 6  -0.24466253900000012  0.4888926599000012  -2.2343595549999997 
27 7  -2.757471587000001  -11.103495919899999  0.5620854450000001 
27 8  2.275741355  -1.6114091299999984  2.8635596800000003 
27 9  0.1470145189999994  -9.003194129999999  0.06711467999999998 
27 10  -2.565430481000001  -9.003194129999999  -1.9977803079999996 
27 11  -0.43670364500000014  -1.6114091299999984  0.7986646920000005 
27 12  -2.8572895630000006  -5.307301629999999  -2.3635553139999996 
27 13  -0.14484456300000037  -5.307301629999999  0.4328896860000002 
27 14  -2.857289563000001  -12.699086629999998  -2.3635553139999996 
27 15  -0.14484456300000081  -12.699086629999998  0.4328896860000002 
28 0  -2.6674184130000005  3.680074080099999  -5.030804555 
28 1  -5.180227461  0.4888926598999994  -2.2343595549999997 
28 2  -2.4677824610000005  -3.7117109199  0.3036939270000003 
28 3  0.04502658700000062  7.8806776599  -2.4927510729999995 
28 4  -2.467782461  0.4888926598999994  0.3036939270000003 
28 5  0.04502658700000062  3.680074080099999  -2.4927510729999995 
28 6  -2.667418413  7.8806776599  -5.030804555 
28 7  -5.180227461  -3.7117109199  -2.2343595549999997 
28 8  -0.14701451899999984  5.78037587  0.06711468000000043 
28 9  -2.2757413550000005  -1.6114091299999997  -2.72933032 
28 10  -4.988186355000001  -1.6114091299999997  -4.794225308 
28 11  -2.859459519  5.78037587  -1.9977803079999994 
28 12  -5.280045437  2.08448337  -5.1600003139999995 
28 13  -2.5676004370000003  2.08448337  -2.3635553139999996 
28 14  -5.280045437000001  -5.3073016299999995  -5.1600003139999995 
28 15  -2.5676004370000007  -5.3073016299999995  -2.3635553139999996 
29 0  -0.24466253900000012  -0.4888926599000012  -2.2343595549999997 
29 1  -2.757471587  -3.6800740801000007  0.5620854450000001 
29 2  -0.04502658700000017  -7.8806776599  3.100138927 
29 3  2.467782461000001  3.7117109199  0.3036939270000003 
29 4  -0.04502658699999973  -3.6800740801000007  3.100138927 
29 5  2.467782461000001  -0.4888926599000012  0.3036939270000003 
29 6  -0.24466253899999968  3.7117109199  -2.2343595549999997 
29 7  -2.7574715870000004  -7.8806776599  0.5620854450000001 
29 8  2.2757413550000005  1.6114091300000002  2.8635596800000003 
29 9  0.14701451899999984  -5.78037587  0.06711467999999998 
29 10  -2.5654304810000004  -5.78037587  -1.9977803079999996 
29 11  -0.4367036449999997  1.6114091300000002  0.7986646920000005 
29 12  -2.857289563  -2.08448337  -2.3635553139999996 
29 13  -0.14484456299999993  -2.08448337  0.4328896860000002 
29 14  -2.8572895630000006  -9.47626837  -2.3635553139999996 
29 15  -0.14484456300000037  -9.47626837  0.4328896860000002 
30 0  2.4677824609999996  -3.7117109199  -0.303693927 
30 1  -0.04502658700000027  -6.902892340099999  2.492751073 
30 2  2.6674184129999996  -11.103495919899999  5.030804555 
30 3  5.180227461000001  0.4888926599000012  2.234359555 
30 4  2.667418413  -6.902892340099999  5.030804555 
30 5  5.180227461000001  -3.7117109199  2.234359555 
30 6  2.467782461  0.4888926599000012  -0.303693927 
30 7  -0.045026587000000534  -11.103495919899999  2.492751073 
30 8  4.988186355  -1.6114091299999984  4.794225308 
30 9  2.8594595189999996  -9.003194129999999  1.9977803079999996 
30 10  0.14701451899999946  -9.003194129999999  -0.06711467999999998 
30 11  2.275741355  -1.6114091299999984  2.7293303200000003 
30 12  -0.14484456300000037  -5.307301629999999  -0.43288968599999994 
30 13  2.567600437  -5.307301629999999  2.363555314 
30 14  -0.14484456300000081  -12.699086629999998  -0.43288968599999994 
30 15  2.5676004369999994  -12.699086629999998  2.363555314 
31 0  0.04502658700000017  6.902892340099999  -3.100138927 
31 1  -2.4677824609999996  3.7117109198999994  -0.3036939270000003 
31 2  0.24466253900000012  -0.48889265989999964  2.2343595549999997 
31 3  2.7574715870000013  11.1034959199  -0.5620854450000001 
31 4  0.24466253900000057  3.7117109198999994  2.2343595549999997 
31 5  2.7574715870000013  6.902892340099999  -0.5620854450000001 
31 6  0.04502658700000062  11.1034959199  -3.100138927 
31 7  -2.467782461  -0.48889265989999964  -0.3036939270000003 
31 8  2.565430481000001  9.00319413  1.9977803079999998 
31 9  0.43670364500000014  1.6114091300000002  -0.7986646920000005 
31 10  -2.275741355  1.6114091300000002  -2.8635596800000003 
31 11  -0.1470145189999994  9.00319413  -0.06711467999999998 
31 12  -2.567600437  5.3073016299999995  -3.229334686 
31 13  0.14484456300000037  5.3073016299999995  -0.4328896860000002 
31 14  -2.5676004370000003  -2.0844833699999996  -3.229334686 
31 15  0.14484456299999993  -2.0844833699999996  -0.4328896860000002 
32 0  -0.6233198610000015  -2.1003017899000014  -4.790869574 
32 1  -3.1361289090000013  -5.291483210100001  -1.9944245740000004 
32 2  -0.4236839090000015  -9.4920867899  0.5436289079999996 
32 3  2.0891251389999996  2.1003017898999996  -2.252816092 
32 4  -0.4236839090000011  -5.291483210100001  0.5436289079999996 
32 5  2.0891251389999996  -2.1003017899000014  -2.252816092 
32 6  -0.623319861000001  2.1003017898999996  -4.790869574 
32 7  -3.1361289090000017  -9.4920867899  -1.9944245740000004 
32 8  1.8970840329999992  0.0  0.30704966099999975 
32 9  -0.2316428030000015  -7.3917850000000005  -2.4893953390000005 
32 10  -2.9440878030000017  -7.3917850000000005  -4.554290327 
32 11  -0.815360967000001  0.0  -1.757845327 
32 12  -3.2359468850000015  -3.6958925000000002  -4.920065333 
32 13  -0.5235018850000013  -3.6958925000000002  -2.1236203330000003 
32 14  -3.235946885000002  -11.0876775  -4.920065333 
32 15  -0.5235018850000017  -11.0876775  -2.1236203330000003 
33 0  -2.288761091  5.291483210099999  -1.994424574 
33 1  -4.801570139  2.100301789899999  0.8020204259999999 
33 2  -2.089125139  -2.1003017898999996  3.340073908 
33 3  0.4236839090000011  9.4920867899  0.5436289080000001 
33 4  -2.0891251389999996  2.100301789899999  3.340073908 
33 5  0.4236839090000011  5.291483210099999  0.5436289080000001 
33 6  -2.2887610909999996  9.4920867899  -1.994424574 
33 7  -4.801570139  -2.1003017898999996  0.8020204259999999 
33 8  0.23164280300000062  7.3917850000000005  3.103494661 
33 9  -1.897084033  0.0  0.30704966099999975 
33 10  -4.609529033  0.0  -1.7578453269999998 
33 11  -2.4808021969999996  7.3917850000000005  1.0385996730000002 
33 12  -4.901388115  3.6958925  -2.123620333 
33 13  -2.188943115  3.6958925  0.672824667 
33 14  -4.9013881150000005  -3.6958925  -2.123620333 
33 15  -2.1889431150000003  -3.6958925  0.672824667 
34 0  0.42368390899999975  5.291483210099999  -0.543628908 
34 1  -2.089125139  2.100301789899999  2.2528160919999998 
34 2  0.6233198609999997  -2.1003017898999996  4.790869574 
34 3  3.136128909000001  9.4920867899  1.994424574 
34 4  0.6233198610000001  2.100301789899999  4.790869574 
34 5  3.136128909000001  5.291483210099999  1.994424574 
34 6  0.4236839090000002  9.4920867899  -0.543628908 
34 7  -2.0891251390000005  -2.1003017898999996  2.2528160919999998 
34 8  2.9440878030000004  7.3917850000000005  4.554290327 
34 9  0.8153609669999997  0.0  1.7578453269999996 
34 10  -1.8970840330000005  0.0  -0.30704966100000003 
34 11  0.23164280300000017  7.3917850000000005  2.489395339 
34 12  -2.1889431150000003  3.6958925  -0.672824667 
34 13  0.523501885  3.6958925  2.123620333 
34 14  -2.1889431150000007  -3.6958925  -0.672824667 
34 15  0.5235018849999995  -3.6958925  2.123620333 
35 0  2.0891251389999996  -2.1003017899000014  -3.3400739079999995 
35 1  -0.4236839090000004  -5.291483210100001  -0.5436289079999996 
35 2  2.2887610909999996  -9.4920867899  1.9944245740000004 
35 3  4.801570139000001  2.1003017898999996  -0.8020204259999995 
35 4  2.288761091  -5.291483210100001  1.9944245740000004 
35 5  4.801570139000001  -2.1003017899000014  -0.8020204259999995 
35 6  2.089125139  2.1003017898999996  -3.3400739079999995 
35 7  -0.42368390900000064  -9.4920867899  -0.5436289079999996 
35 8  4.609529033  0.0  1.7578453270000005 
35 9  2.4808021969999996  -7.3917850000000005  -1.0385996729999998 
35 10  -0.23164280300000067  -7.3917850000000005  -3.1034946609999996 
35 11  1.897084033  0.0  -0.3070496609999993 
35 12  -0.5235018850000005  -3.6958925000000002  -3.4692696669999994 
35 13  2.188943115  -3.6958925000000002  -0.6728246669999995 
35 14  -0.5235018850000009  -11.0876775  -3.4692696669999994 
35 15  2.1889431149999994  -11.0876775  -0.6728246669999995 