 14.2448  0  0  3.50714350339819e-16  5.7276  0  3.0873958129904347e-16  0.0  5.0421 
5
0 12  -1.1766204800000004  -1.1615572799999998  0.79766022 
0 13  3.643819840000001  0.3780215999999994  -1.7233897799999998 
0 14  -8.29902048  0.3780215999999994  -3.2390450399999997 
0 15  -3.478580159999999  -1.1615572799999998  -0.7179950399999999 
0 16  -3.478580159999999  -2.4857784  -3.2390450399999997 
0 17  -8.29902048  -4.02535728  -0.7179950399999999 
0 18  3.643819840000001  -4.02535728  0.79766022 
0 19  -1.1766204800000004  -2.4857784  -1.7233897799999998 
0 20  1.3119460800000002  -1.1684304000000005  -0.7774918199999998 
0 21  1.155253280000002  0.38489472000000013  -3.2985418199999996 
0 22  -5.810453919999999  0.38489472000000013  -1.6638929999999998 
0 23  -5.967146719999999  -1.1684304000000005  0.857157 
0 24  -5.967146719999999  -2.47890528  -1.6638929999999998 
0 25  -5.810453919999999  -4.0322304  0.857157 
0 26  1.155253280000002  -4.0322304  -0.7774918199999998 
0 27  1.3119460800000002  -2.47890528  -3.2985418199999996 
0 28  -0.9629484799999997  0.41467823999999975  -1.5630509999999997 
0 29  3.43014784  -1.1982139200000006  0.957999 
0 30  -8.085348479999999  -1.1982139200000006  -0.8783338199999999 
0 31  -3.692252159999999  0.41467823999999975  -3.3993838199999997 
0 32  -3.692252159999999  -4.06201392  -0.8783338199999999 
0 33  -8.085348479999999  -2.44912176  -3.3993838199999997 
0 34  3.43014784  -2.44912176  -1.5630509999999997 
0 35  -0.9629484799999997  -4.06201392  0.957999 
1 12  -3.643819840000001  -0.3780215999999994  3.31871022 
1 13  1.1766204800000004  1.1615572799999998  0.79766022 
1 14  -10.76621984  1.1615572799999998  -0.7179950399999999 
1 15  -5.945779519999999  -0.3780215999999994  1.8030549599999999 
1 16  -5.945779519999999  -1.7022427199999997  -0.7179950399999999 
1 17  -10.76621984  -3.2418215999999997  1.8030549599999999 
1 18  1.1766204800000004  -3.2418215999999997  3.31871022 
1 19  -3.643819840000001  -1.7022427199999997  0.79766022 
1 20  -1.1552532800000002  -0.38489472000000013  1.74355818 
1 21  -1.3119460799999985  1.1684304000000005  -0.7774918199999998 
1 22  -8.27765328  1.1684304000000005  0.857157 
1 23  -8.43434608  -0.38489472000000013  3.3782069999999997 
1 24  -8.43434608  -1.6953695999999998  0.857157 
1 25  -8.27765328  -3.2486947199999996  3.3782069999999997 
1 26  -1.3119460799999985  -3.2486947199999996  1.74355818 
1 27  -1.1552532800000002  -1.6953695999999998  -0.7774918199999998 
1 28  -3.43014784  1.1982139200000002  0.957999 
1 29  0.9629484799999997  -0.4146782400000002  3.479049 
1 30  -10.552547839999999  -0.4146782400000002  1.6427161799999999 
1 31  -6.159451519999999  1.1982139200000002  -0.8783338199999999 
1 32  -6.159451519999999  -3.2784782399999997  1.6427161799999999 
1 33  -10.552547839999999  -1.6655860799999997  -0.8783338199999999 
1 34  0.9629484799999997  -1.6655860799999997  0.957999 
1 35  -3.43014784  -3.2784782399999997  3.479049 
2 12  5.9457795199999985  -0.3780215999999994  3.2390450399999997 
2 13  10.76621984  1.1615572799999998  0.7179950399999999 
2 14  -1.17662048  1.1615572799999998  -0.79766022 
2 15  3.64381984  -0.3780215999999994  1.7233897799999998 
2 16  3.64381984  -1.7022427199999997  -0.79766022 
2 17  -1.17662048  -3.2418215999999997  1.7233897799999998 
2 18  10.76621984  -3.2418215999999997  3.2390450399999997 
2 19  5.9457795199999985  -1.7022427199999997  0.7179950399999999 
2 20  8.43434608  -0.38489472000000013  1.6638929999999998 
2 21  8.277653280000001  1.1684304000000005  -0.857157 
2 22  1.3119460800000002  1.1684304000000005  0.7774918199999998 
2 23  1.1552532800000002  -0.38489472000000013  3.2985418199999996 
2 24  1.1552532799999997  -1.6953695999999998  0.7774918199999998 
2 25  1.3119460800000002  -3.2486947199999996  3.2985418199999996 
2 26  8.277653280000001  -3.2486947199999996  1.6638929999999998 
2 27  8.43434608  -1.6953695999999998  -0.857157 
2 28  6.159451519999999  1.1982139200000002  0.8783338199999999 
2 29  10.552547839999999  -0.4146782400000002  3.3993838199999997 
2 30  -0.9629484799999999  -0.4146782400000002  1.5630509999999997 
2 31  3.43014784  1.1982139200000002  -0.957999 
2 32  3.43014784  -3.2784782399999997  1.5630509999999997 
2 33  -0.9629484800000001  -1.6655860799999997  -0.957999 
2 34  10.552547839999999  -1.6655860799999997  0.8783338199999999 
2 35  6.159451519999999  -3.2784782399999997  3.3993838199999997 
3 12  3.478580159999999  -1.1615572799999998  0.7179950399999999 
3 13  8.29902048  0.3780215999999994  -1.8030549599999999 
3 14  -3.6438198399999995  0.3780215999999994  -3.31871022 
3 15  1.1766204800000004  -1.1615572799999998  -0.79766022 
3 16  1.1766204800000004  -2.4857784  -3.31871022 
3 17  -3.6438198399999995  -4.02535728  -0.79766022 
3 18  8.29902048  -4.02535728  0.7179950399999999 
3 19  3.478580159999999  -2.4857784  -1.8030549599999999 
3 20  5.96714672  -1.1684304000000005  -0.857157 
3 21  5.810453920000001  0.38489472000000013  -3.3782069999999997 
3 22  -1.1552532799999993  0.38489472000000013  -1.74355818 
3 23  -1.3119460799999993  -1.1684304000000005  0.7774918199999998 
3 24  -1.3119460799999998  -2.47890528  -1.74355818 
3 25  -1.1552532799999993  -4.0322304  0.7774918199999998 
3 26  5.810453920000001  -4.0322304  -0.857157 
3 27  5.96714672  -2.47890528  -3.3782069999999997 
3 28  3.69225216  0.41467823999999975  -1.6427161799999999 
3 29  8.08534848  -1.1982139200000006  0.8783338199999999 
3 30  -3.430147839999999  -1.1982139200000006  -0.957999 
3 31  0.9629484800000006  0.41467823999999975  -3.479049 
3 32  0.9629484800000006  -4.06201392  -0.957999 
3 33  -3.4301478399999996  -2.44912176  -3.479049 
3 34  8.08534848  -2.44912176  -1.6427161799999999 
3 35  3.69225216  -4.06201392  0.8783338199999999 
4 12  3.478580159999999  2.4857784  3.2390450399999997 
4 13  8.29902048  4.02535728  0.7179950399999999 
4 14  -3.6438198399999995  4.02535728  -0.79766022 
4 15  1.1766204800000004  2.4857784  1.7233897799999998 
4 16  1.1766204800000004  1.16155728  -0.79766022 
4 17  -3.6438198399999995  -0.37802160000000007  1.7233897799999998 
4 18  8.29902048  -0.37802160000000007  3.2390450399999997 
4 19  3.478580159999999  1.16155728  0.7179950399999999 
4 20  5.96714672  2.4789052799999993  1.6638929999999998 
4 21  5.810453920000001  4.0322304  -0.857157 
4 22  -1.1552532799999993  4.0322304  0.7774918199999998 
4 23  -1.3119460799999993  2.4789052799999993  3.2985418199999996 
4 24  -1.3119460799999998  1.1684303999999999  0.7774918199999998 
4 25  -1.1552532799999993  -0.38489472  3.2985418199999996 
4 26  5.810453920000001  -0.38489472  1.6638929999999998 
4 27  5.96714672  1.1684303999999999  -0.857157 
4 28  3.69225216  4.06201392  0.8783338199999999 
4 29  8.08534848  2.4491217599999997  3.3993838199999997 
4 30  -3.430147839999999  2.4491217599999997  1.5630509999999997 
4 31  0.9629484800000006  4.06201392  -0.957999 
4 32  0.9629484800000006  -0.41467824  1.5630509999999997 
4 33  -3.4301478399999996  1.19821392  -0.957999 
4 34  8.08534848  1.19821392  0.8783338199999999 
4 35  3.69225216  -0.41467824  3.3993838199999997 
5 12  5.9457795199999985  1.7022427200000003  0.7179950399999999 
5 13  10.76621984  3.2418215999999997  -1.8030549599999999 
5 14  -1.17662048  3.2418215999999997  -3.31871022 
5 15  3.64381984  1.7022427200000003  -0.79766022 
5 16  3.64381984  0.37802160000000007  -3.31871022 
5 17  -1.17662048  -1.16155728  -0.79766022 
5 18  10.76621984  -1.16155728  0.7179950399999999 
5 19  5.9457795199999985  0.37802160000000007  -1.8030549599999999 
5 20  8.43434608  1.6953695999999996  -0.857157 
5 21  8.277653280000001  3.2486947200000005  -3.3782069999999997 
5 22  1.3119460800000002  3.2486947200000005  -1.74355818 
5 23  1.1552532800000002  1.6953695999999996  0.7774918199999998 
5 24  1.1552532799999997  0.3848947199999999  -1.74355818 
5 25  1.3119460800000002  -1.1684304  0.7774918199999998 
5 26  8.277653280000001  -1.1684304  -0.857157 
5 27  8.43434608  0.3848947199999999  -3.3782069999999997 
5 28  6.159451519999999  3.27847824  -1.6427161799999999 
5 29  10.552547839999999  1.6655860799999995  0.8783338199999999 
5 30  -0.9629484799999999  1.6655860799999995  -0.957999 
5 31  3.43014784  3.27847824  -3.479049 
5 32  3.43014784  -1.19821392  -0.957999 
5 33  -0.9629484800000001  0.41467824  -3.479049 
5 34  10.552547839999999  0.41467824  -1.6427161799999999 
5 35  6.159451519999999  -1.19821392  0.8783338199999999 
6 12  -3.643819840000001  1.7022427200000003  0.79766022 
6 13  1.1766204800000004  3.2418215999999997  -1.7233897799999998 
6 14  -10.76621984  3.2418215999999997  -3.2390450399999997 
6 15  -5.945779519999999  1.7022427200000003  -0.7179950399999999 
6 16  -5.945779519999999  0.37802160000000007  -3.2390450399999997 
6 17  -10.76621984  -1.16155728  -0.7179950399999999 
6 18  1.1766204800000004  -1.16155728  0.79766022 
6 19  -3.643819840000001  0.37802160000000007  -1.7233897799999998 
6 20  -1.1552532800000002  1.6953695999999996  -0.7774918199999998 
6 21  -1.3119460799999985  3.2486947200000005  -3.2985418199999996 
6 22  -8.27765328  3.2486947200000005  -1.6638929999999998 
6 23  -8.43434608  1.6953695999999996  0.857157 
6 24  -8.43434608  0.3848947199999999  -1.6638929999999998 
6 25  -8.27765328  -1.1684304  0.857157 
6 26  -1.3119460799999985  -1.1684304  -0.7774918199999998 
6 27  -1.1552532800000002  0.3848947199999999  -3.2985418199999996 
6 28  -3.43014784  3.27847824  -1.5630509999999997 
6 29  0.9629484799999997  1.6655860799999995  0.957999 
6 30  -10.552547839999999  1.6655860799999995  -0.8783338199999999 
6 31  -6.159451519999999  3.27847824  -3.3993838199999997 
6 32  -6.159451519999999  -1.19821392  -0.8783338199999999 
6 33  -10.552547839999999  0.41467824  -3.3993838199999997 
6 34  0.9629484799999997  0.41467824  -1.5630509999999997 
6 35  -3.43014784  -1.19821392  0.957999 
7 12  -1.1766204800000004  2.4857784  3.31871022 
7 13  3.643819840000001  4.02535728  0.79766022 
7 14  -8.29902048  4.02535728  -0.7179950399999999 
7 15  -3.478580159999999  2.4857784  1.8030549599999999 
7 16  -3.478580159999999  1.16155728  -0.7179950399999999 
7 17  -8.29902048  -0.37802160000000007  1.8030549599999999 
7 18  3.643819840000001  -0.37802160000000007  3.31871022 
7 19  -1.1766204800000004  1.16155728  0.79766022 
7 20  1.3119460800000002  2.4789052799999993  1.74355818 
7 21  1.155253280000002  4.0322304  -0.7774918199999998 
7 22  -5.810453919999999  4.0322304  0.857157 
7 23  -5.967146719999999  2.4789052799999993  3.3782069999999997 
7 24  -5.967146719999999  1.1684303999999999  0.857157 
7 25  -5.810453919999999  -0.38489472  3.3782069999999997 
7 26  1.155253280000002  -0.38489472  1.74355818 
7 27  1.3119460800000002  1.1684303999999999  -0.7774918199999998 
7 28  -0.9629484799999997  4.06201392  0.957999 
7 29  3.43014784  2.4491217599999997  3.479049 
7 30  -8.085348479999999  2.4491217599999997  1.6427161799999999 
7 31  -3.692252159999999  4.06201392  -0.8783338199999999 
7 32  -3.692252159999999  -0.41467824  1.6427161799999999 
7 33  -8.085348479999999  1.19821392  -0.8783338199999999 
7 34  3.43014784  1.19821392  0.957999 
7 35  -0.9629484799999997  -0.41467824  3.479049 
8 12  1.1509798399999989  -0.28695275999999925  3.2788776299999998 
8 13  5.97142016  1.25262612  0.75782763 
8 14  -5.971420159999999  1.25262612  -0.75782763 
8 15  -1.1509798399999998  -0.28695275999999925  1.7632223699999998 
8 16  -1.1509798399999998  -1.6111738799999995  -0.75782763 
8 17  -5.971420159999999  -3.1507527599999996  1.7632223699999998 
8 18  5.97142016  -3.1507527599999996  3.2788776299999998 
8 19  1.1509798399999989  -1.6111738799999995  0.75782763 
8 20  3.6395463999999995  -0.29382588  1.70372559 
8 21  3.482853600000001  1.2594992400000007  -0.8173244099999999 
8 22  -3.4828535999999994  1.2594992400000007  0.8173244099999999 
8 23  -3.6395463999999995  -0.29382588  3.3383744099999997 
8 24  -3.6395464  -1.6043007599999997  0.8173244099999999 
8 25  -3.4828535999999994  -3.1576258799999994  3.3383744099999997 
8 26  3.482853600000001  -3.1576258799999994  1.70372559 
8 27  3.6395463999999995  -1.6043007599999997  -0.8173244099999999 
8 28  1.3646518399999996  1.2892827600000003  0.91816641 
8 29  5.757748159999999  -0.32360940000000005  3.43921641 
8 30  -5.757748159999999  -0.32360940000000005  1.6028835899999998 
8 31  -1.3646518399999996  1.2892827600000003  -0.91816641 
8 32  -1.3646518399999996  -3.1874093999999995  1.6028835899999998 
8 33  -5.75774816  -1.5745172399999996  -0.91816641 
8 34  5.757748159999999  -1.5745172399999996  0.91816641 
8 35  1.3646518399999996  -3.1874093999999995  3.43921641 
9 12  8.273379839999999  -1.25262612  0.75782763 
9 13  13.09382016  0.28695275999999925  -1.7632223699999998 
9 14  1.1509798399999998  0.28695275999999925  -3.2788776299999998 
9 15  5.971420159999999  -1.25262612  -0.75782763 
9 16  5.971420159999999  -2.57684724  -3.2788776299999998 
9 17  1.1509798399999998  -4.11642612  -0.75782763 
9 18  13.09382016  -4.11642612  0.75782763 
9 19  8.273379839999999  -2.57684724  -1.7632223699999998 
9 20  10.7619464  -1.2594992400000007  -0.8173244099999999 
9 21  10.605253600000001  0.29382588  -3.3383744099999997 
9 22  3.6395464  0.29382588  -1.70372559 
9 23  3.4828536  -1.2594992400000007  0.8173244099999999 
9 24  3.4828535999999994  -2.5699741200000004  -1.70372559 
9 25  3.6395464  -4.123299240000001  0.8173244099999999 
9 26  10.605253600000001  -4.123299240000001  -0.8173244099999999 
9 27  10.7619464  -2.5699741200000004  -3.3383744099999997 
9 28  8.48705184  0.3236093999999996  -1.6028835899999998 
9 29  12.88014816  -1.2892827600000007  0.91816641 
9 30  1.3646518399999998  -1.2892827600000007  -0.91816641 
9 31  5.757748159999999  0.3236093999999996  -3.43921641 
9 32  5.757748159999999  -4.15308276  -0.91816641 
9 33  1.3646518399999996  -2.5401906000000003  -3.43921641 
9 34  12.88014816  -2.5401906000000003  -1.6028835899999998 
9 35  8.48705184  -4.15308276  0.91816641 
10 12  1.1509798399999989  1.6111738800000004  0.75782763 
10 13  5.97142016  3.1507527599999996  -1.7632223699999998 
10 14  -5.971420159999999  3.1507527599999996  -3.2788776299999998 
10 15  -1.1509798399999998  1.6111738800000004  -0.75782763 
10 16  -1.1509798399999998  0.28695276000000014  -3.2788776299999998 
10 17  -5.971420159999999  -1.25262612  -0.75782763 
10 18  5.97142016  -1.25262612  0.75782763 
10 19  1.1509798399999989  0.28695276000000014  -1.7632223699999998 
10 20  3.6395463999999995  1.6043007599999997  -0.8173244099999999 
10 21  3.482853600000001  3.1576258800000003  -3.3383744099999997 
10 22  -3.4828535999999994  3.1576258800000003  -1.70372559 
10 23  -3.6395463999999995  1.6043007599999997  0.8173244099999999 
10 24  -3.6395464  0.29382588  -1.70372559 
10 25  -3.4828535999999994  -1.2594992399999998  0.8173244099999999 
10 26  3.482853600000001  -1.2594992399999998  -0.8173244099999999 
10 27  3.6395463999999995  0.29382588  -3.3383744099999997 
10 28  1.3646518399999996  3.1874094  -1.6028835899999998 
10 29  5.757748159999999  1.5745172399999996  0.91816641 
10 30  -5.757748159999999  1.5745172399999996  -0.91816641 
10 31  -1.3646518399999996  3.1874094  -3.43921641 
10 32  -1.3646518399999996  -1.2892827599999999  -0.91816641 
10 33  -5.75774816  0.32360940000000005  -3.43921641 
10 34  5.757748159999999  0.32360940000000005  -1.6028835899999998 
10 35  1.3646518399999996  -1.2892827599999999  0.91816641 
11 12  8.273379839999999  2.57684724  3.2788776299999998 
11 13  13.09382016  4.11642612  0.75782763 
11 14  1.15097984  4.11642612  -0.75782763 
11 15  5.97142016  2.57684724  1.7632223699999998 
11 16  5.97142016  1.25262612  -0.75782763 
11 17  1.15097984  -0.28695276000000003  1.7632223699999998 
11 18  13.09382016  -0.28695276000000003  3.2788776299999998 
11 19  8.273379839999999  1.25262612  0.75782763 
11 20  10.7619464  2.5699741199999995  1.70372559 
11 21  10.605253600000001  4.123299240000001  -0.8173244099999999 
11 22  3.6395464000000004  4.123299240000001  0.8173244099999999 
11 23  3.4828536000000003  2.5699741199999995  3.3383744099999997 
11 24  3.4828536  1.2594992399999998  0.8173244099999999 
11 25  3.6395464000000004  -0.29382588  3.3383744099999997 
11 26  10.605253600000001  -0.29382588  1.70372559 
11 27  10.7619464  1.2594992399999998  -0.8173244099999999 
11 28  8.48705184  4.15308276  0.91816641 
11 29  12.88014816  2.5401905999999994  3.43921641 
11 30  1.36465184  2.5401905999999994  1.6028835899999998 
11 31  5.75774816  4.15308276  -0.91816641 
11 32  5.75774816  -0.32360939999999994  1.6028835899999998 
11 33  1.3646518399999998  1.2892827599999999  -0.91816641 
11 34  12.88014816  1.2892827599999999  0.91816641 
11 35  8.48705184  -0.32360939999999994  3.43921641 
12 0  1.1766204800000004  1.1615572799999998  -0.79766022 
12 1  3.643819840000001  0.3780215999999994  -3.31871022 
12 2  -5.9457795199999985  0.3780215999999994  -3.2390450399999997 
12 3  -3.478580159999999  1.1615572799999998  -0.7179950399999999 
12 4  -3.478580159999999  -2.4857784  -3.2390450399999997 
12 5  -5.9457795199999985  -1.7022427200000003  -0.7179950399999999 
12 6  3.643819840000001  -1.7022427200000003  -0.79766022 
12 7  1.1766204800000004  -2.4857784  -3.31871022 
12 8  -1.1509798399999989  0.28695275999999925  -3.2788776299999998 
12 9  -8.273379839999999  1.25262612  -0.75782763 
12 10  -1.1509798399999989  -1.6111738800000004  -0.75782763 
12 11  -8.273379839999999  -2.57684724  -3.2788776299999998 
13 0  -3.643819840000001  -0.3780215999999994  1.7233897799999998 
13 1  -1.1766204800000004  -1.1615572799999998  -0.79766022 
13 2  -10.76621984  -1.1615572799999998  -0.7179950399999999 
13 3  -8.29902048  -0.3780215999999994  1.8030549599999999 
13 4  -8.29902048  -4.02535728  -0.7179950399999999 
13 5  -10.76621984  -3.2418215999999997  1.8030549599999999 
13 6  -1.1766204800000004  -3.2418215999999997  1.7233897799999998 
13 7  -3.643819840000001  -4.02535728  -0.79766022 
13 8  -5.97142016  -1.25262612  -0.75782763 
13 9  -13.09382016  -0.28695275999999925  1.7632223699999998 
13 10  -5.97142016  -3.1507527599999996  1.7632223699999998 
13 11  -13.09382016  -4.11642612  -0.75782763 
14 0  8.29902048  -0.3780215999999994  3.2390450399999997 
14 1  10.76621984  -1.1615572799999998  0.7179950399999999 
14 2  1.17662048  -1.1615572799999998  0.79766022 
14 3  3.6438198399999995  -0.3780215999999994  3.31871022 
14 4  3.6438198399999995  -4.02535728  0.79766022 
14 5  1.17662048  -3.2418215999999997  3.31871022 
14 6  10.76621984  -3.2418215999999997  3.2390450399999997 
14 7  8.29902048  -4.02535728  0.7179950399999999 
14 8  5.971420159999999  -1.25262612  0.75782763 
14 9  -1.1509798399999998  -0.28695275999999925  3.2788776299999998 
14 10  5.971420159999999  -3.1507527599999996  3.2788776299999998 
14 11  -1.15097984  -4.11642612  0.75782763 
15 0  3.478580159999999  1.1615572799999998  0.7179950399999999 
15 1  5.945779519999999  0.3780215999999994  -1.8030549599999999 
15 2  -3.64381984  0.3780215999999994  -1.7233897799999998 
15 3  -1.1766204800000004  1.1615572799999998  0.79766022 
15 4  -1.1766204800000004  -2.4857784  -1.7233897799999998 
15 5  -3.64381984  -1.7022427200000003  0.79766022 
15 6  5.945779519999999  -1.7022427200000003  0.7179950399999999 
15 7  3.478580159999999  -2.4857784  -1.8030549599999999 
15 8  1.1509798399999998  0.28695275999999925  -1.7632223699999998 
15 9  -5.971420159999999  1.25262612  0.75782763 
15 10  1.1509798399999998  -1.6111738800000004  0.75782763 
15 11  -5.97142016  -2.57684724  -1.7632223699999998 
16 0  3.478580159999999  2.4857784  3.2390450399999997 
16 1  5.945779519999999  1.7022427199999997  0.7179950399999999 
16 2  -3.64381984  1.7022427199999997  0.79766022 
16 3  -1.1766204800000004  2.4857784  3.31871022 
16 4  -1.1766204800000004  -1.16155728  0.79766022 
16 5  -3.64381984  -0.37802160000000007  3.31871022 
16 6  5.945779519999999  -0.37802160000000007  3.2390450399999997 
16 7  3.478580159999999  -1.16155728  0.7179950399999999 
16 8  1.1509798399999998  1.6111738799999995  0.75782763 
16 9  -5.971420159999999  2.57684724  3.2788776299999998 
16 10  1.1509798399999998  -0.28695276000000014  3.2788776299999998 
16 11  -5.97142016  -1.25262612  0.75782763 
17 0  8.29902048  4.02535728  0.7179950399999999 
17 1  10.76621984  3.2418215999999997  -1.8030549599999999 
17 2  1.17662048  3.2418215999999997  -1.7233897799999998 
17 3  3.6438198399999995  4.02535728  0.79766022 
17 4  3.6438198399999995  0.37802160000000007  -1.7233897799999998 
17 5  1.17662048  1.16155728  0.79766022 
17 6  10.76621984  1.16155728  0.7179950399999999 
17 7  8.29902048  0.37802160000000007  -1.8030549599999999 
17 8  5.971420159999999  3.1507527599999996  -1.7632223699999998 
17 9  -1.1509798399999998  4.11642612  0.75782763 
17 10  5.971420159999999  1.25262612  0.75782763 
17 11  -1.15097984  0.28695276000000003  -1.7632223699999998 
18 0  -3.643819840000001  4.02535728  -0.79766022 
18 1  -1.1766204800000004  3.2418215999999997  -3.31871022 
18 2  -10.76621984  3.2418215999999997  -3.2390450399999997 
18 3  -8.29902048  4.02535728  -0.7179950399999999 
18 4  -8.29902048  0.37802160000000007  -3.2390450399999997 
18 5  -10.76621984  1.16155728  -0.7179950399999999 
18 6  -1.1766204800000004  1.16155728  -0.79766022 
18 7  -3.643819840000001  0.37802160000000007  -3.31871022 
18 8  -5.97142016  3.1507527599999996  -3.2788776299999998 
18 9  -13.09382016  4.11642612  -0.75782763 
18 10  -5.97142016  1.25262612  -0.75782763 
18 11  -13.09382016  0.28695276000000003  -3.2788776299999998 
19 0  1.1766204800000004  2.4857784  1.7233897799999998 
19 1  3.643819840000001  1.7022427199999997  -0.79766022 
19 2  -5.9457795199999985  1.7022427199999997  -0.7179950399999999 
19 3  -3.478580159999999  2.4857784  1.8030549599999999 
19 4  -3.478580159999999  -1.16155728  -0.7179950399999999 
19 5  -5.9457795199999985  -0.37802160000000007  1.8030549599999999 
19 6  3.643819840000001  -0.37802160000000007  1.7233897799999998 
19 7  1.1766204800000004  -1.16155728  -0.79766022 
19 8  -1.1509798399999989  1.6111738799999995  -0.75782763 
19 9  -8.273379839999999  2.57684724  1.7632223699999998 
19 10  -1.1509798399999989  -0.28695276000000014  1.7632223699999998 
19 11  -8.273379839999999  -1.25262612  -0.75782763 
20 0  -1.3119460800000002  1.1684304000000005  0.7774918199999998 
20 1  1.1552532800000002  0.38489472000000013  -1.74355818 
20 2  -8.43434608  0.38489472000000013  -1.6638929999999998 
20 3  -5.96714672  1.1684304000000005  0.857157 
20 4  -5.96714672  -2.4789052799999993  -1.6638929999999998 
20 5  -8.43434608  -1.6953695999999996  0.857157 
20 6  1.1552532800000002  -1.6953695999999996  0.7774918199999998 
20 7  -1.3119460800000002  -2.4789052799999993  -1.74355818 
20 8  -3.6395463999999995  0.29382588  -1.70372559 
20 9  -10.7619464  1.2594992400000007  0.8173244099999999 
20 10  -3.6395463999999995  -1.6043007599999997  0.8173244099999999 
20 11  -10.7619464  -2.5699741199999995  -1.70372559 
21 0  -1.155253280000002  -0.38489472000000013  3.2985418199999996 
21 1  1.3119460799999985  -1.1684304000000005  0.7774918199999998 
21 2  -8.277653280000001  -1.1684304000000005  0.857157 
21 3  -5.810453920000001  -0.38489472000000013  3.3782069999999997 
21 4  -5.810453920000001  -4.0322304  0.857157 
21 5  -8.277653280000001  -3.2486947200000005  3.3782069999999997 
21 6  1.3119460799999985  -3.2486947200000005  3.2985418199999996 
21 7  -1.155253280000002  -4.0322304  0.7774918199999998 
21 8  -3.482853600000001  -1.2594992400000007  0.8173244099999999 
21 9  -10.605253600000001  -0.29382588  3.3383744099999997 
21 10  -3.482853600000001  -3.1576258800000003  3.3383744099999997 
21 11  -10.605253600000001  -4.123299240000001  0.8173244099999999 
22 0  5.810453919999999  -0.38489472000000013  1.6638929999999998 
22 1  8.27765328  -1.1684304000000005  -0.857157 
22 2  -1.3119460800000002  -1.1684304000000005  -0.7774918199999998 
22 3  1.1552532799999993  -0.38489472000000013  1.74355818 
22 4  1.1552532799999993  -4.0322304  -0.7774918199999998 
22 5  -1.3119460800000002  -3.2486947200000005  1.74355818 
22 6  8.27765328  -3.2486947200000005  1.6638929999999998 
22 7  5.810453919999999  -4.0322304  -0.857157 
22 8  3.4828535999999994  -1.2594992400000007  -0.8173244099999999 
22 9  -3.6395464  -0.29382588  1.70372559 
22 10  3.4828535999999994  -3.1576258800000003  1.70372559 
22 11  -3.6395464000000004  -4.123299240000001  -0.8173244099999999 
23 0  5.967146719999999  1.1684304000000005  -0.857157 
23 1  8.43434608  0.38489472000000013  -3.3782069999999997 
23 2  -1.1552532800000002  0.38489472000000013  -3.2985418199999996 
23 3  1.3119460799999993  1.1684304000000005  -0.7774918199999998 
23 4  1.3119460799999993  -2.4789052799999993  -3.2985418199999996 
23 5  -1.1552532800000002  -1.6953695999999996  -0.7774918199999998 
23 6  8.43434608  -1.6953695999999996  -0.857157 
23 7  5.967146719999999  -2.4789052799999993  -3.3782069999999997 
23 8  3.6395463999999995  0.29382588  -3.3383744099999997 
23 9  -3.4828536  1.2594992400000007  -0.8173244099999999 
23 10  3.6395463999999995  -1.6043007599999997  -0.8173244099999999 
23 11  -3.4828536000000003  -2.5699741199999995  -3.3383744099999997 
24 0  5.967146719999999  2.47890528  1.6638929999999998 
24 1  8.43434608  1.6953695999999998  -0.857157 
24 2  -1.1552532799999997  1.6953695999999998  -0.7774918199999998 
24 3  1.3119460799999998  2.47890528  1.74355818 
24 4  1.3119460799999998  -1.1684303999999999  -0.7774918199999998 
24 5  -1.1552532799999997  -0.3848947199999999  1.74355818 
24 6  8.43434608  -0.3848947199999999  1.6638929999999998 
24 7  5.967146719999999  -1.1684303999999999  -0.857157 
24 8  3.6395464  1.6043007599999997  -0.8173244099999999 
24 9  -3.4828535999999994  2.5699741200000004  1.70372559 
24 10  3.6395464  -0.29382588  1.70372559 
24 11  -3.4828536  -1.2594992399999998  -0.8173244099999999 
25 0  5.810453919999999  4.0322304  -0.857157 
25 1  8.27765328  3.2486947199999996  -3.3782069999999997 
25 2  -1.3119460800000002  3.2486947199999996  -3.2985418199999996 
25 3  1.1552532799999993  4.0322304  -0.7774918199999998 
25 4  1.1552532799999993  0.38489472  -3.2985418199999996 
25 5  -1.3119460800000002  1.1684304  -0.7774918199999998 
25 6  8.27765328  1.1684304  -0.857157 
25 7  5.810453919999999  0.38489472  -3.3782069999999997 
25 8  3.4828535999999994  3.1576258799999994  -3.3383744099999997 
25 9  -3.6395464  4.123299240000001  -0.8173244099999999 
25 10  3.4828535999999994  1.2594992399999998  -0.8173244099999999 
25 11  -3.6395464000000004  0.29382588  -3.3383744099999997 
26 0  -1.155253280000002  4.0322304  0.7774918199999998 
26 1  1.3119460799999985  3.2486947199999996  -1.74355818 
26 2  -8.277653280000001  3.2486947199999996  -1.6638929999999998 
26 3  -5.810453920000001  4.0322304  0.857157 
26 4  -5.810453920000001  0.38489472  -1.6638929999999998 
26 5  -8.277653280000001  1.1684304  0.857157 
26 6  1.3119460799999985  1.1684304  0.7774918199999998 
26 7  -1.155253280000002  0.38489472  -1.74355818 
26 8  -3.482853600000001  3.1576258799999994  -1.70372559 
26 9  -10.605253600000001  4.123299240000001  0.8173244099999999 
26 10  -3.482853600000001  1.2594992399999998  0.8173244099999999 
26 11  -10.605253600000001  0.29382588  -1.70372559 
27 0  -1.3119460800000002  2.47890528  3.2985418199999996 
27 1  1.1552532800000002  1.6953695999999998  0.7774918199999998 
27 2  -8.43434608  1.6953695999999998  0.857157 
27 3  -5.96714672  2.47890528  3.3782069999999997 
27 4  -5.96714672  -1.1684303999999999  0.857157 
27 5  -8.43434608  -0.3848947199999999  3.3782069999999997 
27 6  1.1552532800000002  -0.3848947199999999  3.2985418199999996 
27 7  -1.3119460800000002  -1.1684303999999999  0.7774918199999998 
27 8  -3.6395463999999995  1.6043007599999997  0.8173244099999999 
27 9  -10.7619464  2.5699741200000004  3.3383744099999997 
27 10  -3.6395463999999995  -0.29382588  3.3383744099999997 
27 11  -10.7619464  -1.2594992399999998  0.8173244099999999 
28 0  0.9629484799999997  -0.41467823999999975  1.5630509999999997 
28 1  3.43014784  -1.1982139200000002  -0.957999 
28 2  -6.159451519999999  -1.1982139200000002  -0.8783338199999999 
28 3  -3.69225216  -0.41467823999999975  1.6427161799999999 
28 4  -3.69225216  -4.06201392  -0.8783338199999999 
28 5  -6.159451519999999  -3.27847824  1.6427161799999999 
28 6  3.43014784  -3.27847824  1.5630509999999997 
28 7  0.9629484799999997  -4.06201392  -0.957999 
28 8  -1.3646518399999996  -1.2892827600000003  -0.91816641 
28 9  -8.48705184  -0.3236093999999996  1.6028835899999998 
28 10  -1.3646518399999996  -3.1874094  1.6028835899999998 
28 11  -8.48705184  -4.15308276  -0.91816641 
29 0  -3.43014784  1.1982139200000006  -0.957999 
29 1  -0.9629484799999997  0.4146782400000002  -3.479049 
29 2  -10.552547839999999  0.4146782400000002  -3.3993838199999997 
29 3  -8.08534848  1.1982139200000006  -0.8783338199999999 
29 4  -8.08534848  -2.4491217599999997  -3.3993838199999997 
29 5  -10.552547839999999  -1.6655860799999995  -0.8783338199999999 
29 6  -0.9629484799999997  -1.6655860799999995  -0.957999 
29 7  -3.43014784  -2.4491217599999997  -3.479049 
29 8  -5.757748159999999  0.32360940000000005  -3.43921641 
29 9  -12.88014816  1.2892827600000007  -0.91816641 
29 10  -5.757748159999999  -1.5745172399999996  -0.91816641 
29 11  -12.88014816  -2.5401905999999994  -3.43921641 
30 0  8.085348479999999  1.1982139200000006  0.8783338199999999 
30 1  10.552547839999999  0.4146782400000002  -1.6427161799999999 
30 2  0.9629484799999999  0.4146782400000002  -1.5630509999999997 
30 3  3.430147839999999  1.1982139200000006  0.957999 
30 4  3.430147839999999  -2.4491217599999997  -1.5630509999999997 
30 5  0.9629484799999999  -1.6655860799999995  0.957999 
30 6  10.552547839999999  -1.6655860799999995  0.8783338199999999 
30 7  8.085348479999999  -2.4491217599999997  -1.6427161799999999 
30 8  5.757748159999999  0.32360940000000005  -1.6028835899999998 
30 9  -1.3646518399999998  1.2892827600000007  0.91816641 
30 10  5.757748159999999  -1.5745172399999996  0.91816641 
30 11  -1.36465184  -2.5401905999999994  -1.6028835899999998 
31 0  3.692252159999999  -0.41467823999999975  3.3993838199999997 
31 1  6.159451519999999  -1.1982139200000002  0.8783338199999999 
31 2  -3.43014784  -1.1982139200000002  0.957999 
31 3  -0.9629484800000006  -0.41467823999999975  3.479049 
31 4  -0.9629484800000006  -4.06201392  0.957999 
31 5  -3.43014784  -3.27847824  3.479049 
31 6  6.159451519999999  -3.27847824  3.3993838199999997 
31 7  3.692252159999999  -4.06201392  0.8783338199999999 
31 8  1.3646518399999996  -1.2892827600000003  0.91816641 
31 9  -5.757748159999999  -0.3236093999999996  3.43921641 
31 10  1.3646518399999996  -3.1874094  3.43921641 
31 11  -5.75774816  -4.15308276  0.91816641 
32 0  3.692252159999999  4.06201392  0.8783338199999999 
32 1  6.159451519999999  3.2784782399999997  -1.6427161799999999 
32 2  -3.43014784  3.2784782399999997  -1.5630509999999997 
32 3  -0.9629484800000006  4.06201392  0.957999 
32 4  -0.9629484800000006  0.41467824  -1.5630509999999997 
32 5  -3.43014784  1.19821392  0.957999 
32 6  6.159451519999999  1.19821392  0.8783338199999999 
32 7  3.692252159999999  0.41467824  -1.6427161799999999 
32 8  1.3646518399999996  3.1874093999999995  -1.6028835899999998 
32 9  -5.757748159999999  4.15308276  0.91816641 
32 10  1.3646518399999996  1.2892827599999999  0.91816641 
32 11  -5.75774816  0.32360939999999994  -1.6028835899999998 
33 0  8.085348479999999  2.44912176  3.3993838199999997 
33 1  10.552547839999999  1.6655860799999997  0.8783338199999999 
33 2  0.9629484800000001  1.6655860799999997  0.957999 
33 3  3.4301478399999996  2.44912176  3.479049 
33 4  3.4301478399999996  -1.19821392  0.957999 
33 5  0.9629484800000001  -0.41467824  3.479049 
33 6  10.552547839999999  -0.41467824  3.3993838199999997 
33 7  8.085348479999999  -1.19821392  0.8783338199999999 
33 8  5.75774816  1.5745172399999996  0.91816641 
33 9  -1.3646518399999996  2.5401906000000003  3.43921641 
33 10  5.75774816  -0.32360940000000005  3.43921641 
33 11  -1.3646518399999998  -1.2892827599999999  0.91816641 
34 0  -3.43014784  2.44912176  1.5630509999999997 
34 1  -0.9629484799999997  1.6655860799999997  -0.957999 
34 2  -10.552547839999999  1.6655860799999997  -0.8783338199999999 
34 3  -8.08534848  2.44912176  1.6427161799999999 
34 4  -8.08534848  -1.19821392  -0.8783338199999999 
34 5  -10.552547839999999  -0.41467824  1.6427161799999999 
34 6  -0.9629484799999997  -0.41467824  1.5630509999999997 
34 7  -3.43014784  -1.19821392  -0.957999 
34 8  -5.757748159999999  1.5745172399999996  -0.91816641 
34 9  -12.88014816  2.5401906000000003  1.6028835899999998 
34 10  -5.757748159999999  -0.32360940000000005  1.6028835899999998 
34 11  -12.88014816  -1.2892827599999999  -0.91816641 
35 0  0.9629484799999997  4.06201392  -0.957999 
35 1  3.43014784  3.2784782399999997  -3.479049 
35 2  -6.159451519999999  3.2784782399999997  -3.3993838199999997 
35 3  -3.69225216  4.06201392  -0.8783338199999999 
35 4  -3.69225216  0.41467824  -3.3993838199999997 
35 5  -6.159451519999999  1.19821392  -0.8783338199999999 
35 6  3.43014784  1.19821392  -0.957999 
35 7  0.9629484799999997  0.41467824  -3.479049 
35 8  -1.3646518399999996  3.1874093999999995  -3.43921641 
35 9  -8.48705184  4.15308276  -0.91816641 
35 10  -1.3646518399999996  1.2892827599999999  -0.91816641 
35 11  -8.48705184  0.32360939999999994  -3.43921641 