         0        12   4.78220   1.83573   4.55510
         0        13   4.94309   4.04851
         0        14
         0        15   3.73701
         0        16   4.64011
         0        17
         0        18   4.10016
         0        19   4.78620   3.85537   4.31015   3.24555
         0        20   4.80747   4.61230   1.92118
         0        21   2.12668   3.51612
         0        22
         0        23
         0        24
         0        25
         0        26   4.73242   2.19394   4.26591
         0        27   3.91347   4.81203   3.30245   4.32973
         0        28   3.63359   1.88211
         0        29   3.75758
         0        30
         0        31   4.06241
         0        32   4.14468
         0        33
         0        34   4.99574   4.49525
         0        35   2.14923   4.51457   4.28311
         1        12   4.94309   4.04851
         1        13   1.83573   4.55510   4.78220
         1        14   3.73701
         1        15
         1        16
         1        17   4.64011
         1        18   4.31015   3.24555   4.78620   3.85537
         1        19   4.10016
         1        20   2.12668   3.51612
         1        21   4.61230   1.92118   4.80747
         1        22
         1        23
         1        24
         1        25
         1        26   3.30245   4.32973   3.91347   4.81203
         1        27   4.26591   4.73242   2.19394
         1        28   3.75758
         1        29   3.63359   1.88211
         1        30   4.06241
         1        31
         1        32
         1        33   4.14468
         1        34   4.28311   2.14923   4.51457
         1        35   4.49525   4.99574
         2        12
         2        13   3.73701
         2        14   4.55510   1.83573   4.78220
         2        15   4.04851   4.94309
         2        16   4.10016
         2        17   3.24555   4.31015   3.85537   4.78620
         2        18   4.64011
         2        19
         2        20
         2        21
         2        22   1.92118   4.61230   4.80747
         2        23   3.51612   2.12668
         2        24   4.26591   2.19394   4.73242
         2        25   4.32973   3.30245   4.81203   3.91347
         2        26
         2        27
         2        28
         2        29   4.06241
         2        30   1.88211   3.63359
         2        31   3.75758
         2        32   4.49525   4.99574
         2        33   4.28311   4.51457   2.14923
         2        34   4.14468
         2        35
         3        12   3.73701
         3        13
         3        14   4.04851   4.94309
         3        15   4.78220   4.55510   1.83573
         3        16   3.85537   4.78620   3.24555   4.31015
         3        17   4.10016
         3        18
         3        19   4.64011
         3        20
         3        21
         3        22   3.51612   2.12668
         3        23   4.80747   1.92118   4.61230
         3        24   4.81203   3.91347   4.32973   3.30245
         3        25   2.19394   4.73242   4.26591
         3        26
         3        27
         3        28   4.06241
         3        29
         3        30   3.75758
         3        31   1.88211   3.63359
         3        32   4.51457   2.14923   4.28311
         3        33   4.99574   4.49525
         3        34
         3        35   4.14468
         4        12   4.64011
         4        13
         4        14   4.10016
         4        15   3.24555   4.31015   3.85537   4.78620
         4        16   4.55510   1.83573   4.78220
         4        17   4.04851   4.94309
         4        18
         4        19   3.73701
         4        20
         4        21
         4        22   4.26591   2.19394   4.73242
         4        23   4.32973   3.30245   4.81203   3.91347
         4        24   1.92118   4.61230   4.80747
         4        25   3.51612   2.12668
         4        26
         4        27
         4        28   4.14468
         4        29
         4        30   4.49525   4.99574
         4        31   4.28311   4.51457   2.14923
         4        32   1.88211   3.63359
         4        33   3.75758
         4        34
         4        35   4.06241
         5        12
         5        13   4.64011
         5        14   3.85537   4.78620   3.24555   4.31015
         5        15   4.10016
         5        16   4.04851   4.94309
         5        17   4.78220   4.55510   1.83573
         5        18   3.73701
         5        19
         5        20
         5        21
         5        22   4.81203   3.91347   4.32973   3.30245
         5        23   2.19394   4.73242   4.26591
         5        24   3.51612   2.12668
         5        25   4.80747   1.92118   4.61230
         5        26
         5        27
         5        28
         5        29   4.14468
         5        30   4.51457   2.14923   4.28311
         5        31   4.99574   4.49525
         5        32   3.75758
         5        33   1.88211   3.63359
         5        34   4.06241
         5        35
         6        12   4.10016
         6        13   4.78620   3.85537   4.31015   3.24555
         6        14   4.64011
         6        15
         6        16
         6        17   3.73701
         6        18   4.78220   1.83573   4.55510
         6        19   4.94309   4.04851
         6        20   4.73242   2.19394   4.26591
         6        21   3.91347   4.81203   3.30245   4.32973
         6        22
         6        23
         6        24
         6        25
         6        26   4.80747   4.61230   1.92118
         6        27   2.12668   3.51612
         6        28   4.99574   4.49525
         6        29   2.14923   4.51457   4.28311
         6        30   4.14468
         6        31
         6        32
         6        33   4.06241
         6        34   3.63359   1.88211
         6        35   3.75758
         7        12   4.31015   3.24555   4.78620   3.85537
         7        13   4.10016
         7        14
         7        15   4.64011
         7        16   3.73701
         7        17
         7        18   4.94309   4.04851
         7        19   1.83573   4.55510   4.78220
         7        20   3.30245   4.32973   3.91347   4.81203
         7        21   4.26591   4.73242   2.19394
         7        22
         7        23
         7        24
         7        25
         7        26   2.12668   3.51612
         7        27   4.61230   1.92118   4.80747
         7        28   4.28311   2.14923   4.51457
         7        29   4.49525   4.99574
         7        30
         7        31   4.14468
         7        32   4.06241
         7        33
         7        34   3.75758
         7        35   3.63359   1.88211
         8        12   3.48685   2.12510
         8        13
         8        14
         8        15   2.12510   3.48685
         8        16   4.34097   4.71971   2.12013
         8        17
         8        18
         8        19   4.34097   2.12013   4.71971
         8        20   4.02931   4.94746
         8        21   3.79271
         8        22   3.79271
         8        23   4.94746   4.02931
         8        24   4.06055
         8        25   4.65164
         8        26   4.65164
         8        27   4.06055
         8        28   2.08987   4.53115   4.73328
         8        29
         8        30
         8        31   4.53115   2.08987   4.73328
         8        32   3.29910   4.48810   3.81983   4.88365
         8        33
         8        34
         8        35   4.48810   3.29910   4.88365   3.81983
         9        12
         9        13   3.48685   2.12510
         9        14   2.12510   3.48685
         9        15
         9        16
         9        17   4.71971   2.12013   4.34097
         9        18   2.12013   4.71971   4.34097
         9        19
         9        20   3.79271
         9        21   4.02931   4.94746
         9        22   4.94746   4.02931
         9        23   3.79271
         9        24   4.65164
         9        25   4.06055
         9        26   4.06055
         9        27   4.65164
         9        28
         9        29   4.73328   2.08987   4.53115
         9        30   4.73328   4.53115   2.08987
         9        31
         9        32
         9        33   3.81983   4.88365   3.29910   4.48810
         9        34   4.88365   3.81983   4.48810   3.29910
         9        35
        10        12   2.12013   4.71971   4.34097
        10        13
        10        14
        10        15   4.71971   2.12013   4.34097
        10        16   2.12510   3.48685
        10        17
        10        18
        10        19   3.48685   2.12510
        10        20   4.06055
        10        21   4.65164
        10        22   4.65164
        10        23   4.06055
        10        24   4.94746   4.02931
        10        25   3.79271
        10        26   3.79271
        10        27   4.02931   4.94746
        10        28   4.88365   3.81983   4.48810   3.29910
        10        29
        10        30
        10        31   3.81983   4.88365   3.29910   4.48810
        10        32   4.73328   4.53115   2.08987
        10        33
        10        34
        10        35   4.73328   2.08987   4.53115
        11        12
        11        13   4.34097   2.12013   4.71971
        11        14   4.34097   4.71971   2.12013
        11        15
        11        16
        11        17   2.12510   3.48685
        11        18   3.48685   2.12510
        11        19
        11        20   4.65164
        11        21   4.06055
        11        22   4.06055
        11        23   4.65164
        11        24   3.79271
        11        25   4.94746   4.02931
        11        26   4.02931   4.94746
        11        27   3.79271
        11        28
        11        29   4.48810   3.29910   4.88365   3.81983
        11        30   3.29910   4.48810   3.81983   4.88365
        11        31
        11        32
        11        33   4.53115   2.08987   4.73328
        11        34   2.08987   4.53115   4.73328
        11        35
        12         0   4.55510   1.83573   4.78220
        12         1   4.04851   4.94309
        12         2
        12         3   3.73701
        12         4   4.64011
        12         5
        12         6   4.10016
        12         7   3.85537   4.78620   3.24555   4.31015
        12         8   2.12510   3.48685
        12         9
        12        10   4.34097   4.71971   2.12013
        12        11
        13         0   4.04851   4.94309
        13         1   4.78220   4.55510   1.83573
        13         2   3.73701
        13         3
        13         4
        13         5   4.64011
        13         6   3.24555   4.31015   3.85537   4.78620
        13         7   4.10016
        13         8
        13         9   2.12510   3.48685
        13        10
        13        11   4.71971   2.12013   4.34097
        14         0
        14         1   3.73701
        14         2   4.78220   1.83573   4.55510
        14         3   4.94309   4.04851
        14         4   4.10016
        14         5   4.31015   3.24555   4.78620   3.85537
        14         6   4.64011
        14         7
        14         8
        14         9   3.48685   2.12510
        14        10
        14        11   2.12013   4.71971   4.34097
        15         0   3.73701
        15         1
        15         2   4.94309   4.04851
        15         3   1.83573   4.55510   4.78220
        15         4   4.78620   3.85537   4.31015   3.24555
        15         5   4.10016
        15         6
        15         7   4.64011
        15         8   3.48685   2.12510
        15         9
        15        10   4.34097   2.12013   4.71971
        15        11
        16         0   4.64011
        16         1
        16         2   4.10016
        16         3   4.31015   3.24555   4.78620   3.85537
        16         4   4.78220   1.83573   4.55510
        16         5   4.94309   4.04851
        16         6
        16         7   3.73701
        16         8   2.12013   4.71971   4.34097
        16         9
        16        10   3.48685   2.12510
        16        11
        17         0
        17         1   4.64011
        17         2   4.78620   3.85537   4.31015   3.24555
        17         3   4.10016
        17         4   4.94309   4.04851
        17         5   1.83573   4.55510   4.78220
        17         6   3.73701
        17         7
        17         8
        17         9   4.34097   2.12013   4.71971
        17        10
        17        11   3.48685   2.12510
        18         0   4.10016
        18         1   3.85537   4.78620   3.24555   4.31015
        18         2   4.64011
        18         3
        18         4
        18         5   3.73701
        18         6   4.55510   1.83573   4.78220
        18         7   4.04851   4.94309
        18         8
        18         9   4.34097   4.71971   2.12013
        18        10
        18        11   2.12510   3.48685
        19         0   3.24555   4.31015   3.85537   4.78620
        19         1   4.10016
        19         2
        19         3   4.64011
        19         4   3.73701
        19         5
        19         6   4.04851   4.94309
        19         7   4.78220   4.55510   1.83573
        19         8   4.71971   2.12013   4.34097
        19         9
        19        10   2.12510   3.48685
        19        11
        20         0   1.92118   4.61230   4.80747
        20         1   3.51612   2.12668
        20         2
        20         3
        20         4
        20         5
        20         6   4.26591   2.19394   4.73242
        20         7   4.81203   3.91347   4.32973   3.30245
        20         8   4.94746   4.02931
        20         9   3.79271
        20        10   4.06055
        20        11   4.65164
        21         0   3.51612   2.12668
        21         1   4.80747   1.92118   4.61230
        21         2
        21         3
        21         4
        21         5
        21         6   4.32973   3.30245   4.81203   3.91347
        21         7   2.19394   4.73242   4.26591
        21         8   3.79271
        21         9   4.94746   4.02931
        21        10   4.65164
        21        11   4.06055
        22         0
        22         1
        22         2   4.80747   4.61230   1.92118
        22         3   2.12668   3.51612
        22         4   4.73242   2.19394   4.26591
        22         5   3.30245   4.32973   3.91347   4.81203
        22         6
        22         7
        22         8   3.79271
        22         9   4.02931   4.94746
        22        10   4.65164
        22        11   4.06055
        23         0
        23         1
        23         2   2.12668   3.51612
        23         3   4.61230   1.92118   4.80747
        23         4   3.91347   4.81203   3.30245   4.32973
        23         5   4.26591   4.73242   2.19394
        23         6
        23         7
        23         8   4.02931   4.94746
        23         9   3.79271
        23        10   4.06055
        23        11   4.65164
        24         0
        24         1
        24         2   4.73242   2.19394   4.26591
        24         3   3.30245   4.32973   3.91347   4.81203
        24         4   4.80747   4.61230   1.92118
        24         5   2.12668   3.51612
        24         6
        24         7
        24         8   4.06055
        24         9   4.65164
        24        10   4.02931   4.94746
        24        11   3.79271
        25         0
        25         1
        25         2   3.91347   4.81203   3.30245   4.32973
        25         3   4.26591   4.73242   2.19394
        25         4   2.12668   3.51612
        25         5   4.61230   1.92118   4.80747
        25         6
        25         7
        25         8   4.65164
        25         9   4.06055
        25        10   3.79271
        25        11   4.02931   4.94746
        26         0   4.26591   2.19394   4.73242
        26         1   4.81203   3.91347   4.32973   3.30245
        26         2
        26         3
        26         4
        26         5
        26         6   1.92118   4.61230   4.80747
        26         7   3.51612   2.12668
        26         8   4.65164
        26         9   4.06055
        26        10   3.79271
        26        11   4.94746   4.02931
        27         0   4.32973   3.30245   4.81203   3.91347
        27         1   2.19394   4.73242   4.26591
        27         2
        27         3
        27         4
        27         5
        27         6   3.51612   2.12668
        27         7   4.80747   1.92118   4.61230
        27         8   4.06055
        27         9   4.65164
        27        10   4.94746   4.02931
        27        11   3.79271
        28         0   1.88211   3.63359
        28         1   3.75758
        28         2
        28         3   4.06241
        28         4   4.14468
        28         5
        28         6   4.49525   4.99574
        28         7   4.51457   2.14923   4.28311
        28         8   4.73328   4.53115   2.08987
        28         9
        28        10   3.29910   4.48810   3.81983   4.88365
        28        11
        29         0   3.75758
        29         1   1.88211   3.63359
        29         2   4.06241
        29         3
        29         4
        29         5   4.14468
        29         6   4.28311   4.51457   2.14923
        29         7   4.99574   4.49525
        29         8
        29         9   4.53115   2.08987   4.73328
        29        10
        29        11   3.81983   4.88365   3.29910   4.48810
        30         0
        30         1   4.06241
        30         2   3.63359   1.88211
        30         3   3.75758
        30         4   4.99574   4.49525
        30         5   4.28311   2.14923   4.51457
        30         6   4.14468
        30         7
        30         8
        30         9   2.08987   4.53115   4.73328
        30        10
        30        11   4.88365   3.81983   4.48810   3.29910
        31         0   4.06241
        31         1
        31         2   3.75758
        31         3   3.63359   1.88211
        31         4   2.14923   4.51457   4.28311
        31         5   4.49525   4.99574
        31         6
        31         7   4.14468
        31         8   4.73328   2.08987   4.53115
        31         9
        31        10   4.48810   3.29910   4.88365   3.81983
        31        11
        32         0   4.14468
        32         1
        32         2   4.99574   4.49525
        32         3   4.28311   2.14923   4.51457
        32         4   3.63359   1.88211
        32         5   3.75758
        32         6
        32         7   4.06241
        32         8   4.88365   3.81983   4.48810   3.29910
        32         9
        32        10   2.08987   4.53115   4.73328
        32        11
        33         0
        33         1   4.14468
        33         2   2.14923   4.51457   4.28311
        33         3   4.49525   4.99574
        33         4   3.75758
        33         5   3.63359   1.88211
        33         6   4.06241
        33         7
        33         8
        33         9   4.48810   3.29910   4.88365   3.81983
        33        10
        33        11   4.73328   2.08987   4.53115
        34         0   4.49525   4.99574
        34         1   4.51457   2.14923   4.28311
        34         2   4.14468
        34         3
        34         4
        34         5   4.06241
        34         6   1.88211   3.63359
        34         7   3.75758
        34         8
        34         9   3.29910   4.48810   3.81983   4.88365
        34        10
        34        11   4.73328   4.53115   2.08987
        35         0   4.28311   4.51457   2.14923
        35         1   4.99574   4.49525
        35         2
        35         3   4.14468
        35         4   4.06241
        35         5
        35         6   3.75758
        35         7   1.88211   3.63359
        35         8   3.81983   4.88365   3.29910   4.48810
        35         9
        35        10   4.53115   2.08987   4.73328
        35        11
