 5.0884  0  0  -2.5441999999999987  4.406683664616738  0  8.624881244695022e-16  8.13226721667047  11.500762590657487 
5
0 12  -0.6889439179999994  0.5964841120625826  -1.1346652371942674 
0 13  0.9883173877999996  -0.8934249264154239  0.6685048271071481 
0 14  -0.8669361500000003  -2.098379216197137  -1.1346652371942674 
0 15  0.6889413738000005  2.011681279483161  0.6685048271071481 
0 16  1.555880068  -0.9050933466555708  -1.1346652371942674 
0 17  -1.6772663942  0.2998609431261423  0.6685048271071481 
0 18  -3.233149006399999  4.776142765125574  2.6989299601999557 
0 19  -1.5558800679999993  3.2862211876966856  4.502088523738781 
0 20  -3.4111412384  2.0812794368658536  2.6989299601999557 
0 21  0.6889439180000001  1.7846437289785322  4.502088523738781 
0 22  -0.9883250203999994  3.27456530640742  2.6989299601999557 
0 23  0.8669361500000012  4.479507057238251  4.502088523738781 
0 24  -3.2331464621999992  4.549105214620944  6.532513656831588 
0 25  -4.100085156399999  7.465879840759676  8.335683721133002 
0 26  -0.8669386941999988  6.260925550977962  6.532513656831588 
0 27  -1.8552611703999995  5.964302382041522  8.335683721133002 
0 28  -3.5325224761999987  7.454211420519529  6.532513656831588 
0 29  -1.6772689383999984  8.659165710301243  8.335683721133002 
1 12  1.8552586262000008  2.3950023851335773  -0.6685048271071476 
1 13  3.532519932  0.9050933466555711  1.1346652371942678 
1 14  1.6772663942  -0.2998609431261421  -0.6685048271071476 
1 15  3.233143918000001  3.810199552554156  1.1346652371942678 
1 16  4.1000826122000005  0.8934249264154241  -0.6685048271071476 
1 17  0.8669361500000005  2.098379216197137  1.1346652371942678 
1 18  -0.6889464621999986  6.574661038196568  3.1650903702870754 
1 19  0.988322476200001  5.084739460767681  4.968248933825901 
1 20  -0.8669386941999994  3.879797709936849  3.1650903702870754 
1 21  3.2331464622000006  3.5831620020495274  4.968248933825901 
1 22  1.5558775238000009  5.073083579478415  3.1650903702870754 
1 23  3.4111386942000017  6.278025330309247  4.968248933825901 
1 24  -0.688943917999999  6.34762348769194  6.998674066918708 
1 25  -1.5558826121999985  9.264398113830671  8.801844131220122 
1 26  1.6772638500000014  8.059443824048957  6.998674066918708 
1 27  0.6889413738000009  7.762820655112517  8.801844131220122 
1 28  -0.9883199319999983  9.252729693590524  6.998674066918708 
1 29  0.8669336058000019  10.457683983372238  8.801844131220122 
2 12  1.8552611703999997  -3.583174541000408  -4.96826043458849 
2 13  3.5325224761999987  -5.073083579478414  -3.1650903702870754 
2 14  1.6772689383999988  -6.278037869260128  -4.96826043458849 
2 15  3.2331464621999997  -2.16797737357983  -3.1650903702870754 
2 16  4.100085156399999  -5.084751999718561  -4.96826043458849 
2 17  0.8669386941999992  -3.8797977099368484  -3.1650903702870754 
2 18  -0.6889439179999998  0.5964841120625826  -1.1346652371942678 
2 19  0.9883250203999998  -0.8934374653663051  0.6684933263445574 
2 20  -0.8669361500000006  -2.098379216197137  -1.1346652371942678 
2 21  3.2331490063999992  -2.3950149240844585  0.6684933263445574 
2 22  1.5558800679999998  -0.9050933466555708  -1.1346652371942678 
2 23  3.4111412384000004  0.29984840417526115  0.6684933263445574 
2 24  -0.6889413738000002  0.36944656155795386  2.6989184594373645 
2 25  -1.5558800679999996  3.286221187696685  4.502088523738778 
2 26  1.6772663942000003  2.081266897914971  2.6989184594373645 
2 27  0.6889439179999997  1.7846437289785309  4.502088523738778 
2 28  -0.9883173877999996  3.2745527674565382  2.6989184594373645 
2 29  0.8669361500000007  4.479507057238252  4.502088523738778 
3 12  -0.6889439179999999  -1.7846437289785313  -4.502088523738781 
3 13  0.9883173877999991  -3.274552767456538  -2.698918459437365 
3 14  -0.8669361500000008  -4.479507057238251  -4.502088523738781 
3 15  0.6889413738000001  -0.36944656155795297  -2.698918459437365 
3 16  1.5558800679999996  -3.2862211876966847  -4.502088523738781 
3 17  -1.6772663942000003  -2.0812668979149715  -2.698918459437365 
3 18  -3.2331490063999992  2.3950149240844594  -0.6684933263445574 
3 19  -1.5558800679999998  0.9050933466555717  1.1346652371942678 
3 20  -3.4111412384  -0.29984840417526026  -0.6684933263445574 
3 21  0.6889439179999997  -0.5964841120625817  1.1346652371942678 
3 22  -0.9883250203999998  0.893437465366306  -0.6684933263445574 
3 23  0.8669361500000008  2.098379216197138  1.1346652371942678 
3 24  -3.2331464621999997  2.1679773735798307  3.165090370287075 
3 25  -4.100085156399999  5.084751999718562  4.968260434588489 
3 26  -0.8669386941999992  3.879797709936848  3.165090370287075 
3 27  -1.8552611704  3.5831745410004077  4.968260434588489 
3 28  -3.532522476199999  5.073083579478415  3.165090370287075 
3 29  -1.6772689383999988  6.278037869260129  4.968260434588489 
4 12  1.8552586262000004  -3.3561369904957794  -8.801844131220124 
4 13  3.532519931999999  -4.846046028973786  -6.998674066918708 
4 14  1.6772663941999995  -6.051000318755499  -8.801844131220124 
4 15  3.233143918  -1.940939823075201  -6.998674066918708 
4 16  4.1000826122  -4.857714449213933  -8.801844131220124 
4 17  0.8669361499999998  -3.6527601594322197  -6.998674066918708 
4 18  -0.6889464621999992  0.8235216625672113  -4.9682489338259 
4 19  0.9883224762000004  -0.6663999148616764  -3.165090370287075 
4 20  -0.8669386942  -1.8713416656925084  -4.9682489338259 
4 21  3.2331464621999997  -2.16797737357983  -3.165090370287075 
4 22  1.5558775238000004  -0.6780557961509421  -4.9682489338259 
4 23  3.411138694200001  0.5268859546798899  -3.165090370287075 
4 24  -0.6889439179999997  0.5964841120625826  -1.1346652371942678 
4 25  -1.555882612199999  3.513258738201314  0.6685048271071459 
4 26  1.677263850000001  2.3083044484196  -1.1346652371942678 
4 27  0.6889413738000002  2.0116812794831596  0.6685048271071459 
4 28  -0.988319931999999  3.501590317961167  -1.1346652371942678 
4 29  0.8669336058000012  4.706544607742881  0.6685048271071459 
5 12  1.8552611703999995  -5.964302382041522  -8.335683721133003 
5 13  3.5325224761999983  -7.454211420519529  -6.532513656831588 
5 14  1.6772689383999986  -8.659165710301242  -8.335683721133003 
5 15  3.2331464621999992  -4.549105214620944  -6.532513656831588 
5 16  4.100085156399999  -7.465879840759676  -8.335683721133003 
5 17  0.866938694199999  -6.260925550977962  -6.532513656831588 
5 18  -0.688943918  -1.7846437289785317  -4.50208852373878 
5 19  0.9883250203999996  -3.2745653064074194  -2.698929960199955 
5 20  -0.8669361500000008  -4.479507057238251  -4.50208852373878 
5 21  3.233149006399999  -4.776142765125573  -2.698929960199955 
5 22  1.5558800679999996  -3.286221187696685  -4.50208852373878 
5 23  3.4111412384  -2.081279436865853  -2.698929960199955 
5 24  -0.6889413738000004  -2.0116812794831604  -0.6685048271071476 
5 25  -1.5558800679999998  0.9050933466555708  1.134665237194266 
5 26  1.6772663942000001  -0.2998609431261432  -0.6685048271071476 
5 27  0.6889439179999994  -0.5964841120625834  1.134665237194266 
5 28  -0.9883173877999998  0.8934249264154239  -0.6685048271071476 
5 29  0.8669361500000005  2.098379216197138  1.134665237194266 
6 12  1.8552611704  -1.8837746607327799  -2.564946076018795 
6 13  3.5325224761999987  -3.3736836992107864  -0.7617760117173797 
6 14  1.677268938399999  -4.578637988992499  -2.564946076018795 
6 15  3.2331464621999997  -0.46857749331220155  -0.7617760117173797 
6 16  4.1000851564  -3.3853521194509333  -2.564946076018795 
6 17  0.8669386941999995  -2.18039782966922  -0.7617760117173797 
6 18  -0.6889439179999995  2.295883992330211  1.2686491213754278 
6 19  0.9883250204  0.8059624149013231  3.071807684914253 
6 20  -0.8669361500000003  -0.39897933592950885  1.2686491213754278 
6 21  3.2331490063999992  -0.6956150438168303  3.071807684914253 
6 22  1.555880068  0.7943065336120574  1.2686491213754278 
6 23  3.4111412384000004  1.9992482844428894  3.071807684914253 
6 24  -0.6889413738  2.068846441825582  5.10223281800706 
6 25  -1.5558800679999993  4.985621067964313  6.905402882308474 
6 26  1.6772663942000006  3.7806667781825993  5.10223281800706 
6 27  0.6889439179999999  3.484043609246159  6.905402882308474 
6 28  -0.9883173877999993  4.9739526477241665  5.10223281800706 
6 29  0.8669361500000009  6.1789069375058805  6.905402882308474 
7 12  1.8552611704000002  0.46856495436132084  0.7617645109547894 
7 13  3.532522476199999  -1.0213440841166856  2.564934575256205 
7 14  1.6772689383999992  -2.226298373898399  0.7617645109547894 
7 15  3.2331464622  1.8837621217818992  2.564934575256205 
7 16  4.1000851564  -1.0330125043568326  0.7617645109547894 
7 17  0.8669386941999997  0.1719417854248806  2.564934575256205 
7 18  -0.6889439179999993  4.6482236074243115  4.5953597083490125 
7 19  0.9883250204000003  3.158302029995424  6.398518271887838 
7 20  -0.8669361500000001  1.9533602791645919  4.5953597083490125 
7 21  3.2331490063999997  1.6567245712772705  6.398518271887838 
7 22  1.5558800680000002  3.146646148706158  4.5953597083490125 
7 23  3.411141238400001  4.35158789953699  6.398518271887838 
7 24  -0.6889413737999998  4.421186056919683  8.428943404980645 
7 25  -1.5558800679999991  7.337960683058414  10.232113469282059 
7 26  1.6772663942000008  6.1330063932767  8.428943404980645 
7 27  0.6889439180000001  5.83638322434026  10.232113469282059 
7 28  -0.9883173877999991  7.326292262818267  8.428943404980645 
7 29  0.8669361500000011  8.531246552599981  10.232113469282059 
8 12  1.8552586262000004  -1.6567371102281512  -6.398529772650429 
8 13  3.5325199319999996  -3.1466461487061577  -4.595359708349013 
8 14  1.6772663941999995  -4.351600438487871  -6.398529772650429 
8 15  3.2331439180000006  -0.24153994280757285  -4.595359708349013 
8 16  4.1000826122  -3.1583145689463046  -6.398529772650429 
8 17  0.86693615  -1.9533602791645914  -4.595359708349013 
8 18  -0.688946462199999  2.5229215428348395  -2.5649345752562054 
8 19  0.9883224762000006  1.0329999654059518  -0.7617760117173802 
8 20  -0.8669386941999998  -0.17194178542488014  -2.5649345752562054 
8 21  3.2331464622  -0.46857749331220155  -0.7617760117173802 
8 22  1.5558775238000004  1.021344084116686  -2.5649345752562054 
8 23  3.4111386942000013  2.226285834947518  -0.7617760117173802 
8 24  -0.6889439179999994  2.295883992330211  1.268649121375427 
8 25  -1.555882612199999  5.212658618468942  3.0718191856768406 
8 26  1.677263850000001  4.007704328687228  1.268649121375427 
8 27  0.6889413738000004  3.711081159750788  3.0718191856768406 
8 28  -0.9883199319999988  5.200990198228795  1.268649121375427 
8 29  0.8669336058000014  6.405944488010509  3.0718191856768406 
9 12  1.8552586262000008  0.6956025048659491  -3.071819185676843 
9 13  3.5325199319999996  -0.7943065336120574  -1.2686491213754274 
9 14  1.6772663942  -1.9992608233937705  -3.071819185676843 
9 15  3.2331439180000006  2.1107996722865274  -1.2686491213754274 
9 16  4.1000826122000005  -0.8059749538522043  -3.071819185676843 
9 17  0.8669361500000002  0.39897933592950885  -1.2686491213754274 
9 18  -0.6889464621999988  4.875261157928939  0.7617760117173802 
9 19  0.9883224762000008  3.385339580500052  2.5649345752562054 
9 20  -0.8669386941999996  2.18039782966922  0.7617760117173802 
9 21  3.2331464622  1.8837621217818987  2.5649345752562054 
9 22  1.5558775238000009  3.3736836992107864  0.7617760117173802 
9 23  3.4111386942000013  4.578625450041619  2.5649345752562054 
9 24  -0.6889439179999992  4.6482236074243115  4.5953597083490125 
9 25  -1.5558826121999985  7.564998233563042  6.398529772650426 
9 26  1.6772638500000014  6.360043943781328  4.5953597083490125 
9 27  0.6889413738000006  6.063420774844888  6.398529772650426 
9 28  -0.9883199319999986  7.553329813322895  4.5953597083490125 
9 29  0.8669336058000017  8.758284103104609  6.398529772650426 
10 12  -0.6889439180000003  -5.83638322434026  -10.23211346928206 
10 13  0.9883173877999987  -7.326292262818267  -8.428943404980645 
10 14  -0.8669361500000012  -8.53124655259998  -10.23211346928206 
10 15  0.6889413737999996  -4.421186056919682  -8.428943404980645 
10 16  1.5558800679999991  -7.337960683058414  -10.23211346928206 
10 17  -1.6772663942000008  -6.1330063932767  -8.428943404980645 
10 18  -3.2331490063999997  -1.6567245712772696  -6.398518271887837 
10 19  -1.5558800680000002  -3.146646148706157  -4.595359708349012 
10 20  -3.411141238400001  -4.351587899536989  -6.398518271887837 
10 21  0.6889439179999992  -4.648223607424311  -4.595359708349012 
10 22  -0.9883250204000003  -3.158302029995423  -6.398518271887837 
10 23  0.8669361500000003  -1.953360279164591  -4.595359708349012 
10 24  -3.2331464622  -1.8837621217818983  -2.5649345752562045 
10 25  -4.1000851564  1.033012504356833  -0.7617645109547908 
10 26  -0.8669386941999997  -0.17194178542488103  -2.5649345752562045 
10 27  -1.8552611704000004  -0.4685649543613213  -0.7617645109547908 
10 28  -3.5325224761999996  1.021344084116686  -2.5649345752562045 
10 29  -1.6772689383999992  2.2262983738984  -0.7617645109547908 
11 12  -0.6889439179999999  -3.4840436092461595  -6.905402882308474 
11 13  0.9883173877999991  -4.9739526477241665  -5.102232818007058 
11 14  -0.8669361500000008  -6.178906937505879  -6.905402882308474 
11 15  0.6889413738000001  -2.068846441825581  -5.102232818007058 
11 16  1.5558800679999996  -4.985621067964313  -6.905402882308474 
11 17  -1.6772663942000003  -3.7806667781825998  -5.102232818007058 
11 18  -3.2331490063999992  0.6956150438168311  -3.0718076849142513 
11 19  -1.5558800679999998  -0.7943065336120565  -1.268649121375426 
11 20  -3.4111412384  -1.9992482844428885  -3.0718076849142513 
11 21  0.6889439179999997  -2.29588399233021  -1.268649121375426 
11 22  -0.9883250203999998  -0.8059624149013223  -3.0718076849142513 
11 23  0.8669361500000008  0.39897933592950974  -1.268649121375426 
11 24  -3.2331464621999997  0.46857749331220244  0.7617760117173811 
11 25  -4.100085156399999  3.3853521194509337  2.5649460760187948 
11 26  -0.8669386941999992  2.1803978296692197  0.7617760117173811 
11 27  -1.8552611704  1.8837746607327794  2.5649460760187948 
11 28  -3.532522476199999  3.373683699210787  0.7617760117173811 
11 29  -1.6772689383999988  4.578637988992501  2.5649460760187948 
12 0  0.6889439179999994  -0.5964841120625826  1.1346652371942674 
12 1  -1.8552586262000008  -2.3950023851335773  0.6685048271071476 
12 2  -1.8552611703999997  3.583174541000408  4.96826043458849 
12 3  0.6889439179999999  1.7846437289785313  4.502088523738781 
12 4  -1.8552586262000004  3.3561369904957794  8.801844131220124 
12 5  -1.8552611703999995  5.964302382041522  8.335683721133003 
12 6  -1.8552611704  1.8837746607327799  2.564946076018795 
12 7  -1.8552611704000002  -0.46856495436132084  -0.7617645109547894 
12 8  -1.8552586262000004  1.6567371102281512  6.398529772650429 
12 9  -1.8552586262000008  -0.6956025048659491  3.071819185676843 
12 10  0.6889439180000003  5.83638322434026  10.23211346928206 
12 11  0.6889439179999999  3.4840436092461595  6.905402882308474 
13 0  -0.9883173877999996  0.8934249264154239  -0.6685048271071481 
13 1  -3.532519932  -0.9050933466555711  -1.1346652371942678 
13 2  -3.5325224761999987  5.073083579478414  3.1650903702870754 
13 3  -0.9883173877999991  3.274552767456538  2.698918459437365 
13 4  -3.532519931999999  4.846046028973786  6.998674066918708 
13 5  -3.5325224761999983  7.454211420519529  6.532513656831588 
13 6  -3.5325224761999987  3.3736836992107864  0.7617760117173797 
13 7  -3.532522476199999  1.0213440841166856  -2.564934575256205 
13 8  -3.5325199319999996  3.1466461487061577  4.595359708349013 
13 9  -3.5325199319999996  0.7943065336120574  1.2686491213754274 
13 10  -0.9883173877999987  7.326292262818267  8.428943404980645 
13 11  -0.9883173877999991  4.9739526477241665  5.102232818007058 
14 0  0.8669361500000003  2.098379216197137  1.1346652371942674 
14 1  -1.6772663942  0.2998609431261421  0.6685048271071476 
14 2  -1.6772689383999988  6.278037869260128  4.96826043458849 
14 3  0.8669361500000008  4.479507057238251  4.502088523738781 
14 4  -1.6772663941999995  6.051000318755499  8.801844131220124 
14 5  -1.6772689383999986  8.659165710301242  8.335683721133003 
14 6  -1.677268938399999  4.578637988992499  2.564946076018795 
14 7  -1.6772689383999992  2.226298373898399  -0.7617645109547894 
14 8  -1.6772663941999995  4.351600438487871  6.398529772650429 
14 9  -1.6772663942  1.9992608233937705  3.071819185676843 
14 10  0.8669361500000012  8.53124655259998  10.23211346928206 
14 11  0.8669361500000008  6.178906937505879  6.905402882308474 
15 0  -0.6889413738000005  -2.011681279483161  -0.6685048271071481 
15 1  -3.233143918000001  -3.810199552554156  -1.1346652371942678 
15 2  -3.2331464621999997  2.16797737357983  3.1650903702870754 
15 3  -0.6889413738000001  0.36944656155795297  2.698918459437365 
15 4  -3.233143918  1.940939823075201  6.998674066918708 
15 5  -3.2331464621999992  4.549105214620944  6.532513656831588 
15 6  -3.2331464621999997  0.46857749331220155  0.7617760117173797 
15 7  -3.2331464622  -1.8837621217818992  -2.564934575256205 
15 8  -3.2331439180000006  0.24153994280757285  4.595359708349013 
15 9  -3.2331439180000006  -2.1107996722865274  1.2686491213754274 
15 10  -0.6889413737999996  4.421186056919682  8.428943404980645 
15 11  -0.6889413738000001  2.068846441825581  5.102232818007058 
16 0  -1.555880068  0.9050933466555708  1.1346652371942674 
16 1  -4.1000826122000005  -0.8934249264154241  0.6685048271071476 
16 2  -4.100085156399999  5.084751999718561  4.96826043458849 
16 3  -1.5558800679999996  3.2862211876966847  4.502088523738781 
16 4  -4.1000826122  4.857714449213933  8.801844131220124 
16 5  -4.100085156399999  7.465879840759676  8.335683721133003 
16 6  -4.1000851564  3.3853521194509333  2.564946076018795 
16 7  -4.1000851564  1.0330125043568326  -0.7617645109547894 
16 8  -4.1000826122  3.1583145689463046  6.398529772650429 
16 9  -4.1000826122000005  0.8059749538522043  3.071819185676843 
16 10  -1.5558800679999991  7.337960683058414  10.23211346928206 
16 11  -1.5558800679999996  4.985621067964313  6.905402882308474 
17 0  1.6772663942  -0.2998609431261423  -0.6685048271071481 
17 1  -0.8669361500000005  -2.098379216197137  -1.1346652371942678 
17 2  -0.8669386941999992  3.8797977099368484  3.1650903702870754 
17 3  1.6772663942000003  2.0812668979149715  2.698918459437365 
17 4  -0.8669361499999998  3.6527601594322197  6.998674066918708 
17 5  -0.866938694199999  6.260925550977962  6.532513656831588 
17 6  -0.8669386941999995  2.18039782966922  0.7617760117173797 
17 7  -0.8669386941999997  -0.1719417854248806  -2.564934575256205 
17 8  -0.86693615  1.9533602791645914  4.595359708349013 
17 9  -0.8669361500000002  -0.39897933592950885  1.2686491213754274 
17 10  1.6772663942000008  6.1330063932767  8.428943404980645 
17 11  1.6772663942000003  3.7806667781825998  5.102232818007058 
18 0  3.233149006399999  -4.776142765125574  -2.6989299601999557 
18 1  0.6889464621999986  -6.574661038196568  -3.1650903702870754 
18 2  0.6889439179999998  -0.5964841120625826  1.1346652371942678 
18 3  3.2331490063999992  -2.3950149240844594  0.6684933263445574 
18 4  0.6889464621999992  -0.8235216625672113  4.9682489338259 
18 5  0.688943918  1.7846437289785317  4.50208852373878 
18 6  0.6889439179999995  -2.295883992330211  -1.2686491213754278 
18 7  0.6889439179999993  -4.6482236074243115  -4.5953597083490125 
18 8  0.688946462199999  -2.5229215428348395  2.5649345752562054 
18 9  0.6889464621999988  -4.875261157928939  -0.7617760117173802 
18 10  3.2331490063999997  1.6567245712772696  6.398518271887837 
18 11  3.2331490063999992  -0.6956150438168311  3.0718076849142513 
19 0  1.5558800679999993  -3.2862211876966856  -4.502088523738781 
19 1  -0.988322476200001  -5.084739460767681  -4.968248933825901 
19 2  -0.9883250203999998  0.8934374653663051  -0.6684933263445574 
19 3  1.5558800679999998  -0.9050933466555717  -1.1346652371942678 
19 4  -0.9883224762000004  0.6663999148616764  3.165090370287075 
19 5  -0.9883250203999996  3.2745653064074194  2.698929960199955 
19 6  -0.9883250204  -0.8059624149013231  -3.071807684914253 
19 7  -0.9883250204000003  -3.158302029995424  -6.398518271887838 
19 8  -0.9883224762000006  -1.0329999654059518  0.7617760117173802 
19 9  -0.9883224762000008  -3.385339580500052  -2.5649345752562054 
19 10  1.5558800680000002  3.146646148706157  4.595359708349012 
19 11  1.5558800679999998  0.7943065336120565  1.268649121375426 
20 0  3.4111412384  -2.0812794368658536  -2.6989299601999557 
20 1  0.8669386941999994  -3.879797709936849  -3.1650903702870754 
20 2  0.8669361500000006  2.098379216197137  1.1346652371942678 
20 3  3.4111412384  0.29984840417526026  0.6684933263445574 
20 4  0.8669386942  1.8713416656925084  4.9682489338259 
20 5  0.8669361500000008  4.479507057238251  4.50208852373878 
20 6  0.8669361500000003  0.39897933592950885  -1.2686491213754278 
20 7  0.8669361500000001  -1.9533602791645919  -4.5953597083490125 
20 8  0.8669386941999998  0.17194178542488014  2.5649345752562054 
20 9  0.8669386941999996  -2.18039782966922  -0.7617760117173802 
20 10  3.411141238400001  4.351587899536989  6.398518271887837 
20 11  3.4111412384  1.9992482844428885  3.0718076849142513 
21 0  -0.6889439180000001  -1.7846437289785322  -4.502088523738781 
21 1  -3.2331464622000006  -3.5831620020495274  -4.968248933825901 
21 2  -3.2331490063999992  2.3950149240844585  -0.6684933263445574 
21 3  -0.6889439179999997  0.5964841120625817  -1.1346652371942678 
21 4  -3.2331464621999997  2.16797737357983  3.165090370287075 
21 5  -3.233149006399999  4.776142765125573  2.698929960199955 
21 6  -3.2331490063999992  0.6956150438168303  -3.071807684914253 
21 7  -3.2331490063999997  -1.6567245712772705  -6.398518271887838 
21 8  -3.2331464622  0.46857749331220155  0.7617760117173802 
21 9  -3.2331464622  -1.8837621217818987  -2.5649345752562054 
21 10  -0.6889439179999992  4.648223607424311  4.595359708349012 
21 11  -0.6889439179999997  2.29588399233021  1.268649121375426 
22 0  0.9883250203999994  -3.27456530640742  -2.6989299601999557 
22 1  -1.5558775238000009  -5.073083579478415  -3.1650903702870754 
22 2  -1.5558800679999998  0.9050933466555708  1.1346652371942678 
22 3  0.9883250203999998  -0.893437465366306  0.6684933263445574 
22 4  -1.5558775238000004  0.6780557961509421  4.9682489338259 
22 5  -1.5558800679999996  3.286221187696685  4.50208852373878 
22 6  -1.555880068  -0.7943065336120574  -1.2686491213754278 
22 7  -1.5558800680000002  -3.146646148706158  -4.5953597083490125 
22 8  -1.5558775238000004  -1.021344084116686  2.5649345752562054 
22 9  -1.5558775238000009  -3.3736836992107864  -0.7617760117173802 
22 10  0.9883250204000003  3.158302029995423  6.398518271887837 
22 11  0.9883250203999998  0.8059624149013223  3.0718076849142513 
23 0  -0.8669361500000012  -4.479507057238251  -4.502088523738781 
23 1  -3.4111386942000017  -6.278025330309247  -4.968248933825901 
23 2  -3.4111412384000004  -0.29984840417526115  -0.6684933263445574 
23 3  -0.8669361500000008  -2.098379216197138  -1.1346652371942678 
23 4  -3.411138694200001  -0.5268859546798899  3.165090370287075 
23 5  -3.4111412384  2.081279436865853  2.698929960199955 
23 6  -3.4111412384000004  -1.9992482844428894  -3.071807684914253 
23 7  -3.411141238400001  -4.35158789953699  -6.398518271887838 
23 8  -3.4111386942000013  -2.226285834947518  0.7617760117173802 
23 9  -3.4111386942000013  -4.578625450041619  -2.5649345752562054 
23 10  -0.8669361500000003  1.953360279164591  4.595359708349012 
23 11  -0.8669361500000008  -0.39897933592950974  1.268649121375426 
24 0  3.2331464621999992  -4.549105214620944  -6.532513656831588 
24 1  0.688943917999999  -6.34762348769194  -6.998674066918708 
24 2  0.6889413738000002  -0.36944656155795386  -2.6989184594373645 
24 3  3.2331464621999997  -2.1679773735798307  -3.165090370287075 
24 4  0.6889439179999997  -0.5964841120625826  1.1346652371942678 
24 5  0.6889413738000004  2.0116812794831604  0.6685048271071476 
24 6  0.6889413738  -2.068846441825582  -5.10223281800706 
24 7  0.6889413737999998  -4.421186056919683  -8.428943404980645 
24 8  0.6889439179999994  -2.295883992330211  -1.268649121375427 
24 9  0.6889439179999992  -4.6482236074243115  -4.5953597083490125 
24 10  3.2331464622  1.8837621217818983  2.5649345752562045 
24 11  3.2331464621999997  -0.46857749331220244  -0.7617760117173811 
25 0  4.100085156399999  -7.465879840759676  -8.335683721133002 
25 1  1.5558826121999985  -9.264398113830671  -8.801844131220122 
25 2  1.5558800679999996  -3.286221187696685  -4.502088523738778 
25 3  4.100085156399999  -5.084751999718562  -4.968260434588489 
25 4  1.555882612199999  -3.513258738201314  -0.6685048271071459 
25 5  1.5558800679999998  -0.9050933466555708  -1.134665237194266 
25 6  1.5558800679999993  -4.985621067964313  -6.905402882308474 
25 7  1.5558800679999991  -7.337960683058414  -10.232113469282059 
25 8  1.555882612199999  -5.212658618468942  -3.0718191856768406 
25 9  1.5558826121999985  -7.564998233563042  -6.398529772650426 
25 10  4.1000851564  -1.033012504356833  0.7617645109547908 
25 11  4.100085156399999  -3.3853521194509337  -2.5649460760187948 
26 0  0.8669386941999988  -6.260925550977962  -6.532513656831588 
26 1  -1.6772638500000014  -8.059443824048957  -6.998674066918708 
26 2  -1.6772663942000003  -2.081266897914971  -2.6989184594373645 
26 3  0.8669386941999992  -3.879797709936848  -3.165090370287075 
26 4  -1.677263850000001  -2.3083044484196  1.1346652371942678 
26 5  -1.6772663942000001  0.2998609431261432  0.6685048271071476 
26 6  -1.6772663942000006  -3.7806667781825993  -5.10223281800706 
26 7  -1.6772663942000008  -6.1330063932767  -8.428943404980645 
26 8  -1.677263850000001  -4.007704328687228  -1.268649121375427 
26 9  -1.6772638500000014  -6.360043943781328  -4.5953597083490125 
26 10  0.8669386941999997  0.17194178542488103  2.5649345752562045 
26 11  0.8669386941999992  -2.1803978296692197  -0.7617760117173811 
27 0  1.8552611703999995  -5.964302382041522  -8.335683721133002 
27 1  -0.6889413738000009  -7.762820655112517  -8.801844131220122 
27 2  -0.6889439179999997  -1.7846437289785309  -4.502088523738778 
27 3  1.8552611704  -3.5831745410004077  -4.968260434588489 
27 4  -0.6889413738000002  -2.0116812794831596  -0.6685048271071459 
27 5  -0.6889439179999994  0.5964841120625834  -1.134665237194266 
27 6  -0.6889439179999999  -3.484043609246159  -6.905402882308474 
27 7  -0.6889439180000001  -5.83638322434026  -10.232113469282059 
27 8  -0.6889413738000004  -3.711081159750788  -3.0718191856768406 
27 9  -0.6889413738000006  -6.063420774844888  -6.398529772650426 
27 10  1.8552611704000004  0.4685649543613213  0.7617645109547908 
27 11  1.8552611704  -1.8837746607327794  -2.5649460760187948 
28 0  3.5325224761999987  -7.454211420519529  -6.532513656831588 
28 1  0.9883199319999983  -9.252729693590524  -6.998674066918708 
28 2  0.9883173877999996  -3.2745527674565382  -2.6989184594373645 
28 3  3.532522476199999  -5.073083579478415  -3.165090370287075 
28 4  0.988319931999999  -3.501590317961167  1.1346652371942678 
28 5  0.9883173877999998  -0.8934249264154239  0.6685048271071476 
28 6  0.9883173877999993  -4.9739526477241665  -5.10223281800706 
28 7  0.9883173877999991  -7.326292262818267  -8.428943404980645 
28 8  0.9883199319999988  -5.200990198228795  -1.268649121375427 
28 9  0.9883199319999986  -7.553329813322895  -4.5953597083490125 
28 10  3.5325224761999996  -1.021344084116686  2.5649345752562045 
28 11  3.532522476199999  -3.373683699210787  -0.7617760117173811 
29 0  1.6772689383999984  -8.659165710301243  -8.335683721133002 
29 1  -0.8669336058000019  -10.457683983372238  -8.801844131220122 
29 2  -0.8669361500000007  -4.479507057238252  -4.502088523738778 
29 3  1.6772689383999988  -6.278037869260129  -4.968260434588489 
29 4  -0.8669336058000012  -4.706544607742881  -0.6685048271071459 
29 5  -0.8669361500000005  -2.098379216197138  -1.134665237194266 
29 6  -0.8669361500000009  -6.1789069375058805  -6.905402882308474 
29 7  -0.8669361500000011  -8.531246552599981  -10.232113469282059 
29 8  -0.8669336058000014  -6.405944488010509  -3.0718191856768406 
29 9  -0.8669336058000017  -8.758284103104609  -6.398529772650426 
29 10  1.6772689383999992  -2.2262983738984  0.7617645109547908 
29 11  1.6772689383999988  -4.578637988992501  -2.5649460760187948 