 9.845  0  0  5.525606357752857e-16  9.024  0  -1.3345019397884237  0.0  5.072388941386587 
5
0 16  6.231060439129372  2.6178624  -0.49455792178519253 
0 17  6.8983114090235835  0.9863231999999997  -3.0307523924784854 
0 18  3.6139395608706293  2.6178624  0.4945579217851921 
0 19  4.2811905307648415  0.9863231999999997  -2.041636548908101 
0 20  8.396129758783403  4.0228991999999995  0.36926991493294326 
0 21  9.063380728677615  -0.41871360000000024  -2.1669245557603496 
0 22  1.4488702412165977  4.0228991999999995  -0.36926991493294326 
0 23  2.1161212111108094  -0.41871360000000024  -2.905464385626237 
0 24  8.712919098137668  1.9807680000000003  -1.3025894801480753 
0 25  8.045668128243456  1.6234175999999998  1.2336049905452176 
0 26  2.4665828416507565  1.9807680000000003  -3.7697994612385113 
0 27  1.7993318717565445  1.6234175999999998  -1.2336049905452176 
0 28  1.3085604391293715  -1.8941376  -0.49455792178519253 
0 29  1.9758114090235837  5.4983232  -3.0307523924784854 
0 30  8.53643956087063  -1.8941376  0.4945579217851921 
0 31  9.203690530764842  5.4983232  -2.041636548908101 
0 32  3.473629758783403  -0.4891008000000001  0.36926991493294326 
0 33  4.140880728677615  4.093286399999999  -2.1669245557603496 
0 34  6.371370241216597  -0.4891008000000001  -0.36926991493294326 
0 35  7.038621211110809  4.093286399999999  -2.905464385626237 
0 36  3.790419098137667  -2.531232  -1.3025894801480753 
0 37  3.1231681282434556  6.1354175999999985  1.2336049905452176 
0 38  7.389082841650756  -2.531232  -3.7697994612385113 
0 39  6.721831871756545  6.1354175999999985  -1.2336049905452176 
1 16  5.56380946923516  -0.9863231999999993  2.0416365489081008 
1 17  6.231060439129371  -2.6178623999999995  -0.4945579217851922 
1 18  2.9466885909764176  -0.9863231999999993  3.0307523924784854 
1 19  3.6139395608706293  -2.6178623999999995  0.4945579217851921 
1 20  7.72887878888919  0.41871360000000024  2.9054643856262365 
1 21  8.396129758783403  -4.0228991999999995  0.3692699149329435 
1 22  0.7816192713223855  0.41871360000000024  2.16692455576035 
1 23  1.4488702412165972  -4.0228991999999995  -0.3692699149329435 
1 24  8.045668128243456  -1.623417599999999  1.233604990545218 
1 25  7.378417158349243  -1.9807679999999994  3.769799461238511 
1 26  1.7993318717565443  -1.623417599999999  -1.2336049905452178 
1 27  1.1320809018623326  -1.9807679999999994  1.3025894801480757 
1 28  0.6413094692351593  -5.4983232  2.0416365489081008 
1 29  1.3085604391293715  1.8941376000000005  -0.4945579217851922 
1 30  7.8691885909764165  -5.4983232  3.0307523924784854 
1 31  8.53643956087063  1.8941376000000005  0.4945579217851921 
1 32  2.806378788889191  -4.093286399999999  2.9054643856262365 
1 33  3.473629758783403  0.4891008000000001  0.3692699149329435 
1 34  5.7041192713223845  -4.093286399999999  2.16692455576035 
1 35  6.371370241216597  0.4891008000000001  -0.3692699149329435 
1 36  3.123168128243455  -6.135417599999999  1.233604990545218 
1 37  2.455917158349244  2.5312319999999993  3.769799461238511 
1 38  6.721831871756544  -6.135417599999999  -1.2336049905452178 
1 39  6.054580901862333  2.5312319999999993  1.3025894801480757 
2 16  1.3085604391293724  -1.8941375999999996  -0.49455792178519253 
2 17  1.9758114090235837  -3.5256768  -3.0307523924784854 
2 18  -1.3085604391293706  -1.8941375999999996  0.4945579217851921 
2 19  -0.6413094692351589  -3.5256768  -2.041636548908101 
2 20  3.4736297587834026  -0.4891008000000001  0.36926991493294326 
2 21  4.1408807286776135  -4.9307136  -2.1669245557603496 
2 22  -3.4736297587834026  -0.4891008000000001  -0.36926991493294326 
2 23  -2.806378788889191  -4.9307136  -2.905464385626237 
2 24  3.7904190981376673  -2.5312319999999993  -1.3025894801480753 
2 25  3.123168128243455  -2.8885823999999998  1.2336049905452176 
2 26  -2.4559171583492434  -2.5312319999999993  -3.7697994612385113 
2 27  -3.1231681282434556  -2.8885823999999998  -1.2336049905452176 
2 28  -3.613939560870629  -6.406137599999999  -0.49455792178519253 
2 29  -2.9466885909764162  0.9863232000000002  -3.0307523924784854 
2 30  3.613939560870629  -6.406137599999999  0.4945579217851921 
2 31  4.281190530764841  0.9863232000000002  -2.041636548908101 
2 32  -1.4488702412165972  -5.0011008  0.36926991493294326 
2 33  -0.7816192713223851  -0.41871360000000024  -2.1669245557603496 
2 34  1.4488702412165968  -5.0011008  -0.36926991493294326 
2 35  2.116121211110809  -0.41871360000000024  -2.905464385626237 
2 36  -1.132080901862333  -7.043232  -1.3025894801480753 
2 37  -1.7993318717565443  1.623417599999999  1.2336049905452176 
2 38  2.4665828416507565  -7.043232  -3.7697994612385113 
2 39  1.7993318717565452  1.623417599999999  -1.2336049905452176 
3 16  0.6413094692351606  3.5256768000000003  2.0416365489081008 
3 17  1.308560439129372  1.8941375999999999  -0.4945579217851922 
3 18  -1.9758114090235823  3.5256768000000003  3.0307523924784854 
3 19  -1.3085604391293706  1.8941375999999999  0.4945579217851921 
3 20  2.806378788889191  4.9307136  2.9054643856262365 
3 21  3.473629758783402  0.4891007999999999  0.3692699149329435 
3 22  -4.140880728677614  4.9307136  2.16692455576035 
3 23  -3.4736297587834026  0.4891007999999999  -0.3692699149329435 
3 24  3.1231681282434556  2.8885824000000007  1.233604990545218 
3 25  2.4559171583492434  2.531232  3.769799461238511 
3 26  -3.1231681282434556  2.8885824000000007  -1.2336049905452178 
3 27  -3.7904190981376673  2.531232  1.3025894801480757 
3 28  -4.281190530764841  -0.9863232  2.0416365489081008 
3 29  -3.6139395608706284  6.4061376  -0.4945579217851922 
3 30  2.946688590976417  -0.9863232  3.0307523924784854 
3 31  3.6139395608706293  6.4061376  0.4945579217851921 
3 32  -2.116121211110809  0.4187136  2.9054643856262365 
3 33  -1.4488702412165968  5.0011008  0.3692699149329435 
3 34  0.7816192713223851  0.4187136  2.16692455576035 
3 35  1.4488702412165972  5.0011008  -0.3692699149329435 
3 36  -1.7993318717565447  -1.6234175999999998  1.233604990545218 
3 37  -2.466582841650756  7.043231999999999  3.769799461238511 
3 38  1.7993318717565447  -1.6234175999999998  -1.2336049905452178 
3 39  1.1320809018623335  7.043231999999999  1.3025894801480757 
4 16  6.231060439129372  -2.8615103999999985  -0.49455792178519253 
4 17  6.8983114090235835  -4.493049599999999  -3.0307523924784854 
4 18  3.6139395608706293  -2.8615103999999985  0.4945579217851921 
4 19  4.281190530764841  -4.493049599999999  -2.041636548908101 
4 20  8.396129758783403  -1.456473599999999  0.36926991493294326 
4 21  9.063380728677615  -5.898086399999999  -2.1669245557603496 
4 22  1.4488702412165972  -1.456473599999999  -0.36926991493294326 
4 23  2.116121211110809  -5.898086399999999  -2.905464385626237 
4 24  8.712919098137668  -3.498604799999998  -1.3025894801480753 
4 25  8.045668128243456  -3.8559551999999986  1.2336049905452176 
4 26  2.466582841650756  -3.498604799999998  -3.7697994612385113 
4 27  1.7993318717565443  -3.8559551999999986  -1.2336049905452176 
4 28  1.308560439129371  -7.373510399999999  -0.49455792178519253 
4 29  1.9758114090235834  0.018950400000001366  -3.0307523924784854 
4 30  8.53643956087063  -7.373510399999999  0.4945579217851921 
4 31  9.203690530764842  0.018950400000001366  -2.041636548908101 
4 32  3.4736297587834026  -5.9684735999999985  0.36926991493294326 
4 33  4.140880728677615  -1.386086399999999  -2.1669245557603496 
4 34  6.371370241216597  -5.9684735999999985  -0.36926991493294326 
4 35  7.038621211110809  -1.386086399999999  -2.905464385626237 
4 36  3.790419098137667  -8.010604799999998  -1.3025894801480753 
4 37  3.1231681282434556  0.6560448000000001  1.2336049905452176 
4 38  7.389082841650756  -8.010604799999998  -3.7697994612385113 
4 39  6.721831871756545  0.6560448000000001  -1.2336049905452176 
5 16  5.563809469235161  4.4930496  2.0416365489081008 
5 17  6.231060439129372  2.8615104  -0.4945579217851922 
5 18  2.946688590976418  4.4930496  3.0307523924784854 
5 19  3.6139395608706293  2.8615104  0.4945579217851921 
5 20  7.728878788889191  5.8980863999999995  2.9054643856262365 
5 21  8.396129758783403  1.4564735999999998  0.3692699149329435 
5 22  0.7816192713223858  5.8980863999999995  2.16692455576035 
5 23  1.4488702412165975  1.4564735999999998  -0.3692699149329435 
5 24  8.045668128243456  3.8559552000000004  1.233604990545218 
5 25  7.378417158349244  3.4986048  3.769799461238511 
5 26  1.7993318717565447  3.8559552000000004  -1.2336049905452178 
5 27  1.1320809018623328  3.4986048  1.3025894801480757 
5 28  0.6413094692351596  -0.018950400000000034  2.0416365489081008 
5 29  1.308560439129372  7.3735104  -0.4945579217851922 
5 30  7.869188590976417  -0.018950400000000034  3.0307523924784854 
5 31  8.53643956087063  7.3735104  0.4945579217851921 
5 32  2.806378788889191  1.3860864  2.9054643856262365 
5 33  3.473629758783403  5.968473599999999  0.3692699149329435 
5 34  5.704119271322385  1.3860864  2.16692455576035 
5 35  6.371370241216598  5.968473599999999  -0.3692699149329435 
5 36  3.1231681282434556  -0.6560447999999999  1.233604990545218 
5 37  2.4559171583492443  8.0106048  3.769799461238511 
5 38  6.721831871756545  -0.6560447999999999  -1.2336049905452178 
5 39  6.054580901862334  8.0106048  1.3025894801480757 
6 16  1.3085604391293724  1.6504896000000007  -0.49455792178519253 
6 17  1.9758114090235837  0.018950400000000478  -3.0307523924784854 
6 18  -1.3085604391293706  1.6504896000000007  0.4945579217851921 
6 19  -0.6413094692351589  0.018950400000000478  -2.041636548908101 
6 20  3.4736297587834026  3.0555264  0.36926991493294326 
6 21  4.1408807286776135  -1.3860863999999995  -2.1669245557603496 
6 22  -3.4736297587834026  3.0555264  -0.36926991493294326 
6 23  -2.806378788889191  -1.3860863999999995  -2.905464385626237 
6 24  3.7904190981376673  1.013395200000001  -1.3025894801480753 
6 25  3.123168128243455  0.6560448000000005  1.2336049905452176 
6 26  -2.4559171583492434  1.013395200000001  -3.7697994612385113 
6 27  -3.1231681282434556  0.6560448000000005  -1.2336049905452176 
6 28  -3.613939560870629  -2.8615103999999993  -0.49455792178519253 
6 29  -2.9466885909764162  4.5309504  -3.0307523924784854 
6 30  3.613939560870629  -2.8615103999999993  0.4945579217851921 
6 31  4.281190530764841  4.5309504  -2.041636548908101 
6 32  -1.4488702412165972  -1.4564735999999994  0.36926991493294326 
6 33  -0.7816192713223851  3.1259136  -2.1669245557603496 
6 34  1.4488702412165968  -1.4564735999999994  -0.36926991493294326 
6 35  2.116121211110809  3.1259136  -2.905464385626237 
6 36  -1.132080901862333  -3.4986047999999994  -1.3025894801480753 
6 37  -1.7993318717565443  5.168044799999999  1.2336049905452176 
6 38  2.4665828416507565  -3.4986047999999994  -3.7697994612385113 
6 39  1.7993318717565452  5.168044799999999  -1.2336049905452176 
7 16  0.6413094692351606  -0.01895039999999959  2.0416365489081008 
7 17  1.308560439129372  -1.6504895999999998  -0.4945579217851922 
7 18  -1.9758114090235823  -0.01895039999999959  3.0307523924784854 
7 19  -1.3085604391293706  -1.6504895999999998  0.4945579217851921 
7 20  2.806378788889191  1.3860864  2.9054643856262365 
7 21  3.473629758783402  -3.0555263999999998  0.3692699149329435 
7 22  -4.140880728677614  1.3860864  2.16692455576035 
7 23  -3.4736297587834026  -3.0555263999999998  -0.3692699149329435 
7 24  3.1231681282434556  -0.6560447999999992  1.233604990545218 
7 25  2.4559171583492434  -1.0133951999999997  3.769799461238511 
7 26  -3.1231681282434556  -0.6560447999999992  -1.2336049905452178 
7 27  -3.7904190981376673  -1.0133951999999997  1.3025894801480757 
7 28  -4.281190530764841  -4.5309504  2.0416365489081008 
7 29  -3.6139395608706284  2.8615104000000002  -0.4945579217851922 
7 30  2.946688590976417  -4.5309504  3.0307523924784854 
7 31  3.6139395608706293  2.8615104000000002  0.4945579217851921 
7 32  -2.116121211110809  -3.1259135999999996  2.9054643856262365 
7 33  -1.4488702412165968  1.4564735999999998  0.3692699149329435 
7 34  0.7816192713223851  -3.1259135999999996  2.16692455576035 
7 35  1.4488702412165972  1.4564735999999998  -0.3692699149329435 
7 36  -1.7993318717565447  -5.1680448  1.233604990545218 
7 37  -2.466582841650756  3.498604799999999  3.769799461238511 
7 38  1.7993318717565447  -5.1680448  -1.2336049905452178 
7 39  1.1320809018623335  3.498604799999999  1.3025894801480757 
8 16  -1.5480508946229463  -0.018048000000000286  -0.4062983542050662 
8 17  -0.880799924728735  -1.6495872000000005  -2.942492824898359 
8 18  -4.165171772881689  -0.018048000000000286  0.5828174893653184 
8 19  -3.4979208029874775  -1.6495872000000005  -1.9533769813279749 
8 20  0.617018425031084  1.3869887999999992  0.4575294825130696 
8 21  1.2842693949252952  -3.0546240000000004  -2.0786649881802237 
8 22  -6.330241092535721  1.3869887999999992  -0.28101034735281694 
8 23  -5.66299012264151  -3.0546240000000004  -2.8172048180461102 
8 24  0.9338077643853486  -0.6551423999999999  -1.214329912567949 
8 25  0.26655679449113645  -1.0124928000000004  1.3218645581253439 
8 26  -5.3125284921015625  -0.6551423999999999  -3.681539893658385 
8 27  -5.979779461995774  -1.0124928000000004  -1.1453454229650912 
8 28  -6.4705508946229475  -4.530048000000001  -0.4062983542050662 
8 29  -5.803299924728735  2.8624127999999995  -2.942492824898359 
8 30  0.7573282271183102  -4.530048000000001  0.5828174893653184 
8 31  1.4245791970125223  2.8624127999999995  -1.9533769813279749 
8 32  -4.3054815749689155  -3.1250112000000003  0.4575294825130696 
8 33  -3.6382306050747037  1.4573759999999991  -2.0786649881802237 
8 34  -1.4077410925357219  -3.1250112000000003  -0.28101034735281694 
8 35  -0.7404901226415097  1.4573759999999991  -2.8172048180461102 
8 36  -3.9886922356146517  -5.1671424  -1.214329912567949 
8 37  -4.655943205508863  3.4995071999999983  1.3218645581253439 
8 38  -0.3900284921015622  -5.1671424  -3.681539893658385 
8 39  -1.0572794619957735  3.4995071999999983  -1.1453454229650912 
9 16  -2.2153018645171576  1.6495872  2.1298961164882275 
9 17  -1.5480508946229463  0.018047999999999842  -0.40629835420506566 
9 18  -4.832422742775901  1.6495872  3.1190119600586117 
9 19  -4.165171772881688  0.018047999999999842  0.5828174893653186 
9 20  -0.05023254486312734  3.0546239999999996  2.993723953206363 
9 21  0.617018425031084  -1.3869888000000001  0.45752948251307 
9 22  -6.997492062429933  3.0546239999999996  2.2551841233404764 
9 23  -6.33024109253572  -1.3869888000000001  -0.28101034735281694 
9 24  0.26655679449113734  1.0124928000000004  1.3218645581253445 
9 25  -0.40069417540307484  0.6551423999999999  3.858059028818637 
9 26  -5.979779461995774  1.0124928000000004  -1.1453454229650912 
9 27  -6.647030431889986  0.6551423999999999  1.3908490477282023 
9 28  -7.137801864517159  -2.8624128  2.1298961164882275 
9 29  -6.470550894622947  4.530048  -0.40629835420506566 
9 30  0.09007725722409887  -2.8624128  3.1190119600586117 
9 31  0.757328227118311  4.530048  0.5828174893653186 
9 32  -4.972732544863128  -1.457376  2.993723953206363 
9 33  -4.3054815749689155  3.1250111999999994  0.45752948251307 
9 34  -2.074992062429933  -1.457376  2.2551841233404764 
9 35  -1.407741092535721  3.1250111999999994  -0.28101034735281694 
9 36  -4.655943205508863  -3.4995072  1.3218645581253445 
9 37  -5.323194175403074  5.167142399999999  3.858059028818637 
9 38  -1.0572794619957735  -3.4995072  -1.1453454229650912 
9 39  -1.7245304318899848  5.167142399999999  1.3908490477282023 
10 16  4.16517177288169  -0.018048000000000286  -0.5828174893653189 
10 17  4.832422742775902  -1.6495872000000005  -3.1190119600586117 
10 18  1.5480508946229476  -0.018048000000000286  0.40629835420506577 
10 19  2.2153018645171594  -1.6495872000000005  -2.1298961164882275 
10 20  6.33024109253572  1.3869887999999992  0.28101034735281694 
10 21  6.997492062429933  -3.0546240000000004  -2.2551841233404764 
10 22  -0.6170184250310843  1.3869887999999992  -0.4575294825130696 
10 23  0.05023254486312734  -3.0546240000000004  -2.993723953206363 
10 24  6.647030431889986  -0.6551423999999999  -1.3908490477282016 
10 25  5.979779461995774  -1.0124928000000004  1.1453454229650912 
10 26  0.4006941754030746  -0.6551423999999999  -3.8580590288186376 
10 27  -0.26655679449113734  -1.0124928000000004  -1.3218645581253439 
10 28  -0.7573282271183105  -4.530048000000001  -0.5828174893653189 
10 29  -0.0900772572240982  2.8624127999999995  -3.1190119600586117 
10 30  6.4705508946229475  -4.530048000000001  0.40629835420506577 
10 31  7.13780186451716  2.8624127999999995  -2.1298961164882275 
10 32  1.407741092535721  -3.1250112000000003  0.28101034735281694 
10 33  2.074992062429933  1.4573759999999991  -2.2551841233404764 
10 34  4.3054815749689155  -3.1250112000000003  -0.4575294825130696 
10 35  4.972732544863128  1.4573759999999991  -2.993723953206363 
10 36  1.7245304318899852  -5.1671424  -1.3908490477282016 
10 37  1.057279461995774  3.4995071999999983  1.1453454229650912 
10 38  5.323194175403074  -5.1671424  -3.8580590288186376 
10 39  4.655943205508864  3.4995071999999983  -1.3218645581253439 
11 16  3.497920802987479  1.6495872  1.953376981327974 
11 17  4.16517177288169  0.018047999999999842  -0.582817489365319 
11 18  0.8807999247287359  1.6495872  2.9424928248983586 
11 19  1.5480508946229476  0.018047999999999842  0.4062983542050653 
11 20  5.662990122641509  3.0546239999999996  2.81720481804611 
11 21  6.33024109253572  -1.3869888000000001  0.2810103473528167 
11 22  -1.2842693949252961  3.0546239999999996  2.0786649881802233 
11 23  -0.6170184250310844  -1.3869888000000001  -0.45752948251307024 
11 24  5.979779461995774  1.0124928000000004  1.1453454229650912 
11 25  5.312528492101562  0.6551423999999999  3.681539893658384 
11 26  -0.2665567944911371  1.0124928000000004  -1.3218645581253445 
11 27  -0.9338077643853491  0.6551423999999999  1.214329912567949 
11 28  -1.4245791970125223  -2.8624128  1.953376981327974 
11 29  -0.7573282271183099  4.530048  -0.582817489365319 
11 30  5.803299924728735  -2.8624128  2.9424928248983586 
11 31  6.4705508946229475  4.530048  0.4062983542050653 
11 32  0.7404901226415093  -1.457376  2.81720481804611 
11 33  1.4077410925357214  3.1250111999999994  0.2810103473528167 
11 34  3.6382306050747033  -1.457376  2.0786649881802233 
11 35  4.3054815749689155  3.1250111999999994  -0.45752948251307024 
11 36  1.0572794619957735  -3.4995072  1.1453454229650912 
11 37  0.3900284921015622  5.167142399999999  3.681539893658384 
11 38  4.655943205508863  -3.4995072  -1.3218645581253445 
11 39  3.9886922356146517  5.167142399999999  1.214329912567949 
12 16  3.374449105377054  4.493952  -0.4062983542050662 
12 17  4.041700075271265  2.8624127999999995  -2.942492824898359 
12 18  0.757328227118311  4.493952  0.5828174893653184 
12 19  1.4245791970125228  2.8624127999999995  -1.9533769813279749 
12 20  5.539518425031084  5.8989888  0.4575294825130696 
12 21  6.206769394925296  1.4573759999999998  -2.0786649881802237 
12 22  -1.407741092535721  5.8989888  -0.28101034735281694 
12 23  -0.7404901226415093  1.4573759999999998  -2.8172048180461102 
12 24  5.856307764385349  3.8568576000000006  -1.214329912567949 
12 25  5.189056794491137  3.4995072  1.3218645581253439 
12 26  -0.390028492101562  3.8568576000000006  -3.681539893658385 
12 27  -1.057279461995774  3.4995072  -1.1453454229650912 
12 28  -1.5480508946229472  -0.018048000000000064  -0.4062983542050662 
12 29  -0.8807999247287348  7.3744128  -2.942492824898359 
12 30  5.6798282271183105  -0.018048000000000064  0.5828174893653184 
12 31  6.347079197012523  7.3744128  -1.9533769813279749 
12 32  0.6170184250310844  1.3869888  0.4575294825130696 
12 33  1.2842693949252966  5.969376  -2.0786649881802237 
12 34  3.5147589074642784  1.3869888  -0.28101034735281694 
12 35  4.182009877358491  5.969376  -2.8172048180461102 
12 36  0.9338077643853486  -0.6551423999999999  -1.214329912567949 
12 37  0.26655679449113734  8.011507199999999  1.3218645581253439 
12 38  4.532471507898438  -0.6551423999999999  -3.681539893658385 
12 39  3.865220538004227  8.011507199999999  -1.1453454229650912 
13 16  2.7071981354828414  -2.8624127999999995  2.1298961164882275 
13 17  3.3744491053770527  -4.493952  -0.40629835420506566 
13 18  0.09007725722409843  -2.8624127999999995  3.1190119600586117 
13 19  0.7573282271183102  -4.493952  0.5828174893653186 
13 20  4.872267455136871  -1.457376  2.993723953206363 
13 21  5.539518425031083  -5.8989888  0.45752948251307 
13 22  -2.0749920624299336  -1.457376  2.2551841233404764 
13 23  -1.4077410925357219  -5.8989888  -0.28101034735281694 
13 24  5.189056794491137  -3.499507199999999  1.3218645581253445 
13 25  4.521805824596925  -3.8568575999999997  3.858059028818637 
13 26  -1.0572794619957746  -3.499507199999999  -1.1453454229650912 
13 27  -1.7245304318899866  -3.8568575999999997  1.3908490477282023 
13 28  -2.21530186451716  -7.3744128  2.1298961164882275 
13 29  -1.5480508946229474  0.018048000000000286  -0.40629835420506566 
13 30  5.012577257224098  -7.3744128  3.1190119600586117 
13 31  5.6798282271183105  0.018048000000000286  0.5828174893653186 
13 32  -0.050232544863128226  -5.969376  2.993723953206363 
13 33  0.617018425031084  -1.3869888000000001  0.45752948251307 
13 34  2.847507937570066  -5.969376  2.2551841233404764 
13 35  3.514758907464278  -1.3869888000000001  -0.28101034735281694 
13 36  0.266556794491136  -8.011507199999999  1.3218645581253445 
13 37  -0.4006941754030753  0.655142399999999  3.858059028818637 
13 38  3.8652205380042255  -8.011507199999999  -1.1453454229650912 
13 39  3.197969568110014  0.655142399999999  1.3908490477282023 
14 16  -0.7573282271183102  4.493952  -0.5828174893653189 
14 17  -0.09007725722409887  2.8624127999999995  -3.1190119600586117 
14 18  -3.374449105377053  4.493952  0.40629835420506577 
14 19  -2.7071981354828414  2.8624127999999995  -2.1298961164882275 
14 20  1.40774109253572  5.8989888  0.28101034735281694 
14 21  2.0749920624299314  1.4573759999999998  -2.2551841233404764 
14 22  -5.539518425031085  5.8989888  -0.4575294825130696 
14 23  -4.872267455136873  1.4573759999999998  -2.993723953206363 
14 24  1.7245304318899848  3.8568576000000006  -1.3908490477282016 
14 25  1.0572794619957726  3.4995072  1.1453454229650912 
14 26  -4.521805824596926  3.8568576000000006  -3.8580590288186376 
14 27  -5.1890567944911385  3.4995072  -1.3218645581253439 
14 28  -5.679828227118311  -0.018048000000000064  -0.5828174893653189 
14 29  -5.012577257224099  7.3744128  -3.1190119600586117 
14 30  1.5480508946229463  -0.018048000000000064  0.40629835420506577 
14 31  2.2153018645171585  7.3744128  -2.1298961164882275 
14 32  -3.5147589074642798  1.3869888  0.28101034735281694 
14 33  -2.8475079375700676  5.969376  -2.2551841233404764 
14 34  -0.6170184250310857  1.3869888  -0.4575294825130696 
14 35  0.05023254486312645  5.969376  -2.993723953206363 
14 36  -3.1979695681100155  -0.6551423999999999  -1.3908490477282016 
14 37  -3.865220538004227  8.011507199999999  1.1453454229650912 
14 38  0.40069417540307395  -0.6551423999999999  -3.8580590288186376 
14 39  -0.26655679449113734  8.011507199999999  -1.3218645581253439 
15 16  -1.4245791970125223  -2.8624127999999995  1.953376981327974 
15 17  -0.757328227118311  -4.493952  -0.582817489365319 
15 18  -4.041700075271265  -2.8624127999999995  2.9424928248983586 
15 19  -3.3744491053770536  -4.493952  0.4062983542050653 
15 20  0.7404901226415079  -1.457376  2.81720481804611 
15 21  1.4077410925357192  -5.8989888  0.2810103473528167 
15 22  -6.206769394925297  -1.457376  2.0786649881802233 
15 23  -5.539518425031085  -5.8989888  -0.45752948251307024 
15 24  1.0572794619957726  -3.499507199999999  1.1453454229650912 
15 25  0.39002849210156043  -3.8568575999999997  3.681539893658384 
15 26  -5.1890567944911385  -3.499507199999999  -1.3218645581253445 
15 27  -5.856307764385351  -3.8568575999999997  1.214329912567949 
15 28  -6.3470791970125235  -7.3744128  1.953376981327974 
15 29  -5.679828227118311  0.018048000000000286  -0.582817489365319 
15 30  0.8807999247287341  -7.3744128  2.9424928248983586 
15 31  1.5480508946229463  0.018048000000000286  0.4062983542050653 
15 32  -4.182009877358492  -5.969376  2.81720481804611 
15 33  -3.5147589074642798  -1.3869888000000001  0.2810103473528167 
15 34  -1.284269394925298  -5.969376  2.0786649881802233 
15 35  -0.6170184250310857  -1.3869888000000001  -0.45752948251307024 
15 36  -3.8652205380042277  -8.011507199999999  1.1453454229650912 
15 37  -4.532471507898439  0.655142399999999  3.681539893658384 
15 38  -0.2665567944911382  -8.011507199999999  -1.3218645581253445 
15 39  -0.9338077643853495  0.655142399999999  1.214329912567949 
16 0  -6.231060439129372  -2.6178624  0.49455792178519253 
16 1  -5.56380946923516  0.9863231999999993  -2.0416365489081008 
16 2  -1.3085604391293724  1.8941375999999996  0.49455792178519253 
16 3  -0.6413094692351606  -3.5256768000000003  -2.0416365489081008 
16 4  -6.231060439129372  2.8615103999999985  0.49455792178519253 
16 5  -5.563809469235161  -4.4930496  -2.0416365489081008 
16 6  -1.3085604391293724  -1.6504896000000007  0.49455792178519253 
16 7  -0.6413094692351606  0.01895039999999959  -2.0416365489081008 
16 8  1.5480508946229463  0.018048000000000286  0.4062983542050662 
16 9  2.2153018645171576  -1.6495872  -2.1298961164882275 
16 10  -4.16517177288169  0.018048000000000286  0.5828174893653189 
16 11  -3.497920802987479  -1.6495872  -1.953376981327974 
16 12  -3.374449105377054  -4.493952  0.4062983542050662 
16 13  -2.7071981354828414  2.8624127999999995  -2.1298961164882275 
16 14  0.7573282271183102  -4.493952  0.5828174893653189 
16 15  1.4245791970125223  2.8624127999999995  -1.953376981327974 
17 0  -6.8983114090235835  -0.9863231999999997  3.0307523924784854 
17 1  -6.231060439129371  2.6178623999999995  0.4945579217851922 
17 2  -1.9758114090235837  3.5256768  3.0307523924784854 
17 3  -1.308560439129372  -1.8941375999999999  0.4945579217851922 
17 4  -6.8983114090235835  4.493049599999999  3.0307523924784854 
17 5  -6.231060439129372  -2.8615104  0.4945579217851922 
17 6  -1.9758114090235837  -0.018950400000000478  3.0307523924784854 
17 7  -1.308560439129372  1.6504895999999998  0.4945579217851922 
17 8  0.880799924728735  1.6495872000000005  2.942492824898359 
17 9  1.5480508946229463  -0.018047999999999842  0.40629835420506566 
17 10  -4.832422742775902  1.6495872000000005  3.1190119600586117 
17 11  -4.16517177288169  -0.018047999999999842  0.582817489365319 
17 12  -4.041700075271265  -2.8624127999999995  2.942492824898359 
17 13  -3.3744491053770527  4.493952  0.40629835420506566 
17 14  0.09007725722409887  -2.8624127999999995  3.1190119600586117 
17 15  0.757328227118311  4.493952  0.582817489365319 
18 0  -3.6139395608706293  -2.6178624  -0.4945579217851921 
18 1  -2.9466885909764176  0.9863231999999993  -3.0307523924784854 
18 2  1.3085604391293706  1.8941375999999996  -0.4945579217851921 
18 3  1.9758114090235823  -3.5256768000000003  -3.0307523924784854 
18 4  -3.6139395608706293  2.8615103999999985  -0.4945579217851921 
18 5  -2.946688590976418  -4.4930496  -3.0307523924784854 
18 6  1.3085604391293706  -1.6504896000000007  -0.4945579217851921 
18 7  1.9758114090235823  0.01895039999999959  -3.0307523924784854 
18 8  4.165171772881689  0.018048000000000286  -0.5828174893653184 
18 9  4.832422742775901  -1.6495872  -3.1190119600586117 
18 10  -1.5480508946229476  0.018048000000000286  -0.40629835420506577 
18 11  -0.8807999247287359  -1.6495872  -2.9424928248983586 
18 12  -0.757328227118311  -4.493952  -0.5828174893653184 
18 13  -0.09007725722409843  2.8624127999999995  -3.1190119600586117 
18 14  3.374449105377053  -4.493952  -0.40629835420506577 
18 15  4.041700075271265  2.8624127999999995  -2.9424928248983586 
19 0  -4.2811905307648415  -0.9863231999999997  2.041636548908101 
19 1  -3.6139395608706293  2.6178623999999995  -0.4945579217851921 
19 2  0.6413094692351589  3.5256768  2.041636548908101 
19 3  1.3085604391293706  -1.8941375999999999  -0.4945579217851921 
19 4  -4.281190530764841  4.493049599999999  2.041636548908101 
19 5  -3.6139395608706293  -2.8615104  -0.4945579217851921 
19 6  0.6413094692351589  -0.018950400000000478  2.041636548908101 
19 7  1.3085604391293706  1.6504895999999998  -0.4945579217851921 
19 8  3.4979208029874775  1.6495872000000005  1.9533769813279749 
19 9  4.165171772881688  -0.018047999999999842  -0.5828174893653186 
19 10  -2.2153018645171594  1.6495872000000005  2.1298961164882275 
19 11  -1.5480508946229476  -0.018047999999999842  -0.4062983542050653 
19 12  -1.4245791970125228  -2.8624127999999995  1.9533769813279749 
19 13  -0.7573282271183102  4.493952  -0.5828174893653186 
19 14  2.7071981354828414  -2.8624127999999995  2.1298961164882275 
19 15  3.3744491053770536  4.493952  -0.4062983542050653 
20 0  -8.396129758783403  -4.0228991999999995  -0.36926991493294326 
20 1  -7.72887878888919  -0.41871360000000024  -2.9054643856262365 
20 2  -3.4736297587834026  0.4891008000000001  -0.36926991493294326 
20 3  -2.806378788889191  -4.9307136  -2.9054643856262365 
20 4  -8.396129758783403  1.456473599999999  -0.36926991493294326 
20 5  -7.728878788889191  -5.8980863999999995  -2.9054643856262365 
20 6  -3.4736297587834026  -3.0555264  -0.36926991493294326 
20 7  -2.806378788889191  -1.3860864  -2.9054643856262365 
20 8  -0.617018425031084  -1.3869887999999992  -0.4575294825130696 
20 9  0.05023254486312734  -3.0546239999999996  -2.993723953206363 
20 10  -6.33024109253572  -1.3869887999999992  -0.28101034735281694 
20 11  -5.662990122641509  -3.0546239999999996  -2.81720481804611 
20 12  -5.539518425031084  -5.8989888  -0.4575294825130696 
20 13  -4.872267455136871  1.457376  -2.993723953206363 
20 14  -1.40774109253572  -5.8989888  -0.28101034735281694 
20 15  -0.7404901226415079  1.457376  -2.81720481804611 
21 0  -9.063380728677615  0.41871360000000024  2.1669245557603496 
21 1  -8.396129758783403  4.0228991999999995  -0.3692699149329435 
21 2  -4.1408807286776135  4.9307136  2.1669245557603496 
21 3  -3.473629758783402  -0.4891007999999999  -0.3692699149329435 
21 4  -9.063380728677615  5.898086399999999  2.1669245557603496 
21 5  -8.396129758783403  -1.4564735999999998  -0.3692699149329435 
21 6  -4.1408807286776135  1.3860863999999995  2.1669245557603496 
21 7  -3.473629758783402  3.0555263999999998  -0.3692699149329435 
21 8  -1.2842693949252952  3.0546240000000004  2.0786649881802237 
21 9  -0.617018425031084  1.3869888000000001  -0.45752948251307 
21 10  -6.997492062429933  3.0546240000000004  2.2551841233404764 
21 11  -6.33024109253572  1.3869888000000001  -0.2810103473528167 
21 12  -6.206769394925296  -1.4573759999999998  2.0786649881802237 
21 13  -5.539518425031083  5.8989888  -0.45752948251307 
21 14  -2.0749920624299314  -1.4573759999999998  2.2551841233404764 
21 15  -1.4077410925357192  5.8989888  -0.2810103473528167 
22 0  -1.4488702412165977  -4.0228991999999995  0.36926991493294326 
22 1  -0.7816192713223855  -0.41871360000000024  -2.16692455576035 
22 2  3.4736297587834026  0.4891008000000001  0.36926991493294326 
22 3  4.140880728677614  -4.9307136  -2.16692455576035 
22 4  -1.4488702412165972  1.456473599999999  0.36926991493294326 
22 5  -0.7816192713223858  -5.8980863999999995  -2.16692455576035 
22 6  3.4736297587834026  -3.0555264  0.36926991493294326 
22 7  4.140880728677614  -1.3860864  -2.16692455576035 
22 8  6.330241092535721  -1.3869887999999992  0.28101034735281694 
22 9  6.997492062429933  -3.0546239999999996  -2.2551841233404764 
22 10  0.6170184250310843  -1.3869887999999992  0.4575294825130696 
22 11  1.2842693949252961  -3.0546239999999996  -2.0786649881802233 
22 12  1.407741092535721  -5.8989888  0.28101034735281694 
22 13  2.0749920624299336  1.457376  -2.2551841233404764 
22 14  5.539518425031085  -5.8989888  0.4575294825130696 
22 15  6.206769394925297  1.457376  -2.0786649881802233 
23 0  -2.1161212111108094  0.41871360000000024  2.905464385626237 
23 1  -1.4488702412165972  4.0228991999999995  0.3692699149329435 
23 2  2.806378788889191  4.9307136  2.905464385626237 
23 3  3.4736297587834026  -0.4891007999999999  0.3692699149329435 
23 4  -2.116121211110809  5.898086399999999  2.905464385626237 
23 5  -1.4488702412165975  -1.4564735999999998  0.3692699149329435 
23 6  2.806378788889191  1.3860863999999995  2.905464385626237 
23 7  3.4736297587834026  3.0555263999999998  0.3692699149329435 
23 8  5.66299012264151  3.0546240000000004  2.8172048180461102 
23 9  6.33024109253572  1.3869888000000001  0.28101034735281694 
23 10  -0.05023254486312734  3.0546240000000004  2.993723953206363 
23 11  0.6170184250310844  1.3869888000000001  0.45752948251307024 
23 12  0.7404901226415093  -1.4573759999999998  2.8172048180461102 
23 13  1.4077410925357219  5.8989888  0.28101034735281694 
23 14  4.872267455136873  -1.4573759999999998  2.993723953206363 
23 15  5.539518425031085  5.8989888  0.45752948251307024 
24 0  -8.712919098137668  -1.9807680000000003  1.3025894801480753 
24 1  -8.045668128243456  1.623417599999999  -1.233604990545218 
24 2  -3.7904190981376673  2.5312319999999993  1.3025894801480753 
24 3  -3.1231681282434556  -2.8885824000000007  -1.233604990545218 
24 4  -8.712919098137668  3.498604799999998  1.3025894801480753 
24 5  -8.045668128243456  -3.8559552000000004  -1.233604990545218 
24 6  -3.7904190981376673  -1.013395200000001  1.3025894801480753 
24 7  -3.1231681282434556  0.6560447999999992  -1.233604990545218 
24 8  -0.9338077643853486  0.6551423999999999  1.214329912567949 
24 9  -0.26655679449113734  -1.0124928000000004  -1.3218645581253445 
24 10  -6.647030431889986  0.6551423999999999  1.3908490477282016 
24 11  -5.979779461995774  -1.0124928000000004  -1.1453454229650912 
24 12  -5.856307764385349  -3.8568576000000006  1.214329912567949 
24 13  -5.189056794491137  3.499507199999999  -1.3218645581253445 
24 14  -1.7245304318899848  -3.8568576000000006  1.3908490477282016 
24 15  -1.0572794619957726  3.499507199999999  -1.1453454229650912 
25 0  -8.045668128243456  -1.6234175999999998  -1.2336049905452176 
25 1  -7.378417158349243  1.9807679999999994  -3.769799461238511 
25 2  -3.123168128243455  2.8885823999999998  -1.2336049905452176 
25 3  -2.4559171583492434  -2.531232  -3.769799461238511 
25 4  -8.045668128243456  3.8559551999999986  -1.2336049905452176 
25 5  -7.378417158349244  -3.4986048  -3.769799461238511 
25 6  -3.123168128243455  -0.6560448000000005  -1.2336049905452176 
25 7  -2.4559171583492434  1.0133951999999997  -3.769799461238511 
25 8  -0.26655679449113645  1.0124928000000004  -1.3218645581253439 
25 9  0.40069417540307484  -0.6551423999999999  -3.858059028818637 
25 10  -5.979779461995774  1.0124928000000004  -1.1453454229650912 
25 11  -5.312528492101562  -0.6551423999999999  -3.681539893658384 
25 12  -5.189056794491137  -3.4995072  -1.3218645581253439 
25 13  -4.521805824596925  3.8568575999999997  -3.858059028818637 
25 14  -1.0572794619957726  -3.4995072  -1.1453454229650912 
25 15  -0.39002849210156043  3.8568575999999997  -3.681539893658384 
26 0  -2.4665828416507565  -1.9807680000000003  3.7697994612385113 
26 1  -1.7993318717565443  1.623417599999999  1.2336049905452178 
26 2  2.4559171583492434  2.5312319999999993  3.7697994612385113 
26 3  3.1231681282434556  -2.8885824000000007  1.2336049905452178 
26 4  -2.466582841650756  3.498604799999998  3.7697994612385113 
26 5  -1.7993318717565447  -3.8559552000000004  1.2336049905452178 
26 6  2.4559171583492434  -1.013395200000001  3.7697994612385113 
26 7  3.1231681282434556  0.6560447999999992  1.2336049905452178 
26 8  5.3125284921015625  0.6551423999999999  3.681539893658385 
26 9  5.979779461995774  -1.0124928000000004  1.1453454229650912 
26 10  -0.4006941754030746  0.6551423999999999  3.8580590288186376 
26 11  0.2665567944911371  -1.0124928000000004  1.3218645581253445 
26 12  0.390028492101562  -3.8568576000000006  3.681539893658385 
26 13  1.0572794619957746  3.499507199999999  1.1453454229650912 
26 14  4.521805824596926  -3.8568576000000006  3.8580590288186376 
26 15  5.1890567944911385  3.499507199999999  1.3218645581253445 
27 0  -1.7993318717565445  -1.6234175999999998  1.2336049905452176 
27 1  -1.1320809018623326  1.9807679999999994  -1.3025894801480757 
27 2  3.1231681282434556  2.8885823999999998  1.2336049905452176 
27 3  3.7904190981376673  -2.531232  -1.3025894801480757 
27 4  -1.7993318717565443  3.8559551999999986  1.2336049905452176 
27 5  -1.1320809018623328  -3.4986048  -1.3025894801480757 
27 6  3.1231681282434556  -0.6560448000000005  1.2336049905452176 
27 7  3.7904190981376673  1.0133951999999997  -1.3025894801480757 
27 8  5.979779461995774  1.0124928000000004  1.1453454229650912 
27 9  6.647030431889986  -0.6551423999999999  -1.3908490477282023 
27 10  0.26655679449113734  1.0124928000000004  1.3218645581253439 
27 11  0.9338077643853491  -0.6551423999999999  -1.214329912567949 
27 12  1.057279461995774  -3.4995072  1.1453454229650912 
27 13  1.7245304318899866  3.8568575999999997  -1.3908490477282023 
27 14  5.1890567944911385  -3.4995072  1.3218645581253439 
27 15  5.856307764385351  3.8568575999999997  -1.214329912567949 
28 0  -1.3085604391293715  1.8941376  0.49455792178519253 
28 1  -0.6413094692351593  5.4983232  -2.0416365489081008 
28 2  3.613939560870629  6.406137599999999  0.49455792178519253 
28 3  4.281190530764841  0.9863232  -2.0416365489081008 
28 4  -1.308560439129371  7.373510399999999  0.49455792178519253 
28 5  -0.6413094692351596  0.018950400000000034  -2.0416365489081008 
28 6  3.613939560870629  2.8615103999999993  0.49455792178519253 
28 7  4.281190530764841  4.5309504  -2.0416365489081008 
28 8  6.4705508946229475  4.530048000000001  0.4062983542050662 
28 9  7.137801864517159  2.8624128  -2.1298961164882275 
28 10  0.7573282271183105  4.530048000000001  0.5828174893653189 
28 11  1.4245791970125223  2.8624128  -1.953376981327974 
28 12  1.5480508946229472  0.018048000000000064  0.4062983542050662 
28 13  2.21530186451716  7.3744128  -2.1298961164882275 
28 14  5.679828227118311  0.018048000000000064  0.5828174893653189 
28 15  6.3470791970125235  7.3744128  -1.953376981327974 
29 0  -1.9758114090235837  -5.4983232  3.0307523924784854 
29 1  -1.3085604391293715  -1.8941376000000005  0.4945579217851922 
29 2  2.9466885909764162  -0.9863232000000002  3.0307523924784854 
29 3  3.6139395608706284  -6.4061376  0.4945579217851922 
29 4  -1.9758114090235834  -0.018950400000001366  3.0307523924784854 
29 5  -1.308560439129372  -7.3735104  0.4945579217851922 
29 6  2.9466885909764162  -4.5309504  3.0307523924784854 
29 7  3.6139395608706284  -2.8615104000000002  0.4945579217851922 
29 8  5.803299924728735  -2.8624127999999995  2.942492824898359 
29 9  6.470550894622947  -4.530048  0.40629835420506566 
29 10  0.0900772572240982  -2.8624127999999995  3.1190119600586117 
29 11  0.7573282271183099  -4.530048  0.582817489365319 
29 12  0.8807999247287348  -7.3744128  2.942492824898359 
29 13  1.5480508946229474  -0.018048000000000286  0.40629835420506566 
29 14  5.012577257224099  -7.3744128  3.1190119600586117 
29 15  5.679828227118311  -0.018048000000000286  0.582817489365319 
30 0  -8.53643956087063  1.8941376  -0.4945579217851921 
30 1  -7.8691885909764165  5.4983232  -3.0307523924784854 
30 2  -3.613939560870629  6.406137599999999  -0.4945579217851921 
30 3  -2.946688590976417  0.9863232  -3.0307523924784854 
30 4  -8.53643956087063  7.373510399999999  -0.4945579217851921 
30 5  -7.869188590976417  0.018950400000000034  -3.0307523924784854 
30 6  -3.613939560870629  2.8615103999999993  -0.4945579217851921 
30 7  -2.946688590976417  4.5309504  -3.0307523924784854 
30 8  -0.7573282271183102  4.530048000000001  -0.5828174893653184 
30 9  -0.09007725722409887  2.8624128  -3.1190119600586117 
30 10  -6.4705508946229475  4.530048000000001  -0.40629835420506577 
30 11  -5.803299924728735  2.8624128  -2.9424928248983586 
30 12  -5.6798282271183105  0.018048000000000064  -0.5828174893653184 
30 13  -5.012577257224098  7.3744128  -3.1190119600586117 
30 14  -1.5480508946229463  0.018048000000000064  -0.40629835420506577 
30 15  -0.8807999247287341  7.3744128  -2.9424928248983586 
31 0  -9.203690530764842  -5.4983232  2.041636548908101 
31 1  -8.53643956087063  -1.8941376000000005  -0.4945579217851921 
31 2  -4.281190530764841  -0.9863232000000002  2.041636548908101 
31 3  -3.6139395608706293  -6.4061376  -0.4945579217851921 
31 4  -9.203690530764842  -0.018950400000001366  2.041636548908101 
31 5  -8.53643956087063  -7.3735104  -0.4945579217851921 
31 6  -4.281190530764841  -4.5309504  2.041636548908101 
31 7  -3.6139395608706293  -2.8615104000000002  -0.4945579217851921 
31 8  -1.4245791970125223  -2.8624127999999995  1.9533769813279749 
31 9  -0.757328227118311  -4.530048  -0.5828174893653186 
31 10  -7.13780186451716  -2.8624127999999995  2.1298961164882275 
31 11  -6.4705508946229475  -4.530048  -0.4062983542050653 
31 12  -6.347079197012523  -7.3744128  1.9533769813279749 
31 13  -5.6798282271183105  -0.018048000000000286  -0.5828174893653186 
31 14  -2.2153018645171585  -7.3744128  2.1298961164882275 
31 15  -1.5480508946229463  -0.018048000000000286  -0.4062983542050653 
32 0  -3.473629758783403  0.4891008000000001  -0.36926991493294326 
32 1  -2.806378788889191  4.093286399999999  -2.9054643856262365 
32 2  1.4488702412165972  5.0011008  -0.36926991493294326 
32 3  2.116121211110809  -0.4187136  -2.9054643856262365 
32 4  -3.4736297587834026  5.9684735999999985  -0.36926991493294326 
32 5  -2.806378788889191  -1.3860864  -2.9054643856262365 
32 6  1.4488702412165972  1.4564735999999994  -0.36926991493294326 
32 7  2.116121211110809  3.1259135999999996  -2.9054643856262365 
32 8  4.3054815749689155  3.1250112000000003  -0.4575294825130696 
32 9  4.972732544863128  1.457376  -2.993723953206363 
32 10  -1.407741092535721  3.1250112000000003  -0.28101034735281694 
32 11  -0.7404901226415093  1.457376  -2.81720481804611 
32 12  -0.6170184250310844  -1.3869888  -0.4575294825130696 
32 13  0.050232544863128226  5.969376  -2.993723953206363 
32 14  3.5147589074642798  -1.3869888  -0.28101034735281694 
32 15  4.182009877358492  5.969376  -2.81720481804611 
33 0  -4.140880728677615  -4.093286399999999  2.1669245557603496 
33 1  -3.473629758783403  -0.4891008000000001  -0.3692699149329435 
33 2  0.7816192713223851  0.41871360000000024  2.1669245557603496 
33 3  1.4488702412165968  -5.0011008  -0.3692699149329435 
33 4  -4.140880728677615  1.386086399999999  2.1669245557603496 
33 5  -3.473629758783403  -5.968473599999999  -0.3692699149329435 
33 6  0.7816192713223851  -3.1259136  2.1669245557603496 
33 7  1.4488702412165968  -1.4564735999999998  -0.3692699149329435 
33 8  3.6382306050747037  -1.4573759999999991  2.0786649881802237 
33 9  4.3054815749689155  -3.1250111999999994  -0.45752948251307 
33 10  -2.074992062429933  -1.4573759999999991  2.2551841233404764 
33 11  -1.4077410925357214  -3.1250111999999994  -0.2810103473528167 
33 12  -1.2842693949252966  -5.969376  2.0786649881802237 
33 13  -0.617018425031084  1.3869888000000001  -0.45752948251307 
33 14  2.8475079375700676  -5.969376  2.2551841233404764 
33 15  3.5147589074642798  1.3869888000000001  -0.2810103473528167 
34 0  -6.371370241216597  0.4891008000000001  0.36926991493294326 
34 1  -5.7041192713223845  4.093286399999999  -2.16692455576035 
34 2  -1.4488702412165968  5.0011008  0.36926991493294326 
34 3  -0.7816192713223851  -0.4187136  -2.16692455576035 
34 4  -6.371370241216597  5.9684735999999985  0.36926991493294326 
34 5  -5.704119271322385  -1.3860864  -2.16692455576035 
34 6  -1.4488702412165968  1.4564735999999994  0.36926991493294326 
34 7  -0.7816192713223851  3.1259135999999996  -2.16692455576035 
34 8  1.4077410925357219  3.1250112000000003  0.28101034735281694 
34 9  2.074992062429933  1.457376  -2.2551841233404764 
34 10  -4.3054815749689155  3.1250112000000003  0.4575294825130696 
34 11  -3.6382306050747033  1.457376  -2.0786649881802233 
34 12  -3.5147589074642784  -1.3869888  0.28101034735281694 
34 13  -2.847507937570066  5.969376  -2.2551841233404764 
34 14  0.6170184250310857  -1.3869888  0.4575294825130696 
34 15  1.284269394925298  5.969376  -2.0786649881802233 
35 0  -7.038621211110809  -4.093286399999999  2.905464385626237 
35 1  -6.371370241216597  -0.4891008000000001  0.3692699149329435 
35 2  -2.116121211110809  0.41871360000000024  2.905464385626237 
35 3  -1.4488702412165972  -5.0011008  0.3692699149329435 
35 4  -7.038621211110809  1.386086399999999  2.905464385626237 
35 5  -6.371370241216598  -5.968473599999999  0.3692699149329435 
35 6  -2.116121211110809  -3.1259136  2.905464385626237 
35 7  -1.4488702412165972  -1.4564735999999998  0.3692699149329435 
35 8  0.7404901226415097  -1.4573759999999991  2.8172048180461102 
35 9  1.407741092535721  -3.1250111999999994  0.28101034735281694 
35 10  -4.972732544863128  -1.4573759999999991  2.993723953206363 
35 11  -4.3054815749689155  -3.1250111999999994  0.45752948251307024 
35 12  -4.182009877358491  -5.969376  2.8172048180461102 
35 13  -3.514758907464278  1.3869888000000001  0.28101034735281694 
35 14  -0.05023254486312645  -5.969376  2.993723953206363 
35 15  0.6170184250310857  1.3869888000000001  0.45752948251307024 
36 0  -3.790419098137667  2.531232  1.3025894801480753 
36 1  -3.123168128243455  6.135417599999999  -1.233604990545218 
36 2  1.132080901862333  7.043232  1.3025894801480753 
36 3  1.7993318717565447  1.6234175999999998  -1.233604990545218 
36 4  -3.790419098137667  8.010604799999998  1.3025894801480753 
36 5  -3.1231681282434556  0.6560447999999999  -1.233604990545218 
36 6  1.132080901862333  3.4986047999999994  1.3025894801480753 
36 7  1.7993318717565447  5.1680448  -1.233604990545218 
36 8  3.9886922356146517  5.1671424  1.214329912567949 
36 9  4.655943205508863  3.4995072  -1.3218645581253445 
36 10  -1.7245304318899852  5.1671424  1.3908490477282016 
36 11  -1.0572794619957735  3.4995072  -1.1453454229650912 
36 12  -0.9338077643853486  0.6551423999999999  1.214329912567949 
36 13  -0.266556794491136  8.011507199999999  -1.3218645581253445 
36 14  3.1979695681100155  0.6551423999999999  1.3908490477282016 
36 15  3.8652205380042277  8.011507199999999  -1.1453454229650912 
37 0  -3.1231681282434556  -6.1354175999999985  -1.2336049905452176 
37 1  -2.455917158349244  -2.5312319999999993  -3.769799461238511 
37 2  1.7993318717565443  -1.623417599999999  -1.2336049905452176 
37 3  2.466582841650756  -7.043231999999999  -3.769799461238511 
37 4  -3.1231681282434556  -0.6560448000000001  -1.2336049905452176 
37 5  -2.4559171583492443  -8.0106048  -3.769799461238511 
37 6  1.7993318717565443  -5.168044799999999  -1.2336049905452176 
37 7  2.466582841650756  -3.498604799999999  -3.769799461238511 
37 8  4.655943205508863  -3.4995071999999983  -1.3218645581253439 
37 9  5.323194175403074  -5.167142399999999  -3.858059028818637 
37 10  -1.057279461995774  -3.4995071999999983  -1.1453454229650912 
37 11  -0.3900284921015622  -5.167142399999999  -3.681539893658384 
37 12  -0.26655679449113734  -8.011507199999999  -1.3218645581253439 
37 13  0.4006941754030753  -0.655142399999999  -3.858059028818637 
37 14  3.865220538004227  -8.011507199999999  -1.1453454229650912 
37 15  4.532471507898439  -0.655142399999999  -3.681539893658384 
38 0  -7.389082841650756  2.531232  3.7697994612385113 
38 1  -6.721831871756544  6.135417599999999  1.2336049905452178 
38 2  -2.4665828416507565  7.043232  3.7697994612385113 
38 3  -1.7993318717565447  1.6234175999999998  1.2336049905452178 
38 4  -7.389082841650756  8.010604799999998  3.7697994612385113 
38 5  -6.721831871756545  0.6560447999999999  1.2336049905452178 
38 6  -2.4665828416507565  3.4986047999999994  3.7697994612385113 
38 7  -1.7993318717565447  5.1680448  1.2336049905452178 
38 8  0.3900284921015622  5.1671424  3.681539893658385 
38 9  1.0572794619957735  3.4995072  1.1453454229650912 
38 10  -5.323194175403074  5.1671424  3.8580590288186376 
38 11  -4.655943205508863  3.4995072  1.3218645581253445 
38 12  -4.532471507898438  0.6551423999999999  3.681539893658385 
38 13  -3.8652205380042255  8.011507199999999  1.1453454229650912 
38 14  -0.40069417540307395  0.6551423999999999  3.8580590288186376 
38 15  0.2665567944911382  8.011507199999999  1.3218645581253445 
39 0  -6.721831871756545  -6.1354175999999985  1.2336049905452176 
39 1  -6.054580901862333  -2.5312319999999993  -1.3025894801480757 
39 2  -1.7993318717565452  -1.623417599999999  1.2336049905452176 
39 3  -1.1320809018623335  -7.043231999999999  -1.3025894801480757 
39 4  -6.721831871756545  -0.6560448000000001  1.2336049905452176 
39 5  -6.054580901862334  -8.0106048  -1.3025894801480757 
39 6  -1.7993318717565452  -5.168044799999999  1.2336049905452176 
39 7  -1.1320809018623335  -3.498604799999999  -1.3025894801480757 
39 8  1.0572794619957735  -3.4995071999999983  1.1453454229650912 
39 9  1.7245304318899848  -5.167142399999999  -1.3908490477282023 
39 10  -4.655943205508864  -3.4995071999999983  1.3218645581253439 
39 11  -3.9886922356146517  -5.167142399999999  -1.214329912567949 
39 12  -3.865220538004227  -8.011507199999999  1.1453454229650912 
39 13  -3.197969568110014  -0.655142399999999  -1.3908490477282023 
39 14  0.26655679449113734  -8.011507199999999  1.3218645581253439 
39 15  0.9338077643853495  -0.655142399999999  -1.214329912567949 