 8.236  0  0  5.043095518888801e-16  8.236  0  5.043095518888801e-16  0.0  8.236 
5
0 24  1.9840524000000008  6.1020524  1.9840524000000004 
0 25  4.0430524000000005  2.1339476  4.0430524000000005 
0 26  0.07494760000000045  6.1020524  0.0749476 
0 27  1.9840524000000008  0.0749476  4.1929476 
0 28  2.1339476  -0.0749476  -0.0749476 
0 29  2.1339476  2.1339476  2.1339476 
0 30  4.0430524000000005  -0.0749476  6.251947600000001 
0 31  0.07494760000000045  0.0749476  6.1020524 
0 32  1.9840524000000008  1.9840524000000004  6.1020524 
0 33  4.0430524000000005  6.251947600000001  -0.0749476 
0 34  0.07494760000000045  1.9840524000000004  4.1929476 
0 35  1.9840524000000008  4.1929476  0.0749476 
0 36  2.133947600000001  4.0430524000000005  4.0430524000000005 
0 37  2.133947600000001  6.251947600000001  6.251947600000001 
0 38  4.0430524000000005  4.0430524000000005  2.1339476 
0 39  0.07494760000000045  4.1929476  1.9840524000000004 
0 40  6.1020524  6.1020524  6.1020524 
0 41  -0.07494759999999967  2.1339476  -0.0749476 
0 42  4.1929476  6.1020524  4.1929476 
0 43  6.1020524  0.0749476  0.0749476 
0 44  6.251947600000001  -0.0749476  4.0430524000000005 
0 45  6.251947600000001  2.1339476  6.251947600000001 
0 46  -0.07494759999999967  -0.0749476  2.1339476 
0 47  4.1929476  0.0749476  1.9840524000000004 
0 48  6.1020524  1.9840524000000004  1.9840524000000004 
0 49  -0.07494759999999923  6.251947600000001  4.0430524000000005 
0 50  4.1929476  1.9840524000000004  0.0749476 
0 51  6.1020524  4.1929476  4.1929476 
0 52  6.251947600000001  4.0430524000000005  -0.0749476 
0 53  6.251947600000001  6.251947600000001  2.1339476 
0 54  -0.07494759999999923  4.0430524000000005  6.251947600000001 
0 55  4.1929476  4.1929476  6.1020524 
1 24  -0.07494759999999934  6.1020524  -0.07494759999999978 
1 25  1.9840524  2.1339476  1.9840524 
1 26  -1.9840523999999997  6.1020524  -1.9840524000000002 
1 27  -0.07494759999999934  0.0749476  2.1339476000000004 
1 28  0.07494759999999978  -0.0749476  -2.1339476 
1 29  0.07494759999999978  2.1339476  0.07494759999999978 
1 30  1.9840524000000008  -0.0749476  4.1929476 
1 31  -1.9840523999999997  0.0749476  4.0430524000000005 
1 32  -0.07494759999999934  1.9840524000000004  4.0430524000000005 
1 33  1.9840524000000008  6.251947600000001  -2.1339476 
1 34  -1.9840523999999997  1.9840524000000004  2.1339476000000004 
1 35  -0.07494759999999934  4.1929476  -1.9840524000000002 
1 36  0.07494760000000067  4.0430524000000005  1.9840524 
1 37  0.07494760000000067  6.251947600000001  4.1929476 
1 38  1.9840524  4.0430524000000005  0.07494759999999978 
1 39  -1.9840523999999997  4.1929476  -0.07494759999999978 
1 40  4.0430524000000005  6.1020524  4.0430524000000005 
1 41  -2.1339476  2.1339476  -2.1339476 
1 42  2.1339476000000004  6.1020524  2.1339476000000004 
1 43  4.0430524000000005  0.0749476  -1.9840524000000002 
1 44  4.1929476  -0.0749476  1.9840524 
1 45  4.192947600000002  2.1339476  4.1929476 
1 46  -2.1339476  -0.0749476  0.07494759999999978 
1 47  2.1339476000000004  0.0749476  -0.07494759999999978 
1 48  4.0430524000000005  1.9840524000000004  -0.07494759999999978 
1 49  -2.1339475999999995  6.251947600000001  1.9840524 
1 50  2.1339476000000004  1.9840524000000004  -1.9840524000000002 
1 51  4.0430524000000005  4.1929476  2.1339476000000004 
1 52  4.1929476  4.0430524000000005  -2.1339476 
1 53  4.192947600000002  6.251947600000001  0.07494759999999978 
1 54  -2.1339475999999995  4.0430524000000005  4.1929476 
1 55  2.1339476000000004  4.1929476  4.0430524000000005 
2 24  1.9840524000000004  4.0430524000000005  -0.07494759999999978 
2 25  4.0430524  0.07494759999999978  1.9840524 
2 26  0.0749476  4.0430524000000005  -1.9840524000000002 
2 27  1.9840524000000004  -1.9840524000000002  2.1339476000000004 
2 28  2.1339475999999995  -2.1339476  -2.1339476 
2 29  2.1339475999999995  0.07494759999999978  0.07494759999999978 
2 30  4.0430524000000005  -2.1339476  4.1929476 
2 31  0.0749476  -1.9840524000000002  4.0430524000000005 
2 32  1.9840524000000004  -0.07494759999999978  4.0430524000000005 
2 33  4.0430524000000005  4.1929476  -2.1339476 
2 34  0.0749476  -0.07494759999999978  2.1339476000000004 
2 35  1.9840524000000004  2.1339476000000004  -1.9840524000000002 
2 36  2.1339476000000004  1.9840524  1.9840524 
2 37  2.1339476000000004  4.1929476  4.1929476 
2 38  4.0430524  1.9840524  0.07494759999999978 
2 39  0.0749476  2.1339476000000004  -0.07494759999999978 
2 40  6.1020524  4.0430524000000005  4.0430524000000005 
2 41  -0.07494760000000011  0.07494759999999978  -2.1339476 
2 42  4.1929476  4.0430524000000005  2.1339476000000004 
2 43  6.1020524  -1.9840524000000002  -1.9840524000000002 
2 44  6.2519476  -2.1339476  1.9840524 
2 45  6.251947600000001  0.07494759999999978  4.1929476 
2 46  -0.07494760000000011  -2.1339476  0.07494759999999978 
2 47  4.1929476  -1.9840524000000002  -0.07494759999999978 
2 48  6.1020524  -0.07494759999999978  -0.07494759999999978 
2 49  -0.07494759999999967  4.1929476  1.9840524 
2 50  4.1929476  -0.07494759999999978  -1.9840524000000002 
2 51  6.1020524  2.1339476000000004  2.1339476000000004 
2 52  6.2519476  1.9840524  -2.1339476 
2 53  6.251947600000001  4.1929476  0.07494759999999978 
2 54  -0.07494759999999967  1.9840524  4.1929476 
2 55  4.1929476  2.1339476000000004  4.0430524000000005 
3 24  -0.07494760000000023  -0.07494759999999978  -2.1339476000000004 
3 25  1.984052399999999  -4.0430524000000005  -0.07494760000000067 
3 26  -1.9840524000000006  -0.07494759999999978  -4.0430524000000005 
3 27  -0.07494760000000023  -6.1020524  0.07494759999999978 
3 28  0.07494759999999889  -6.2519476  -4.192947600000001 
3 29  0.07494759999999889  -4.0430524000000005  -1.9840524000000008 
3 30  1.9840524  -6.2519476  2.1339476 
3 31  -1.9840524000000006  -6.1020524  1.9840523999999995 
3 32  -0.07494760000000023  -4.1929476  1.9840523999999995 
3 33  1.9840524  0.07494760000000067  -4.192947600000001 
3 34  -1.9840524000000006  -4.1929476  0.07494759999999978 
3 35  -0.07494760000000023  -1.9840523999999995  -4.0430524000000005 
3 36  0.07494759999999978  -2.1339476  -0.07494760000000067 
3 37  0.07494759999999978  0.07494760000000067  2.1339476 
3 38  1.984052399999999  -2.1339476  -1.9840524000000008 
3 39  -1.9840524000000006  -1.9840523999999995  -2.1339476000000004 
3 40  4.043052399999999  -0.07494759999999978  1.9840523999999995 
3 41  -2.133947600000001  -4.0430524000000005  -4.192947600000001 
3 42  2.1339475999999995  -0.07494759999999978  0.07494759999999978 
3 43  4.043052399999999  -6.1020524  -4.0430524000000005 
3 44  4.1929476  -6.2519476  -0.07494760000000067 
3 45  4.1929476  -4.0430524000000005  2.1339476 
3 46  -2.133947600000001  -6.2519476  -1.9840524000000008 
3 47  2.1339475999999995  -6.1020524  -2.1339476000000004 
3 48  4.043052399999999  -4.1929476  -2.1339476000000004 
3 49  -2.1339476000000004  0.07494760000000067  -0.07494760000000067 
3 50  2.1339475999999995  -4.1929476  -4.0430524000000005 
3 51  4.043052399999999  -1.9840523999999995  0.07494759999999978 
3 52  4.1929476  -2.1339476  -4.192947600000001 
3 53  4.1929476  0.07494760000000067  -1.9840524000000008 
3 54  -2.1339476000000004  -2.1339476  2.1339476 
3 55  2.1339475999999995  -1.9840523999999995  1.9840523999999995 
4 24  1.9840524000000004  1.9840523999999995  -2.1339476000000004 
4 25  4.0430524  -1.9840524000000008  -0.07494760000000067 
4 26  0.0749476  1.9840523999999995  -4.0430524000000005 
4 27  1.9840524000000004  -4.0430524000000005  0.07494759999999978 
4 28  2.1339475999999995  -4.192947600000001  -4.192947600000001 
4 29  2.1339475999999995  -1.9840524000000008  -1.9840524000000008 
4 30  4.0430524000000005  -4.192947600000001  2.1339476 
4 31  0.0749476  -4.0430524000000005  1.9840523999999995 
4 32  1.9840524000000004  -2.1339476000000004  1.9840523999999995 
4 33  4.0430524000000005  2.1339476  -4.192947600000001 
4 34  0.0749476  -2.1339476000000004  0.07494759999999978 
4 35  1.9840524000000004  0.07494759999999978  -4.0430524000000005 
4 36  2.1339476000000004  -0.07494760000000067  -0.07494760000000067 
4 37  2.1339476000000004  2.1339476  2.1339476 
4 38  4.0430524  -0.07494760000000067  -1.9840524000000008 
4 39  0.0749476  0.07494759999999978  -2.1339476000000004 
4 40  6.1020524  1.9840523999999995  1.9840523999999995 
4 41  -0.07494760000000011  -1.9840524000000008  -4.192947600000001 
4 42  4.1929476  1.9840523999999995  0.07494759999999978 
4 43  6.1020524  -4.0430524000000005  -4.0430524000000005 
4 44  6.2519476  -4.192947600000001  -0.07494760000000067 
4 45  6.251947600000001  -1.9840524000000008  2.1339476 
4 46  -0.07494760000000011  -4.192947600000001  -1.9840524000000008 
4 47  4.1929476  -4.0430524000000005  -2.1339476000000004 
4 48  6.1020524  -2.1339476000000004  -2.1339476000000004 
4 49  -0.07494759999999967  2.1339476  -0.07494760000000067 
4 50  4.1929476  -2.1339476000000004  -4.0430524000000005 
4 51  6.1020524  0.07494759999999978  0.07494759999999978 
4 52  6.2519476  -0.07494760000000067  -4.192947600000001 
4 53  6.251947600000001  2.1339476  -1.9840524000000008 
4 54  -0.07494759999999967  -0.07494760000000067  2.1339476 
4 55  4.1929476  0.07494759999999978  1.9840523999999995 
5 24  -0.07494760000000023  1.9840523999999995  -4.1929476 
5 25  1.984052399999999  -1.9840524000000008  -2.1339476 
5 26  -1.9840524000000006  1.9840523999999995  -6.1020524 
5 27  -0.07494760000000023  -4.0430524000000005  -1.9840523999999995 
5 28  0.07494759999999889  -4.192947600000001  -6.2519476 
5 29  0.07494759999999889  -1.9840524000000008  -4.0430524000000005 
5 30  1.9840524  -4.192947600000001  0.07494760000000067 
5 31  -1.9840524000000006  -4.0430524000000005  -0.07494759999999978 
5 32  -0.07494760000000023  -2.1339476000000004  -0.07494759999999978 
5 33  1.9840524  2.1339476  -6.2519476 
5 34  -1.9840524000000006  -2.1339476000000004  -1.9840523999999995 
5 35  -0.07494760000000023  0.07494759999999978  -6.1020524 
5 36  0.07494759999999978  -0.07494760000000067  -2.1339476 
5 37  0.07494759999999978  2.1339476  0.07494760000000067 
5 38  1.984052399999999  -0.07494760000000067  -4.0430524000000005 
5 39  -1.9840524000000006  0.07494759999999978  -4.1929476 
5 40  4.043052399999999  1.9840523999999995  -0.07494759999999978 
5 41  -2.133947600000001  -1.9840524000000008  -6.2519476 
5 42  2.1339475999999995  1.9840523999999995  -1.9840523999999995 
5 43  4.043052399999999  -4.0430524000000005  -6.1020524 
5 44  4.1929476  -4.192947600000001  -2.1339476 
5 45  4.1929476  -1.9840524000000008  0.07494760000000067 
5 46  -2.133947600000001  -4.192947600000001  -4.0430524000000005 
5 47  2.1339475999999995  -4.0430524000000005  -4.1929476 
5 48  4.043052399999999  -2.1339476000000004  -4.1929476 
5 49  -2.1339476000000004  2.1339476  -2.1339476 
5 50  2.1339475999999995  -2.1339476000000004  -6.1020524 
5 51  4.043052399999999  0.07494759999999978  -1.9840523999999995 
5 52  4.1929476  -0.07494760000000067  -6.2519476 
5 53  4.1929476  2.1339476  -4.0430524000000005 
5 54  -2.1339476000000004  -0.07494760000000067  0.07494760000000067 
5 55  2.1339475999999995  0.07494759999999978  -0.07494759999999978 
6 24  1.9840524  -0.07494759999999978  -4.1929476 
6 25  4.043052399999999  -4.0430524000000005  -2.1339476 
6 26  0.07494759999999956  -0.07494759999999978  -6.1020524 
6 27  1.9840524  -6.1020524  -1.9840523999999995 
6 28  2.133947599999999  -6.2519476  -6.2519476 
6 29  2.133947599999999  -4.0430524000000005  -4.0430524000000005 
6 30  4.0430524000000005  -6.2519476  0.07494760000000067 
6 31  0.07494759999999956  -6.1020524  -0.07494759999999978 
6 32  1.9840524  -4.1929476  -0.07494759999999978 
6 33  4.0430524000000005  0.07494760000000067  -6.2519476 
6 34  0.07494759999999956  -4.1929476  -1.9840523999999995 
6 35  1.9840524  -1.9840523999999995  -6.1020524 
6 36  2.1339476  -2.1339476  -2.1339476 
6 37  2.1339476  0.07494760000000067  0.07494760000000067 
6 38  4.043052399999999  -2.1339476  -4.0430524000000005 
6 39  0.07494759999999956  -1.9840523999999995  -4.1929476 
6 40  6.1020524  -0.07494759999999978  -0.07494759999999978 
6 41  -0.07494760000000056  -4.0430524000000005  -6.2519476 
6 42  4.1929476  -0.07494759999999978  -1.9840523999999995 
6 43  6.1020524  -6.1020524  -6.1020524 
6 44  6.251947599999999  -6.2519476  -2.1339476 
6 45  6.251947600000001  -4.0430524000000005  0.07494760000000067 
6 46  -0.07494760000000056  -6.2519476  -4.0430524000000005 
6 47  4.1929476  -6.1020524  -4.1929476 
6 48  6.1020524  -4.1929476  -4.1929476 
6 49  -0.07494760000000011  0.07494760000000067  -2.1339476 
6 50  4.1929476  -4.1929476  -6.1020524 
6 51  6.1020524  -1.9840523999999995  -1.9840523999999995 
6 52  6.251947599999999  -2.1339476  -6.2519476 
6 53  6.251947600000001  0.07494760000000067  -4.0430524000000005 
6 54  -0.07494760000000011  -2.1339476  0.07494760000000067 
6 55  4.1929476  -1.9840523999999995  -0.07494759999999978 
7 24  -0.07494759999999934  4.0430524000000005  1.9840524000000004 
7 25  1.9840524  0.07494759999999978  4.0430524000000005 
7 26  -1.9840523999999997  4.0430524000000005  0.0749476 
7 27  -0.07494759999999934  -1.9840524000000002  4.1929476 
7 28  0.07494759999999978  -2.1339476  -0.0749476 
7 29  0.07494759999999978  0.07494759999999978  2.1339476 
7 30  1.9840524000000008  -2.1339476  6.251947600000001 
7 31  -1.9840523999999997  -1.9840524000000002  6.1020524 
7 32  -0.07494759999999934  -0.07494759999999978  6.1020524 
7 33  1.9840524000000008  4.1929476  -0.0749476 
7 34  -1.9840523999999997  -0.07494759999999978  4.1929476 
7 35  -0.07494759999999934  2.1339476000000004  0.0749476 
7 36  0.07494760000000067  1.9840524  4.0430524000000005 
7 37  0.07494760000000067  4.1929476  6.251947600000001 
7 38  1.9840524  1.9840524  2.1339476 
7 39  -1.9840523999999997  2.1339476000000004  1.9840524000000004 
7 40  4.0430524000000005  4.0430524000000005  6.1020524 
7 41  -2.1339476  0.07494759999999978  -0.0749476 
7 42  2.1339476000000004  4.0430524000000005  4.1929476 
7 43  4.0430524000000005  -1.9840524000000002  0.0749476 
7 44  4.1929476  -2.1339476  4.0430524000000005 
7 45  4.192947600000002  0.07494759999999978  6.251947600000001 
7 46  -2.1339476  -2.1339476  2.1339476 
7 47  2.1339476000000004  -1.9840524000000002  1.9840524000000004 
7 48  4.0430524000000005  -0.07494759999999978  1.9840524000000004 
7 49  -2.1339475999999995  4.1929476  4.0430524000000005 
7 50  2.1339476000000004  -0.07494759999999978  0.0749476 
7 51  4.0430524000000005  2.1339476000000004  4.1929476 
7 52  4.1929476  1.9840524  -0.0749476 
7 53  4.192947600000002  4.1929476  2.1339476 
7 54  -2.1339475999999995  1.9840524  6.251947600000001 
7 55  2.1339476000000004  2.1339476000000004  6.1020524 
8 24  -2.1339476  6.1020524  -2.1339476000000004 
8 25  -0.07494760000000067  2.1339476  -0.07494760000000067 
8 26  -4.0430524000000005  6.1020524  -4.0430524000000005 
8 27  -2.1339476  0.0749476  0.07494759999999978 
8 28  -1.9840524000000008  -0.0749476  -4.192947600000001 
8 29  -1.9840524000000008  2.1339476  -1.9840524000000008 
8 30  -0.07494759999999978  -0.0749476  2.1339476 
8 31  -4.0430524000000005  0.0749476  1.9840523999999995 
8 32  -2.1339476  1.9840524000000004  1.9840523999999995 
8 33  -0.07494759999999978  6.251947600000001  -4.192947600000001 
8 34  -4.0430524000000005  1.9840524000000004  0.07494759999999978 
8 35  -2.1339476  4.1929476  -4.0430524000000005 
8 36  -1.9840524  4.0430524000000005  -0.07494760000000067 
8 37  -1.9840524  6.251947600000001  2.1339476 
8 38  -0.07494760000000067  4.0430524000000005  -1.9840524000000008 
8 39  -4.0430524000000005  4.1929476  -2.1339476000000004 
8 40  1.9840523999999995  6.1020524  1.9840523999999995 
8 41  -4.1929476  2.1339476  -4.192947600000001 
8 42  0.07494759999999978  6.1020524  0.07494759999999978 
8 43  1.9840523999999995  0.0749476  -4.0430524000000005 
8 44  2.1339476  -0.0749476  -0.07494760000000067 
8 45  2.133947600000001  2.1339476  2.1339476 
8 46  -4.1929476  -0.0749476  -1.9840524000000008 
8 47  0.07494759999999978  0.0749476  -2.1339476000000004 
8 48  1.9840523999999995  1.9840524000000004  -2.1339476000000004 
8 49  -4.1929476  6.251947600000001  -0.07494760000000067 
8 50  0.07494759999999978  1.9840524000000004  -4.0430524000000005 
8 51  1.9840523999999995  4.1929476  0.07494759999999978 
8 52  2.1339476  4.0430524000000005  -4.192947600000001 
8 53  2.133947600000001  6.251947600000001  -1.9840524000000008 
8 54  -4.1929476  4.0430524000000005  2.1339476 
8 55  0.07494759999999978  4.1929476  1.9840523999999995 
9 24  -4.192947599999999  6.1020524  -4.1929476 
9 25  -2.1339476  2.1339476  -2.1339476 
9 26  -6.1020524  6.1020524  -6.1020524 
9 27  -4.192947599999999  0.0749476  -1.9840523999999995 
9 28  -4.0430524000000005  -0.0749476  -6.2519476 
9 29  -4.0430524000000005  2.1339476  -4.0430524000000005 
9 30  -2.133947599999999  -0.0749476  0.07494760000000067 
9 31  -6.1020524  0.0749476  -0.07494759999999978 
9 32  -4.192947599999999  1.9840524000000004  -0.07494759999999978 
9 33  -2.133947599999999  6.251947600000001  -6.2519476 
9 34  -6.1020524  1.9840524000000004  -1.9840523999999995 
9 35  -4.192947599999999  4.1929476  -6.1020524 
9 36  -4.043052399999999  4.0430524000000005  -2.1339476 
9 37  -4.043052399999999  6.251947600000001  0.07494760000000067 
9 38  -2.1339476  4.0430524000000005  -4.0430524000000005 
9 39  -6.1020524  4.1929476  -4.1929476 
9 40  -0.07494759999999978  6.1020524  -0.07494759999999978 
9 41  -6.251947599999999  2.1339476  -6.2519476 
9 42  -1.9840523999999995  6.1020524  -1.9840523999999995 
9 43  -0.07494759999999978  0.0749476  -6.1020524 
9 44  0.07494760000000067  -0.0749476  -2.1339476 
9 45  0.07494760000000156  2.1339476  0.07494760000000067 
9 46  -6.251947599999999  -0.0749476  -4.0430524000000005 
9 47  -1.9840523999999995  0.0749476  -4.1929476 
9 48  -0.07494759999999978  1.9840524000000004  -4.1929476 
9 49  -6.251947599999999  6.251947600000001  -2.1339476 
9 50  -1.9840523999999995  1.9840524000000004  -6.1020524 
9 51  -0.07494759999999978  4.1929476  -1.9840523999999995 
9 52  0.07494760000000067  4.0430524000000005  -6.2519476 
9 53  0.07494760000000156  6.251947600000001  -4.0430524000000005 
9 54  -6.251947599999999  4.0430524000000005  0.07494760000000067 
9 55  -1.9840523999999995  4.1929476  -0.07494759999999978 
10 24  -2.1339476  4.0430524000000005  -4.1929476 
10 25  -0.07494760000000067  0.07494759999999978  -2.1339476 
10 26  -4.0430524000000005  4.0430524000000005  -6.1020524 
10 27  -2.1339476  -1.9840524000000002  -1.9840523999999995 
10 28  -1.9840524000000008  -2.1339476  -6.2519476 
10 29  -1.9840524000000008  0.07494759999999978  -4.0430524000000005 
10 30  -0.07494759999999978  -2.1339476  0.07494760000000067 
10 31  -4.0430524000000005  -1.9840524000000002  -0.07494759999999978 
10 32  -2.1339476  -0.07494759999999978  -0.07494759999999978 
10 33  -0.07494759999999978  4.1929476  -6.2519476 
10 34  -4.0430524000000005  -0.07494759999999978  -1.9840523999999995 
10 35  -2.1339476  2.1339476000000004  -6.1020524 
10 36  -1.9840524  1.9840524  -2.1339476 
10 37  -1.9840524  4.1929476  0.07494760000000067 
10 38  -0.07494760000000067  1.9840524  -4.0430524000000005 
10 39  -4.0430524000000005  2.1339476000000004  -4.1929476 
10 40  1.9840523999999995  4.0430524000000005  -0.07494759999999978 
10 41  -4.1929476  0.07494759999999978  -6.2519476 
10 42  0.07494759999999978  4.0430524000000005  -1.9840523999999995 
10 43  1.9840523999999995  -1.9840524000000002  -6.1020524 
10 44  2.1339476  -2.1339476  -2.1339476 
10 45  2.133947600000001  0.07494759999999978  0.07494760000000067 
10 46  -4.1929476  -2.1339476  -4.0430524000000005 
10 47  0.07494759999999978  -1.9840524000000002  -4.1929476 
10 48  1.9840523999999995  -0.07494759999999978  -4.1929476 
10 49  -4.1929476  4.1929476  -2.1339476 
10 50  0.07494759999999978  -0.07494759999999978  -6.1020524 
10 51  1.9840523999999995  2.1339476000000004  -1.9840523999999995 
10 52  2.1339476  1.9840524  -6.2519476 
10 53  2.133947600000001  4.1929476  -4.0430524000000005 
10 54  -4.1929476  1.9840524  0.07494760000000067 
10 55  0.07494759999999978  2.1339476000000004  -0.07494759999999978 
11 24  -4.192947599999999  -0.07494759999999978  1.9840524000000004 
11 25  -2.1339476  -4.0430524000000005  4.0430524000000005 
11 26  -6.1020524  -0.07494759999999978  0.0749476 
11 27  -4.192947599999999  -6.1020524  4.1929476 
11 28  -4.0430524000000005  -6.2519476  -0.0749476 
11 29  -4.0430524000000005  -4.0430524000000005  2.1339476 
11 30  -2.133947599999999  -6.2519476  6.251947600000001 
11 31  -6.1020524  -6.1020524  6.1020524 
11 32  -4.192947599999999  -4.1929476  6.1020524 
11 33  -2.133947599999999  0.07494760000000067  -0.0749476 
11 34  -6.1020524  -4.1929476  4.1929476 
11 35  -4.192947599999999  -1.9840523999999995  0.0749476 
11 36  -4.043052399999999  -2.1339476  4.0430524000000005 
11 37  -4.043052399999999  0.07494760000000067  6.251947600000001 
11 38  -2.1339476  -2.1339476  2.1339476 
11 39  -6.1020524  -1.9840523999999995  1.9840524000000004 
11 40  -0.07494759999999978  -0.07494759999999978  6.1020524 
11 41  -6.251947599999999  -4.0430524000000005  -0.0749476 
11 42  -1.9840523999999995  -0.07494759999999978  4.1929476 
11 43  -0.07494759999999978  -6.1020524  0.0749476 
11 44  0.07494760000000067  -6.2519476  4.0430524000000005 
11 45  0.07494760000000156  -4.0430524000000005  6.251947600000001 
11 46  -6.251947599999999  -6.2519476  2.1339476 
11 47  -1.9840523999999995  -6.1020524  1.9840524000000004 
11 48  -0.07494759999999978  -4.1929476  1.9840524000000004 
11 49  -6.251947599999999  0.07494760000000067  4.0430524000000005 
11 50  -1.9840523999999995  -4.1929476  0.0749476 
11 51  -0.07494759999999978  -1.9840523999999995  4.1929476 
11 52  0.07494760000000067  -2.1339476  -0.0749476 
11 53  0.07494760000000156  0.07494760000000067  2.1339476 
11 54  -6.251947599999999  -2.1339476  6.251947600000001 
11 55  -1.9840523999999995  -1.9840523999999995  6.1020524 
12 24  -2.1339476  1.9840523999999995  1.9840524000000004 
12 25  -0.07494760000000067  -1.9840524000000008  4.0430524000000005 
12 26  -4.0430524000000005  1.9840523999999995  0.0749476 
12 27  -2.1339476  -4.0430524000000005  4.1929476 
12 28  -1.9840524000000008  -4.192947600000001  -0.0749476 
12 29  -1.9840524000000008  -1.9840524000000008  2.1339476 
12 30  -0.07494759999999978  -4.192947600000001  6.251947600000001 
12 31  -4.0430524000000005  -4.0430524000000005  6.1020524 
12 32  -2.1339476  -2.1339476000000004  6.1020524 
12 33  -0.07494759999999978  2.1339476  -0.0749476 
12 34  -4.0430524000000005  -2.1339476000000004  4.1929476 
12 35  -2.1339476  0.07494759999999978  0.0749476 
12 36  -1.9840524  -0.07494760000000067  4.0430524000000005 
12 37  -1.9840524  2.1339476  6.251947600000001 
12 38  -0.07494760000000067  -0.07494760000000067  2.1339476 
12 39  -4.0430524000000005  0.07494759999999978  1.9840524000000004 
12 40  1.9840523999999995  1.9840523999999995  6.1020524 
12 41  -4.1929476  -1.9840524000000008  -0.0749476 
12 42  0.07494759999999978  1.9840523999999995  4.1929476 
12 43  1.9840523999999995  -4.0430524000000005  0.0749476 
12 44  2.1339476  -4.192947600000001  4.0430524000000005 
12 45  2.133947600000001  -1.9840524000000008  6.251947600000001 
12 46  -4.1929476  -4.192947600000001  2.1339476 
12 47  0.07494759999999978  -4.0430524000000005  1.9840524000000004 
12 48  1.9840523999999995  -2.1339476000000004  1.9840524000000004 
12 49  -4.1929476  2.1339476  4.0430524000000005 
12 50  0.07494759999999978  -2.1339476000000004  0.0749476 
12 51  1.9840523999999995  0.07494759999999978  4.1929476 
12 52  2.1339476  -0.07494760000000067  -0.0749476 
12 53  2.133947600000001  2.1339476  2.1339476 
12 54  -4.1929476  -0.07494760000000067  6.251947600000001 
12 55  0.07494759999999978  0.07494759999999978  6.1020524 
13 24  -4.192947599999999  1.9840523999999995  -0.07494759999999978 
13 25  -2.1339476  -1.9840524000000008  1.9840524 
13 26  -6.1020524  1.9840523999999995  -1.9840524000000002 
13 27  -4.192947599999999  -4.0430524000000005  2.1339476000000004 
13 28  -4.0430524000000005  -4.192947600000001  -2.1339476 
13 29  -4.0430524000000005  -1.9840524000000008  0.07494759999999978 
13 30  -2.133947599999999  -4.192947600000001  4.1929476 
13 31  -6.1020524  -4.0430524000000005  4.0430524000000005 
13 32  -4.192947599999999  -2.1339476000000004  4.0430524000000005 
13 33  -2.133947599999999  2.1339476  -2.1339476 
13 34  -6.1020524  -2.1339476000000004  2.1339476000000004 
13 35  -4.192947599999999  0.07494759999999978  -1.9840524000000002 
13 36  -4.043052399999999  -0.07494760000000067  1.9840524 
13 37  -4.043052399999999  2.1339476  4.1929476 
13 38  -2.1339476  -0.07494760000000067  0.07494759999999978 
13 39  -6.1020524  0.07494759999999978  -0.07494759999999978 
13 40  -0.07494759999999978  1.9840523999999995  4.0430524000000005 
13 41  -6.251947599999999  -1.9840524000000008  -2.1339476 
13 42  -1.9840523999999995  1.9840523999999995  2.1339476000000004 
13 43  -0.07494759999999978  -4.0430524000000005  -1.9840524000000002 
13 44  0.07494760000000067  -4.192947600000001  1.9840524 
13 45  0.07494760000000156  -1.9840524000000008  4.1929476 
13 46  -6.251947599999999  -4.192947600000001  0.07494759999999978 
13 47  -1.9840523999999995  -4.0430524000000005  -0.07494759999999978 
13 48  -0.07494759999999978  -2.1339476000000004  -0.07494759999999978 
13 49  -6.251947599999999  2.1339476  1.9840524 
13 50  -1.9840523999999995  -2.1339476000000004  -1.9840524000000002 
13 51  -0.07494759999999978  0.07494759999999978  2.1339476000000004 
13 52  0.07494760000000067  -0.07494760000000067  -2.1339476 
13 53  0.07494760000000156  2.1339476  0.07494759999999978 
13 54  -6.251947599999999  -0.07494760000000067  4.1929476 
13 55  -1.9840523999999995  0.07494759999999978  4.0430524000000005 
14 24  -2.1339476  -0.07494759999999978  -0.07494759999999978 
14 25  -0.07494760000000067  -4.0430524000000005  1.9840524 
14 26  -4.0430524000000005  -0.07494759999999978  -1.9840524000000002 
14 27  -2.1339476  -6.1020524  2.1339476000000004 
14 28  -1.9840524000000008  -6.2519476  -2.1339476 
14 29  -1.9840524000000008  -4.0430524000000005  0.07494759999999978 
14 30  -0.07494759999999978  -6.2519476  4.1929476 
14 31  -4.0430524000000005  -6.1020524  4.0430524000000005 
14 32  -2.1339476  -4.1929476  4.0430524000000005 
14 33  -0.07494759999999978  0.07494760000000067  -2.1339476 
14 34  -4.0430524000000005  -4.1929476  2.1339476000000004 
14 35  -2.1339476  -1.9840523999999995  -1.9840524000000002 
14 36  -1.9840524  -2.1339476  1.9840524 
14 37  -1.9840524  0.07494760000000067  4.1929476 
14 38  -0.07494760000000067  -2.1339476  0.07494759999999978 
14 39  -4.0430524000000005  -1.9840523999999995  -0.07494759999999978 
14 40  1.9840523999999995  -0.07494759999999978  4.0430524000000005 
14 41  -4.1929476  -4.0430524000000005  -2.1339476 
14 42  0.07494759999999978  -0.07494759999999978  2.1339476000000004 
14 43  1.9840523999999995  -6.1020524  -1.9840524000000002 
14 44  2.1339476  -6.2519476  1.9840524 
14 45  2.133947600000001  -4.0430524000000005  4.1929476 
14 46  -4.1929476  -6.2519476  0.07494759999999978 
14 47  0.07494759999999978  -6.1020524  -0.07494759999999978 
14 48  1.9840523999999995  -4.1929476  -0.07494759999999978 
14 49  -4.1929476  0.07494760000000067  1.9840524 
14 50  0.07494759999999978  -4.1929476  -1.9840524000000002 
14 51  1.9840523999999995  -1.9840523999999995  2.1339476000000004 
14 52  2.1339476  -2.1339476  -2.1339476 
14 53  2.133947600000001  0.07494760000000067  0.07494759999999978 
14 54  -4.1929476  -2.1339476  4.1929476 
14 55  0.07494759999999978  -1.9840523999999995  4.0430524000000005 
15 24  -4.192947599999999  4.0430524000000005  -2.1339476000000004 
15 25  -2.1339476  0.07494759999999978  -0.07494760000000067 
15 26  -6.1020524  4.0430524000000005  -4.0430524000000005 
15 27  -4.192947599999999  -1.9840524000000002  0.07494759999999978 
15 28  -4.0430524000000005  -2.1339476  -4.192947600000001 
15 29  -4.0430524000000005  0.07494759999999978  -1.9840524000000008 
15 30  -2.133947599999999  -2.1339476  2.1339476 
15 31  -6.1020524  -1.9840524000000002  1.9840523999999995 
15 32  -4.192947599999999  -0.07494759999999978  1.9840523999999995 
15 33  -2.133947599999999  4.1929476  -4.192947600000001 
15 34  -6.1020524  -0.07494759999999978  0.07494759999999978 
15 35  -4.192947599999999  2.1339476000000004  -4.0430524000000005 
15 36  -4.043052399999999  1.9840524  -0.07494760000000067 
15 37  -4.043052399999999  4.1929476  2.1339476 
15 38  -2.1339476  1.9840524  -1.9840524000000008 
15 39  -6.1020524  2.1339476000000004  -2.1339476000000004 
15 40  -0.07494759999999978  4.0430524000000005  1.9840523999999995 
15 41  -6.251947599999999  0.07494759999999978  -4.192947600000001 
15 42  -1.9840523999999995  4.0430524000000005  0.07494759999999978 
15 43  -0.07494759999999978  -1.9840524000000002  -4.0430524000000005 
15 44  0.07494760000000067  -2.1339476  -0.07494760000000067 
15 45  0.07494760000000156  0.07494759999999978  2.1339476 
15 46  -6.251947599999999  -2.1339476  -1.9840524000000008 
15 47  -1.9840523999999995  -1.9840524000000002  -2.1339476000000004 
15 48  -0.07494759999999978  -0.07494759999999978  -2.1339476000000004 
15 49  -6.251947599999999  4.1929476  -0.07494760000000067 
15 50  -1.9840523999999995  -0.07494759999999978  -4.0430524000000005 
15 51  -0.07494759999999978  2.1339476000000004  0.07494759999999978 
15 52  0.07494760000000067  1.9840524  -4.192947600000001 
15 53  0.07494760000000156  4.1929476  -1.9840524000000008 
15 54  -6.251947599999999  1.9840524  2.1339476 
15 55  -1.9840523999999995  2.1339476000000004  1.9840523999999995 
16 24  0.9545524000000003  0.9545523999999999  0.9545524000000003 
16 25  3.0135523999999996  -3.0135524000000005  3.0135524 
16 26  -0.9545524000000001  0.9545523999999999  -0.9545524000000001 
16 27  0.9545524000000003  -5.0725524  3.1634476000000005 
16 28  1.1044475999999994  -5.222447600000001  -1.1044476 
16 29  1.1044475999999994  -3.0135524000000005  1.1044475999999999 
16 30  3.0135524000000005  -5.222447600000001  5.222447600000001 
16 31  -0.9545524000000001  -5.0725524  5.0725524 
16 32  0.9545524000000003  -3.1634476  5.0725524 
16 33  3.0135524000000005  1.1044476000000003  -1.1044476 
16 34  -0.9545524000000001  -3.1634476  3.1634476000000005 
16 35  0.9545524000000003  -0.9545523999999999  -0.9545524000000001 
16 36  1.1044476000000003  -1.1044476000000003  3.0135524 
16 37  1.1044476000000003  1.1044476000000003  5.222447600000001 
16 38  3.0135523999999996  -1.1044476000000003  1.1044475999999999 
16 39  -0.9545524000000001  -0.9545523999999999  0.9545524000000003 
16 40  5.072552399999999  0.9545523999999999  5.0725524 
16 41  -1.1044476000000003  -3.0135524000000005  -1.1044476 
16 42  3.1634476  0.9545523999999999  3.1634476000000005 
16 43  5.072552399999999  -5.0725524  -0.9545524000000001 
16 44  5.222447600000001  -5.222447600000001  3.0135524 
16 45  5.222447600000001  -3.0135524000000005  5.222447600000001 
16 46  -1.1044476000000003  -5.222447600000001  1.1044475999999999 
16 47  3.1634476  -5.0725524  0.9545524000000003 
16 48  5.072552399999999  -3.1634476  0.9545524000000003 
16 49  -1.1044475999999999  1.1044476000000003  3.0135524 
16 50  3.1634476  -3.1634476  -0.9545524000000001 
16 51  5.072552399999999  -0.9545523999999999  3.1634476000000005 
16 52  5.222447600000001  -1.1044476000000003  -1.1044476 
16 53  5.222447600000001  1.1044476000000003  1.1044475999999999 
16 54  -1.1044475999999999  -1.1044476000000003  5.222447600000001 
16 55  3.1634476  -0.9545523999999999  5.0725524 
17 24  -1.1044475999999994  3.0135524  -1.1044475999999999 
17 25  0.9545523999999999  -0.9545524000000003  0.9545523999999999 
17 26  -3.0135524  3.0135524  -3.0135524 
17 27  -1.1044475999999994  -3.0135524  1.1044476000000003 
17 28  -0.9545524000000003  -3.1634476000000005  -3.1634476000000005 
17 29  -0.9545524000000003  -0.9545524000000003  -0.9545524000000003 
17 30  0.9545524000000007  -3.1634476000000005  3.1634476000000005 
17 31  -3.0135524  -3.0135524  3.0135524 
17 32  -1.1044475999999994  -1.1044475999999999  3.0135524 
17 33  0.9545524000000007  3.1634476000000005  -3.1634476000000005 
17 34  -3.0135524  -1.1044475999999999  1.1044476000000003 
17 35  -1.1044475999999994  1.1044476000000003  -3.0135524 
17 36  -0.9545523999999994  0.9545523999999999  0.9545523999999999 
17 37  -0.9545523999999994  3.1634476000000005  3.1634476000000005 
17 38  0.9545523999999999  0.9545523999999999  -0.9545524000000003 
17 39  -3.0135524  1.1044476000000003  -1.1044475999999999 
17 40  3.0135524  3.0135524  3.0135524 
17 41  -3.1634476  -0.9545524000000003  -3.1634476000000005 
17 42  1.1044476000000003  3.0135524  1.1044476000000003 
17 43  3.0135524  -3.0135524  -3.0135524 
17 44  3.1634476000000005  -3.1634476000000005  0.9545523999999999 
17 45  3.1634476000000014  -0.9545524000000003  3.1634476000000005 
17 46  -3.1634476  -3.1634476000000005  -0.9545524000000003 
17 47  1.1044476000000003  -3.0135524  -1.1044475999999999 
17 48  3.0135524  -1.1044475999999999  -1.1044475999999999 
17 49  -3.1634475999999996  3.1634476000000005  0.9545523999999999 
17 50  1.1044476000000003  -1.1044475999999999  -3.0135524 
17 51  3.0135524  1.1044476000000003  1.1044476000000003 
17 52  3.1634476000000005  0.9545523999999999  -3.1634476000000005 
17 53  3.1634476000000014  3.1634476000000005  -0.9545524000000003 
17 54  -3.1634475999999996  0.9545523999999999  3.1634476000000005 
17 55  1.1044476000000003  1.1044476000000003  3.0135524 
18 24  0.9545524000000003  5.0725524  -3.1634476 
18 25  3.0135523999999996  1.1044475999999999  -1.1044476000000003 
18 26  -0.9545524000000001  5.0725524  -5.0725524 
18 27  0.9545524000000003  -0.9545524000000001  -0.9545523999999999 
18 28  1.1044475999999994  -1.1044476  -5.222447600000001 
18 29  1.1044475999999994  1.1044475999999999  -3.0135524000000005 
18 30  3.0135524000000005  -1.1044476  1.1044476000000003 
18 31  -0.9545524000000001  -0.9545524000000001  0.9545523999999999 
18 32  0.9545524000000003  0.9545524000000003  0.9545523999999999 
18 33  3.0135524000000005  5.222447600000001  -5.222447600000001 
18 34  -0.9545524000000001  0.9545524000000003  -0.9545523999999999 
18 35  0.9545524000000003  3.1634476000000005  -5.0725524 
18 36  1.1044476000000003  3.0135524  -1.1044476000000003 
18 37  1.1044476000000003  5.222447600000001  1.1044476000000003 
18 38  3.0135523999999996  3.0135524  -3.0135524000000005 
18 39  -0.9545524000000001  3.1634476000000005  -3.1634476 
18 40  5.072552399999999  5.0725524  0.9545523999999999 
18 41  -1.1044476000000003  1.1044475999999999  -5.222447600000001 
18 42  3.1634476  5.0725524  -0.9545523999999999 
18 43  5.072552399999999  -0.9545524000000001  -5.0725524 
18 44  5.222447600000001  -1.1044476  -1.1044476000000003 
18 45  5.222447600000001  1.1044475999999999  1.1044476000000003 
18 46  -1.1044476000000003  -1.1044476  -3.0135524000000005 
18 47  3.1634476  -0.9545524000000001  -3.1634476 
18 48  5.072552399999999  0.9545524000000003  -3.1634476 
18 49  -1.1044475999999999  5.222447600000001  -1.1044476000000003 
18 50  3.1634476  0.9545524000000003  -5.0725524 
18 51  5.072552399999999  3.1634476000000005  -0.9545523999999999 
18 52  5.222447600000001  3.0135524  -5.222447600000001 
18 53  5.222447600000001  5.222447600000001  -3.0135524000000005 
18 54  -1.1044475999999999  3.0135524  1.1044476000000003 
18 55  3.1634476  3.1634476000000005  0.9545523999999999 
19 24  -1.1044475999999994  7.1315524  3.0135524000000005 
19 25  0.9545523999999999  3.1634476  5.0725524 
19 26  -3.0135524  7.1315524  1.1044476 
19 27  -1.1044475999999994  1.1044476  5.222447600000001 
19 28  -0.9545524000000003  0.9545524000000001  0.9545524000000001 
19 29  -0.9545524000000003  3.1634476  3.1634476 
19 30  0.9545524000000007  0.9545524000000001  7.281447600000001 
19 31  -3.0135524  1.1044476  7.1315524 
19 32  -1.1044475999999994  3.0135524000000005  7.1315524 
19 33  0.9545524000000007  7.281447600000001  0.9545524000000001 
19 34  -3.0135524  3.0135524000000005  5.222447600000001 
19 35  -1.1044475999999994  5.222447600000001  1.1044476 
19 36  -0.9545523999999994  5.0725524  5.0725524 
19 37  -0.9545523999999994  7.281447600000001  7.281447600000001 
19 38  0.9545523999999999  5.0725524  3.1634476 
19 39  -3.0135524  5.222447600000001  3.0135524000000005 
19 40  3.0135524  7.1315524  7.1315524 
19 41  -3.1634476  3.1634476  0.9545524000000001 
19 42  1.1044476000000003  7.1315524  5.222447600000001 
19 43  3.0135524  1.1044476  1.1044476 
19 44  3.1634476000000005  0.9545524000000001  5.0725524 
19 45  3.1634476000000014  3.1634476  7.281447600000001 
19 46  -3.1634476  0.9545524000000001  3.1634476 
19 47  1.1044476000000003  1.1044476  3.0135524000000005 
19 48  3.0135524  3.0135524000000005  3.0135524000000005 
19 49  -3.1634475999999996  7.281447600000001  5.0725524 
19 50  1.1044476000000003  3.0135524000000005  1.1044476 
19 51  3.0135524  5.222447600000001  5.222447600000001 
19 52  3.1634476000000005  5.0725524  0.9545524000000001 
19 53  3.1634476000000014  7.281447600000001  3.1634476 
19 54  -3.1634475999999996  5.0725524  7.281447600000001 
19 55  1.1044476000000003  5.222447600000001  7.1315524 
20 24  -3.1634475999999996  0.9545523999999999  -3.1634476 
20 25  -1.1044476000000003  -3.0135524000000005  -1.1044476000000003 
20 26  -5.0725524  0.9545523999999999  -5.0725524 
20 27  -3.1634475999999996  -5.0725524  -0.9545523999999999 
20 28  -3.0135524000000005  -5.222447600000001  -5.222447600000001 
20 29  -3.0135524000000005  -3.0135524000000005  -3.0135524000000005 
20 30  -1.1044475999999994  -5.222447600000001  1.1044476000000003 
20 31  -5.0725524  -5.0725524  0.9545523999999999 
20 32  -3.1634475999999996  -3.1634476  0.9545523999999999 
20 33  -1.1044475999999994  1.1044476000000003  -5.222447600000001 
20 34  -5.0725524  -3.1634476  -0.9545523999999999 
20 35  -3.1634475999999996  -0.9545523999999999  -5.0725524 
20 36  -3.0135523999999996  -1.1044476000000003  -1.1044476000000003 
20 37  -3.0135523999999996  1.1044476000000003  1.1044476000000003 
20 38  -1.1044476000000003  -1.1044476000000003  -3.0135524000000005 
20 39  -5.0725524  -0.9545523999999999  -3.1634476 
20 40  0.9545523999999999  0.9545523999999999  0.9545523999999999 
20 41  -5.2224476  -3.0135524000000005  -5.222447600000001 
20 42  -0.9545523999999999  0.9545523999999999  -0.9545523999999999 
20 43  0.9545523999999999  -5.0725524  -5.0725524 
20 44  1.1044476000000003  -5.222447600000001  -1.1044476000000003 
20 45  1.1044476000000012  -3.0135524000000005  1.1044476000000003 
20 46  -5.2224476  -5.222447600000001  -3.0135524000000005 
20 47  -0.9545523999999999  -5.0725524  -3.1634476 
20 48  0.9545523999999999  -3.1634476  -3.1634476 
20 49  -5.2224476  1.1044476000000003  -1.1044476000000003 
20 50  -0.9545523999999999  -3.1634476  -5.0725524 
20 51  0.9545523999999999  -0.9545523999999999  -0.9545523999999999 
20 52  1.1044476000000003  -1.1044476000000003  -5.222447600000001 
20 53  1.1044476000000012  1.1044476000000003  -3.0135524000000005 
20 54  -5.2224476  -1.1044476000000003  1.1044476000000003 
20 55  -0.9545523999999999  -0.9545523999999999  0.9545523999999999 
21 24  3.0135524000000005  3.0135524  3.0135524000000005 
21 25  5.0725524  -0.9545524000000003  5.0725524 
21 26  1.1044476000000003  3.0135524  1.1044476 
21 27  3.0135524000000005  -3.0135524  5.222447600000001 
21 28  3.1634475999999996  -3.1634476000000005  0.9545524000000001 
21 29  3.1634475999999996  -0.9545524000000003  3.1634476 
21 30  5.072552400000001  -3.1634476000000005  7.281447600000001 
21 31  1.1044476000000003  -3.0135524  7.1315524 
21 32  3.0135524000000005  -1.1044475999999999  7.1315524 
21 33  5.072552400000001  3.1634476000000005  0.9545524000000001 
21 34  1.1044476000000003  -1.1044475999999999  5.222447600000001 
21 35  3.0135524000000005  1.1044476000000003  1.1044476 
21 36  3.1634476000000005  0.9545523999999999  5.0725524 
21 37  3.1634476000000005  3.1634476000000005  7.281447600000001 
21 38  5.0725524  0.9545523999999999  3.1634476 
21 39  1.1044476000000003  1.1044476000000003  3.0135524000000005 
21 40  7.1315524  3.0135524  7.1315524 
21 41  0.9545524000000002  -0.9545524000000003  0.9545524000000001 
21 42  5.222447600000001  3.0135524  5.222447600000001 
21 43  7.1315524  -3.0135524  1.1044476 
21 44  7.281447600000001  -3.1634476000000005  5.0725524 
21 45  7.281447600000002  -0.9545524000000003  7.281447600000001 
21 46  0.9545524000000002  -3.1634476000000005  3.1634476 
21 47  5.222447600000001  -3.0135524  3.0135524000000005 
21 48  7.1315524  -1.1044475999999999  3.0135524000000005 
21 49  0.9545524000000006  3.1634476000000005  5.0725524 
21 50  5.222447600000001  -1.1044475999999999  1.1044476 
21 51  7.1315524  1.1044476000000003  5.222447600000001 
21 52  7.281447600000001  0.9545523999999999  0.9545524000000001 
21 53  7.281447600000002  3.1634476000000005  3.1634476 
21 54  0.9545524000000006  0.9545523999999999  7.281447600000001 
21 55  5.222447600000001  1.1044476000000003  7.1315524 
22 24  -3.1634475999999996  5.0725524  0.9545524000000003 
22 25  -1.1044476000000003  1.1044475999999999  3.0135524 
22 26  -5.0725524  5.0725524  -0.9545524000000001 
22 27  -3.1634475999999996  -0.9545524000000001  3.1634476000000005 
22 28  -3.0135524000000005  -1.1044476  -1.1044476 
22 29  -3.0135524000000005  1.1044475999999999  1.1044475999999999 
22 30  -1.1044475999999994  -1.1044476  5.222447600000001 
22 31  -5.0725524  -0.9545524000000001  5.0725524 
22 32  -3.1634475999999996  0.9545524000000003  5.0725524 
22 33  -1.1044475999999994  5.222447600000001  -1.1044476 
22 34  -5.0725524  0.9545524000000003  3.1634476000000005 
22 35  -3.1634475999999996  3.1634476000000005  -0.9545524000000001 
22 36  -3.0135523999999996  3.0135524  3.0135524 
22 37  -3.0135523999999996  5.222447600000001  5.222447600000001 
22 38  -1.1044476000000003  3.0135524  1.1044475999999999 
22 39  -5.0725524  3.1634476000000005  0.9545524000000003 
22 40  0.9545523999999999  5.0725524  5.0725524 
22 41  -5.2224476  1.1044475999999999  -1.1044476 
22 42  -0.9545523999999999  5.0725524  3.1634476000000005 
22 43  0.9545523999999999  -0.9545524000000001  -0.9545524000000001 
22 44  1.1044476000000003  -1.1044476  3.0135524 
22 45  1.1044476000000012  1.1044475999999999  5.222447600000001 
22 46  -5.2224476  -1.1044476  1.1044475999999999 
22 47  -0.9545523999999999  -0.9545524000000001  0.9545524000000003 
22 48  0.9545523999999999  0.9545524000000003  0.9545524000000003 
22 49  -5.2224476  5.222447600000001  3.0135524 
22 50  -0.9545523999999999  0.9545524000000003  -0.9545524000000001 
22 51  0.9545523999999999  3.1634476000000005  3.1634476000000005 
22 52  1.1044476000000003  3.0135524  -1.1044476 
22 53  1.1044476000000012  5.222447600000001  1.1044475999999999 
22 54  -5.2224476  3.0135524  5.222447600000001 
22 55  -0.9545523999999999  3.1634476000000005  5.0725524 
23 24  3.0135524000000005  7.1315524  -1.1044475999999999 
23 25  5.0725524  3.1634476  0.9545523999999999 
23 26  1.1044476000000003  7.1315524  -3.0135524 
23 27  3.0135524000000005  1.1044476  1.1044476000000003 
23 28  3.1634475999999996  0.9545524000000001  -3.1634476000000005 
23 29  3.1634475999999996  3.1634476  -0.9545524000000003 
23 30  5.072552400000001  0.9545524000000001  3.1634476000000005 
23 31  1.1044476000000003  1.1044476  3.0135524 
23 32  3.0135524000000005  3.0135524000000005  3.0135524 
23 33  5.072552400000001  7.281447600000001  -3.1634476000000005 
23 34  1.1044476000000003  3.0135524000000005  1.1044476000000003 
23 35  3.0135524000000005  5.222447600000001  -3.0135524 
23 36  3.1634476000000005  5.0725524  0.9545523999999999 
23 37  3.1634476000000005  7.281447600000001  3.1634476000000005 
23 38  5.0725524  5.0725524  -0.9545524000000003 
23 39  1.1044476000000003  5.222447600000001  -1.1044475999999999 
23 40  7.1315524  7.1315524  3.0135524 
23 41  0.9545524000000002  3.1634476  -3.1634476000000005 
23 42  5.222447600000001  7.1315524  1.1044476000000003 
23 43  7.1315524  1.1044476  -3.0135524 
23 44  7.281447600000001  0.9545524000000001  0.9545523999999999 
23 45  7.281447600000002  3.1634476  3.1634476000000005 
23 46  0.9545524000000002  0.9545524000000001  -0.9545524000000003 
23 47  5.222447600000001  1.1044476  -1.1044475999999999 
23 48  7.1315524  3.0135524000000005  -1.1044475999999999 
23 49  0.9545524000000006  7.281447600000001  0.9545523999999999 
23 50  5.222447600000001  3.0135524000000005  -3.0135524 
23 51  7.1315524  5.222447600000001  1.1044476000000003 
23 52  7.281447600000001  5.0725524  -3.1634476000000005 
23 53  7.281447600000002  7.281447600000001  -0.9545524000000003 
23 54  0.9545524000000006  5.0725524  3.1634476000000005 
23 55  5.222447600000001  5.222447600000001  3.0135524 
24 0  -1.9840524000000008  -6.1020524  -1.9840524000000004 
24 1  0.07494759999999934  -6.1020524  0.07494759999999978 
24 2  -1.9840524000000004  -4.0430524000000005  0.07494759999999978 
24 3  0.07494760000000023  0.07494759999999978  2.1339476000000004 
24 4  -1.9840524000000004  -1.9840523999999995  2.1339476000000004 
24 5  0.07494760000000023  -1.9840523999999995  4.1929476 
24 6  -1.9840524  0.07494759999999978  4.1929476 
24 7  0.07494759999999934  -4.0430524000000005  -1.9840524000000004 
24 8  2.1339476  -6.1020524  2.1339476000000004 
24 9  4.192947599999999  -6.1020524  4.1929476 
24 10  2.1339476  -4.0430524000000005  4.1929476 
24 11  4.192947599999999  0.07494759999999978  -1.9840524000000004 
24 12  2.1339476  -1.9840523999999995  -1.9840524000000004 
24 13  4.192947599999999  -1.9840523999999995  0.07494759999999978 
24 14  2.1339476  0.07494759999999978  0.07494759999999978 
24 15  4.192947599999999  -4.0430524000000005  2.1339476000000004 
24 16  -0.9545524000000003  -0.9545523999999999  -0.9545524000000003 
24 17  1.1044475999999994  -3.0135524  1.1044475999999999 
24 18  -0.9545524000000003  -5.0725524  3.1634476 
24 19  1.1044475999999994  -7.1315524  -3.0135524000000005 
24 20  3.1634475999999996  -0.9545523999999999  3.1634476 
24 21  -3.0135524000000005  -3.0135524  -3.0135524000000005 
24 22  3.1634475999999996  -5.0725524  -0.9545524000000003 
24 23  -3.0135524000000005  -7.1315524  1.1044475999999999 
25 0  -4.0430524000000005  -2.1339476  -4.0430524000000005 
25 1  -1.9840524  -2.1339476  -1.9840524 
25 2  -4.0430524  -0.07494759999999978  -1.9840524 
25 3  -1.984052399999999  4.0430524000000005  0.07494760000000067 
25 4  -4.0430524  1.9840524000000008  0.07494760000000067 
25 5  -1.984052399999999  1.9840524000000008  2.1339476 
25 6  -4.043052399999999  4.0430524000000005  2.1339476 
25 7  -1.9840524  -0.07494759999999978  -4.0430524000000005 
25 8  0.07494760000000067  -2.1339476  0.07494760000000067 
25 9  2.1339476  -2.1339476  2.1339476 
25 10  0.07494760000000067  -0.07494759999999978  2.1339476 
25 11  2.1339476  4.0430524000000005  -4.0430524000000005 
25 12  0.07494760000000067  1.9840524000000008  -4.0430524000000005 
25 13  2.1339476  1.9840524000000008  -1.9840524 
25 14  0.07494760000000067  4.0430524000000005  -1.9840524 
25 15  2.1339476  -0.07494759999999978  0.07494760000000067 
25 16  -3.0135523999999996  3.0135524000000005  -3.0135524 
25 17  -0.9545523999999999  0.9545524000000003  -0.9545523999999999 
25 18  -3.0135523999999996  -1.1044475999999999  1.1044476000000003 
25 19  -0.9545523999999999  -3.1634476  -5.0725524 
25 20  1.1044476000000003  3.0135524000000005  1.1044476000000003 
25 21  -5.0725524  0.9545524000000003  -5.0725524 
25 22  1.1044476000000003  -1.1044475999999999  -3.0135524 
25 23  -5.0725524  -3.1634476  -0.9545523999999999 
26 0  -0.07494760000000045  -6.1020524  -0.0749476 
26 1  1.9840523999999997  -6.1020524  1.9840524000000002 
26 2  -0.0749476  -4.0430524000000005  1.9840524000000002 
26 3  1.9840524000000006  0.07494759999999978  4.0430524000000005 
26 4  -0.0749476  -1.9840523999999995  4.0430524000000005 
26 5  1.9840524000000006  -1.9840523999999995  6.1020524 
26 6  -0.07494759999999956  0.07494759999999978  6.1020524 
26 7  1.9840523999999997  -4.0430524000000005  -0.0749476 
26 8  4.0430524000000005  -6.1020524  4.0430524000000005 
26 9  6.1020524  -6.1020524  6.1020524 
26 10  4.0430524000000005  -4.0430524000000005  6.1020524 
26 11  6.1020524  0.07494759999999978  -0.0749476 
26 12  4.0430524000000005  -1.9840523999999995  -0.0749476 
26 13  6.1020524  -1.9840523999999995  1.9840524000000002 
26 14  4.0430524000000005  0.07494759999999978  1.9840524000000002 
26 15  6.1020524  -4.0430524000000005  4.0430524000000005 
26 16  0.9545524000000001  -0.9545523999999999  0.9545524000000001 
26 17  3.0135524  -3.0135524  3.0135524 
26 18  0.9545524000000001  -5.0725524  5.0725524 
26 19  3.0135524  -7.1315524  -1.1044476 
26 20  5.0725524  -0.9545523999999999  5.0725524 
26 21  -1.1044476000000003  -3.0135524  -1.1044476 
26 22  5.0725524  -5.0725524  0.9545524000000001 
26 23  -1.1044476000000003  -7.1315524  3.0135524 
27 0  -1.9840524000000008  -0.0749476  -4.1929476 
27 1  0.07494759999999934  -0.0749476  -2.1339476000000004 
27 2  -1.9840524000000004  1.9840524000000002  -2.1339476000000004 
27 3  0.07494760000000023  6.1020524  -0.07494759999999978 
27 4  -1.9840524000000004  4.0430524000000005  -0.07494759999999978 
27 5  0.07494760000000023  4.0430524000000005  1.9840523999999995 
27 6  -1.9840524  6.1020524  1.9840523999999995 
27 7  0.07494759999999934  1.9840524000000002  -4.1929476 
27 8  2.1339476  -0.0749476  -0.07494759999999978 
27 9  4.192947599999999  -0.0749476  1.9840523999999995 
27 10  2.1339476  1.9840524000000002  1.9840523999999995 
27 11  4.192947599999999  6.1020524  -4.1929476 
27 12  2.1339476  4.0430524000000005  -4.1929476 
27 13  4.192947599999999  4.0430524000000005  -2.1339476000000004 
27 14  2.1339476  6.1020524  -2.1339476000000004 
27 15  4.192947599999999  1.9840524000000002  -0.07494759999999978 
27 16  -0.9545524000000003  5.0725524  -3.1634476000000005 
27 17  1.1044475999999994  3.0135524  -1.1044476000000003 
27 18  -0.9545524000000003  0.9545524000000001  0.9545523999999999 
27 19  1.1044475999999994  -1.1044476  -5.222447600000001 
27 20  3.1634475999999996  5.0725524  0.9545523999999999 
27 21  -3.0135524000000005  3.0135524  -5.222447600000001 
27 22  3.1634475999999996  0.9545524000000001  -3.1634476000000005 
27 23  -3.0135524000000005  -1.1044476  -1.1044476000000003 
28 0  -2.1339476  0.0749476  0.0749476 
28 1  -0.07494759999999978  0.0749476  2.1339476 
28 2  -2.1339475999999995  2.1339476  2.1339476 
28 3  -0.07494759999999889  6.2519476  4.192947600000001 
28 4  -2.1339475999999995  4.192947600000001  4.192947600000001 
28 5  -0.07494759999999889  4.192947600000001  6.2519476 
28 6  -2.133947599999999  6.2519476  6.2519476 
28 7  -0.07494759999999978  2.1339476  0.0749476 
28 8  1.9840524000000008  0.0749476  4.192947600000001 
28 9  4.0430524000000005  0.0749476  6.2519476 
28 10  1.9840524000000008  2.1339476  6.2519476 
28 11  4.0430524000000005  6.2519476  0.0749476 
28 12  1.9840524000000008  4.192947600000001  0.0749476 
28 13  4.0430524000000005  4.192947600000001  2.1339476 
28 14  1.9840524000000008  6.2519476  2.1339476 
28 15  4.0430524000000005  2.1339476  4.192947600000001 
28 16  -1.1044475999999994  5.222447600000001  1.1044476 
28 17  0.9545524000000003  3.1634476000000005  3.1634476000000005 
28 18  -1.1044475999999994  1.1044476  5.222447600000001 
28 19  0.9545524000000003  -0.9545524000000001  -0.9545524000000001 
28 20  3.0135524000000005  5.222447600000001  5.222447600000001 
28 21  -3.1634475999999996  3.1634476000000005  -0.9545524000000001 
28 22  3.0135524000000005  1.1044476  1.1044476 
28 23  -3.1634475999999996  -0.9545524000000001  3.1634476000000005 
29 0  -2.1339476  -2.1339476  -2.1339476 
29 1  -0.07494759999999978  -2.1339476  -0.07494759999999978 
29 2  -2.1339475999999995  -0.07494759999999978  -0.07494759999999978 
29 3  -0.07494759999999889  4.0430524000000005  1.9840524000000008 
29 4  -2.1339475999999995  1.9840524000000008  1.9840524000000008 
29 5  -0.07494759999999889  1.9840524000000008  4.0430524000000005 
29 6  -2.133947599999999  4.0430524000000005  4.0430524000000005 
29 7  -0.07494759999999978  -0.07494759999999978  -2.1339476 
29 8  1.9840524000000008  -2.1339476  1.9840524000000008 
29 9  4.0430524000000005  -2.1339476  4.0430524000000005 
29 10  1.9840524000000008  -0.07494759999999978  4.0430524000000005 
29 11  4.0430524000000005  4.0430524000000005  -2.1339476 
29 12  1.9840524000000008  1.9840524000000008  -2.1339476 
29 13  4.0430524000000005  1.9840524000000008  -0.07494759999999978 
29 14  1.9840524000000008  4.0430524000000005  -0.07494759999999978 
29 15  4.0430524000000005  -0.07494759999999978  1.9840524000000008 
29 16  -1.1044475999999994  3.0135524000000005  -1.1044475999999999 
29 17  0.9545524000000003  0.9545524000000003  0.9545524000000003 
29 18  -1.1044475999999994  -1.1044475999999999  3.0135524000000005 
29 19  0.9545524000000003  -3.1634476  -3.1634476 
29 20  3.0135524000000005  3.0135524000000005  3.0135524000000005 
29 21  -3.1634475999999996  0.9545524000000003  -3.1634476 
29 22  3.0135524000000005  -1.1044475999999999  -1.1044475999999999 
29 23  -3.1634475999999996  -3.1634476  0.9545524000000003 
30 0  -4.0430524000000005  0.0749476  -6.251947600000001 
30 1  -1.9840524000000008  0.0749476  -4.1929476 
30 2  -4.0430524000000005  2.1339476  -4.1929476 
30 3  -1.9840524  6.2519476  -2.1339476 
30 4  -4.0430524000000005  4.192947600000001  -2.1339476 
30 5  -1.9840524  4.192947600000001  -0.07494760000000067 
30 6  -4.0430524000000005  6.2519476  -0.07494760000000067 
30 7  -1.9840524000000008  2.1339476  -6.251947600000001 
30 8  0.07494759999999978  0.0749476  -2.1339476 
30 9  2.133947599999999  0.0749476  -0.07494760000000067 
30 10  0.07494759999999978  2.1339476  -0.07494760000000067 
30 11  2.133947599999999  6.2519476  -6.251947600000001 
30 12  0.07494759999999978  4.192947600000001  -6.251947600000001 
30 13  2.133947599999999  4.192947600000001  -4.1929476 
30 14  0.07494759999999978  6.2519476  -4.1929476 
30 15  2.133947599999999  2.1339476  -2.1339476 
30 16  -3.0135524000000005  5.222447600000001  -5.222447600000001 
30 17  -0.9545524000000007  3.1634476000000005  -3.1634476000000005 
30 18  -3.0135524000000005  1.1044476  -1.1044476000000003 
30 19  -0.9545524000000007  -0.9545524000000001  -7.281447600000001 
30 20  1.1044475999999994  5.222447600000001  -1.1044476000000003 
30 21  -5.072552400000001  3.1634476000000005  -7.281447600000001 
30 22  1.1044475999999994  1.1044476  -5.222447600000001 
30 23  -5.072552400000001  -0.9545524000000001  -3.1634476000000005 
31 0  -0.07494760000000045  -0.0749476  -6.1020524 
31 1  1.9840523999999997  -0.0749476  -4.0430524000000005 
31 2  -0.0749476  1.9840524000000002  -4.0430524000000005 
31 3  1.9840524000000006  6.1020524  -1.9840523999999995 
31 4  -0.0749476  4.0430524000000005  -1.9840523999999995 
31 5  1.9840524000000006  4.0430524000000005  0.07494759999999978 
31 6  -0.07494759999999956  6.1020524  0.07494759999999978 
31 7  1.9840523999999997  1.9840524000000002  -6.1020524 
31 8  4.0430524000000005  -0.0749476  -1.9840523999999995 
31 9  6.1020524  -0.0749476  0.07494759999999978 
31 10  4.0430524000000005  1.9840524000000002  0.07494759999999978 
31 11  6.1020524  6.1020524  -6.1020524 
31 12  4.0430524000000005  4.0430524000000005  -6.1020524 
31 13  6.1020524  4.0430524000000005  -4.0430524000000005 
31 14  4.0430524000000005  6.1020524  -4.0430524000000005 
31 15  6.1020524  1.9840524000000002  -1.9840523999999995 
31 16  0.9545524000000001  5.0725524  -5.0725524 
31 17  3.0135524  3.0135524  -3.0135524 
31 18  0.9545524000000001  0.9545524000000001  -0.9545523999999999 
31 19  3.0135524  -1.1044476  -7.1315524 
31 20  5.0725524  5.0725524  -0.9545523999999999 
31 21  -1.1044476000000003  3.0135524  -7.1315524 
31 22  5.0725524  0.9545524000000001  -5.0725524 
31 23  -1.1044476000000003  -1.1044476  -3.0135524 
32 0  -1.9840524000000008  -1.9840524000000004  -6.1020524 
32 1  0.07494759999999934  -1.9840524000000004  -4.0430524000000005 
32 2  -1.9840524000000004  0.07494759999999978  -4.0430524000000005 
32 3  0.07494760000000023  4.1929476  -1.9840523999999995 
32 4  -1.9840524000000004  2.1339476000000004  -1.9840523999999995 
32 5  0.07494760000000023  2.1339476000000004  0.07494759999999978 
32 6  -1.9840524  4.1929476  0.07494759999999978 
32 7  0.07494759999999934  0.07494759999999978  -6.1020524 
32 8  2.1339476  -1.9840524000000004  -1.9840523999999995 
32 9  4.192947599999999  -1.9840524000000004  0.07494759999999978 
32 10  2.1339476  0.07494759999999978  0.07494759999999978 
32 11  4.192947599999999  4.1929476  -6.1020524 
32 12  2.1339476  2.1339476000000004  -6.1020524 
32 13  4.192947599999999  2.1339476000000004  -4.0430524000000005 
32 14  2.1339476  4.1929476  -4.0430524000000005 
32 15  4.192947599999999  0.07494759999999978  -1.9840523999999995 
32 16  -0.9545524000000003  3.1634476  -5.0725524 
32 17  1.1044475999999994  1.1044475999999999  -3.0135524 
32 18  -0.9545524000000003  -0.9545524000000003  -0.9545523999999999 
32 19  1.1044475999999994  -3.0135524000000005  -7.1315524 
32 20  3.1634475999999996  3.1634476  -0.9545523999999999 
32 21  -3.0135524000000005  1.1044475999999999  -7.1315524 
32 22  3.1634475999999996  -0.9545524000000003  -5.0725524 
32 23  -3.0135524000000005  -3.0135524000000005  -3.0135524 
33 0  -4.0430524000000005  -6.251947600000001  0.0749476 
33 1  -1.9840524000000008  -6.251947600000001  2.1339476 
33 2  -4.0430524000000005  -4.1929476  2.1339476 
33 3  -1.9840524  -0.07494760000000067  4.192947600000001 
33 4  -4.0430524000000005  -2.1339476  4.192947600000001 
33 5  -1.9840524  -2.1339476  6.2519476 
33 6  -4.0430524000000005  -0.07494760000000067  6.2519476 
33 7  -1.9840524000000008  -4.1929476  0.0749476 
33 8  0.07494759999999978  -6.251947600000001  4.192947600000001 
33 9  2.133947599999999  -6.251947600000001  6.2519476 
33 10  0.07494759999999978  -4.1929476  6.2519476 
33 11  2.133947599999999  -0.07494760000000067  0.0749476 
33 12  0.07494759999999978  -2.1339476  0.0749476 
33 13  2.133947599999999  -2.1339476  2.1339476 
33 14  0.07494759999999978  -0.07494760000000067  2.1339476 
33 15  2.133947599999999  -4.1929476  4.192947600000001 
33 16  -3.0135524000000005  -1.1044476000000003  1.1044476 
33 17  -0.9545524000000007  -3.1634476000000005  3.1634476000000005 
33 18  -3.0135524000000005  -5.222447600000001  5.222447600000001 
33 19  -0.9545524000000007  -7.281447600000001  -0.9545524000000001 
33 20  1.1044475999999994  -1.1044476000000003  5.222447600000001 
33 21  -5.072552400000001  -3.1634476000000005  -0.9545524000000001 
33 22  1.1044475999999994  -5.222447600000001  1.1044476 
33 23  -5.072552400000001  -7.281447600000001  3.1634476000000005 
34 0  -0.07494760000000045  -1.9840524000000004  -4.1929476 
34 1  1.9840523999999997  -1.9840524000000004  -2.1339476000000004 
34 2  -0.0749476  0.07494759999999978  -2.1339476000000004 
34 3  1.9840524000000006  4.1929476  -0.07494759999999978 
34 4  -0.0749476  2.1339476000000004  -0.07494759999999978 
34 5  1.9840524000000006  2.1339476000000004  1.9840523999999995 
34 6  -0.07494759999999956  4.1929476  1.9840523999999995 
34 7  1.9840523999999997  0.07494759999999978  -4.1929476 
34 8  4.0430524000000005  -1.9840524000000004  -0.07494759999999978 
34 9  6.1020524  -1.9840524000000004  1.9840523999999995 
34 10  4.0430524000000005  0.07494759999999978  1.9840523999999995 
34 11  6.1020524  4.1929476  -4.1929476 
34 12  4.0430524000000005  2.1339476000000004  -4.1929476 
34 13  6.1020524  2.1339476000000004  -2.1339476000000004 
34 14  4.0430524000000005  4.1929476  -2.1339476000000004 
34 15  6.1020524  0.07494759999999978  -0.07494759999999978 
34 16  0.9545524000000001  3.1634476  -3.1634476000000005 
34 17  3.0135524  1.1044475999999999  -1.1044476000000003 
34 18  0.9545524000000001  -0.9545524000000003  0.9545523999999999 
34 19  3.0135524  -3.0135524000000005  -5.222447600000001 
34 20  5.0725524  3.1634476  0.9545523999999999 
34 21  -1.1044476000000003  1.1044475999999999  -5.222447600000001 
34 22  5.0725524  -0.9545524000000003  -3.1634476000000005 
34 23  -1.1044476000000003  -3.0135524000000005  -1.1044476000000003 
35 0  -1.9840524000000008  -4.1929476  -0.0749476 
35 1  0.07494759999999934  -4.1929476  1.9840524000000002 
35 2  -1.9840524000000004  -2.1339476000000004  1.9840524000000002 
35 3  0.07494760000000023  1.9840523999999995  4.0430524000000005 
35 4  -1.9840524000000004  -0.07494759999999978  4.0430524000000005 
35 5  0.07494760000000023  -0.07494759999999978  6.1020524 
35 6  -1.9840524  1.9840523999999995  6.1020524 
35 7  0.07494759999999934  -2.1339476000000004  -0.0749476 
35 8  2.1339476  -4.1929476  4.0430524000000005 
35 9  4.192947599999999  -4.1929476  6.1020524 
35 10  2.1339476  -2.1339476000000004  6.1020524 
35 11  4.192947599999999  1.9840523999999995  -0.0749476 
35 12  2.1339476  -0.07494759999999978  -0.0749476 
35 13  4.192947599999999  -0.07494759999999978  1.9840524000000002 
35 14  2.1339476  1.9840523999999995  1.9840524000000002 
35 15  4.192947599999999  -2.1339476000000004  4.0430524000000005 
35 16  -0.9545524000000003  0.9545523999999999  0.9545524000000001 
35 17  1.1044475999999994  -1.1044476000000003  3.0135524 
35 18  -0.9545524000000003  -3.1634476000000005  5.0725524 
35 19  1.1044475999999994  -5.222447600000001  -1.1044476 
35 20  3.1634475999999996  0.9545523999999999  5.0725524 
35 21  -3.0135524000000005  -1.1044476000000003  -1.1044476 
35 22  3.1634475999999996  -3.1634476000000005  0.9545524000000001 
35 23  -3.0135524000000005  -5.222447600000001  3.0135524 
36 0  -2.133947600000001  -4.0430524000000005  -4.0430524000000005 
36 1  -0.07494760000000067  -4.0430524000000005  -1.9840524 
36 2  -2.1339476000000004  -1.9840524  -1.9840524 
36 3  -0.07494759999999978  2.1339476  0.07494760000000067 
36 4  -2.1339476000000004  0.07494760000000067  0.07494760000000067 
36 5  -0.07494759999999978  0.07494760000000067  2.1339476 
36 6  -2.1339476  2.1339476  2.1339476 
36 7  -0.07494760000000067  -1.9840524  -4.0430524000000005 
36 8  1.9840524  -4.0430524000000005  0.07494760000000067 
36 9  4.043052399999999  -4.0430524000000005  2.1339476 
36 10  1.9840524  -1.9840524  2.1339476 
36 11  4.043052399999999  2.1339476  -4.0430524000000005 
36 12  1.9840524  0.07494760000000067  -4.0430524000000005 
36 13  4.043052399999999  0.07494760000000067  -1.9840524 
36 14  1.9840524  2.1339476  -1.9840524 
36 15  4.043052399999999  -1.9840524  0.07494760000000067 
36 16  -1.1044476000000003  1.1044476000000003  -3.0135524 
36 17  0.9545523999999994  -0.9545523999999999  -0.9545523999999999 
36 18  -1.1044476000000003  -3.0135524  1.1044476000000003 
36 19  0.9545523999999994  -5.0725524  -5.0725524 
36 20  3.0135523999999996  1.1044476000000003  1.1044476000000003 
36 21  -3.1634476000000005  -0.9545523999999999  -5.0725524 
36 22  3.0135523999999996  -3.0135524  -3.0135524 
36 23  -3.1634476000000005  -5.0725524  -0.9545523999999999 
37 0  -2.133947600000001  -6.251947600000001  -6.251947600000001 
37 1  -0.07494760000000067  -6.251947600000001  -4.1929476 
37 2  -2.1339476000000004  -4.1929476  -4.1929476 
37 3  -0.07494759999999978  -0.07494760000000067  -2.1339476 
37 4  -2.1339476000000004  -2.1339476  -2.1339476 
37 5  -0.07494759999999978  -2.1339476  -0.07494760000000067 
37 6  -2.1339476  -0.07494760000000067  -0.07494760000000067 
37 7  -0.07494760000000067  -4.1929476  -6.251947600000001 
37 8  1.9840524  -6.251947600000001  -2.1339476 
37 9  4.043052399999999  -6.251947600000001  -0.07494760000000067 
37 10  1.9840524  -4.1929476  -0.07494760000000067 
37 11  4.043052399999999  -0.07494760000000067  -6.251947600000001 
37 12  1.9840524  -2.1339476  -6.251947600000001 
37 13  4.043052399999999  -2.1339476  -4.1929476 
37 14  1.9840524  -0.07494760000000067  -4.1929476 
37 15  4.043052399999999  -4.1929476  -2.1339476 
37 16  -1.1044476000000003  -1.1044476000000003  -5.222447600000001 
37 17  0.9545523999999994  -3.1634476000000005  -3.1634476000000005 
37 18  -1.1044476000000003  -5.222447600000001  -1.1044476000000003 
37 19  0.9545523999999994  -7.281447600000001  -7.281447600000001 
37 20  3.0135523999999996  -1.1044476000000003  -1.1044476000000003 
37 21  -3.1634476000000005  -3.1634476000000005  -7.281447600000001 
37 22  3.0135523999999996  -5.222447600000001  -5.222447600000001 
37 23  -3.1634476000000005  -7.281447600000001  -3.1634476000000005 
38 0  -4.0430524000000005  -4.0430524000000005  -2.1339476 
38 1  -1.9840524  -4.0430524000000005  -0.07494759999999978 
38 2  -4.0430524  -1.9840524  -0.07494759999999978 
38 3  -1.984052399999999  2.1339476  1.9840524000000008 
38 4  -4.0430524  0.07494760000000067  1.9840524000000008 
38 5  -1.984052399999999  0.07494760000000067  4.0430524000000005 
38 6  -4.043052399999999  2.1339476  4.0430524000000005 
38 7  -1.9840524  -1.9840524  -2.1339476 
38 8  0.07494760000000067  -4.0430524000000005  1.9840524000000008 
38 9  2.1339476  -4.0430524000000005  4.0430524000000005 
38 10  0.07494760000000067  -1.9840524  4.0430524000000005 
38 11  2.1339476  2.1339476  -2.1339476 
38 12  0.07494760000000067  0.07494760000000067  -2.1339476 
38 13  2.1339476  0.07494760000000067  -0.07494759999999978 
38 14  0.07494760000000067  2.1339476  -0.07494759999999978 
38 15  2.1339476  -1.9840524  1.9840524000000008 
38 16  -3.0135523999999996  1.1044476000000003  -1.1044475999999999 
38 17  -0.9545523999999999  -0.9545523999999999  0.9545524000000003 
38 18  -3.0135523999999996  -3.0135524  3.0135524000000005 
38 19  -0.9545523999999999  -5.0725524  -3.1634476 
38 20  1.1044476000000003  1.1044476000000003  3.0135524000000005 
38 21  -5.0725524  -0.9545523999999999  -3.1634476 
38 22  1.1044476000000003  -3.0135524  -1.1044475999999999 
38 23  -5.0725524  -5.0725524  0.9545524000000003 
39 0  -0.07494760000000045  -4.1929476  -1.9840524000000004 
39 1  1.9840523999999997  -4.1929476  0.07494759999999978 
39 2  -0.0749476  -2.1339476000000004  0.07494759999999978 
39 3  1.9840524000000006  1.9840523999999995  2.1339476000000004 
39 4  -0.0749476  -0.07494759999999978  2.1339476000000004 
39 5  1.9840524000000006  -0.07494759999999978  4.1929476 
39 6  -0.07494759999999956  1.9840523999999995  4.1929476 
39 7  1.9840523999999997  -2.1339476000000004  -1.9840524000000004 
39 8  4.0430524000000005  -4.1929476  2.1339476000000004 
39 9  6.1020524  -4.1929476  4.1929476 
39 10  4.0430524000000005  -2.1339476000000004  4.1929476 
39 11  6.1020524  1.9840523999999995  -1.9840524000000004 
39 12  4.0430524000000005  -0.07494759999999978  -1.9840524000000004 
39 13  6.1020524  -0.07494759999999978  0.07494759999999978 
39 14  4.0430524000000005  1.9840523999999995  0.07494759999999978 
39 15  6.1020524  -2.1339476000000004  2.1339476000000004 
39 16  0.9545524000000001  0.9545523999999999  -0.9545524000000003 
39 17  3.0135524  -1.1044476000000003  1.1044475999999999 
39 18  0.9545524000000001  -3.1634476000000005  3.1634476 
39 19  3.0135524  -5.222447600000001  -3.0135524000000005 
39 20  5.0725524  0.9545523999999999  3.1634476 
39 21  -1.1044476000000003  -1.1044476000000003  -3.0135524000000005 
39 22  5.0725524  -3.1634476000000005  -0.9545524000000003 
39 23  -1.1044476000000003  -5.222447600000001  1.1044475999999999 
40 0  -6.1020524  -6.1020524  -6.1020524 
40 1  -4.0430524000000005  -6.1020524  -4.0430524000000005 
40 2  -6.1020524  -4.0430524000000005  -4.0430524000000005 
40 3  -4.043052399999999  0.07494759999999978  -1.9840523999999995 
40 4  -6.1020524  -1.9840523999999995  -1.9840523999999995 
40 5  -4.043052399999999  -1.9840523999999995  0.07494759999999978 
40 6  -6.1020524  0.07494759999999978  0.07494759999999978 
40 7  -4.0430524000000005  -4.0430524000000005  -6.1020524 
40 8  -1.9840523999999995  -6.1020524  -1.9840523999999995 
40 9  0.07494759999999978  -6.1020524  0.07494759999999978 
40 10  -1.9840523999999995  -4.0430524000000005  0.07494759999999978 
40 11  0.07494759999999978  0.07494759999999978  -6.1020524 
40 12  -1.9840523999999995  -1.9840523999999995  -6.1020524 
40 13  0.07494759999999978  -1.9840523999999995  -4.0430524000000005 
40 14  -1.9840523999999995  0.07494759999999978  -4.0430524000000005 
40 15  0.07494759999999978  -4.0430524000000005  -1.9840523999999995 
40 16  -5.072552399999999  -0.9545523999999999  -5.0725524 
40 17  -3.0135524  -3.0135524  -3.0135524 
40 18  -5.072552399999999  -5.0725524  -0.9545523999999999 
40 19  -3.0135524  -7.1315524  -7.1315524 
40 20  -0.9545523999999999  -0.9545523999999999  -0.9545523999999999 
40 21  -7.1315524  -3.0135524  -7.1315524 
40 22  -0.9545523999999999  -5.0725524  -5.0725524 
40 23  -7.1315524  -7.1315524  -3.0135524 
41 0  0.07494759999999967  -2.1339476  0.0749476 
41 1  2.1339476  -2.1339476  2.1339476 
41 2  0.07494760000000011  -0.07494759999999978  2.1339476 
41 3  2.133947600000001  4.0430524000000005  4.192947600000001 
41 4  0.07494760000000011  1.9840524000000008  4.192947600000001 
41 5  2.133947600000001  1.9840524000000008  6.2519476 
41 6  0.07494760000000056  4.0430524000000005  6.2519476 
41 7  2.1339476  -0.07494759999999978  0.0749476 
41 8  4.1929476  -2.1339476  4.192947600000001 
41 9  6.251947599999999  -2.1339476  6.2519476 
41 10  4.1929476  -0.07494759999999978  6.2519476 
41 11  6.251947599999999  4.0430524000000005  0.0749476 
41 12  4.1929476  1.9840524000000008  0.0749476 
41 13  6.251947599999999  1.9840524000000008  2.1339476 
41 14  4.1929476  4.0430524000000005  2.1339476 
41 15  6.251947599999999  -0.07494759999999978  4.192947600000001 
41 16  1.1044476000000003  3.0135524000000005  1.1044476 
41 17  3.1634476  0.9545524000000003  3.1634476000000005 
41 18  1.1044476000000003  -1.1044475999999999  5.222447600000001 
41 19  3.1634476  -3.1634476  -0.9545524000000001 
41 20  5.2224476  3.0135524000000005  5.222447600000001 
41 21  -0.9545524000000002  0.9545524000000003  -0.9545524000000001 
41 22  5.2224476  -1.1044475999999999  1.1044476 
41 23  -0.9545524000000002  -3.1634476  3.1634476000000005 
42 0  -4.1929476  -6.1020524  -4.1929476 
42 1  -2.1339476000000004  -6.1020524  -2.1339476000000004 
42 2  -4.1929476  -4.0430524000000005  -2.1339476000000004 
42 3  -2.1339475999999995  0.07494759999999978  -0.07494759999999978 
42 4  -4.1929476  -1.9840523999999995  -0.07494759999999978 
42 5  -2.1339475999999995  -1.9840523999999995  1.9840523999999995 
42 6  -4.1929476  0.07494759999999978  1.9840523999999995 
42 7  -2.1339476000000004  -4.0430524000000005  -4.1929476 
42 8  -0.07494759999999978  -6.1020524  -0.07494759999999978 
42 9  1.9840523999999995  -6.1020524  1.9840523999999995 
42 10  -0.07494759999999978  -4.0430524000000005  1.9840523999999995 
42 11  1.9840523999999995  0.07494759999999978  -4.1929476 
42 12  -0.07494759999999978  -1.9840523999999995  -4.1929476 
42 13  1.9840523999999995  -1.9840523999999995  -2.1339476000000004 
42 14  -0.07494759999999978  0.07494759999999978  -2.1339476000000004 
42 15  1.9840523999999995  -4.0430524000000005  -0.07494759999999978 
42 16  -3.1634476  -0.9545523999999999  -3.1634476000000005 
42 17  -1.1044476000000003  -3.0135524  -1.1044476000000003 
42 18  -3.1634476  -5.0725524  0.9545523999999999 
42 19  -1.1044476000000003  -7.1315524  -5.222447600000001 
42 20  0.9545523999999999  -0.9545523999999999  0.9545523999999999 
42 21  -5.222447600000001  -3.0135524  -5.222447600000001 
42 22  0.9545523999999999  -5.0725524  -3.1634476000000005 
42 23  -5.222447600000001  -7.1315524  -1.1044476000000003 
43 0  -6.1020524  -0.0749476  -0.0749476 
43 1  -4.0430524000000005  -0.0749476  1.9840524000000002 
43 2  -6.1020524  1.9840524000000002  1.9840524000000002 
43 3  -4.043052399999999  6.1020524  4.0430524000000005 
43 4  -6.1020524  4.0430524000000005  4.0430524000000005 
43 5  -4.043052399999999  4.0430524000000005  6.1020524 
43 6  -6.1020524  6.1020524  6.1020524 
43 7  -4.0430524000000005  1.9840524000000002  -0.0749476 
43 8  -1.9840523999999995  -0.0749476  4.0430524000000005 
43 9  0.07494759999999978  -0.0749476  6.1020524 
43 10  -1.9840523999999995  1.9840524000000002  6.1020524 
43 11  0.07494759999999978  6.1020524  -0.0749476 
43 12  -1.9840523999999995  4.0430524000000005  -0.0749476 
43 13  0.07494759999999978  4.0430524000000005  1.9840524000000002 
43 14  -1.9840523999999995  6.1020524  1.9840524000000002 
43 15  0.07494759999999978  1.9840524000000002  4.0430524000000005 
43 16  -5.072552399999999  5.0725524  0.9545524000000001 
43 17  -3.0135524  3.0135524  3.0135524 
43 18  -5.072552399999999  0.9545524000000001  5.0725524 
43 19  -3.0135524  -1.1044476  -1.1044476 
43 20  -0.9545523999999999  5.0725524  5.0725524 
43 21  -7.1315524  3.0135524  -1.1044476 
43 22  -0.9545523999999999  0.9545524000000001  0.9545524000000001 
43 23  -7.1315524  -1.1044476  3.0135524 
44 0  -6.251947600000001  0.0749476  -4.0430524000000005 
44 1  -4.1929476  0.0749476  -1.9840524 
44 2  -6.2519476  2.1339476  -1.9840524 
44 3  -4.1929476  6.2519476  0.07494760000000067 
44 4  -6.2519476  4.192947600000001  0.07494760000000067 
44 5  -4.1929476  4.192947600000001  2.1339476 
44 6  -6.251947599999999  6.2519476  2.1339476 
44 7  -4.1929476  2.1339476  -4.0430524000000005 
44 8  -2.1339476  0.0749476  0.07494760000000067 
44 9  -0.07494760000000067  0.0749476  2.1339476 
44 10  -2.1339476  2.1339476  2.1339476 
44 11  -0.07494760000000067  6.2519476  -4.0430524000000005 
44 12  -2.1339476  4.192947600000001  -4.0430524000000005 
44 13  -0.07494760000000067  4.192947600000001  -1.9840524 
44 14  -2.1339476  6.2519476  -1.9840524 
44 15  -0.07494760000000067  2.1339476  0.07494760000000067 
44 16  -5.222447600000001  5.222447600000001  -3.0135524 
44 17  -3.1634476000000005  3.1634476000000005  -0.9545523999999999 
44 18  -5.222447600000001  1.1044476  1.1044476000000003 
44 19  -3.1634476000000005  -0.9545524000000001  -5.0725524 
44 20  -1.1044476000000003  5.222447600000001  1.1044476000000003 
44 21  -7.281447600000001  3.1634476000000005  -5.0725524 
44 22  -1.1044476000000003  1.1044476  -3.0135524 
44 23  -7.281447600000001  -0.9545524000000001  -0.9545523999999999 
45 0  -6.251947600000001  -2.1339476  -6.251947600000001 
45 1  -4.192947600000002  -2.1339476  -4.1929476 
45 2  -6.251947600000001  -0.07494759999999978  -4.1929476 
45 3  -4.1929476  4.0430524000000005  -2.1339476 
45 4  -6.251947600000001  1.9840524000000008  -2.1339476 
45 5  -4.1929476  1.9840524000000008  -0.07494760000000067 
45 6  -6.251947600000001  4.0430524000000005  -0.07494760000000067 
45 7  -4.192947600000002  -0.07494759999999978  -6.251947600000001 
45 8  -2.133947600000001  -2.1339476  -2.1339476 
45 9  -0.07494760000000156  -2.1339476  -0.07494760000000067 
45 10  -2.133947600000001  -0.07494759999999978  -0.07494760000000067 
45 11  -0.07494760000000156  4.0430524000000005  -6.251947600000001 
45 12  -2.133947600000001  1.9840524000000008  -6.251947600000001 
45 13  -0.07494760000000156  1.9840524000000008  -4.1929476 
45 14  -2.133947600000001  4.0430524000000005  -4.1929476 
45 15  -0.07494760000000156  -0.07494759999999978  -2.1339476 
45 16  -5.222447600000001  3.0135524000000005  -5.222447600000001 
45 17  -3.1634476000000014  0.9545524000000003  -3.1634476000000005 
45 18  -5.222447600000001  -1.1044475999999999  -1.1044476000000003 
45 19  -3.1634476000000014  -3.1634476  -7.281447600000001 
45 20  -1.1044476000000012  3.0135524000000005  -1.1044476000000003 
45 21  -7.281447600000002  0.9545524000000003  -7.281447600000001 
45 22  -1.1044476000000012  -1.1044475999999999  -5.222447600000001 
45 23  -7.281447600000002  -3.1634476  -3.1634476000000005 
46 0  0.07494759999999967  0.0749476  -2.1339476 
46 1  2.1339476  0.0749476  -0.07494759999999978 
46 2  0.07494760000000011  2.1339476  -0.07494759999999978 
46 3  2.133947600000001  6.2519476  1.9840524000000008 
46 4  0.07494760000000011  4.192947600000001  1.9840524000000008 
46 5  2.133947600000001  4.192947600000001  4.0430524000000005 
46 6  0.07494760000000056  6.2519476  4.0430524000000005 
46 7  2.1339476  2.1339476  -2.1339476 
46 8  4.1929476  0.0749476  1.9840524000000008 
46 9  6.251947599999999  0.0749476  4.0430524000000005 
46 10  4.1929476  2.1339476  4.0430524000000005 
46 11  6.251947599999999  6.2519476  -2.1339476 
46 12  4.1929476  4.192947600000001  -2.1339476 
46 13  6.251947599999999  4.192947600000001  -0.07494759999999978 
46 14  4.1929476  6.2519476  -0.07494759999999978 
46 15  6.251947599999999  2.1339476  1.9840524000000008 
46 16  1.1044476000000003  5.222447600000001  -1.1044475999999999 
46 17  3.1634476  3.1634476000000005  0.9545524000000003 
46 18  1.1044476000000003  1.1044476  3.0135524000000005 
46 19  3.1634476  -0.9545524000000001  -3.1634476 
46 20  5.2224476  5.222447600000001  3.0135524000000005 
46 21  -0.9545524000000002  3.1634476000000005  -3.1634476 
46 22  5.2224476  1.1044476  -1.1044475999999999 
46 23  -0.9545524000000002  -0.9545524000000001  0.9545524000000003 
47 0  -4.1929476  -0.0749476  -1.9840524000000004 
47 1  -2.1339476000000004  -0.0749476  0.07494759999999978 
47 2  -4.1929476  1.9840524000000002  0.07494759999999978 
47 3  -2.1339475999999995  6.1020524  2.1339476000000004 
47 4  -4.1929476  4.0430524000000005  2.1339476000000004 
47 5  -2.1339475999999995  4.0430524000000005  4.1929476 
47 6  -4.1929476  6.1020524  4.1929476 
47 7  -2.1339476000000004  1.9840524000000002  -1.9840524000000004 
47 8  -0.07494759999999978  -0.0749476  2.1339476000000004 
47 9  1.9840523999999995  -0.0749476  4.1929476 
47 10  -0.07494759999999978  1.9840524000000002  4.1929476 
47 11  1.9840523999999995  6.1020524  -1.9840524000000004 
47 12  -0.07494759999999978  4.0430524000000005  -1.9840524000000004 
47 13  1.9840523999999995  4.0430524000000005  0.07494759999999978 
47 14  -0.07494759999999978  6.1020524  0.07494759999999978 
47 15  1.9840523999999995  1.9840524000000002  2.1339476000000004 
47 16  -3.1634476  5.0725524  -0.9545524000000003 
47 17  -1.1044476000000003  3.0135524  1.1044475999999999 
47 18  -3.1634476  0.9545524000000001  3.1634476 
47 19  -1.1044476000000003  -1.1044476  -3.0135524000000005 
47 20  0.9545523999999999  5.0725524  3.1634476 
47 21  -5.222447600000001  3.0135524  -3.0135524000000005 
47 22  0.9545523999999999  0.9545524000000001  -0.9545524000000003 
47 23  -5.222447600000001  -1.1044476  1.1044475999999999 
48 0  -6.1020524  -1.9840524000000004  -1.9840524000000004 
48 1  -4.0430524000000005  -1.9840524000000004  0.07494759999999978 
48 2  -6.1020524  0.07494759999999978  0.07494759999999978 
48 3  -4.043052399999999  4.1929476  2.1339476000000004 
48 4  -6.1020524  2.1339476000000004  2.1339476000000004 
48 5  -4.043052399999999  2.1339476000000004  4.1929476 
48 6  -6.1020524  4.1929476  4.1929476 
48 7  -4.0430524000000005  0.07494759999999978  -1.9840524000000004 
48 8  -1.9840523999999995  -1.9840524000000004  2.1339476000000004 
48 9  0.07494759999999978  -1.9840524000000004  4.1929476 
48 10  -1.9840523999999995  0.07494759999999978  4.1929476 
48 11  0.07494759999999978  4.1929476  -1.9840524000000004 
48 12  -1.9840523999999995  2.1339476000000004  -1.9840524000000004 
48 13  0.07494759999999978  2.1339476000000004  0.07494759999999978 
48 14  -1.9840523999999995  4.1929476  0.07494759999999978 
48 15  0.07494759999999978  0.07494759999999978  2.1339476000000004 
48 16  -5.072552399999999  3.1634476  -0.9545524000000003 
48 17  -3.0135524  1.1044475999999999  1.1044475999999999 
48 18  -5.072552399999999  -0.9545524000000003  3.1634476 
48 19  -3.0135524  -3.0135524000000005  -3.0135524000000005 
48 20  -0.9545523999999999  3.1634476  3.1634476 
48 21  -7.1315524  1.1044475999999999  -3.0135524000000005 
48 22  -0.9545523999999999  -0.9545524000000003  -0.9545524000000003 
48 23  -7.1315524  -3.0135524000000005  1.1044475999999999 
49 0  0.07494759999999923  -6.251947600000001  -4.0430524000000005 
49 1  2.1339475999999995  -6.251947600000001  -1.9840524 
49 2  0.07494759999999967  -4.1929476  -1.9840524 
49 3  2.1339476000000004  -0.07494760000000067  0.07494760000000067 
49 4  0.07494759999999967  -2.1339476  0.07494760000000067 
49 5  2.1339476000000004  -2.1339476  2.1339476 
49 6  0.07494760000000011  -0.07494760000000067  2.1339476 
49 7  2.1339475999999995  -4.1929476  -4.0430524000000005 
49 8  4.1929476  -6.251947600000001  0.07494760000000067 
49 9  6.251947599999999  -6.251947600000001  2.1339476 
49 10  4.1929476  -4.1929476  2.1339476 
49 11  6.251947599999999  -0.07494760000000067  -4.0430524000000005 
49 12  4.1929476  -2.1339476  -4.0430524000000005 
49 13  6.251947599999999  -2.1339476  -1.9840524 
49 14  4.1929476  -0.07494760000000067  -1.9840524 
49 15  6.251947599999999  -4.1929476  0.07494760000000067 
49 16  1.1044475999999999  -1.1044476000000003  -3.0135524 
49 17  3.1634475999999996  -3.1634476000000005  -0.9545523999999999 
49 18  1.1044475999999999  -5.222447600000001  1.1044476000000003 
49 19  3.1634475999999996  -7.281447600000001  -5.0725524 
49 20  5.2224476  -1.1044476000000003  1.1044476000000003 
49 21  -0.9545524000000006  -3.1634476000000005  -5.0725524 
49 22  5.2224476  -5.222447600000001  -3.0135524 
49 23  -0.9545524000000006  -7.281447600000001  -0.9545523999999999 
50 0  -4.1929476  -1.9840524000000004  -0.0749476 
50 1  -2.1339476000000004  -1.9840524000000004  1.9840524000000002 
50 2  -4.1929476  0.07494759999999978  1.9840524000000002 
50 3  -2.1339475999999995  4.1929476  4.0430524000000005 
50 4  -4.1929476  2.1339476000000004  4.0430524000000005 
50 5  -2.1339475999999995  2.1339476000000004  6.1020524 
50 6  -4.1929476  4.1929476  6.1020524 
50 7  -2.1339476000000004  0.07494759999999978  -0.0749476 
50 8  -0.07494759999999978  -1.9840524000000004  4.0430524000000005 
50 9  1.9840523999999995  -1.9840524000000004  6.1020524 
50 10  -0.07494759999999978  0.07494759999999978  6.1020524 
50 11  1.9840523999999995  4.1929476  -0.0749476 
50 12  -0.07494759999999978  2.1339476000000004  -0.0749476 
50 13  1.9840523999999995  2.1339476000000004  1.9840524000000002 
50 14  -0.07494759999999978  4.1929476  1.9840524000000002 
50 15  1.9840523999999995  0.07494759999999978  4.0430524000000005 
50 16  -3.1634476  3.1634476  0.9545524000000001 
50 17  -1.1044476000000003  1.1044475999999999  3.0135524 
50 18  -3.1634476  -0.9545524000000003  5.0725524 
50 19  -1.1044476000000003  -3.0135524000000005  -1.1044476 
50 20  0.9545523999999999  3.1634476  5.0725524 
50 21  -5.222447600000001  1.1044475999999999  -1.1044476 
50 22  0.9545523999999999  -0.9545524000000003  0.9545524000000001 
50 23  -5.222447600000001  -3.0135524000000005  3.0135524 
51 0  -6.1020524  -4.1929476  -4.1929476 
51 1  -4.0430524000000005  -4.1929476  -2.1339476000000004 
51 2  -6.1020524  -2.1339476000000004  -2.1339476000000004 
51 3  -4.043052399999999  1.9840523999999995  -0.07494759999999978 
51 4  -6.1020524  -0.07494759999999978  -0.07494759999999978 
51 5  -4.043052399999999  -0.07494759999999978  1.9840523999999995 
51 6  -6.1020524  1.9840523999999995  1.9840523999999995 
51 7  -4.0430524000000005  -2.1339476000000004  -4.1929476 
51 8  -1.9840523999999995  -4.1929476  -0.07494759999999978 
51 9  0.07494759999999978  -4.1929476  1.9840523999999995 
51 10  -1.9840523999999995  -2.1339476000000004  1.9840523999999995 
51 11  0.07494759999999978  1.9840523999999995  -4.1929476 
51 12  -1.9840523999999995  -0.07494759999999978  -4.1929476 
51 13  0.07494759999999978  -0.07494759999999978  -2.1339476000000004 
51 14  -1.9840523999999995  1.9840523999999995  -2.1339476000000004 
51 15  0.07494759999999978  -2.1339476000000004  -0.07494759999999978 
51 16  -5.072552399999999  0.9545523999999999  -3.1634476000000005 
51 17  -3.0135524  -1.1044476000000003  -1.1044476000000003 
51 18  -5.072552399999999  -3.1634476000000005  0.9545523999999999 
51 19  -3.0135524  -5.222447600000001  -5.222447600000001 
51 20  -0.9545523999999999  0.9545523999999999  0.9545523999999999 
51 21  -7.1315524  -1.1044476000000003  -5.222447600000001 
51 22  -0.9545523999999999  -3.1634476000000005  -3.1634476000000005 
51 23  -7.1315524  -5.222447600000001  -1.1044476000000003 
52 0  -6.251947600000001  -4.0430524000000005  0.0749476 
52 1  -4.1929476  -4.0430524000000005  2.1339476 
52 2  -6.2519476  -1.9840524  2.1339476 
52 3  -4.1929476  2.1339476  4.192947600000001 
52 4  -6.2519476  0.07494760000000067  4.192947600000001 
52 5  -4.1929476  0.07494760000000067  6.2519476 
52 6  -6.251947599999999  2.1339476  6.2519476 
52 7  -4.1929476  -1.9840524  0.0749476 
52 8  -2.1339476  -4.0430524000000005  4.192947600000001 
52 9  -0.07494760000000067  -4.0430524000000005  6.2519476 
52 10  -2.1339476  -1.9840524  6.2519476 
52 11  -0.07494760000000067  2.1339476  0.0749476 
52 12  -2.1339476  0.07494760000000067  0.0749476 
52 13  -0.07494760000000067  0.07494760000000067  2.1339476 
52 14  -2.1339476  2.1339476  2.1339476 
52 15  -0.07494760000000067  -1.9840524  4.192947600000001 
52 16  -5.222447600000001  1.1044476000000003  1.1044476 
52 17  -3.1634476000000005  -0.9545523999999999  3.1634476000000005 
52 18  -5.222447600000001  -3.0135524  5.222447600000001 
52 19  -3.1634476000000005  -5.0725524  -0.9545524000000001 
52 20  -1.1044476000000003  1.1044476000000003  5.222447600000001 
52 21  -7.281447600000001  -0.9545523999999999  -0.9545524000000001 
52 22  -1.1044476000000003  -3.0135524  1.1044476 
52 23  -7.281447600000001  -5.0725524  3.1634476000000005 
53 0  -6.251947600000001  -6.251947600000001  -2.1339476 
53 1  -4.192947600000002  -6.251947600000001  -0.07494759999999978 
53 2  -6.251947600000001  -4.1929476  -0.07494759999999978 
53 3  -4.1929476  -0.07494760000000067  1.9840524000000008 
53 4  -6.251947600000001  -2.1339476  1.9840524000000008 
53 5  -4.1929476  -2.1339476  4.0430524000000005 
53 6  -6.251947600000001  -0.07494760000000067  4.0430524000000005 
53 7  -4.192947600000002  -4.1929476  -2.1339476 
53 8  -2.133947600000001  -6.251947600000001  1.9840524000000008 
53 9  -0.07494760000000156  -6.251947600000001  4.0430524000000005 
53 10  -2.133947600000001  -4.1929476  4.0430524000000005 
53 11  -0.07494760000000156  -0.07494760000000067  -2.1339476 
53 12  -2.133947600000001  -2.1339476  -2.1339476 
53 13  -0.07494760000000156  -2.1339476  -0.07494759999999978 
53 14  -2.133947600000001  -0.07494760000000067  -0.07494759999999978 
53 15  -0.07494760000000156  -4.1929476  1.9840524000000008 
53 16  -5.222447600000001  -1.1044476000000003  -1.1044475999999999 
53 17  -3.1634476000000014  -3.1634476000000005  0.9545524000000003 
53 18  -5.222447600000001  -5.222447600000001  3.0135524000000005 
53 19  -3.1634476000000014  -7.281447600000001  -3.1634476 
53 20  -1.1044476000000012  -1.1044476000000003  3.0135524000000005 
53 21  -7.281447600000002  -3.1634476000000005  -3.1634476 
53 22  -1.1044476000000012  -5.222447600000001  -1.1044475999999999 
53 23  -7.281447600000002  -7.281447600000001  0.9545524000000003 
54 0  0.07494759999999923  -4.0430524000000005  -6.251947600000001 
54 1  2.1339475999999995  -4.0430524000000005  -4.1929476 
54 2  0.07494759999999967  -1.9840524  -4.1929476 
54 3  2.1339476000000004  2.1339476  -2.1339476 
54 4  0.07494759999999967  0.07494760000000067  -2.1339476 
54 5  2.1339476000000004  0.07494760000000067  -0.07494760000000067 
54 6  0.07494760000000011  2.1339476  -0.07494760000000067 
54 7  2.1339475999999995  -1.9840524  -6.251947600000001 
54 8  4.1929476  -4.0430524000000005  -2.1339476 
54 9  6.251947599999999  -4.0430524000000005  -0.07494760000000067 
54 10  4.1929476  -1.9840524  -0.07494760000000067 
54 11  6.251947599999999  2.1339476  -6.251947600000001 
54 12  4.1929476  0.07494760000000067  -6.251947600000001 
54 13  6.251947599999999  0.07494760000000067  -4.1929476 
54 14  4.1929476  2.1339476  -4.1929476 
54 15  6.251947599999999  -1.9840524  -2.1339476 
54 16  1.1044475999999999  1.1044476000000003  -5.222447600000001 
54 17  3.1634475999999996  -0.9545523999999999  -3.1634476000000005 
54 18  1.1044475999999999  -3.0135524  -1.1044476000000003 
54 19  3.1634475999999996  -5.0725524  -7.281447600000001 
54 20  5.2224476  1.1044476000000003  -1.1044476000000003 
54 21  -0.9545524000000006  -0.9545523999999999  -7.281447600000001 
54 22  5.2224476  -3.0135524  -5.222447600000001 
54 23  -0.9545524000000006  -5.0725524  -3.1634476000000005 
55 0  -4.1929476  -4.1929476  -6.1020524 
55 1  -2.1339476000000004  -4.1929476  -4.0430524000000005 
55 2  -4.1929476  -2.1339476000000004  -4.0430524000000005 
55 3  -2.1339475999999995  1.9840523999999995  -1.9840523999999995 
55 4  -4.1929476  -0.07494759999999978  -1.9840523999999995 
55 5  -2.1339475999999995  -0.07494759999999978  0.07494759999999978 
55 6  -4.1929476  1.9840523999999995  0.07494759999999978 
55 7  -2.1339476000000004  -2.1339476000000004  -6.1020524 
55 8  -0.07494759999999978  -4.1929476  -1.9840523999999995 
55 9  1.9840523999999995  -4.1929476  0.07494759999999978 
55 10  -0.07494759999999978  -2.1339476000000004  0.07494759999999978 
55 11  1.9840523999999995  1.9840523999999995  -6.1020524 
55 12  -0.07494759999999978  -0.07494759999999978  -6.1020524 
55 13  1.9840523999999995  -0.07494759999999978  -4.0430524000000005 
55 14  -0.07494759999999978  1.9840523999999995  -4.0430524000000005 
55 15  1.9840523999999995  -2.1339476000000004  -1.9840523999999995 
55 16  -3.1634476  0.9545523999999999  -5.0725524 
55 17  -1.1044476000000003  -1.1044476000000003  -3.0135524 
55 18  -3.1634476  -3.1634476000000005  -0.9545523999999999 
55 19  -1.1044476000000003  -5.222447600000001  -7.1315524 
55 20  0.9545523999999999  0.9545523999999999  -0.9545523999999999 
55 21  -5.222447600000001  -1.1044476000000003  -7.1315524 
55 22  0.9545523999999999  -3.1634476000000005  -5.0725524 
55 23  -5.222447600000001  -5.222447600000001  -3.0135524 