 10.471  0  0  3.726600209805396e-16  6.086  0  2.950174139145974e-16  0.0  4.818 
5
0 12  0.9717088000000004  4.564500000000001  1.1144034 
0 13  9.4992912  1.5215  3.7035966 
0 14  4.2637912  1.5215  3.5234033999999994 
0 15  6.2072088  4.564500000000001  1.2945965999999998 
0 16  4.7423159  4.564500000000001  3.8177831999999996 
0 17  5.728684100000001  1.5215  1.0002168 
0 18  0.49318410000000024  1.5215  1.4087831999999998 
0 19  9.9778159  4.564500000000001  3.4092168 
0 20  1.7141027000000009  5.8529062000000005  3.4284888 
0 21  1.7141027000000006  3.2760938  3.4284888 
0 22  8.7568973  2.8099062000000004  1.3895111999999998 
0 23  3.5213973  2.8099062000000004  1.0194888 
0 24  6.9496027  3.2760938  3.7985111999999996 
0 25  6.9496027  5.8529062000000005  3.7985111999999996 
0 26  3.5213973  0.23309380000000002  1.0194888 
0 27  8.7568973  0.23309380000000002  1.3895111999999998 
1 12  0.9717088000000002  1.5215000000000005  1.1144034 
1 13  9.4992912  -1.5215  3.7035966 
1 14  4.2637912  -1.5215  3.5234033999999994 
1 15  6.2072088  1.5215000000000005  1.2945965999999998 
1 16  4.7423159  1.5215000000000005  3.8177831999999996 
1 17  5.728684100000001  -1.5215  1.0002168 
1 18  0.49318410000000007  -1.5215  1.4087831999999998 
1 19  9.9778159  1.5215000000000005  3.4092168 
1 20  1.7141027000000006  2.8099062000000004  3.4284888 
1 21  1.7141027000000004  0.2330937999999998  3.4284888 
1 22  8.7568973  -0.2330937999999998  1.3895111999999998 
1 23  3.5213973  -0.2330937999999998  1.0194888 
1 24  6.9496027  0.2330937999999998  3.7985111999999996 
1 25  6.9496027  2.8099062000000004  3.7985111999999996 
1 26  3.5213973  -2.8099062000000004  1.0194888 
1 27  8.7568973  -2.8099062000000004  1.3895111999999998 
2 12  -4.2637912  1.5215000000000005  -1.2945965999999998 
2 13  4.2637912  -1.5215  1.2945966000000002 
2 14  -0.9717088  -1.5215  1.1144033999999996 
2 15  0.9717088  1.5215000000000005  -1.1144034 
2 16  -0.4931840999999997  1.5215000000000005  1.4087831999999998 
2 17  0.49318410000000057  -1.5215  -1.4087831999999998 
2 18  -4.7423158999999995  -1.5215  -1.0002168 
2 19  4.7423158999999995  1.5215000000000005  1.0002168 
2 20  -3.5213972999999994  2.8099062000000004  1.0194888 
2 21  -3.5213972999999994  0.2330937999999998  1.0194888 
2 22  3.5213973000000003  -0.2330937999999998  -1.0194888 
2 23  -1.7141027000000002  -0.2330937999999998  -1.3895111999999998 
2 24  1.7141026999999998  0.2330937999999998  1.3895111999999998 
2 25  1.7141026999999998  2.8099062000000004  1.3895111999999998 
2 26  -1.7141027000000002  -2.8099062000000004  -1.3895111999999998 
2 27  3.5213973000000003  -2.8099062000000004  -1.0194888 
3 12  -4.2637912  4.564500000000001  -1.2945965999999998 
3 13  4.2637912  1.5215  1.2945966000000002 
3 14  -0.9717088  1.5215  1.1144033999999996 
3 15  0.9717088  4.564500000000001  -1.1144034 
3 16  -0.4931840999999997  4.564500000000001  1.4087831999999998 
3 17  0.49318410000000057  1.5215  -1.4087831999999998 
3 18  -4.7423158999999995  1.5215  -1.0002168 
3 19  4.7423158999999995  4.564500000000001  1.0002168 
3 20  -3.5213972999999994  5.8529062000000005  1.0194888 
3 21  -3.5213972999999994  3.2760938  1.0194888 
3 22  3.5213973000000003  2.8099062000000004  -1.0194888 
3 23  -1.7141027000000002  2.8099062000000004  -1.3895111999999998 
3 24  1.7141026999999998  3.2760938  1.3895111999999998 
3 25  1.7141026999999998  5.8529062000000005  1.3895111999999998 
3 26  -1.7141027000000002  0.23309380000000002  -1.3895111999999998 
3 27  3.5213973000000003  0.23309380000000002  -1.0194888 
4 12  -1.9601712000000004  0.0  1.0435788000000001 
4 13  6.567411199999999  -3.0430000000000006  3.632772 
4 14  1.331911199999999  -3.0430000000000006  3.4525787999999995 
4 15  3.275328799999999  0.0  1.2237719999999999 
4 16  1.8104358999999994  0.0  3.7469585999999997 
4 17  2.7968040999999997  -3.0430000000000006  0.9293922 
4 18  -2.438695900000001  -3.0430000000000006  1.3379585999999999 
4 19  7.045935899999998  0.0  3.3383922 
4 20  -1.2177773  1.2884061999999998  3.3576642 
4 21  -1.2177773000000003  -1.2884062000000007  3.3576642 
4 22  5.825017299999999  -1.7545938000000003  1.3186866 
4 23  0.5895172999999989  -1.7545938000000003  0.9486642 
4 24  4.017722699999998  -1.2884062000000007  3.7276865999999997 
4 25  4.017722699999998  1.2884061999999998  3.7276865999999997 
4 26  0.5895172999999989  -4.331406200000001  0.9486642 
4 27  5.825017299999999  -4.331406200000001  1.3186866 
5 12  -6.5674112  3.0430000000000006  -3.6327719999999997 
5 13  1.9601712000000004  0.0  -1.0435787999999997 
5 14  -3.2753287999999996  0.0  -1.2237720000000003 
5 15  -1.3319111999999995  3.0430000000000006  -3.4525788 
5 16  -2.7968040999999992  3.0430000000000006  -0.9293922000000001 
5 17  -1.810435899999999  0.0  -3.7469585999999997 
5 18  -7.045935899999999  0.0  -3.3383922 
5 19  2.4386959  3.0430000000000006  -1.3379585999999999 
5 20  -5.825017299999999  4.3314062  -1.3186866 
5 21  -5.825017299999999  1.7545937999999999  -1.3186866 
5 22  1.2177773000000007  1.2884062000000003  -3.3576642 
5 23  -4.0177227  1.2884062000000003  -3.7276865999999997 
5 24  -0.5895172999999998  1.7545937999999999  -0.9486642000000001 
5 25  -0.5895172999999998  4.3314062  -0.9486642000000001 
5 26  -4.0177227  -1.2884062  -3.7276865999999997 
5 27  1.2177773000000007  -1.2884062  -3.3576642 
6 12  -1.3319111999999995  3.0430000000000006  -1.3654212000000001 
6 13  7.1956712  0.0  1.2237719999999999 
6 14  1.9601712  0.0  1.0435787999999993 
6 15  3.9035888  3.0430000000000006  -1.1852280000000004 
6 16  2.4386959000000004  3.0430000000000006  1.3379585999999994 
6 17  3.4250641000000006  0.0  -1.4796078000000001 
6 18  -1.8104358999999999  0.0  -1.0710414000000004 
6 19  7.674195899999999  3.0430000000000006  0.9293921999999997 
6 20  -0.5895172999999991  4.3314062  0.9486641999999996 
6 21  -0.5895172999999994  1.7545937999999999  0.9486641999999996 
6 22  6.4532773  1.2884062000000003  -1.0903134000000003 
6 23  1.2177772999999998  1.2884062000000003  -1.4603358000000002 
6 24  4.645982699999999  1.7545937999999999  1.3186865999999995 
6 25  4.645982699999999  4.3314062  1.3186865999999995 
6 26  1.2177772999999998  -1.2884062  -1.4603358000000002 
6 27  6.4532773  -1.2884062  -1.0903134000000003 
7 12  -7.1956712  0.0  -1.2237719999999999 
7 13  1.3319112000000004  -3.0430000000000006  1.3654212000000001 
7 14  -3.9035887999999996  -3.0430000000000006  1.1852279999999995 
7 15  -1.9601711999999996  0.0  -1.0435788000000001 
7 16  -3.4250640999999993  0.0  1.4796077999999997 
7 17  -2.438695899999999  -3.0430000000000006  -1.3379585999999999 
7 18  -7.674195899999999  -3.0430000000000006  -0.9293922000000001 
7 19  1.8104358999999999  0.0  1.0710414 
7 20  -6.453277299999999  1.2884061999999998  1.0903133999999999 
7 21  -6.453277299999999  -1.2884062000000007  1.0903133999999999 
7 22  0.5895173000000007  -1.7545938000000003  -0.9486642000000001 
7 23  -4.645982699999999  -1.7545938000000003  -1.3186866 
7 24  -1.2177772999999998  -1.2884062000000007  1.4603357999999997 
7 25  -1.2177772999999998  1.2884061999999998  1.4603357999999997 
7 26  -4.645982699999999  -4.331406200000001  -1.3186866 
7 27  0.5895173000000007  -4.331406200000001  -0.9486642000000001 
8 12  -0.04921370000000003  0.0  -1.6357109999999997 
8 13  8.478368699999999  -3.0430000000000006  0.9534822000000003 
8 14  3.2428687  -3.0430000000000006  0.7732889999999997 
8 15  5.1862863  0.0  -1.4555178 
8 16  3.7213934  0.0  1.0676687999999999 
8 17  4.7077616  -3.0430000000000006  -1.7498975999999997 
8 18  -0.5277384000000002  -3.0430000000000006  -1.3413312 
8 19  8.956893399999998  0.0  0.6591024000000001 
8 20  0.6931802000000005  1.2884061999999998  0.6783744 
8 21  0.6931802000000002  -1.2884062000000007  0.6783744 
8 22  7.7359748  -1.7545938000000003  -1.3606032 
8 23  2.500474799999999  -1.7545938000000003  -1.7306255999999998 
8 24  5.9286802  -1.2884062000000007  1.0483968 
8 25  5.9286802  1.2884061999999998  1.0483968 
8 26  2.500474799999999  -4.331406200000001  -1.7306255999999998 
8 27  7.7359748  -4.331406200000001  -1.3606032 
9 12  -8.478368699999999  3.0430000000000006  -0.9534821999999998 
9 13  0.049213700000001026  0.0  1.6357110000000001 
9 14  -5.186286299999999  0.0  1.4555177999999995 
9 15  -3.242868699999999  3.0430000000000006  -0.7732890000000001 
9 16  -4.707761599999999  3.0430000000000006  1.7498975999999997 
9 17  -3.7213933999999984  0.0  -1.0676687999999999 
9 18  -8.956893399999998  0.0  -0.6591024000000001 
9 19  0.5277384000000005  3.0430000000000006  1.3413312 
9 20  -7.735974799999998  4.3314062  1.3606032 
9 21  -7.735974799999998  1.7545937999999999  1.3606032 
9 22  -0.6931801999999987  1.2884062000000003  -0.6783744 
9 23  -5.928680199999999  1.2884062000000003  -1.0483968 
9 24  -2.500474799999999  1.7545937999999999  1.7306255999999998 
9 25  -2.500474799999999  4.3314062  1.7306255999999998 
9 26  -5.928680199999999  -1.2884062  -1.0483968 
9 27  -0.6931801999999987  -1.2884062  -0.6783744 
10 12  -3.2428686999999994  3.0430000000000006  0.7732890000000001 
10 13  5.2847137  0.0  3.3624822 
10 14  0.04921370000000014  0.0  3.1822889999999995 
10 15  1.9926313000000002  3.0430000000000006  0.9534821999999998 
10 16  0.5277384000000005  3.0430000000000006  3.4766687999999997 
10 17  1.5141066000000007  0.0  0.6591024000000001 
10 18  -3.7213933999999997  0.0  1.0676687999999999 
10 19  5.7632384  3.0430000000000006  3.0681024 
10 20  -2.500474799999999  4.3314062  3.0873744 
10 21  -2.500474799999999  1.7545937999999999  3.0873744 
10 22  4.5423198000000005  1.2884062000000003  1.0483968 
10 23  -0.6931802  1.2884062000000003  0.6783744 
10 24  2.7350252  1.7545937999999999  3.4573967999999997 
10 25  2.7350252  4.3314062  3.4573967999999997 
10 26  -0.6931802  -1.2884062  0.6783744 
10 27  4.5423198000000005  -1.2884062  1.0483968 
11 12  -5.2847137  0.0  -3.3624822 
11 13  3.2428687  -3.0430000000000006  -0.7732890000000001 
11 14  -1.9926313000000002  -3.0430000000000006  -0.9534822000000007 
11 15  -0.04921370000000014  0.0  -3.1822890000000004 
11 16  -1.5141065999999999  0.0  -0.6591024000000005 
11 17  -0.5277383999999996  -3.0430000000000006  -3.4766688 
11 18  -5.7632384  -3.0430000000000006  -3.0681024000000003 
11 19  3.7213933999999993  0.0  -1.0676688000000003 
11 20  -4.5423198  1.2884061999999998  -1.0483968000000004 
11 21  -4.5423198  -1.2884062000000007  -1.0483968000000004 
11 22  2.5004748  -1.7545938000000003  -3.0873744000000003 
11 23  -2.7350252000000004  -1.7545938000000003  -3.4573968 
11 24  0.6931801999999996  -1.2884062000000007  -0.6783744000000005 
11 25  0.6931801999999996  1.2884061999999998  -0.6783744000000005 
11 26  -2.7350252000000004  -4.331406200000001  -3.4573968 
11 27  2.5004748  -4.331406200000001  -3.0873744000000003 
12 0  -0.9717088000000004  -4.564500000000001  -1.1144034 
12 1  -0.9717088000000002  -1.5215000000000005  -1.1144034 
12 2  4.2637912  -1.5215000000000005  1.2945965999999998 
12 3  4.2637912  -4.564500000000001  1.2945965999999998 
12 4  1.9601712000000004  0.0  -1.0435788000000001 
12 5  6.5674112  -3.0430000000000006  3.6327719999999997 
12 6  1.3319111999999995  -3.0430000000000006  1.3654212000000001 
12 7  7.1956712  0.0  1.2237719999999999 
12 8  0.04921370000000003  0.0  1.6357109999999997 
12 9  8.478368699999999  -3.0430000000000006  0.9534821999999998 
12 10  3.2428686999999994  -3.0430000000000006  -0.7732890000000001 
12 11  5.2847137  0.0  3.3624822 
13 0  -9.4992912  -1.5215  -3.7035966 
13 1  -9.4992912  1.5215  -3.7035966 
13 2  -4.2637912  1.5215  -1.2945966000000002 
13 3  -4.2637912  -1.5215  -1.2945966000000002 
13 4  -6.567411199999999  3.0430000000000006  -3.632772 
13 5  -1.9601712000000004  0.0  1.0435787999999997 
13 6  -7.1956712  0.0  -1.2237719999999999 
13 7  -1.3319112000000004  3.0430000000000006  -1.3654212000000001 
13 8  -8.478368699999999  3.0430000000000006  -0.9534822000000003 
13 9  -0.049213700000001026  0.0  -1.6357110000000001 
13 10  -5.2847137  0.0  -3.3624822 
13 11  -3.2428687  3.0430000000000006  0.7732890000000001 
14 0  -4.2637912  -1.5215  -3.5234033999999994 
14 1  -4.2637912  1.5215  -3.5234033999999994 
14 2  0.9717088  1.5215  -1.1144033999999996 
14 3  0.9717088  -1.5215  -1.1144033999999996 
14 4  -1.331911199999999  3.0430000000000006  -3.4525787999999995 
14 5  3.2753287999999996  0.0  1.2237720000000003 
14 6  -1.9601712  0.0  -1.0435787999999993 
14 7  3.9035887999999996  3.0430000000000006  -1.1852279999999995 
14 8  -3.2428687  3.0430000000000006  -0.7732889999999997 
14 9  5.186286299999999  0.0  -1.4555177999999995 
14 10  -0.04921370000000014  0.0  -3.1822889999999995 
14 11  1.9926313000000002  3.0430000000000006  0.9534822000000007 
15 0  -6.2072088  -4.564500000000001  -1.2945965999999998 
15 1  -6.2072088  -1.5215000000000005  -1.2945965999999998 
15 2  -0.9717088  -1.5215000000000005  1.1144034 
15 3  -0.9717088  -4.564500000000001  1.1144034 
15 4  -3.275328799999999  0.0  -1.2237719999999999 
15 5  1.3319111999999995  -3.0430000000000006  3.4525788 
15 6  -3.9035888  -3.0430000000000006  1.1852280000000004 
15 7  1.9601711999999996  0.0  1.0435788000000001 
15 8  -5.1862863  0.0  1.4555178 
15 9  3.242868699999999  -3.0430000000000006  0.7732890000000001 
15 10  -1.9926313000000002  -3.0430000000000006  -0.9534821999999998 
15 11  0.04921370000000014  0.0  3.1822890000000004 
16 0  -4.7423159  -4.564500000000001  -3.8177831999999996 
16 1  -4.7423159  -1.5215000000000005  -3.8177831999999996 
16 2  0.4931840999999997  -1.5215000000000005  -1.4087831999999998 
16 3  0.4931840999999997  -4.564500000000001  -1.4087831999999998 
16 4  -1.8104358999999994  0.0  -3.7469585999999997 
16 5  2.7968040999999992  -3.0430000000000006  0.9293922000000001 
16 6  -2.4386959000000004  -3.0430000000000006  -1.3379585999999994 
16 7  3.4250640999999993  0.0  -1.4796077999999997 
16 8  -3.7213934  0.0  -1.0676687999999999 
16 9  4.707761599999999  -3.0430000000000006  -1.7498975999999997 
16 10  -0.5277384000000005  -3.0430000000000006  -3.4766687999999997 
16 11  1.5141065999999999  0.0  0.6591024000000005 
17 0  -5.728684100000001  -1.5215  -1.0002168 
17 1  -5.728684100000001  1.5215  -1.0002168 
17 2  -0.49318410000000057  1.5215  1.4087831999999998 
17 3  -0.49318410000000057  -1.5215  1.4087831999999998 
17 4  -2.7968040999999997  3.0430000000000006  -0.9293922 
17 5  1.810435899999999  0.0  3.7469585999999997 
17 6  -3.4250641000000006  0.0  1.4796078000000001 
17 7  2.438695899999999  3.0430000000000006  1.3379585999999999 
17 8  -4.7077616  3.0430000000000006  1.7498975999999997 
17 9  3.7213933999999984  0.0  1.0676687999999999 
17 10  -1.5141066000000007  0.0  -0.6591024000000001 
17 11  0.5277383999999996  3.0430000000000006  3.4766688 
18 0  -0.49318410000000024  -1.5215  -1.4087831999999998 
18 1  -0.49318410000000007  1.5215  -1.4087831999999998 
18 2  4.7423158999999995  1.5215  1.0002168 
18 3  4.7423158999999995  -1.5215  1.0002168 
18 4  2.438695900000001  3.0430000000000006  -1.3379585999999999 
18 5  7.045935899999999  0.0  3.3383922 
18 6  1.8104358999999999  0.0  1.0710414000000004 
18 7  7.674195899999999  3.0430000000000006  0.9293922000000001 
18 8  0.5277384000000002  3.0430000000000006  1.3413312 
18 9  8.956893399999998  0.0  0.6591024000000001 
18 10  3.7213933999999997  0.0  -1.0676687999999999 
18 11  5.7632384  3.0430000000000006  3.0681024000000003 
19 0  -9.9778159  -4.564500000000001  -3.4092168 
19 1  -9.9778159  -1.5215000000000005  -3.4092168 
19 2  -4.7423158999999995  -1.5215000000000005  -1.0002168 
19 3  -4.7423158999999995  -4.564500000000001  -1.0002168 
19 4  -7.045935899999998  0.0  -3.3383922 
19 5  -2.4386959  -3.0430000000000006  1.3379585999999999 
19 6  -7.674195899999999  -3.0430000000000006  -0.9293921999999997 
19 7  -1.8104358999999999  0.0  -1.0710414 
19 8  -8.956893399999998  0.0  -0.6591024000000001 
19 9  -0.5277384000000005  -3.0430000000000006  -1.3413312 
19 10  -5.7632384  -3.0430000000000006  -3.0681024 
19 11  -3.7213933999999993  0.0  1.0676688000000003 
20 0  -1.7141027000000009  -5.8529062000000005  -3.4284888 
20 1  -1.7141027000000006  -2.8099062000000004  -3.4284888 
20 2  3.5213972999999994  -2.8099062000000004  -1.0194888 
20 3  3.5213972999999994  -5.8529062000000005  -1.0194888 
20 4  1.2177773  -1.2884061999999998  -3.3576642 
20 5  5.825017299999999  -4.3314062  1.3186866 
20 6  0.5895172999999991  -4.3314062  -0.9486641999999996 
20 7  6.453277299999999  -1.2884061999999998  -1.0903133999999999 
20 8  -0.6931802000000005  -1.2884061999999998  -0.6783744 
20 9  7.735974799999998  -4.3314062  -1.3606032 
20 10  2.500474799999999  -4.3314062  -3.0873744 
20 11  4.5423198  -1.2884061999999998  1.0483968000000004 
21 0  -1.7141027000000006  -3.2760938  -3.4284888 
21 1  -1.7141027000000004  -0.2330937999999998  -3.4284888 
21 2  3.5213972999999994  -0.2330937999999998  -1.0194888 
21 3  3.5213972999999994  -3.2760938  -1.0194888 
21 4  1.2177773000000003  1.2884062000000007  -3.3576642 
21 5  5.825017299999999  -1.7545937999999999  1.3186866 
21 6  0.5895172999999994  -1.7545937999999999  -0.9486641999999996 
21 7  6.453277299999999  1.2884062000000007  -1.0903133999999999 
21 8  -0.6931802000000002  1.2884062000000007  -0.6783744 
21 9  7.735974799999998  -1.7545937999999999  -1.3606032 
21 10  2.500474799999999  -1.7545937999999999  -3.0873744 
21 11  4.5423198  1.2884062000000007  1.0483968000000004 
22 0  -8.7568973  -2.8099062000000004  -1.3895111999999998 
22 1  -8.7568973  0.2330937999999998  -1.3895111999999998 
22 2  -3.5213973000000003  0.2330937999999998  1.0194888 
22 3  -3.5213973000000003  -2.8099062000000004  1.0194888 
22 4  -5.825017299999999  1.7545938000000003  -1.3186866 
22 5  -1.2177773000000007  -1.2884062000000003  3.3576642 
22 6  -6.4532773  -1.2884062000000003  1.0903134000000003 
22 7  -0.5895173000000007  1.7545938000000003  0.9486642000000001 
22 8  -7.7359748  1.7545938000000003  1.3606032 
22 9  0.6931801999999987  -1.2884062000000003  0.6783744 
22 10  -4.5423198000000005  -1.2884062000000003  -1.0483968 
22 11  -2.5004748  1.7545938000000003  3.0873744000000003 
23 0  -3.5213973  -2.8099062000000004  -1.0194888 
23 1  -3.5213973  0.2330937999999998  -1.0194888 
23 2  1.7141027000000002  0.2330937999999998  1.3895111999999998 
23 3  1.7141027000000002  -2.8099062000000004  1.3895111999999998 
23 4  -0.5895172999999989  1.7545938000000003  -0.9486642 
23 5  4.0177227  -1.2884062000000003  3.7276865999999997 
23 6  -1.2177772999999998  -1.2884062000000003  1.4603358000000002 
23 7  4.645982699999999  1.7545938000000003  1.3186866 
23 8  -2.500474799999999  1.7545938000000003  1.7306255999999998 
23 9  5.928680199999999  -1.2884062000000003  1.0483968 
23 10  0.6931802  -1.2884062000000003  -0.6783744 
23 11  2.7350252000000004  1.7545938000000003  3.4573968 
24 0  -6.9496027  -3.2760938  -3.7985111999999996 
24 1  -6.9496027  -0.2330937999999998  -3.7985111999999996 
24 2  -1.7141026999999998  -0.2330937999999998  -1.3895111999999998 
24 3  -1.7141026999999998  -3.2760938  -1.3895111999999998 
24 4  -4.017722699999998  1.2884062000000007  -3.7276865999999997 
24 5  0.5895172999999998  -1.7545937999999999  0.9486642000000001 
24 6  -4.645982699999999  -1.7545937999999999  -1.3186865999999995 
24 7  1.2177772999999998  1.2884062000000007  -1.4603357999999997 
24 8  -5.9286802  1.2884062000000007  -1.0483968 
24 9  2.500474799999999  -1.7545937999999999  -1.7306255999999998 
24 10  -2.7350252  -1.7545937999999999  -3.4573967999999997 
24 11  -0.6931801999999996  1.2884062000000007  0.6783744000000005 
25 0  -6.9496027  -5.8529062000000005  -3.7985111999999996 
25 1  -6.9496027  -2.8099062000000004  -3.7985111999999996 
25 2  -1.7141026999999998  -2.8099062000000004  -1.3895111999999998 
25 3  -1.7141026999999998  -5.8529062000000005  -1.3895111999999998 
25 4  -4.017722699999998  -1.2884061999999998  -3.7276865999999997 
25 5  0.5895172999999998  -4.3314062  0.9486642000000001 
25 6  -4.645982699999999  -4.3314062  -1.3186865999999995 
25 7  1.2177772999999998  -1.2884061999999998  -1.4603357999999997 
25 8  -5.9286802  -1.2884061999999998  -1.0483968 
25 9  2.500474799999999  -4.3314062  -1.7306255999999998 
25 10  -2.7350252  -4.3314062  -3.4573967999999997 
25 11  -0.6931801999999996  -1.2884061999999998  0.6783744000000005 
26 0  -3.5213973  -0.23309380000000002  -1.0194888 
26 1  -3.5213973  2.8099062000000004  -1.0194888 
26 2  1.7141027000000002  2.8099062000000004  1.3895111999999998 
26 3  1.7141027000000002  -0.23309380000000002  1.3895111999999998 
26 4  -0.5895172999999989  4.331406200000001  -0.9486642 
26 5  4.0177227  1.2884062  3.7276865999999997 
26 6  -1.2177772999999998  1.2884062  1.4603358000000002 
26 7  4.645982699999999  4.331406200000001  1.3186866 
26 8  -2.500474799999999  4.331406200000001  1.7306255999999998 
26 9  5.928680199999999  1.2884062  1.0483968 
26 10  0.6931802  1.2884062  -0.6783744 
26 11  2.7350252000000004  4.331406200000001  3.4573968 
27 0  -8.7568973  -0.23309380000000002  -1.3895111999999998 
27 1  -8.7568973  2.8099062000000004  -1.3895111999999998 
27 2  -3.5213973000000003  2.8099062000000004  1.0194888 
27 3  -3.5213973000000003  -0.23309380000000002  1.0194888 
27 4  -5.825017299999999  4.331406200000001  -1.3186866 
27 5  -1.2177773000000007  1.2884062  3.3576642 
27 6  -6.4532773  1.2884062  1.0903134000000003 
27 7  -0.5895173000000007  4.331406200000001  0.9486642000000001 
27 8  -7.7359748  4.331406200000001  1.3606032 
27 9  0.6931801999999987  1.2884062  0.6783744 
27 10  -4.5423198000000005  1.2884062  -1.0483968 
27 11  -2.5004748  4.331406200000001  3.0873744000000003 