 9.463  0  0  7.53463943175409e-16  12.305  0  1.8814861098700362e-16  0.0  3.0727 
5
0 16  7.978255299999999  0.519271  1.53635 
0 17  3.2467553000000002  5.633229  1.53635 
0 18  6.2162447  6.671771  1.53635 
0 19  1.4847447000000007  11.785729  1.53635 
0 20  3.6678588  0.9684035000000001  0.0 
0 21  8.399358799999998  5.1840965  0.0 
0 22  1.0636412000000004  7.1209035  0.0 
0 23  5.795141200000001  11.3365965  0.0 
0 24  5.8926101  1.700551  1.53635 
0 25  1.1611101000000001  4.451949  1.53635 
0 26  8.301889899999999  7.853051  1.53635 
0 27  3.5703899000000003  10.604449  1.53635 
0 28  1.0683726999999998  1.7337745  0.0 
0 29  5.7998727  4.4187255  0.0 
0 30  3.6631273  7.8862745  0.0 
0 31  8.3946273  10.571225499999999  0.0 
0 32  7.950812599999999  2.9101324999999996  1.53635 
0 33  3.2193126  3.2423675000000003  1.53635 
0 34  6.243687400000001  9.062632500000001  1.53635 
0 35  1.5121874000000004  9.394867499999998  1.53635 
1 16  3.2467552999999993  -5.633229  1.53635 
1 17  -1.4847446999999994  -0.5192709999999998  1.53635 
1 18  1.4847447000000003  0.5192709999999998  1.53635 
1 19  -3.246755299999999  5.633229  1.53635 
1 20  -1.0636411999999997  -5.1840965  0.0 
1 21  3.6678587999999985  -0.9684035  0.0 
1 22  -3.6678587999999994  0.9684035  0.0 
1 23  1.063641200000001  5.184096500000001  0.0 
1 24  1.1611101000000001  -4.451949  1.53635 
1 25  -3.5703898999999995  -1.700551  1.53635 
1 26  3.5703898999999995  1.700551  1.53635 
1 27  -1.1611100999999993  4.451949000000001  1.53635 
1 28  -3.6631272999999998  -4.4187255  0.0 
1 29  1.0683727000000003  -1.7337745  0.0 
1 30  -1.0683726999999994  1.7337745  0.0 
1 31  3.6631273  4.418725499999999  0.0 
1 32  3.2193125999999994  -3.2423675000000003  1.53635 
1 33  -1.5121873999999997  -2.9101324999999996  1.53635 
1 34  1.512187400000001  2.9101325000000013  1.53635 
1 35  -3.2193125999999994  3.2423674999999985  1.53635 
2 16  3.2467552999999993  0.519271  0.0 
2 17  -1.4847446999999994  5.633229  0.0 
2 18  1.4847447000000003  6.671771  0.0 
2 19  -3.246755299999999  11.785729  0.0 
2 20  -1.0636411999999997  0.9684035000000001  -1.53635 
2 21  3.6678587999999985  5.1840965  -1.53635 
2 22  -3.6678587999999994  7.1209035  -1.53635 
2 23  1.063641200000001  11.3365965  -1.53635 
2 24  1.1611101000000001  1.700551  0.0 
2 25  -3.5703898999999995  4.451949  0.0 
2 26  3.5703898999999995  7.853051  0.0 
2 27  -1.1611100999999993  10.604449  0.0 
2 28  -3.6631272999999998  1.7337745  -1.53635 
2 29  1.0683727000000003  4.4187255  -1.53635 
2 30  -1.0683726999999994  7.8862745  -1.53635 
2 31  3.6631273  10.571225499999999  -1.53635 
2 32  3.2193125999999994  2.9101324999999996  0.0 
2 33  -1.5121873999999997  3.2423675000000003  0.0 
2 34  1.512187400000001  9.062632500000001  0.0 
2 35  -3.2193125999999994  9.394867499999998  0.0 
3 16  7.978255299999998  -5.633229  0.0 
3 17  3.2467553  -0.5192709999999998  0.0 
3 18  6.216244699999999  0.5192709999999998  0.0 
3 19  1.4847447000000003  5.633229  0.0 
3 20  3.6678587999999994  -5.1840965  -1.53635 
3 21  8.399358799999998  -0.9684035  -1.53635 
3 22  1.0636412  0.9684035  -1.53635 
3 23  5.7951412  5.184096500000001  -1.53635 
3 24  5.892610099999999  -4.451949  0.0 
3 25  1.1611100999999997  -1.700551  0.0 
3 26  8.301889899999999  1.700551  0.0 
3 27  3.5703899  4.451949000000001  0.0 
3 28  1.0683726999999994  -4.4187255  -1.53635 
3 29  5.799872699999999  -1.7337745  -1.53635 
3 30  3.6631272999999998  1.7337745  -1.53635 
3 31  8.3946273  4.418725499999999  -1.53635 
3 32  7.950812599999998  -3.2423675000000003  0.0 
3 33  3.2193125999999994  -2.9101324999999996  0.0 
3 34  6.2436874  2.9101325000000013  0.0 
3 35  1.5121874  3.2423674999999985  0.0 
4 16  7.974470099999999  -2.8542677999999997  1.53635 
4 17  3.2429701  2.2596902  1.53635 
4 18  6.2124595  3.2982321999999997  1.53635 
4 19  1.4809595000000004  8.4121902  1.53635 
4 20  3.6640735999999996  -2.4051353  0.0 
4 21  8.395573599999999  1.8105577  0.0 
4 22  1.0598560000000001  3.7473647  0.0 
4 23  5.791356  7.9630577  0.0 
4 24  5.8888248999999995  -1.6729878  1.53635 
4 25  1.1573248999999999  1.0784102  1.53635 
4 26  8.2981047  4.4795122  1.53635 
4 27  3.5666047  7.2309102  1.53635 
4 28  1.0645874999999996  -1.6397643  0.0 
4 29  5.7960875  1.0451867  0.0 
4 30  3.6593421  4.5127357  0.0 
4 31  8.3908421  7.197686699999998  0.0 
4 32  7.947027399999999  -0.4634063000000004  1.53635 
4 33  3.2155273999999996  -0.13117129999999966  1.53635 
4 34  6.2399022  5.689093700000001  1.53635 
4 35  1.5084022000000001  6.021328699999998  1.53635 
5 16  3.2429701  -2.2596901999999996  1.53635 
5 17  -1.4885298999999987  2.8542678  1.53635 
5 18  1.4809595000000009  3.8928097999999998  1.53635 
5 19  -3.2505404999999983  9.0067678  1.53635 
5 20  -1.067426399999999  -1.8105577  0.0 
5 21  3.664073599999999  2.4051353  0.0 
5 22  -3.671643999999999  4.3419422999999995  0.0 
5 23  1.0598560000000017  8.557635300000001  0.0 
5 24  1.1573249000000008  -1.0784102  1.53635 
5 25  -3.574175099999999  1.6729878  1.53635 
5 26  3.5666047  5.074089799999999  1.53635 
5 27  -1.1648952999999986  7.825487800000001  1.53635 
5 28  -3.666912499999999  -1.0451867  0.0 
5 29  1.064587500000001  1.6397643  0.0 
5 30  -1.0721578999999988  5.1073132999999995  0.0 
5 31  3.659342100000001  7.792264299999999  0.0 
5 32  3.2155274  0.13117129999999966  1.53635 
5 33  -1.5159725999999991  0.4634063000000004  1.53635 
5 34  1.5084022000000017  6.283671300000002  1.53635 
5 35  -3.223097799999999  6.615906299999999  1.53635 
6 16  3.2505404999999987  -9.006767799999999  1.53635 
6 17  -1.4809595  -3.8928097999999984  1.53635 
6 18  1.4885298999999996  -2.854267799999999  1.53635 
6 19  -3.2429700999999995  2.2596902000000014  1.53635 
6 20  -1.0598560000000004  -8.557635299999998  0.0 
6 21  3.671643999999998  -4.341942299999999  0.0 
6 22  -3.6640736  -2.4051352999999986  0.0 
6 23  1.0674264000000004  1.8105577000000022  0.0 
6 24  1.1648952999999995  -7.8254877999999986  1.53635 
6 25  -3.5666047  -5.0740897999999985  1.53635 
6 26  3.574175099999999  -1.6729877999999987  1.53635 
6 27  -1.1573248999999999  1.0784102000000022  1.53635 
6 28  -3.6593421000000004  -7.7922642999999985  0.0 
6 29  1.0721578999999997  -5.107313299999999  0.0 
6 30  -1.0645875  -1.6397642999999986  0.0 
6 31  3.6669124999999996  1.0451867000000004  0.0 
6 32  3.223097799999999  -6.615906299999999  1.53635 
6 33  -1.5084022000000004  -6.283671299999998  1.53635 
6 34  1.5159726000000004  -0.4634062999999973  1.53635 
6 35  -3.2155274  -0.1311713000000001  1.53635 
7 16  -1.4809595000000009  -8.412190200000001  1.53635 
7 17  -6.2124595  -3.298232200000001  1.53635 
7 18  -3.2429701  -2.2596902000000014  1.53635 
7 19  -7.9744701  2.854267799999999  1.53635 
7 20  -5.791356  -7.963057700000001  0.0 
7 21  -1.0598560000000017  -3.747364700000001  0.0 
7 22  -8.395573599999999  -1.8105577000000013  0.0 
7 23  -3.664073599999999  2.4051352999999995  0.0 
7 24  -3.5666047  -7.230910200000001  1.53635 
7 25  -8.2981047  -4.479512200000001  1.53635 
7 26  -1.1573249000000008  -1.0784102000000013  1.53635 
7 27  -5.8888248999999995  1.6729877999999996  1.53635 
7 28  -8.3908421  -7.197686700000001  0.0 
7 29  -3.6593421  -4.512735700000001  0.0 
7 30  -5.7960875  -1.0451867000000012  0.0 
7 31  -1.0645875  1.6397642999999977  0.0 
7 32  -1.5084022000000008  -6.0213287000000015  1.53635 
7 33  -6.2399021999999995  -5.689093700000001  1.53635 
7 34  -3.215527399999999  0.1311713000000001  1.53635 
7 35  -7.9470274  0.4634062999999973  1.53635 
8 16  0.9349444  -4.2511314  0.0 
8 17  -3.7965555999999987  0.8628266  0.0 
8 18  -0.8270661999999991  1.9013685999999996  0.0 
8 19  -5.558566199999998  7.0153266  0.0 
8 20  -3.375452099999999  -3.8019989  -1.53635 
8 21  1.3560478999999992  0.41369409999999984  -1.53635 
8 22  -5.979669699999999  2.3505011  -1.53635 
8 23  -1.2481696999999983  6.566194100000001  -1.53635 
8 24  -1.1507007999999992  -3.0698514  0.0 
8 25  -5.882200799999999  -0.3184534000000001  0.0 
8 26  1.2585790000000001  3.0826485999999997  0.0 
8 27  -3.4729209999999986  5.834046600000001  0.0 
8 28  -5.974938199999999  -3.0366279  -1.53635 
8 29  -1.243438199999999  -0.3516769000000002  -1.53635 
8 30  -3.3801835999999987  3.1158721  -1.53635 
8 31  1.3513164000000009  5.800823099999999  -1.53635 
8 32  0.9075017000000001  -1.8602699000000005  0.0 
8 33  -3.823998299999999  -1.5280348999999998  0.0 
8 34  -0.7996234999999983  4.292230100000001  0.0 
8 35  -5.531123499999999  4.624465099999998  0.0 
9 16  5.6664444  -0.8628266  0.0 
9 17  0.9349444000000005  4.2511314  0.0 
9 18  3.9044338  5.2896734  0.0 
9 19  -0.8270661999999991  10.4036314  0.0 
9 20  1.3560479  -0.41369409999999995  -1.53635 
9 21  6.087547899999999  3.8019989  -1.53635 
9 22  -1.2481696999999994  5.7388059  -1.53635 
9 23  3.483330300000001  9.9544989  -1.53635 
9 24  3.5807992  0.3184533999999999  0.0 
9 25  -1.1507007999999996  3.0698514  0.0 
9 26  5.990079  6.4709534  0.0 
9 27  1.2585790000000006  9.2223514  0.0 
9 28  -1.2434382  0.35167689999999996  -1.53635 
9 29  3.4880618  3.0366279  -1.53635 
9 30  1.3513164000000004  6.5041769  -1.53635 
9 31  6.0828164000000005  9.189127899999999  -1.53635 
9 32  5.6390017  1.5280348999999995  0.0 
9 33  0.9075017000000001  1.8602699000000003  0.0 
9 34  3.931876500000001  7.680534900000001  0.0 
9 35  -0.7996234999999994  8.012769899999999  0.0 
10 16  0.8270661999999982  -10.4036314  0.0 
10 17  -3.9044338000000005  -5.2896734  0.0 
10 18  -0.9349444000000009  -4.2511314  0.0 
10 19  -5.6664444  0.8628266  0.0 
10 20  -3.483330300000001  -9.954498899999999  -1.53635 
10 21  1.2481696999999974  -5.7388059  -1.53635 
10 22  -6.087547900000001  -3.8019989  -1.53635 
10 23  -1.3560479  0.41369410000000073  -1.53635 
10 24  -1.258579000000001  -9.2223514  0.0 
10 25  -5.990079000000001  -6.4709534  0.0 
10 26  1.1507007999999983  -3.0698514  0.0 
10 27  -3.5807992000000004  -0.3184533999999992  0.0 
10 28  -6.0828164000000005  -9.189127899999999  -1.53635 
10 29  -1.3513164000000009  -6.5041769  -1.53635 
10 30  -3.4880618000000005  -3.0366279  -1.53635 
10 31  1.243438199999999  -0.35167690000000107  -1.53635 
10 32  0.7996234999999983  -8.0127699  0.0 
10 33  -3.931876500000001  -7.6805349  0.0 
10 34  -0.9075017000000001  -1.8602698999999987  0.0 
10 35  -5.639001700000001  -1.5280349000000015  0.0 
11 16  5.558566199999999  -7.0153266  0.0 
11 17  0.8270662  -1.9013685999999996  0.0 
11 18  3.7965555999999996  -0.8628266  0.0 
11 19  -0.9349443999999996  4.2511314  0.0 
11 20  1.2481696999999996  -6.5661941  -1.53635 
11 21  5.979669699999998  -2.3505011  -1.53635 
11 22  -1.3560478999999999  -0.41369409999999984  -1.53635 
11 23  3.3754521000000004  3.801998900000001  -1.53635 
11 24  3.4729209999999995  -5.8340466  0.0 
11 25  -1.2585790000000001  -3.0826485999999997  0.0 
11 26  5.882200799999999  0.3184534000000001  0.0 
11 27  1.1507008  3.069851400000001  0.0 
11 28  -1.3513164000000004  -5.8008231  -1.53635 
11 29  3.3801835999999996  -3.1158721  -1.53635 
11 30  1.2434382  0.3516769000000002  -1.53635 
11 31  5.9749381999999995  3.036627899999999  -1.53635 
11 32  5.531123499999999  -4.6244651  0.0 
11 33  0.7996234999999996  -4.292230099999999  0.0 
11 34  3.8239983000000004  1.5280349000000015  0.0 
11 35  -0.9075016999999999  1.8602698999999987  0.0 
12 16  5.439332399999999  -3.9203730000000006  0.0 
12 17  0.7078324  1.1935849999999997  0.0 
12 18  3.6773217999999996  2.2321269999999993  0.0 
12 19  -1.0541781999999995  7.3460849999999995  0.0 
12 20  1.1289358999999997  -3.4712405000000004  -1.53635 
12 21  5.860435899999998  0.7444524999999995  -1.53635 
12 22  -1.4752816999999998  2.6812594999999995  -1.53635 
12 23  3.2562183000000005  6.8969525  -1.53635 
12 24  3.3536871999999995  -2.7390930000000004  0.0 
12 25  -1.3778128  0.012304999999999566  0.0 
12 26  5.762966999999999  3.4134069999999994  0.0 
12 27  1.0314670000000001  6.164805  0.0 
12 28  -1.4705502000000004  -2.7058695000000004  -1.53635 
12 29  3.2609497999999997  -0.020918500000000506  -1.53635 
12 30  1.1242044  3.4466304999999995  -1.53635 
12 31  5.8557044  6.1315814999999985  -1.53635 
12 32  5.411889699999999  -1.5295115000000008  0.0 
12 33  0.6803896999999997  -1.1972765  0.0 
12 34  3.7047645000000005  4.622988500000001  0.0 
12 35  -1.0267354999999998  4.955223499999998  0.0 
13 16  0.7078324  -1.193585  0.0 
13 17  -4.023667599999999  3.920373  0.0 
13 18  -1.054178199999999  4.958914999999999  0.0 
13 19  -5.785678199999998  10.072873  0.0 
13 20  -3.602564099999999  -0.7444524999999999  -1.53635 
13 21  1.1289358999999992  3.4712405  -1.53635 
13 22  -6.206781699999999  5.4080475  -1.53635 
13 23  -1.4752816999999983  9.6237405  -1.53635 
13 24  -1.3778127999999992  -0.01230500000000001  0.0 
13 25  -6.109312799999999  2.739093  0.0 
13 26  1.0314670000000001  6.140195  0.0 
13 27  -3.7000329999999986  8.891593  0.0 
13 28  -6.202050199999999  0.020918500000000062  -1.53635 
13 29  -1.470550199999999  2.7058695  -1.53635 
13 30  -3.6072955999999987  6.1734185  -1.53635 
13 31  1.1242044000000009  8.858369499999998  -1.53635 
13 32  0.6803897000000001  1.1972764999999996  0.0 
13 33  -4.0511102999999995  1.5295115000000004  0.0 
13 34  -1.0267354999999982  7.349776500000001  0.0 
13 35  -5.758235499999999  7.682011499999998  0.0 
14 16  5.785678199999999  -10.072873  0.0 
14 17  1.0541782  -4.958914999999999  0.0 
14 18  4.0236676  -3.9203729999999997  0.0 
14 19  -0.7078323999999996  1.1935850000000006  0.0 
14 20  1.4752816999999996  -9.623740499999998  -1.53635 
14 21  6.206781699999998  -5.4080474999999995  -1.53635 
14 22  -1.1289358999999999  -3.4712404999999995  -1.53635 
14 23  3.6025641000000004  0.7444525000000013  -1.53635 
14 24  3.7000329999999995  -8.891593  0.0 
14 25  -1.0314670000000001  -6.140194999999999  0.0 
14 26  6.109312799999999  -2.7390929999999996  0.0 
14 27  1.3778128  0.012305000000001343  0.0 
14 28  -1.1242044000000004  -8.858369499999998  -1.53635 
14 29  3.6072955999999996  -6.1734184999999995  -1.53635 
14 30  1.4705502  -2.7058694999999995  -1.53635 
14 31  6.2020501999999995  -0.020918500000000506  -1.53635 
14 32  5.758235499999999  -7.6820115  0.0 
14 33  1.0267354999999996  -7.349776499999999  0.0 
14 34  4.0511103  -1.5295114999999981  0.0 
14 35  -0.6803896999999999  -1.197276500000001  0.0 
15 16  1.0541781999999982  -7.3460849999999995  0.0 
15 17  -3.6773218000000005  -2.2321269999999993  0.0 
15 18  -0.7078324000000009  -1.1935849999999997  0.0 
15 19  -5.4393324  3.9203730000000006  0.0 
15 20  -3.256218300000001  -6.896952499999999  -1.53635 
15 21  1.4752816999999974  -2.6812594999999995  -1.53635 
15 22  -5.860435900000001  -0.7444524999999995  -1.53635 
15 23  -1.1289359  3.4712405000000013  -1.53635 
15 24  -1.031467000000001  -6.164804999999999  0.0 
15 25  -5.762967000000001  -3.4134069999999994  0.0 
15 26  1.3778127999999983  -0.012304999999999566  0.0 
15 27  -3.3536872000000004  2.7390930000000013  0.0 
15 28  -5.8557044000000005  -6.131581499999999  -1.53635 
15 29  -1.1242044000000009  -3.4466304999999995  -1.53635 
15 30  -3.2609498000000006  0.020918500000000506  -1.53635 
15 31  1.470550199999999  2.7058694999999995  -1.53635 
15 32  1.0267354999999982  -4.9552235  0.0 
15 33  -3.704764500000001  -4.622988499999999  0.0 
15 34  -0.6803897000000001  1.1972765000000019  0.0 
15 35  -5.411889700000001  1.529511499999999  0.0 
16 0  -7.978255299999999  -0.519271  -1.53635 
16 1  -3.2467552999999993  5.633229  -1.53635 
16 2  -3.2467552999999993  -0.519271  0.0 
16 3  -7.978255299999998  5.633229  0.0 
16 4  -7.974470099999999  2.8542677999999997  -1.53635 
16 5  -3.2429701  2.2596901999999996  -1.53635 
16 6  -3.2505404999999987  9.006767799999999  -1.53635 
16 7  1.4809595000000009  8.412190200000001  -1.53635 
16 8  -0.9349444  4.2511314  0.0 
16 9  -5.6664444  0.8628266  0.0 
16 10  -0.8270661999999982  10.4036314  0.0 
16 11  -5.558566199999999  7.0153266  0.0 
16 12  -5.439332399999999  3.9203730000000006  0.0 
16 13  -0.7078324  1.193585  0.0 
16 14  -5.785678199999999  10.072873  0.0 
16 15  -1.0541781999999982  7.3460849999999995  0.0 
17 0  -3.2467553000000002  -5.633229  -1.53635 
17 1  1.4847446999999994  0.5192709999999998  -1.53635 
17 2  1.4847446999999994  -5.633229  0.0 
17 3  -3.2467553  0.5192709999999998  0.0 
17 4  -3.2429701  -2.2596902  -1.53635 
17 5  1.4885298999999987  -2.8542678  -1.53635 
17 6  1.4809595  3.8928097999999984  -1.53635 
17 7  6.2124595  3.298232200000001  -1.53635 
17 8  3.7965555999999987  -0.8628266  0.0 
17 9  -0.9349444000000005  -4.2511314  0.0 
17 10  3.9044338000000005  5.2896734  0.0 
17 11  -0.8270662  1.9013685999999996  0.0 
17 12  -0.7078324  -1.1935849999999997  0.0 
17 13  4.023667599999999  -3.920373  0.0 
17 14  -1.0541782  4.958914999999999  0.0 
17 15  3.6773218000000005  2.2321269999999993  0.0 
18 0  -6.2162447  -6.671771  -1.53635 
18 1  -1.4847447000000003  -0.5192709999999998  -1.53635 
18 2  -1.4847447000000003  -6.671771  0.0 
18 3  -6.216244699999999  -0.5192709999999998  0.0 
18 4  -6.2124595  -3.2982321999999997  -1.53635 
18 5  -1.4809595000000009  -3.8928097999999998  -1.53635 
18 6  -1.4885298999999996  2.854267799999999  -1.53635 
18 7  3.2429701  2.2596902000000014  -1.53635 
18 8  0.8270661999999991  -1.9013685999999996  0.0 
18 9  -3.9044338  -5.2896734  0.0 
18 10  0.9349444000000009  4.2511314  0.0 
18 11  -3.7965555999999996  0.8628266  0.0 
18 12  -3.6773217999999996  -2.2321269999999993  0.0 
18 13  1.054178199999999  -4.958914999999999  0.0 
18 14  -4.0236676  3.9203729999999997  0.0 
18 15  0.7078324000000009  1.1935849999999997  0.0 
19 0  -1.4847447000000007  -11.785729  -1.53635 
19 1  3.246755299999999  -5.633229  -1.53635 
19 2  3.246755299999999  -11.785729  0.0 
19 3  -1.4847447000000003  -5.633229  0.0 
19 4  -1.4809595000000004  -8.4121902  -1.53635 
19 5  3.2505404999999983  -9.0067678  -1.53635 
19 6  3.2429700999999995  -2.2596902000000014  -1.53635 
19 7  7.9744701  -2.854267799999999  -1.53635 
19 8  5.558566199999998  -7.0153266  0.0 
19 9  0.8270661999999991  -10.4036314  0.0 
19 10  5.6664444  -0.8628266  0.0 
19 11  0.9349443999999996  -4.2511314  0.0 
19 12  1.0541781999999995  -7.3460849999999995  0.0 
19 13  5.785678199999998  -10.072873  0.0 
19 14  0.7078323999999996  -1.1935850000000006  0.0 
19 15  5.4393324  -3.9203730000000006  0.0 
20 0  -3.6678588  -0.9684035000000001  0.0 
20 1  1.0636411999999997  5.1840965  0.0 
20 2  1.0636411999999997  -0.9684035000000001  1.53635 
20 3  -3.6678587999999994  5.1840965  1.53635 
20 4  -3.6640735999999996  2.4051353  0.0 
20 5  1.067426399999999  1.8105577  0.0 
20 6  1.0598560000000004  8.557635299999998  0.0 
20 7  5.791356  7.963057700000001  0.0 
20 8  3.375452099999999  3.8019989  1.53635 
20 9  -1.3560479  0.41369409999999995  1.53635 
20 10  3.483330300000001  9.954498899999999  1.53635 
20 11  -1.2481696999999996  6.5661941  1.53635 
20 12  -1.1289358999999997  3.4712405000000004  1.53635 
20 13  3.602564099999999  0.7444524999999999  1.53635 
20 14  -1.4752816999999996  9.623740499999998  1.53635 
20 15  3.256218300000001  6.896952499999999  1.53635 
21 0  -8.399358799999998  -5.1840965  0.0 
21 1  -3.6678587999999985  0.9684035  0.0 
21 2  -3.6678587999999985  -5.1840965  1.53635 
21 3  -8.399358799999998  0.9684035  1.53635 
21 4  -8.395573599999999  -1.8105577  0.0 
21 5  -3.664073599999999  -2.4051353  0.0 
21 6  -3.671643999999998  4.341942299999999  0.0 
21 7  1.0598560000000017  3.747364700000001  0.0 
21 8  -1.3560478999999992  -0.41369409999999984  1.53635 
21 9  -6.087547899999999  -3.8019989  1.53635 
21 10  -1.2481696999999974  5.7388059  1.53635 
21 11  -5.979669699999998  2.3505011  1.53635 
21 12  -5.860435899999998  -0.7444524999999995  1.53635 
21 13  -1.1289358999999992  -3.4712405  1.53635 
21 14  -6.206781699999998  5.4080474999999995  1.53635 
21 15  -1.4752816999999974  2.6812594999999995  1.53635 
22 0  -1.0636412000000004  -7.1209035  0.0 
22 1  3.6678587999999994  -0.9684035  0.0 
22 2  3.6678587999999994  -7.1209035  1.53635 
22 3  -1.0636412  -0.9684035  1.53635 
22 4  -1.0598560000000001  -3.7473647  0.0 
22 5  3.671643999999999  -4.3419422999999995  0.0 
22 6  3.6640736  2.4051352999999986  0.0 
22 7  8.395573599999999  1.8105577000000013  0.0 
22 8  5.979669699999999  -2.3505011  1.53635 
22 9  1.2481696999999994  -5.7388059  1.53635 
22 10  6.087547900000001  3.8019989  1.53635 
22 11  1.3560478999999999  0.41369409999999984  1.53635 
22 12  1.4752816999999998  -2.6812594999999995  1.53635 
22 13  6.206781699999999  -5.4080475  1.53635 
22 14  1.1289358999999999  3.4712404999999995  1.53635 
22 15  5.860435900000001  0.7444524999999995  1.53635 
23 0  -5.795141200000001  -11.3365965  0.0 
23 1  -1.063641200000001  -5.184096500000001  0.0 
23 2  -1.063641200000001  -11.3365965  1.53635 
23 3  -5.7951412  -5.184096500000001  1.53635 
23 4  -5.791356  -7.9630577  0.0 
23 5  -1.0598560000000017  -8.557635300000001  0.0 
23 6  -1.0674264000000004  -1.8105577000000022  0.0 
23 7  3.664073599999999  -2.4051352999999995  0.0 
23 8  1.2481696999999983  -6.566194100000001  1.53635 
23 9  -3.483330300000001  -9.9544989  1.53635 
23 10  1.3560479  -0.41369410000000073  1.53635 
23 11  -3.3754521000000004  -3.801998900000001  1.53635 
23 12  -3.2562183000000005  -6.8969525  1.53635 
23 13  1.4752816999999983  -9.6237405  1.53635 
23 14  -3.6025641000000004  -0.7444525000000013  1.53635 
23 15  1.1289359  -3.4712405000000013  1.53635 
24 0  -5.8926101  -1.700551  -1.53635 
24 1  -1.1611101000000001  4.451949  -1.53635 
24 2  -1.1611101000000001  -1.700551  0.0 
24 3  -5.892610099999999  4.451949  0.0 
24 4  -5.8888248999999995  1.6729878  -1.53635 
24 5  -1.1573249000000008  1.0784102  -1.53635 
24 6  -1.1648952999999995  7.8254877999999986  -1.53635 
24 7  3.5666047  7.230910200000001  -1.53635 
24 8  1.1507007999999992  3.0698514  0.0 
24 9  -3.5807992  -0.3184533999999999  0.0 
24 10  1.258579000000001  9.2223514  0.0 
24 11  -3.4729209999999995  5.8340466  0.0 
24 12  -3.3536871999999995  2.7390930000000004  0.0 
24 13  1.3778127999999992  0.01230500000000001  0.0 
24 14  -3.7000329999999995  8.891593  0.0 
24 15  1.031467000000001  6.164804999999999  0.0 
25 0  -1.1611101000000001  -4.451949  -1.53635 
25 1  3.5703898999999995  1.700551  -1.53635 
25 2  3.5703898999999995  -4.451949  0.0 
25 3  -1.1611100999999997  1.700551  0.0 
25 4  -1.1573248999999999  -1.0784102  -1.53635 
25 5  3.574175099999999  -1.6729878  -1.53635 
25 6  3.5666047  5.0740897999999985  -1.53635 
25 7  8.2981047  4.479512200000001  -1.53635 
25 8  5.882200799999999  0.3184534000000001  0.0 
25 9  1.1507007999999996  -3.0698514  0.0 
25 10  5.990079000000001  6.4709534  0.0 
25 11  1.2585790000000001  3.0826485999999997  0.0 
25 12  1.3778128  -0.012304999999999566  0.0 
25 13  6.109312799999999  -2.739093  0.0 
25 14  1.0314670000000001  6.140194999999999  0.0 
25 15  5.762967000000001  3.4134069999999994  0.0 
26 0  -8.301889899999999  -7.853051  -1.53635 
26 1  -3.5703898999999995  -1.700551  -1.53635 
26 2  -3.5703898999999995  -7.853051  0.0 
26 3  -8.301889899999999  -1.700551  0.0 
26 4  -8.2981047  -4.4795122  -1.53635 
26 5  -3.5666047  -5.074089799999999  -1.53635 
26 6  -3.574175099999999  1.6729877999999987  -1.53635 
26 7  1.1573249000000008  1.0784102000000013  -1.53635 
26 8  -1.2585790000000001  -3.0826485999999997  0.0 
26 9  -5.990079  -6.4709534  0.0 
26 10  -1.1507007999999983  3.0698514  0.0 
26 11  -5.882200799999999  -0.3184534000000001  0.0 
26 12  -5.762966999999999  -3.4134069999999994  0.0 
26 13  -1.0314670000000001  -6.140195  0.0 
26 14  -6.109312799999999  2.7390929999999996  0.0 
26 15  -1.3778127999999983  0.012304999999999566  0.0 
27 0  -3.5703899000000003  -10.604449  -1.53635 
27 1  1.1611100999999993  -4.451949000000001  -1.53635 
27 2  1.1611100999999993  -10.604449  0.0 
27 3  -3.5703899  -4.451949000000001  0.0 
27 4  -3.5666047  -7.2309102  -1.53635 
27 5  1.1648952999999986  -7.825487800000001  -1.53635 
27 6  1.1573248999999999  -1.0784102000000022  -1.53635 
27 7  5.8888248999999995  -1.6729877999999996  -1.53635 
27 8  3.4729209999999986  -5.834046600000001  0.0 
27 9  -1.2585790000000006  -9.2223514  0.0 
27 10  3.5807992000000004  0.3184533999999992  0.0 
27 11  -1.1507008  -3.069851400000001  0.0 
27 12  -1.0314670000000001  -6.164805  0.0 
27 13  3.7000329999999986  -8.891593  0.0 
27 14  -1.3778128  -0.012305000000001343  0.0 
27 15  3.3536872000000004  -2.7390930000000013  0.0 
28 0  -1.0683726999999998  -1.7337745  0.0 
28 1  3.6631272999999998  4.4187255  0.0 
28 2  3.6631272999999998  -1.7337745  1.53635 
28 3  -1.0683726999999994  4.4187255  1.53635 
28 4  -1.0645874999999996  1.6397643  0.0 
28 5  3.666912499999999  1.0451867  0.0 
28 6  3.6593421000000004  7.7922642999999985  0.0 
28 7  8.3908421  7.197686700000001  0.0 
28 8  5.974938199999999  3.0366279  1.53635 
28 9  1.2434382  -0.35167689999999996  1.53635 
28 10  6.0828164000000005  9.189127899999999  1.53635 
28 11  1.3513164000000004  5.8008231  1.53635 
28 12  1.4705502000000004  2.7058695000000004  1.53635 
28 13  6.202050199999999  -0.020918500000000062  1.53635 
28 14  1.1242044000000004  8.858369499999998  1.53635 
28 15  5.8557044000000005  6.131581499999999  1.53635 
29 0  -5.7998727  -4.4187255  0.0 
29 1  -1.0683727000000003  1.7337745  0.0 
29 2  -1.0683727000000003  -4.4187255  1.53635 
29 3  -5.799872699999999  1.7337745  1.53635 
29 4  -5.7960875  -1.0451867  0.0 
29 5  -1.064587500000001  -1.6397643  0.0 
29 6  -1.0721578999999997  5.107313299999999  0.0 
29 7  3.6593421  4.512735700000001  0.0 
29 8  1.243438199999999  0.3516769000000002  1.53635 
29 9  -3.4880618  -3.0366279  1.53635 
29 10  1.3513164000000009  6.5041769  1.53635 
29 11  -3.3801835999999996  3.1158721  1.53635 
29 12  -3.2609497999999997  0.020918500000000506  1.53635 
29 13  1.470550199999999  -2.7058695  1.53635 
29 14  -3.6072955999999996  6.1734184999999995  1.53635 
29 15  1.1242044000000009  3.4466304999999995  1.53635 
30 0  -3.6631273  -7.8862745  0.0 
30 1  1.0683726999999994  -1.7337745  0.0 
30 2  1.0683726999999994  -7.8862745  1.53635 
30 3  -3.6631272999999998  -1.7337745  1.53635 
30 4  -3.6593421  -4.5127357  0.0 
30 5  1.0721578999999988  -5.1073132999999995  0.0 
30 6  1.0645875  1.6397642999999986  0.0 
30 7  5.7960875  1.0451867000000012  0.0 
30 8  3.3801835999999987  -3.1158721  1.53635 
30 9  -1.3513164000000004  -6.5041769  1.53635 
30 10  3.4880618000000005  3.0366279  1.53635 
30 11  -1.2434382  -0.3516769000000002  1.53635 
30 12  -1.1242044  -3.4466304999999995  1.53635 
30 13  3.6072955999999987  -6.1734185  1.53635 
30 14  -1.4705502  2.7058694999999995  1.53635 
30 15  3.2609498000000006  -0.020918500000000506  1.53635 
31 0  -8.3946273  -10.571225499999999  0.0 
31 1  -3.6631273  -4.418725499999999  0.0 
31 2  -3.6631273  -10.571225499999999  1.53635 
31 3  -8.3946273  -4.418725499999999  1.53635 
31 4  -8.3908421  -7.197686699999998  0.0 
31 5  -3.659342100000001  -7.792264299999999  0.0 
31 6  -3.6669124999999996  -1.0451867000000004  0.0 
31 7  1.0645875  -1.6397642999999977  0.0 
31 8  -1.3513164000000009  -5.800823099999999  1.53635 
31 9  -6.0828164000000005  -9.189127899999999  1.53635 
31 10  -1.243438199999999  0.35167690000000107  1.53635 
31 11  -5.9749381999999995  -3.036627899999999  1.53635 
31 12  -5.8557044  -6.1315814999999985  1.53635 
31 13  -1.1242044000000009  -8.858369499999998  1.53635 
31 14  -6.2020501999999995  0.020918500000000506  1.53635 
31 15  -1.470550199999999  -2.7058694999999995  1.53635 
32 0  -7.950812599999999  -2.9101324999999996  -1.53635 
32 1  -3.2193125999999994  3.2423675000000003  -1.53635 
32 2  -3.2193125999999994  -2.9101324999999996  0.0 
32 3  -7.950812599999998  3.2423675000000003  0.0 
32 4  -7.947027399999999  0.4634063000000004  -1.53635 
32 5  -3.2155274  -0.13117129999999966  -1.53635 
32 6  -3.223097799999999  6.615906299999999  -1.53635 
32 7  1.5084022000000008  6.0213287000000015  -1.53635 
32 8  -0.9075017000000001  1.8602699000000005  0.0 
32 9  -5.6390017  -1.5280348999999995  0.0 
32 10  -0.7996234999999983  8.0127699  0.0 
32 11  -5.531123499999999  4.6244651  0.0 
32 12  -5.411889699999999  1.5295115000000008  0.0 
32 13  -0.6803897000000001  -1.1972764999999996  0.0 
32 14  -5.758235499999999  7.6820115  0.0 
32 15  -1.0267354999999982  4.9552235  0.0 
33 0  -3.2193126  -3.2423675000000003  -1.53635 
33 1  1.5121873999999997  2.9101324999999996  -1.53635 
33 2  1.5121873999999997  -3.2423675000000003  0.0 
33 3  -3.2193125999999994  2.9101324999999996  0.0 
33 4  -3.2155273999999996  0.13117129999999966  -1.53635 
33 5  1.5159725999999991  -0.4634063000000004  -1.53635 
33 6  1.5084022000000004  6.283671299999998  -1.53635 
33 7  6.2399021999999995  5.689093700000001  -1.53635 
33 8  3.823998299999999  1.5280348999999998  0.0 
33 9  -0.9075017000000001  -1.8602699000000003  0.0 
33 10  3.931876500000001  7.6805349  0.0 
33 11  -0.7996234999999996  4.292230099999999  0.0 
33 12  -0.6803896999999997  1.1972765  0.0 
33 13  4.0511102999999995  -1.5295115000000004  0.0 
33 14  -1.0267354999999996  7.349776499999999  0.0 
33 15  3.704764500000001  4.622988499999999  0.0 
34 0  -6.243687400000001  -9.062632500000001  -1.53635 
34 1  -1.512187400000001  -2.9101325000000013  -1.53635 
34 2  -1.512187400000001  -9.062632500000001  0.0 
34 3  -6.2436874  -2.9101325000000013  0.0 
34 4  -6.2399022  -5.689093700000001  -1.53635 
34 5  -1.5084022000000017  -6.283671300000002  -1.53635 
34 6  -1.5159726000000004  0.4634062999999973  -1.53635 
34 7  3.215527399999999  -0.1311713000000001  -1.53635 
34 8  0.7996234999999983  -4.292230100000001  0.0 
34 9  -3.931876500000001  -7.680534900000001  0.0 
34 10  0.9075017000000001  1.8602698999999987  0.0 
34 11  -3.8239983000000004  -1.5280349000000015  0.0 
34 12  -3.7047645000000005  -4.622988500000001  0.0 
34 13  1.0267354999999982  -7.349776500000001  0.0 
34 14  -4.0511103  1.5295114999999981  0.0 
34 15  0.6803897000000001  -1.1972765000000019  0.0 
35 0  -1.5121874000000004  -9.394867499999998  -1.53635 
35 1  3.2193125999999994  -3.2423674999999985  -1.53635 
35 2  3.2193125999999994  -9.394867499999998  0.0 
35 3  -1.5121874  -3.2423674999999985  0.0 
35 4  -1.5084022000000001  -6.021328699999998  -1.53635 
35 5  3.223097799999999  -6.615906299999999  -1.53635 
35 6  3.2155274  0.1311713000000001  -1.53635 
35 7  7.9470274  -0.4634062999999973  -1.53635 
35 8  5.531123499999999  -4.624465099999998  0.0 
35 9  0.7996234999999994  -8.012769899999999  0.0 
35 10  5.639001700000001  1.5280349000000015  0.0 
35 11  0.9075016999999999  -1.8602698999999987  0.0 
35 12  1.0267354999999998  -4.955223499999998  0.0 
35 13  5.758235499999999  -7.682011499999998  0.0 
35 14  0.6803896999999999  1.197276500000001  0.0 
35 15  5.411889700000001  -1.529511499999999  0.0 