 10.39  0  0  3.7076181844186117e-16  6.055  0  2.9379276711545e-16  0.0  4.798 
5
0 12  0.9538020000000006  4.54125  1.1222522 
0 13  9.436198000000001  1.51375  3.6757478 
0 14  4.241198000000001  1.51375  3.5212522 
0 15  6.148802  4.54125  1.2767478 
0 16  4.690046000000001  4.54125  3.7774654 
0 17  5.699954  1.51375  1.0205346 
0 18  0.5049540000000002  1.51375  1.3784654 
0 19  9.885046  4.54125  3.4195346 
0 20  1.6966870000000007  5.8388365  3.4334488000000003 
0 21  1.6966870000000005  3.2436634999999994  3.4334488000000003 
0 22  8.693313  2.8113365  1.3645512 
0 23  3.498313  2.8113365  1.0344488 
0 24  6.891687  3.2436634999999994  3.7635511999999998 
0 25  6.891687  5.8388365  3.7635511999999998 
0 26  3.498313  0.2161635  1.0344488 
0 27  8.693313  0.2161635  1.3645512 
1 12  0.9538020000000004  1.51375  1.1222522 
1 13  9.436198000000001  -1.51375  3.6757478 
1 14  4.241198000000001  -1.51375  3.5212522 
1 15  6.148802  1.51375  1.2767478 
1 16  4.690046000000001  1.51375  3.7774654 
1 17  5.699954  -1.51375  1.0205346 
1 18  0.504954  -1.51375  1.3784654 
1 19  9.885046  1.51375  3.4195346 
1 20  1.6966870000000005  2.8113365000000003  3.4334488000000003 
1 21  1.6966870000000003  0.2161634999999995  3.4334488000000003 
1 22  8.693313  -0.21616349999999995  1.3645512 
1 23  3.498313  -0.21616349999999995  1.0344488 
1 24  6.891687  0.2161634999999995  3.7635511999999998 
1 25  6.891687  2.8113365000000003  3.7635511999999998 
1 26  3.498313  -2.8113365  1.0344488 
1 27  8.693313  -2.8113365  1.3645512 
2 12  -4.241198  1.51375  -1.2767478 
2 13  4.241198000000001  -1.51375  1.2767477999999999 
2 14  -0.9538019999999996  -1.51375  1.1222522000000001 
2 15  0.9538019999999996  1.51375  -1.1222522 
2 16  -0.5049539999999997  1.51375  1.3784654 
2 17  0.5049539999999997  -1.51375  -1.3784654 
2 18  -4.690046  -1.51375  -1.0205346 
2 19  4.690046000000001  1.51375  1.0205346 
2 20  -3.4983129999999996  2.8113365000000003  1.0344488000000003 
2 21  -3.4983129999999996  0.2161634999999995  1.0344488000000003 
2 22  3.4983129999999996  -0.21616349999999995  -1.0344488 
2 23  -1.6966870000000003  -0.21616349999999995  -1.3645512 
2 24  1.6966869999999998  0.2161634999999995  1.3645511999999997 
2 25  1.6966869999999998  2.8113365000000003  1.3645511999999997 
2 26  -1.6966870000000003  -2.8113365  -1.3645512 
2 27  3.4983129999999996  -2.8113365  -1.0344488 
3 12  -4.241198  4.54125  -1.2767478 
3 13  4.241198000000001  1.51375  1.2767477999999999 
3 14  -0.9538019999999996  1.51375  1.1222522000000001 
3 15  0.9538019999999996  4.54125  -1.1222522 
3 16  -0.5049539999999997  4.54125  1.3784654 
3 17  0.5049539999999997  1.51375  -1.3784654 
3 18  -4.690046  1.51375  -1.0205346 
3 19  4.690046000000001  4.54125  1.0205346 
3 20  -3.4983129999999996  5.8388365  1.0344488000000003 
3 21  -3.4983129999999996  3.2436634999999994  1.0344488000000003 
3 22  3.4983129999999996  2.8113365  -1.0344488 
3 23  -1.6966870000000003  2.8113365  -1.3645512 
3 24  1.6966869999999998  3.2436634999999994  1.3645511999999997 
3 25  1.6966869999999998  5.8388365  1.3645511999999997 
3 26  -1.6966870000000003  0.2161635  -1.3645512 
3 27  3.4983129999999996  0.2161635  -1.0344488 
4 12  -1.947086  0.0  1.0584388 
4 13  6.535310000000001  -3.0275  3.6119344 
4 14  1.3403100000000001  -3.0275  3.4574388000000003 
4 15  3.2479139999999993  0.0  1.2129344000000002 
4 16  1.789158  0.0  3.713652 
4 17  2.7990659999999994  -3.0275  0.9567211999999999 
4 18  -2.3959340000000005  -3.0275  1.3146520000000002 
4 19  6.984158000000001  0.0  3.3557212 
4 20  -1.2042009999999999  1.2975865000000004  3.3696354000000004 
4 21  -1.204201  -1.2975865000000004  3.3696354000000004 
4 22  5.792425  -1.7299134999999999  1.3007378 
4 23  0.5974249999999994  -1.7299134999999999  0.9706354 
4 24  3.9907989999999995  -1.2975865000000004  3.6997378 
4 25  3.9907989999999995  1.2975865000000004  3.6997378 
4 26  0.5974249999999994  -4.325086499999999  0.9706354 
4 27  5.792425  -4.325086499999999  1.3007378 
5 12  -6.53531  3.0275  -3.6119344 
5 13  1.9470860000000005  0.0  -1.0584388000000002 
5 14  -3.2479139999999997  0.0  -1.2129344 
5 15  -1.3403100000000006  3.0275  -3.4574388000000003 
5 16  -2.799066  3.0275  -0.9567212 
5 17  -1.7891580000000005  0.0  -3.713652 
5 18  -6.984158  0.0  -3.3557212 
5 19  2.3959340000000005  3.0275  -1.3146520000000002 
5 20  -5.792425  4.3250865  -1.3007377999999998 
5 21  -5.792425  1.7299134999999994  -1.3007377999999998 
5 22  1.2042009999999994  1.2975865  -3.3696354 
5 23  -3.9907990000000004  1.2975865  -3.6997378000000003 
5 24  -0.5974250000000003  1.7299134999999994  -0.9706354000000004 
5 25  -0.5974250000000003  4.3250865  -0.9706354000000004 
5 26  -3.9907990000000004  -1.2975865  -3.6997378000000003 
5 27  1.2042009999999994  -1.2975865  -3.3696354 
6 12  -1.3403099999999997  3.0275  -1.3405612 
6 13  7.142086000000001  0.0  1.2129344 
6 14  1.9470860000000005  0.0  1.0584388000000002 
6 15  3.8546899999999997  3.0275  -1.1860655999999998 
6 16  2.3959340000000005  3.0275  1.3146520000000002 
6 17  3.405842  0.0  -1.4422788 
6 18  -1.789158  0.0  -1.0843479999999999 
6 19  7.590934000000001  3.0275  0.9567212 
6 20  -0.5974249999999994  4.3250865  0.9706354000000004 
6 21  -0.5974249999999997  1.7299134999999994  0.9706354000000004 
6 22  6.399201  1.2975865  -1.0982622 
6 23  1.2042009999999999  1.2975865  -1.4283645999999999 
6 24  4.597575  1.7299134999999994  1.3007377999999998 
6 25  4.597575  4.3250865  1.3007377999999998 
6 26  1.2042009999999999  -1.2975865  -1.4283645999999999 
6 27  6.399201  -1.2975865  -1.0982622 
7 12  -7.142086  0.0  -1.2129344000000002 
7 13  1.3403100000000006  -3.0275  1.3405611999999998 
7 14  -3.8546899999999997  -3.0275  1.1860656 
7 15  -1.9470860000000005  0.0  -1.0584388 
7 16  -3.405842  0.0  1.4422788 
7 17  -2.3959340000000005  -3.0275  -1.3146520000000002 
7 18  -7.590934  -3.0275  -0.9567212 
7 19  1.7891580000000005  0.0  1.0843479999999999 
7 20  -6.399201  1.2975865000000004  1.0982622000000002 
7 21  -6.399201  -1.2975865000000004  1.0982622000000002 
7 22  0.5974249999999994  -1.7299134999999999  -0.9706354000000001 
7 23  -4.597575000000001  -1.7299134999999999  -1.3007378 
7 24  -1.2042010000000003  -1.2975865000000004  1.4283645999999997 
7 25  -1.2042010000000003  1.2975865000000004  1.4283645999999997 
7 26  -4.597575000000001  -4.325086499999999  -1.3007378 
7 27  0.5974249999999994  -4.325086499999999  -0.9706354000000001 
8 12  -0.04052099999999992  0.0  -1.6188452000000002 
8 13  8.441875  -3.0275  0.9346503999999998 
8 14  3.246875  -3.0275  0.7801548 
8 15  5.154478999999999  0.0  -1.4643496 
8 16  3.695723  0.0  1.036368 
8 17  4.7056309999999995  -3.0275  -1.7205628000000002 
8 18  -0.4893690000000003  -3.0275  -1.362632 
8 19  8.890723000000001  0.0  0.6784371999999999 
8 20  0.7023640000000002  1.2975865000000004  0.6923514000000002 
8 21  0.702364  -1.2975865000000004  0.6923514000000002 
8 22  7.698989999999999  -1.7299134999999999  -1.3765462000000002 
8 23  2.5039899999999995  -1.7299134999999999  -1.7066486 
8 24  5.897364  -1.2975865000000004  1.0224537999999996 
8 25  5.897364  1.2975865000000004  1.0224537999999996 
8 26  2.5039899999999995  -4.325086499999999  -1.7066486 
8 27  7.698989999999999  -4.325086499999999  -1.3765462000000002 
9 12  -8.441875  3.0275  -0.9346504000000004 
9 13  0.04052100000000003  0.0  1.6188451999999995 
9 14  -5.154479  0.0  1.4643495999999998 
9 15  -3.246875000000001  3.0275  -0.7801548000000003 
9 16  -4.705631  3.0275  1.7205627999999997 
9 17  -3.695723000000001  0.0  -1.0363680000000004 
9 18  -8.890723000000001  0.0  -0.6784372000000003 
9 19  0.48936899999999994  3.0275  1.3626319999999996 
9 20  -7.69899  4.3250865  1.3765462 
9 21  -7.69899  1.7299134999999994  1.3765462 
9 22  -0.7023640000000011  1.2975865  -0.6923514000000004 
9 23  -5.897364000000001  1.2975865  -1.0224538000000003 
9 24  -2.503990000000001  1.7299134999999994  1.7066485999999994 
9 25  -2.503990000000001  4.3250865  1.7066485999999994 
9 26  -5.897364000000001  -1.2975865  -1.0224538000000003 
9 27  -0.7023640000000011  -1.2975865  -0.6923514000000004 
10 12  -3.2468749999999993  3.0275  0.7801547999999999 
10 13  5.235521000000001  0.0  3.3336504 
10 14  0.04052100000000092  0.0  3.1791548 
10 15  1.948125  3.0275  0.9346504000000001 
10 16  0.48936900000000083  3.0275  3.435368 
10 17  1.4992770000000002  0.0  0.6784372 
10 18  -3.6957229999999996  0.0  1.036368 
10 19  5.684369000000001  3.0275  3.0774372 
10 20  -2.503989999999999  4.3250865  3.0913514 
10 21  -2.503989999999999  1.7299134999999994  3.0913514 
10 22  4.492636  1.2975865  1.0224538 
10 23  -0.7023639999999998  1.2975865  0.6923514000000001 
10 24  2.6910100000000003  1.7299134999999994  3.4214537999999997 
10 25  2.6910100000000003  4.3250865  3.4214537999999997 
10 26  -0.7023639999999998  -1.2975865  0.6923514000000001 
10 27  4.492636  -1.2975865  1.0224538 
11 12  -5.235521  0.0  -3.3336504 
11 13  3.246875  -3.0275  -0.7801548 
11 14  -1.948125  -3.0275  -0.9346503999999998 
11 15  -0.04052100000000092  0.0  -3.1791548 
11 16  -1.4992770000000002  0.0  -0.6784371999999999 
11 17  -0.48936900000000083  -3.0275  -3.435368 
11 18  -5.684369  -3.0275  -3.0774372 
11 19  3.695723  0.0  -1.036368 
11 20  -4.492636  1.2975865000000004  -1.0224537999999996 
11 21  -4.492636  -1.2975865000000004  -1.0224537999999996 
11 22  2.503989999999999  -1.7299134999999999  -3.0913513999999997 
11 23  -2.691010000000001  -1.7299134999999999  -3.4214538 
11 24  0.7023639999999993  -1.2975865000000004  -0.6923514000000002 
11 25  0.7023639999999993  1.2975865000000004  -0.6923514000000002 
11 26  -2.691010000000001  -4.325086499999999  -3.4214538 
11 27  2.503989999999999  -4.325086499999999  -3.0913513999999997 
12 0  -0.9538020000000006  -4.54125  -1.1222522 
12 1  -0.9538020000000004  -1.51375  -1.1222522 
12 2  4.241198  -1.51375  1.2767478 
12 3  4.241198  -4.54125  1.2767478 
12 4  1.947086  0.0  -1.0584388 
12 5  6.53531  -3.0275  3.6119344 
12 6  1.3403099999999997  -3.0275  1.3405612 
12 7  7.142086  0.0  1.2129344000000002 
12 8  0.04052099999999992  0.0  1.6188452000000002 
12 9  8.441875  -3.0275  0.9346504000000004 
12 10  3.2468749999999993  -3.0275  -0.7801547999999999 
12 11  5.235521  0.0  3.3336504 
13 0  -9.436198000000001  -1.51375  -3.6757478 
13 1  -9.436198000000001  1.51375  -3.6757478 
13 2  -4.241198000000001  1.51375  -1.2767477999999999 
13 3  -4.241198000000001  -1.51375  -1.2767477999999999 
13 4  -6.535310000000001  3.0275  -3.6119344 
13 5  -1.9470860000000005  0.0  1.0584388000000002 
13 6  -7.142086000000001  0.0  -1.2129344 
13 7  -1.3403100000000006  3.0275  -1.3405611999999998 
13 8  -8.441875  3.0275  -0.9346503999999998 
13 9  -0.04052100000000003  0.0  -1.6188451999999995 
13 10  -5.235521000000001  0.0  -3.3336504 
13 11  -3.246875  3.0275  0.7801548 
14 0  -4.241198000000001  -1.51375  -3.5212522 
14 1  -4.241198000000001  1.51375  -3.5212522 
14 2  0.9538019999999996  1.51375  -1.1222522000000001 
14 3  0.9538019999999996  -1.51375  -1.1222522000000001 
14 4  -1.3403100000000001  3.0275  -3.4574388000000003 
14 5  3.2479139999999997  0.0  1.2129344 
14 6  -1.9470860000000005  0.0  -1.0584388000000002 
14 7  3.8546899999999997  3.0275  -1.1860656 
14 8  -3.246875  3.0275  -0.7801548 
14 9  5.154479  0.0  -1.4643495999999998 
14 10  -0.04052100000000092  0.0  -3.1791548 
14 11  1.948125  3.0275  0.9346503999999998 
15 0  -6.148802  -4.54125  -1.2767478 
15 1  -6.148802  -1.51375  -1.2767478 
15 2  -0.9538019999999996  -1.51375  1.1222522 
15 3  -0.9538019999999996  -4.54125  1.1222522 
15 4  -3.2479139999999993  0.0  -1.2129344000000002 
15 5  1.3403100000000006  -3.0275  3.4574388000000003 
15 6  -3.8546899999999997  -3.0275  1.1860655999999998 
15 7  1.9470860000000005  0.0  1.0584388 
15 8  -5.154478999999999  0.0  1.4643496 
15 9  3.246875000000001  -3.0275  0.7801548000000003 
15 10  -1.948125  -3.0275  -0.9346504000000001 
15 11  0.04052100000000092  0.0  3.1791548 
16 0  -4.690046000000001  -4.54125  -3.7774654 
16 1  -4.690046000000001  -1.51375  -3.7774654 
16 2  0.5049539999999997  -1.51375  -1.3784654 
16 3  0.5049539999999997  -4.54125  -1.3784654 
16 4  -1.789158  0.0  -3.713652 
16 5  2.799066  -3.0275  0.9567212 
16 6  -2.3959340000000005  -3.0275  -1.3146520000000002 
16 7  3.405842  0.0  -1.4422788 
16 8  -3.695723  0.0  -1.036368 
16 9  4.705631  -3.0275  -1.7205627999999997 
16 10  -0.48936900000000083  -3.0275  -3.435368 
16 11  1.4992770000000002  0.0  0.6784371999999999 
17 0  -5.699954  -1.51375  -1.0205346 
17 1  -5.699954  1.51375  -1.0205346 
17 2  -0.5049539999999997  1.51375  1.3784654 
17 3  -0.5049539999999997  -1.51375  1.3784654 
17 4  -2.7990659999999994  3.0275  -0.9567211999999999 
17 5  1.7891580000000005  0.0  3.713652 
17 6  -3.405842  0.0  1.4422788 
17 7  2.3959340000000005  3.0275  1.3146520000000002 
17 8  -4.7056309999999995  3.0275  1.7205628000000002 
17 9  3.695723000000001  0.0  1.0363680000000004 
17 10  -1.4992770000000002  0.0  -0.6784372 
17 11  0.48936900000000083  3.0275  3.435368 
18 0  -0.5049540000000002  -1.51375  -1.3784654 
18 1  -0.504954  1.51375  -1.3784654 
18 2  4.690046  1.51375  1.0205346 
18 3  4.690046  -1.51375  1.0205346 
18 4  2.3959340000000005  3.0275  -1.3146520000000002 
18 5  6.984158  0.0  3.3557212 
18 6  1.789158  0.0  1.0843479999999999 
18 7  7.590934  3.0275  0.9567212 
18 8  0.4893690000000003  3.0275  1.362632 
18 9  8.890723000000001  0.0  0.6784372000000003 
18 10  3.6957229999999996  0.0  -1.036368 
18 11  5.684369  3.0275  3.0774372 
19 0  -9.885046  -4.54125  -3.4195346 
19 1  -9.885046  -1.51375  -3.4195346 
19 2  -4.690046000000001  -1.51375  -1.0205346 
19 3  -4.690046000000001  -4.54125  -1.0205346 
19 4  -6.984158000000001  0.0  -3.3557212 
19 5  -2.3959340000000005  -3.0275  1.3146520000000002 
19 6  -7.590934000000001  -3.0275  -0.9567212 
19 7  -1.7891580000000005  0.0  -1.0843479999999999 
19 8  -8.890723000000001  0.0  -0.6784371999999999 
19 9  -0.48936899999999994  -3.0275  -1.3626319999999996 
19 10  -5.684369000000001  -3.0275  -3.0774372 
19 11  -3.695723  0.0  1.036368 
20 0  -1.6966870000000007  -5.8388365  -3.4334488000000003 
20 1  -1.6966870000000005  -2.8113365000000003  -3.4334488000000003 
20 2  3.4983129999999996  -2.8113365000000003  -1.0344488000000003 
20 3  3.4983129999999996  -5.8388365  -1.0344488000000003 
20 4  1.2042009999999999  -1.2975865000000004  -3.3696354000000004 
20 5  5.792425  -4.3250865  1.3007377999999998 
20 6  0.5974249999999994  -4.3250865  -0.9706354000000004 
20 7  6.399201  -1.2975865000000004  -1.0982622000000002 
20 8  -0.7023640000000002  -1.2975865000000004  -0.6923514000000002 
20 9  7.69899  -4.3250865  -1.3765462 
20 10  2.503989999999999  -4.3250865  -3.0913514 
20 11  4.492636  -1.2975865000000004  1.0224537999999996 
21 0  -1.6966870000000005  -3.2436634999999994  -3.4334488000000003 
21 1  -1.6966870000000003  -0.2161634999999995  -3.4334488000000003 
21 2  3.4983129999999996  -0.2161634999999995  -1.0344488000000003 
21 3  3.4983129999999996  -3.2436634999999994  -1.0344488000000003 
21 4  1.204201  1.2975865000000004  -3.3696354000000004 
21 5  5.792425  -1.7299134999999994  1.3007377999999998 
21 6  0.5974249999999997  -1.7299134999999994  -0.9706354000000004 
21 7  6.399201  1.2975865000000004  -1.0982622000000002 
21 8  -0.702364  1.2975865000000004  -0.6923514000000002 
21 9  7.69899  -1.7299134999999994  -1.3765462 
21 10  2.503989999999999  -1.7299134999999994  -3.0913514 
21 11  4.492636  1.2975865000000004  1.0224537999999996 
22 0  -8.693313  -2.8113365  -1.3645512 
22 1  -8.693313  0.21616349999999995  -1.3645512 
22 2  -3.4983129999999996  0.21616349999999995  1.0344488 
22 3  -3.4983129999999996  -2.8113365  1.0344488 
22 4  -5.792425  1.7299134999999999  -1.3007378 
22 5  -1.2042009999999994  -1.2975865  3.3696354 
22 6  -6.399201  -1.2975865  1.0982622 
22 7  -0.5974249999999994  1.7299134999999999  0.9706354000000001 
22 8  -7.698989999999999  1.7299134999999999  1.3765462000000002 
22 9  0.7023640000000011  -1.2975865  0.6923514000000004 
22 10  -4.492636  -1.2975865  -1.0224538 
22 11  -2.503989999999999  1.7299134999999999  3.0913513999999997 
23 0  -3.498313  -2.8113365  -1.0344488 
23 1  -3.498313  0.21616349999999995  -1.0344488 
23 2  1.6966870000000003  0.21616349999999995  1.3645512 
23 3  1.6966870000000003  -2.8113365  1.3645512 
23 4  -0.5974249999999994  1.7299134999999999  -0.9706354 
23 5  3.9907990000000004  -1.2975865  3.6997378000000003 
23 6  -1.2042009999999999  -1.2975865  1.4283645999999999 
23 7  4.597575000000001  1.7299134999999999  1.3007378 
23 8  -2.5039899999999995  1.7299134999999999  1.7066486 
23 9  5.897364000000001  -1.2975865  1.0224538000000003 
23 10  0.7023639999999998  -1.2975865  -0.6923514000000001 
23 11  2.691010000000001  1.7299134999999999  3.4214538 
24 0  -6.891687  -3.2436634999999994  -3.7635511999999998 
24 1  -6.891687  -0.2161634999999995  -3.7635511999999998 
24 2  -1.6966869999999998  -0.2161634999999995  -1.3645511999999997 
24 3  -1.6966869999999998  -3.2436634999999994  -1.3645511999999997 
24 4  -3.9907989999999995  1.2975865000000004  -3.6997378 
24 5  0.5974250000000003  -1.7299134999999994  0.9706354000000004 
24 6  -4.597575  -1.7299134999999994  -1.3007377999999998 
24 7  1.2042010000000003  1.2975865000000004  -1.4283645999999997 
24 8  -5.897364  1.2975865000000004  -1.0224537999999996 
24 9  2.503990000000001  -1.7299134999999994  -1.7066485999999994 
24 10  -2.6910100000000003  -1.7299134999999994  -3.4214537999999997 
24 11  -0.7023639999999993  1.2975865000000004  0.6923514000000002 
25 0  -6.891687  -5.8388365  -3.7635511999999998 
25 1  -6.891687  -2.8113365000000003  -3.7635511999999998 
25 2  -1.6966869999999998  -2.8113365000000003  -1.3645511999999997 
25 3  -1.6966869999999998  -5.8388365  -1.3645511999999997 
25 4  -3.9907989999999995  -1.2975865000000004  -3.6997378 
25 5  0.5974250000000003  -4.3250865  0.9706354000000004 
25 6  -4.597575  -4.3250865  -1.3007377999999998 
25 7  1.2042010000000003  -1.2975865000000004  -1.4283645999999997 
25 8  -5.897364  -1.2975865000000004  -1.0224537999999996 
25 9  2.503990000000001  -4.3250865  -1.7066485999999994 
25 10  -2.6910100000000003  -4.3250865  -3.4214537999999997 
25 11  -0.7023639999999993  -1.2975865000000004  0.6923514000000002 
26 0  -3.498313  -0.2161635  -1.0344488 
26 1  -3.498313  2.8113365  -1.0344488 
26 2  1.6966870000000003  2.8113365  1.3645512 
26 3  1.6966870000000003  -0.2161635  1.3645512 
26 4  -0.5974249999999994  4.325086499999999  -0.9706354 
26 5  3.9907990000000004  1.2975865  3.6997378000000003 
26 6  -1.2042009999999999  1.2975865  1.4283645999999999 
26 7  4.597575000000001  4.325086499999999  1.3007378 
26 8  -2.5039899999999995  4.325086499999999  1.7066486 
26 9  5.897364000000001  1.2975865  1.0224538000000003 
26 10  0.7023639999999998  1.2975865  -0.6923514000000001 
26 11  2.691010000000001  4.325086499999999  3.4214538 
27 0  -8.693313  -0.2161635  -1.3645512 
27 1  -8.693313  2.8113365  -1.3645512 
27 2  -3.4983129999999996  2.8113365  1.0344488 
27 3  -3.4983129999999996  -0.2161635  1.0344488 
27 4  -5.792425  4.325086499999999  -1.3007378 
27 5  -1.2042009999999994  1.2975865  3.3696354 
27 6  -6.399201  1.2975865  1.0982622 
27 7  -0.5974249999999994  4.325086499999999  0.9706354000000001 
27 8  -7.698989999999999  4.325086499999999  1.3765462000000002 
27 9  0.7023640000000011  1.2975865  0.6923514000000004 
27 10  -4.492636  1.2975865  -1.0224538 
27 11  -2.503989999999999  4.325086499999999  3.0913513999999997 