         0        24   3.52515
         0        25
         0        26   2.13658
         0        27   4.63928   4.50426
         0        28   2.13658
         0        29   3.69611
         0        30   4.50426   4.63928
         0        31   2.13658
         0        32   3.52515
         0        33   4.50426   4.63928
         0        34   4.63928   4.50426
         0        35   4.63928   4.50426
         0        36
         0        37   3.52515
         0        38
         0        39   4.63928   4.50426
         0        40   3.69611
         0        41   2.13658
         0        42
         0        43   2.13658
         0        44   4.50426   4.63928
         0        45   3.52515
         0        46   2.13658
         0        47   4.63928   4.50426
         0        48   3.52515
         0        49   4.50426   4.63928
         0        50   4.63928   4.50426
         0        51
         0        52   4.50426   4.63928
         0        53   3.52515
         0        54   4.50426   4.63928
         0        55
         1        24   2.13658
         1        25   3.52515
         1        26   3.52515
         1        27   2.13658
         1        28   2.13658
         1        29   2.13658
         1        30   4.63928   4.50426
         1        31   4.50426   4.63928
         1        32   4.50426   4.63928
         1        33   3.52515
         1        34   3.52515
         1        35   4.63928   4.50426
         1        36   4.50426   4.63928
         1        37   4.63928   4.50426
         1        38   4.50426   4.63928
         1        39   4.63928   4.50426
         1        40
         1        41   3.69611
         1        42   3.69611
         1        43   4.50426   4.63928
         1        44   4.63928   4.50426
         1        45
         1        46   2.13658
         1        47   2.13658
         1        48   4.50426   4.63928
         1        49   3.52515
         1        50   3.52515
         1        51
         1        52
         1        53   4.63928   4.50426
         1        54
         1        55
         2        24   4.50426   4.63928
         2        25   4.50426   4.63928
         2        26   4.50426   4.63928
         2        27   3.52515
         2        28   3.69611
         2        29   2.13658
         2        30
         2        31   4.50426   4.63928
         2        32   4.50426   4.63928
         2        33
         2        34   2.13658
         2        35   3.52515
         2        36   3.52515
         2        37
         2        38   4.50426   4.63928
         2        39   2.13658
         2        40
         2        41   2.13658
         2        42
         2        43   3.52515
         2        44   3.52515
         2        45   4.63928   4.50426
         2        46   2.13658
         2        47   4.63928   4.50426
         2        48   2.13658
         2        49   4.63928   4.50426
         2        50   4.63928   4.50426
         2        51   3.69611
         2        52   3.52515
         2        53   4.63928   4.50426
         2        54   4.63928   4.50426
         2        55
         3        24   2.13658
         3        25   4.63928   4.50426
         3        26   4.63928   4.50426
         3        27   2.13658
         3        28   4.50426   4.63928
         3        29   4.63928   4.50426
         3        30   3.52515
         3        31   3.52515
         3        32   4.50426   4.63928
         3        33   4.50426   4.63928
         3        34   4.50426   4.63928
         3        35   4.63928   4.50426
         3        36   2.13658
         3        37   2.13658
         3        38   3.52515
         3        39   3.52515
         3        40   4.50426   4.63928
         3        41
         3        42   2.13658
         3        43
         3        44   4.63928   4.50426
         3        45
         3        46   3.52515
         3        47   3.69611
         3        48
         3        49   2.13658
         3        50
         3        51   4.50426   4.63928
         3        52
         3        53   4.63928   4.50426
         3        54   3.69611
         3        55   3.52515
         4        24   3.52515
         4        25   4.50426   4.63928
         4        26   4.63928   4.50426
         4        27   4.63928   4.50426
         4        28
         4        29   3.52515
         4        30
         4        31   4.63928   4.50426
         4        32   3.52515
         4        33
         4        34   2.13658
         4        35   4.63928   4.50426
         4        36   2.13658
         4        37   3.69611
         4        38   4.50426   4.63928
         4        39   2.13658
         4        40   3.52515
         4        41   4.50426   4.63928
         4        42   4.63928   4.50426
         4        43
         4        44   4.50426   4.63928
         4        45   3.52515
         4        46   4.50426   4.63928
         4        47
         4        48   3.69611
         4        49   2.13658
         4        50
         4        51   2.13658
         4        52   4.50426   4.63928
         4        53   3.52515
         4        54   2.13658
         4        55   4.63928   4.50426
         5        24   4.50426   4.63928
         5        25   3.52515
         5        26   3.52515
         5        27   4.63928   4.50426
         5        28   4.50426   4.63928
         5        29   4.63928   4.50426
         5        30   4.50426   4.63928
         5        31   4.63928   4.50426
         5        32   2.13658
         5        33   3.52515
         5        34   3.52515
         5        35   2.13658
         5        36   2.13658
         5        37   2.13658
         5        38   4.63928   4.50426
         5        39   4.50426   4.63928
         5        40   4.50426   4.63928
         5        41   3.52515
         5        42   3.52515
         5        43
         5        44
         5        45   4.63928   4.50426
         5        46
         5        47
         5        48
         5        49   3.69611
         5        50   3.69611
         5        51   4.50426   4.63928
         5        52   4.63928   4.50426
         5        53
         5        54   2.13658
         5        55   2.13658
         6        24   4.50426   4.63928
         6        25
         6        26   2.13658
         6        27   3.52515
         6        28   3.52515
         6        29
         6        30   4.50426   4.63928
         6        31   2.13658
         6        32   4.50426   4.63928
         6        33   4.50426   4.63928
         6        34   4.50426   4.63928
         6        35   3.52515
         6        36   3.69611
         6        37   2.13658
         6        38
         6        39   4.50426   4.63928
         6        40   2.13658
         6        41   4.63928   4.50426
         6        42   4.63928   4.50426
         6        43   3.69611
         6        44   3.52515
         6        45   4.63928   4.50426
         6        46   4.63928   4.50426
         6        47
         6        48
         6        49   2.13658
         6        50
         6        51   3.52515
         6        52   3.52515
         6        53   4.63928   4.50426
         6        54   2.13658
         6        55   4.63928   4.50426
         7        24   4.50426   4.63928
         7        25   4.50426   4.63928
         7        26   4.50426   4.63928
         7        27   4.63928   4.50426
         7        28   2.13658
         7        29   2.13658
         7        30   3.52515
         7        31   3.52515
         7        32   2.13658
         7        33   4.63928   4.50426
         7        34   4.63928   4.50426
         7        35   2.13658
         7        36   4.50426   4.63928
         7        37   4.63928   4.50426
         7        38   3.52515
         7        39   3.52515
         7        40
         7        41   2.13658
         7        42
         7        43   4.50426   4.63928
         7        44
         7        45   4.63928   4.50426
         7        46   3.69611
         7        47   3.52515
         7        48   4.50426   4.63928
         7        49
         7        50   2.13658
         7        51
         7        52   4.63928   4.50426
         7        53
         7        54   3.52515
         7        55   3.69611
         8        24   3.69611
         8        25   2.13658
         8        26
         8        27   2.13658
         8        28   4.50426   4.63928
         8        29   3.52515
         8        30   2.13658
         8        31   4.63928   4.50426
         8        32   3.52515
         8        33   4.50426   4.63928
         8        34   4.63928   4.50426
         8        35
         8        36   4.50426   4.63928
         8        37   3.52515
         8        38   4.50426   4.63928
         8        39
         8        40   3.52515
         8        41
         8        42   2.13658
         8        43   4.63928   4.50426
         8        44   2.13658
         8        45   3.69611
         8        46   4.50426   4.63928
         8        47   2.13658
         8        48   3.52515
         8        49   4.50426   4.63928
         8        50   4.63928   4.50426
         8        51   4.63928   4.50426
         8        52
         8        53   3.52515
         8        54
         8        55   4.63928   4.50426
         9        24
         9        25   3.69611
         9        26   3.69611
         9        27   4.50426   4.63928
         9        28   4.63928   4.50426
         9        29
         9        30   2.13658
         9        31   2.13658
         9        32   4.50426   4.63928
         9        33   3.52515
         9        34   3.52515
         9        35
         9        36
         9        37   4.63928   4.50426
         9        38
         9        39
         9        40   2.13658
         9        41   3.52515
         9        42   3.52515
         9        43   2.13658
         9        44   2.13658
         9        45   2.13658
         9        46   4.63928   4.50426
         9        47   4.50426   4.63928
         9        48   4.50426   4.63928
         9        49   3.52515
         9        50   3.52515
         9        51   4.63928   4.50426
         9        52   4.50426   4.63928
         9        53   4.63928   4.50426
         9        54   4.50426   4.63928
         9        55   4.63928   4.50426
        10        24
        10        25   2.13658
        10        26
        10        27   3.52515
        10        28   3.52515
        10        29   4.63928   4.50426
        10        30   2.13658
        10        31   4.63928   4.50426
        10        32   2.13658
        10        33   4.63928   4.50426
        10        34   4.63928   4.50426
        10        35   3.69611
        10        36   3.52515
        10        37   4.63928   4.50426
        10        38   4.63928   4.50426
        10        39
        10        40   4.50426   4.63928
        10        41   4.50426   4.63928
        10        42   4.50426   4.63928
        10        43   3.52515
        10        44   3.69611
        10        45   2.13658
        10        46
        10        47   4.50426   4.63928
        10        48   4.50426   4.63928
        10        49
        10        50   2.13658
        10        51   3.52515
        10        52   3.52515
        10        53
        10        54   4.50426   4.63928
        10        55   2.13658
        11        24   4.50426   4.63928
        11        25
        11        26   2.13658
        11        27
        11        28   4.63928   4.50426
        11        29
        11        30   3.52515
        11        31   3.69611
        11        32
        11        33   2.13658
        11        34
        11        35   4.50426   4.63928
        11        36
        11        37   4.63928   4.50426
        11        38   3.69611
        11        39   3.52515
        11        40   2.13658
        11        41   4.63928   4.50426
        11        42   4.63928   4.50426
        11        43   2.13658
        11        44   4.50426   4.63928
        11        45   4.63928   4.50426
        11        46   3.52515
        11        47   3.52515
        11        48   4.50426   4.63928
        11        49   4.50426   4.63928
        11        50   4.50426   4.63928
        11        51   4.63928   4.50426
        11        52   2.13658
        11        53   2.13658
        11        54   3.52515
        11        55   3.52515
        12        24   3.52515
        12        25   4.50426   4.63928
        12        26   4.63928   4.50426
        12        27
        12        28   4.50426   4.63928
        12        29   3.52515
        12        30   4.50426   4.63928
        12        31
        12        32   3.69611
        12        33   2.13658
        12        34
        12        35   2.13658
        12        36   4.50426   4.63928
        12        37   3.52515
        12        38   2.13658
        12        39   4.63928   4.50426
        12        40   3.52515
        12        41   4.50426   4.63928
        12        42   4.63928   4.50426
        12        43   4.63928   4.50426
        12        44
        12        45   3.52515
        12        46
        12        47   4.63928   4.50426
        12        48   3.52515
        12        49
        12        50   2.13658
        12        51   4.63928   4.50426
        12        52   2.13658
        12        53   3.69611
        12        54   4.50426   4.63928
        12        55   2.13658
        13        24   4.50426   4.63928
        13        25   3.52515
        13        26   3.52515
        13        27
        13        28
        13        29   4.63928   4.50426
        13        30
        13        31
        13        32
        13        33   3.69611
        13        34   3.69611
        13        35   4.50426   4.63928
        13        36   4.63928   4.50426
        13        37
        13        38   2.13658
        13        39   2.13658
        13        40   4.50426   4.63928
        13        41   3.52515
        13        42   3.52515
        13        43   4.63928   4.50426
        13        44   4.50426   4.63928
        13        45   4.63928   4.50426
        13        46   4.50426   4.63928
        13        47   4.63928   4.50426
        13        48   2.13658
        13        49   3.52515
        13        50   3.52515
        13        51   2.13658
        13        52   2.13658
        13        53   2.13658
        13        54   4.63928   4.50426
        13        55   4.50426   4.63928
        14        24   2.13658
        14        25   4.63928   4.50426
        14        26   4.63928   4.50426
        14        27   3.69611
        14        28   3.52515
        14        29   4.63928   4.50426
        14        30   4.63928   4.50426
        14        31
        14        32
        14        33   2.13658
        14        34
        14        35   3.52515
        14        36   3.52515
        14        37   4.63928   4.50426
        14        38   2.13658
        14        39   4.63928   4.50426
        14        40   4.50426   4.63928
        14        41
        14        42   2.13658
        14        43   3.52515
        14        44   3.52515
        14        45
        14        46   4.50426   4.63928
        14        47   2.13658
        14        48   4.50426   4.63928
        14        49   4.50426   4.63928
        14        50   4.50426   4.63928
        14        51   3.52515
        14        52   3.69611
        14        53   2.13658
        14        54
        14        55   4.50426   4.63928
        15        24
        15        25   2.13658
        15        26
        15        27   4.50426   4.63928
        15        28
        15        29   4.63928   4.50426
        15        30   3.69611
        15        31   3.52515
        15        32   4.50426   4.63928
        15        33
        15        34   2.13658
        15        35
        15        36   4.63928   4.50426
        15        37
        15        38   3.52515
        15        39   3.69611
        15        40   4.50426   4.63928
        15        41   4.50426   4.63928
        15        42   4.50426   4.63928
        15        43   4.63928   4.50426
        15        44   2.13658
        15        45   2.13658
        15        46   3.52515
        15        47   3.52515
        15        48   2.13658
        15        49   4.63928   4.50426
        15        50   4.63928   4.50426
        15        51   2.13658
        15        52   4.50426   4.63928
        15        53   4.63928   4.50426
        15        54   3.52515
        15        55   3.52515
        16        24   1.65333
        16        25
        16        26   1.65333
        16        27   4.57449
        16        28   3.39428
        16        29   3.39428
        16        30
        16        31   4.57449
        16        32   4.57449
        16        33   3.39428
        16        34   4.57449
        16        35   1.65333
        16        36   3.39428
        16        37   3.39428
        16        38   3.39428
        16        39   1.65333
        16        40   4.57449
        16        41   3.39428
        16        42   4.57449
        16        43   4.57449
        16        44
        16        45
        16        46   3.39428
        16        47   4.57449
        16        48   4.57449
        16        49   3.39428
        16        50   4.57449
        16        51   4.57449
        16        52   3.39428
        16        53   3.39428
        16        54   3.39428
        16        55   4.57449
        17        24   3.39428
        17        25   1.65333
        17        26
        17        27   3.39428
        17        28   4.57449
        17        29   1.65333
        17        30   4.57449
        17        31
        17        32   3.39428
        17        33   4.57449
        17        34   3.39428
        17        35   3.39428
        17        36   1.65333
        17        37   4.57449
        17        38   1.65333
        17        39   3.39428
        17        40
        17        41   4.57449
        17        42   3.39428
        17        43
        17        44   4.57449
        17        45   4.57449
        17        46   4.57449
        17        47   3.39428
        17        48   3.39428
        17        49   4.57449
        17        50   3.39428
        17        51   3.39428
        17        52   4.57449
        17        53   4.57449
        17        54   4.57449
        17        55   3.39428
        18        24   4.57449
        18        25   3.39428
        18        26   4.57449
        18        27   1.65333
        18        28   3.39428
        18        29   3.39428
        18        30   3.39428
        18        31   1.65333
        18        32   1.65333
        18        33
        18        34   1.65333
        18        35   4.57449
        18        36   3.39428
        18        37   3.39428
        18        38
        18        39   4.57449
        18        40   4.57449
        18        41   3.39428
        18        42   4.57449
        18        43   4.57449
        18        44   3.39428
        18        45   3.39428
        18        46   3.39428
        18        47   4.57449
        18        48   4.57449
        18        49   3.39428
        18        50   4.57449
        18        51   4.57449
        18        52
        18        53
        18        54   3.39428
        18        55   4.57449
        19        24   3.39428
        19        25   4.57449
        19        26   3.39428
        19        27   3.39428
        19        28   1.65333
        19        29   4.57449
        19        30   1.65333
        19        31   3.39428
        19        32   3.39428
        19        33   1.65333
        19        34
        19        35   3.39428
        19        36   4.57449
        19        37   1.65333
        19        38   4.57449
        19        39
        19        40   3.39428
        19        41   4.57449
        19        42   3.39428
        19        43   3.39428
        19        44   4.57449
        19        45   4.57449
        19        46   4.57449
        19        47   3.39428
        19        48
        19        49   4.57449
        19        50   3.39428
        19        51
        19        52   4.57449
        19        53   4.57449
        19        54   4.57449
        19        55   3.39428
        20        24   4.57449
        20        25   3.39428
        20        26   4.57449
        20        27   4.57449
        20        28
        20        29
        20        30   3.39428
        20        31   4.57449
        20        32   4.57449
        20        33   3.39428
        20        34   4.57449
        20        35   4.57449
        20        36   3.39428
        20        37   3.39428
        20        38   3.39428
        20        39   4.57449
        20        40   1.65333
        20        41
        20        42   1.65333
        20        43   4.57449
        20        44   3.39428
        20        45   3.39428
        20        46
        20        47   4.57449
        20        48   4.57449
        20        49   3.39428
        20        50   4.57449
        20        51   1.65333
        20        52   3.39428
        20        53   3.39428
        20        54   3.39428
        20        55   1.65333
        21        24
        21        25   4.57449
        21        26   3.39428
        21        27
        21        28   4.57449
        21        29   4.57449
        21        30   4.57449
        21        31   3.39428
        21        32   3.39428
        21        33   4.57449
        21        34   3.39428
        21        35   3.39428
        21        36   4.57449
        21        37   4.57449
        21        38   4.57449
        21        39   3.39428
        21        40   3.39428
        21        41   1.65333
        21        42
        21        43   3.39428
        21        44   4.57449
        21        45   1.65333
        21        46   4.57449
        21        47
        21        48   3.39428
        21        49   4.57449
        21        50   3.39428
        21        51   3.39428
        21        52   1.65333
        21        53   4.57449
        21        54   1.65333
        21        55   3.39428
        22        24   4.57449
        22        25   3.39428
        22        26   4.57449
        22        27   4.57449
        22        28   3.39428
        22        29   3.39428
        22        30   3.39428
        22        31   4.57449
        22        32   4.57449
        22        33   3.39428
        22        34   4.57449
        22        35   4.57449
        22        36
        22        37
        22        38   3.39428
        22        39   4.57449
        22        40   4.57449
        22        41   3.39428
        22        42   4.57449
        22        43   1.65333
        22        44   3.39428
        22        45   3.39428
        22        46   3.39428
        22        47   1.65333
        22        48   1.65333
        22        49
        22        50   1.65333
        22        51   4.57449
        22        52   3.39428
        22        53   3.39428
        22        54
        22        55   4.57449
        23        24   3.39428
        23        25   4.57449
        23        26   3.39428
        23        27   3.39428
        23        28   4.57449
        23        29   4.57449
        23        30   4.57449
        23        31   3.39428
        23        32
        23        33   4.57449
        23        34   3.39428
        23        35
        23        36   4.57449
        23        37   4.57449
        23        38   4.57449
        23        39   3.39428
        23        40   3.39428
        23        41   4.57449
        23        42   3.39428
        23        43   3.39428
        23        44   1.65333
        23        45   4.57449
        23        46   1.65333
        23        47   3.39428
        23        48   3.39428
        23        49   1.65333
        23        50
        23        51   3.39428
        23        52   4.57449
        23        53   1.65333
        23        54   4.57449
        23        55
        24         0   3.52515
        24         1   2.13658
        24         2   4.63928   4.50426
        24         3   2.13658
        24         4   3.52515
        24         5   4.63928   4.50426
        24         6   4.63928   4.50426
        24         7   4.63928   4.50426
        24         8   3.69611
        24         9
        24        10
        24        11   4.63928   4.50426
        24        12   3.52515
        24        13   4.63928   4.50426
        24        14   2.13658
        24        15
        24        16   1.65333
        24        17   3.39428
        24        18   4.57449
        24        19   3.39428
        24        20   4.57449
        24        21
        24        22   4.57449
        24        23   3.39428
        25         0
        25         1   3.52515
        25         2   4.63928   4.50426
        25         3   4.50426   4.63928
        25         4   4.63928   4.50426
        25         5   3.52515
        25         6
        25         7   4.63928   4.50426
        25         8   2.13658
        25         9   3.69611
        25        10   2.13658
        25        11
        25        12   4.63928   4.50426
        25        13   3.52515
        25        14   4.50426   4.63928
        25        15   2.13658
        25        16
        25        17   1.65333
        25        18   3.39428
        25        19   4.57449
        25        20   3.39428
        25        21   4.57449
        25        22   3.39428
        25        23   4.57449
        26         0   2.13658
        26         1   3.52515
        26         2   4.63928   4.50426
        26         3   4.50426   4.63928
        26         4   4.50426   4.63928
        26         5   3.52515
        26         6   2.13658
        26         7   4.63928   4.50426
        26         8
        26         9   3.69611
        26        10
        26        11   2.13658
        26        12   4.50426   4.63928
        26        13   3.52515
        26        14   4.50426   4.63928
        26        15
        26        16   1.65333
        26        17
        26        18   4.57449
        26        19   3.39428
        26        20   4.57449
        26        21   3.39428
        26        22   4.57449
        26        23   3.39428
        27         0   4.50426   4.63928
        27         1   2.13658
        27         2   3.52515
        27         3   2.13658
        27         4   4.50426   4.63928
        27         5   4.50426   4.63928
        27         6   3.52515
        27         7   4.50426   4.63928
        27         8   2.13658
        27         9   4.63928   4.50426
        27        10   3.52515
        27        11
        27        12
        27        13
        27        14   3.69611
        27        15   4.63928   4.50426
        27        16   4.57449
        27        17   3.39428
        27        18   1.65333
        27        19   3.39428
        27        20   4.57449
        27        21
        27        22   4.57449
        27        23   3.39428
        28         0   2.13658
        28         1   2.13658
        28         2   3.69611
        28         3   4.63928   4.50426
        28         4
        28         5   4.63928   4.50426
        28         6   3.52515
        28         7   2.13658
        28         8   4.63928   4.50426
        28         9   4.50426   4.63928
        28        10   3.52515
        28        11   4.50426   4.63928
        28        12   4.63928   4.50426
        28        13
        28        14   3.52515
        28        15
        28        16   3.39428
        28        17   4.57449
        28        18   3.39428
        28        19   1.65333
        28        20
        28        21   4.57449
        28        22   3.39428
        28        23   4.57449
        29         0   3.69611
        29         1   2.13658
        29         2   2.13658
        29         3   4.50426   4.63928
        29         4   3.52515
        29         5   4.50426   4.63928
        29         6
        29         7   2.13658
        29         8   3.52515
        29         9
        29        10   4.50426   4.63928
        29        11
        29        12   3.52515
        29        13   4.50426   4.63928
        29        14   4.50426   4.63928
        29        15   4.50426   4.63928
        29        16   3.39428
        29        17   1.65333
        29        18   3.39428
        29        19   4.57449
        29        20
        29        21   4.57449
        29        22   3.39428
        29        23   4.57449
        30         0   4.63928   4.50426
        30         1   4.50426   4.63928
        30         2
        30         3   3.52515
        30         4
        30         5   4.63928   4.50426
        30         6   4.63928   4.50426
        30         7   3.52515
        30         8   2.13658
        30         9   2.13658
        30        10   2.13658
        30        11   3.52515
        30        12   4.63928   4.50426
        30        13
        30        14   4.50426   4.63928
        30        15   3.69611
        30        16
        30        17   4.57449
        30        18   3.39428
        30        19   1.65333
        30        20   3.39428
        30        21   4.57449
        30        22   3.39428
        30        23   4.57449
        31         0   2.13658
        31         1   4.63928   4.50426
        31         2   4.63928   4.50426
        31         3   3.52515
        31         4   4.50426   4.63928
        31         5   4.50426   4.63928
        31         6   2.13658
        31         7   3.52515
        31         8   4.50426   4.63928
        31         9   2.13658
        31        10   4.50426   4.63928
        31        11   3.69611
        31        12
        31        13
        31        14
        31        15   3.52515
        31        16   4.57449
        31        17
        31        18   1.65333
        31        19   3.39428
        31        20   4.57449
        31        21   3.39428
        31        22   4.57449
        31        23   3.39428
        32         0   3.52515
        32         1   4.63928   4.50426
        32         2   4.63928   4.50426
        32         3   4.63928   4.50426
        32         4   3.52515
        32         5   2.13658
        32         6   4.63928   4.50426
        32         7   2.13658
        32         8   3.52515
        32         9   4.63928   4.50426
        32        10   2.13658
        32        11
        32        12   3.69611
        32        13
        32        14
        32        15   4.63928   4.50426
        32        16   4.57449
        32        17   3.39428
        32        18   1.65333
        32        19   3.39428
        32        20   4.57449
        32        21   3.39428
        32        22   4.57449
        32        23
        33         0   4.63928   4.50426
        33         1   3.52515
        33         2
        33         3   4.63928   4.50426
        33         4
        33         5   3.52515
        33         6   4.63928   4.50426
        33         7   4.50426   4.63928
        33         8   4.63928   4.50426
        33         9   3.52515
        33        10   4.50426   4.63928
        33        11   2.13658
        33        12   2.13658
        33        13   3.69611
        33        14   2.13658
        33        15
        33        16   3.39428
        33        17   4.57449
        33        18
        33        19   1.65333
        33        20   3.39428
        33        21   4.57449
        33        22   3.39428
        33        23   4.57449
        34         0   4.50426   4.63928
        34         1   3.52515
        34         2   2.13658
        34         3   4.63928   4.50426
        34         4   2.13658
        34         5   3.52515
        34         6   4.63928   4.50426
        34         7   4.50426   4.63928
        34         8   4.50426   4.63928
        34         9   3.52515
        34        10   4.50426   4.63928
        34        11
        34        12
        34        13   3.69611
        34        14
        34        15   2.13658
        34        16   4.57449
        34        17   3.39428
        34        18   1.65333
        34        19
        34        20   4.57449
        34        21   3.39428
        34        22   4.57449
        34        23   3.39428
        35         0   4.50426   4.63928
        35         1   4.50426   4.63928
        35         2   3.52515
        35         3   4.50426   4.63928
        35         4   4.50426   4.63928
        35         5   2.13658
        35         6   3.52515
        35         7   2.13658
        35         8
        35         9
        35        10   3.69611
        35        11   4.63928   4.50426
        35        12   2.13658
        35        13   4.63928   4.50426
        35        14   3.52515
        35        15
        35        16   1.65333
        35        17   3.39428
        35        18   4.57449
        35        19   3.39428
        35        20   4.57449
        35        21   3.39428
        35        22   4.57449
        35        23
        36         0
        36         1   4.63928   4.50426
        36         2   3.52515
        36         3   2.13658
        36         4   2.13658
        36         5   2.13658
        36         6   3.69611
        36         7   4.63928   4.50426
        36         8   4.63928   4.50426
        36         9
        36        10   3.52515
        36        11
        36        12   4.63928   4.50426
        36        13   4.50426   4.63928
        36        14   3.52515
        36        15   4.50426   4.63928
        36        16   3.39428
        36        17   1.65333
        36        18   3.39428
        36        19   4.57449
        36        20   3.39428
        36        21   4.57449
        36        22
        36        23   4.57449
        37         0   3.52515
        37         1   4.50426   4.63928
        37         2
        37         3   2.13658
        37         4   3.69611
        37         5   2.13658
        37         6   2.13658
        37         7   4.50426   4.63928
        37         8   3.52515
        37         9   4.50426   4.63928
        37        10   4.50426   4.63928
        37        11   4.50426   4.63928
        37        12   3.52515
        37        13
        37        14   4.50426   4.63928
        37        15
        37        16   3.39428
        37        17   4.57449
        37        18   3.39428
        37        19   1.65333
        37        20   3.39428
        37        21   4.57449
        37        22
        37        23   4.57449
        38         0
        38         1   4.63928   4.50426
        38         2   4.63928   4.50426
        38         3   3.52515
        38         4   4.63928   4.50426
        38         5   4.50426   4.63928
        38         6
        38         7   3.52515
        38         8   4.63928   4.50426
        38         9
        38        10   4.50426   4.63928
        38        11   3.69611
        38        12   2.13658
        38        13   2.13658
        38        14   2.13658
        38        15   3.52515
        38        16   3.39428
        38        17   1.65333
        38        18
        38        19   4.57449
        38        20   3.39428
        38        21   4.57449
        38        22   3.39428
        38        23   4.57449
        39         0   4.50426   4.63928
        39         1   4.50426   4.63928
        39         2   2.13658
        39         3   3.52515
        39         4   2.13658
        39         5   4.63928   4.50426
        39         6   4.63928   4.50426
        39         7   3.52515
        39         8
        39         9
        39        10
        39        11   3.52515
        39        12   4.50426   4.63928
        39        13   2.13658
        39        14   4.50426   4.63928
        39        15   3.69611
        39        16   1.65333
        39        17   3.39428
        39        18   4.57449
        39        19
        39        20   4.57449
        39        21   3.39428
        39        22   4.57449
        39        23   3.39428
        40         0   3.69611
        40         1
        40         2
        40         3   4.63928   4.50426
        40         4   3.52515
        40         5   4.63928   4.50426
        40         6   2.13658
        40         7
        40         8   3.52515
        40         9   2.13658
        40        10   4.63928   4.50426
        40        11   2.13658
        40        12   3.52515
        40        13   4.63928   4.50426
        40        14   4.63928   4.50426
        40        15   4.63928   4.50426
        40        16   4.57449
        40        17
        40        18   4.57449
        40        19   3.39428
        40        20   1.65333
        40        21   3.39428
        40        22   4.57449
        40        23   3.39428
        41         0   2.13658
        41         1   3.69611
        41         2   2.13658
        41         3
        41         4   4.63928   4.50426
        41         5   3.52515
        41         6   4.50426   4.63928
        41         7   2.13658
        41         8
        41         9   3.52515
        41        10   4.63928   4.50426
        41        11   4.50426   4.63928
        41        12   4.63928   4.50426
        41        13   3.52515
        41        14
        41        15   4.63928   4.50426
        41        16   3.39428
        41        17   4.57449
        41        18   3.39428
        41        19   4.57449
        41        20
        41        21   1.65333
        41        22   3.39428
        41        23   4.57449
        42         0
        42         1   3.69611
        42         2
        42         3   2.13658
        42         4   4.50426   4.63928
        42         5   3.52515
        42         6   4.50426   4.63928
        42         7
        42         8   2.13658
        42         9   3.52515
        42        10   4.63928   4.50426
        42        11   4.50426   4.63928
        42        12   4.50426   4.63928
        42        13   3.52515
        42        14   2.13658
        42        15   4.63928   4.50426
        42        16   4.57449
        42        17   3.39428
        42        18   4.57449
        42        19   3.39428
        42        20   1.65333
        42        21
        42        22   4.57449
        42        23   3.39428
        43         0   2.13658
        43         1   4.63928   4.50426
        43         2   3.52515
        43         3
        43         4
        43         5
        43         6   3.69611
        43         7   4.63928   4.50426
        43         8   4.50426   4.63928
        43         9   2.13658
        43        10   3.52515
        43        11   2.13658
        43        12   4.50426   4.63928
        43        13   4.50426   4.63928
        43        14   3.52515
        43        15   4.50426   4.63928
        43        16   4.57449
        43        17
        43        18   4.57449
        43        19   3.39428
        43        20   4.57449
        43        21   3.39428
        43        22   1.65333
        43        23   3.39428
        44         0   4.63928   4.50426
        44         1   4.50426   4.63928
        44         2   3.52515
        44         3   4.50426   4.63928
        44         4   4.63928   4.50426
        44         5
        44         6   3.52515
        44         7
        44         8   2.13658
        44         9   2.13658
        44        10   3.69611
        44        11   4.63928   4.50426
        44        12
        44        13   4.63928   4.50426
        44        14   3.52515
        44        15   2.13658
        44        16
        44        17   4.57449
        44        18   3.39428
        44        19   4.57449
        44        20   3.39428
        44        21   4.57449
        44        22   3.39428
        44        23   1.65333
        45         0   3.52515
        45         1
        45         2   4.50426   4.63928
        45         3
        45         4   3.52515
        45         5   4.50426   4.63928
        45         6   4.50426   4.63928
        45         7   4.50426   4.63928
        45         8   3.69611
        45         9   2.13658
        45        10   2.13658
        45        11   4.50426   4.63928
        45        12   3.52515
        45        13   4.50426   4.63928
        45        14
        45        15   2.13658
        45        16
        45        17   4.57449
        45        18   3.39428
        45        19   4.57449
        45        20   3.39428
        45        21   1.65333
        45        22   3.39428
        45        23   4.57449
        46         0   2.13658
        46         1   2.13658
        46         2   2.13658
        46         3   3.52515
        46         4   4.63928   4.50426
        46         5
        46         6   4.50426   4.63928
        46         7   3.69611
        46         8   4.63928   4.50426
        46         9   4.50426   4.63928
        46        10
        46        11   3.52515
        46        12
        46        13   4.63928   4.50426
        46        14   4.63928   4.50426
        46        15   3.52515
        46        16   3.39428
        46        17   4.57449
        46        18   3.39428
        46        19   4.57449
        46        20
        46        21   4.57449
        46        22   3.39428
        46        23   1.65333
        47         0   4.50426   4.63928
        47         1   2.13658
        47         2   4.50426   4.63928
        47         3   3.69611
        47         4
        47         5
        47         6
        47         7   3.52515
        47         8   2.13658
        47         9   4.63928   4.50426
        47        10   4.63928   4.50426
        47        11   3.52515
        47        12   4.50426   4.63928
        47        13   4.50426   4.63928
        47        14   2.13658
        47        15   3.52515
        47        16   4.57449
        47        17   3.39428
        47        18   4.57449
        47        19   3.39428
        47        20   4.57449
        47        21
        47        22   1.65333
        47        23   3.39428
        48         0   3.52515
        48         1   4.63928   4.50426
        48         2   2.13658
        48         3
        48         4   3.69611
        48         5
        48         6
        48         7   4.63928   4.50426
        48         8   3.52515
        48         9   4.63928   4.50426
        48        10   4.63928   4.50426
        48        11   4.63928   4.50426
        48        12   3.52515
        48        13   2.13658
        48        14   4.63928   4.50426
        48        15   2.13658
        48        16   4.57449
        48        17   3.39428
        48        18   4.57449
        48        19
        48        20   4.57449
        48        21   3.39428
        48        22   1.65333
        48        23   3.39428
        49         0   4.63928   4.50426
        49         1   3.52515
        49         2   4.50426   4.63928
        49         3   2.13658
        49         4   2.13658
        49         5   3.69611
        49         6   2.13658
        49         7
        49         8   4.63928   4.50426
        49         9   3.52515
        49        10
        49        11   4.63928   4.50426
        49        12
        49        13   3.52515
        49        14   4.63928   4.50426
        49        15   4.50426   4.63928
        49        16   3.39428
        49        17   4.57449
        49        18   3.39428
        49        19   4.57449
        49        20   3.39428
        49        21   4.57449
        49        22
        49        23   1.65333
        50         0   4.50426   4.63928
        50         1   3.52515
        50         2   4.50426   4.63928
        50         3
        50         4
        50         5   3.69611
        50         6
        50         7   2.13658
        50         8   4.50426   4.63928
        50         9   3.52515
        50        10   2.13658
        50        11   4.63928   4.50426
        50        12   2.13658
        50        13   3.52515
        50        14   4.63928   4.50426
        50        15   4.50426   4.63928
        50        16   4.57449
        50        17   3.39428
        50        18   4.57449
        50        19   3.39428
        50        20   4.57449
        50        21   3.39428
        50        22   1.65333
        50        23
        51         0
        51         1
        51         2   3.69611
        51         3   4.63928   4.50426
        51         4   2.13658
        51         5   4.63928   4.50426
        51         6   3.52515
        51         7
        51         8   4.50426   4.63928
        51         9   4.50426   4.63928
        51        10   3.52515
        51        11   4.50426   4.63928
        51        12   4.50426   4.63928
        51        13   2.13658
        51        14   3.52515
        51        15   2.13658
        51        16   4.57449
        51        17   3.39428
        51        18   4.57449
        51        19
        51        20   1.65333
        51        21   3.39428
        51        22   4.57449
        51        23   3.39428
        52         0   4.63928   4.50426
        52         1
        52         2   3.52515
        52         3
        52         4   4.63928   4.50426
        52         5   4.50426   4.63928
        52         6   3.52515
        52         7   4.50426   4.63928
        52         8
        52         9   4.63928   4.50426
        52        10   3.52515
        52        11   2.13658
        52        12   2.13658
        52        13   2.13658
        52        14   3.69611
        52        15   4.63928   4.50426
        52        16   3.39428
        52        17   4.57449
        52        18
        52        19   4.57449
        52        20   3.39428
        52        21   1.65333
        52        22   3.39428
        52        23   4.57449
        53         0   3.52515
        53         1   4.50426   4.63928
        53         2   4.50426   4.63928
        53         3   4.50426   4.63928
        53         4   3.52515
        53         5
        53         6   4.50426   4.63928
        53         7
        53         8   3.52515
        53         9   4.50426   4.63928
        53        10
        53        11   2.13658
        53        12   3.69611
        53        13   2.13658
        53        14   2.13658
        53        15   4.50426   4.63928
        53        16   3.39428
        53        17   4.57449
        53        18
        53        19   4.57449
        53        20   3.39428
        53        21   4.57449
        53        22   3.39428
        53        23   1.65333
        54         0   4.63928   4.50426
        54         1
        54         2   4.50426   4.63928
        54         3   3.69611
        54         4   2.13658
        54         5   2.13658
        54         6   2.13658
        54         7   3.52515
        54         8
        54         9   4.63928   4.50426
        54        10   4.63928   4.50426
        54        11   3.52515
        54        12   4.63928   4.50426
        54        13   4.50426   4.63928
        54        14
        54        15   3.52515
        54        16   3.39428
        54        17   4.57449
        54        18   3.39428
        54        19   4.57449
        54        20   3.39428
        54        21   1.65333
        54        22
        54        23   4.57449
        55         0
        55         1
        55         2
        55         3   3.52515
        55         4   4.50426   4.63928
        55         5   2.13658
        55         6   4.50426   4.63928
        55         7   3.69611
        55         8   4.50426   4.63928
        55         9   4.50426   4.63928
        55        10   2.13658
        55        11   3.52515
        55        12   2.13658
        55        13   4.63928   4.50426
        55        14   4.63928   4.50426
        55        15   3.52515
        55        16   4.57449
        55        17   3.39428
        55        18   4.57449
        55        19   3.39428
        55        20   1.65333
        55        21   3.39428
        55        22   4.57449
        55        23
