         0        24   4.67264
         0        25   4.97482
         0        26   4.67264
         0        27   4.97482
         0        28   4.97482
         0        29   4.67264
         0        30   4.67264
         0        31   4.97482
         0        32   4.57865   4.90856
         0        33
         0        34
         0        35   4.90856   4.57865
         0        36   2.92338
         0        37
         0        38
         0        39   2.92338
         0        40   4.90856   4.57865
         0        41
         0        42
         0        43   4.57865   4.90856
         0        44   2.92338
         0        45
         0        46
         0        47   2.92338
         0        48   2.74038
         0        49
         0        50
         0        51   2.74038
         0        52   3.49350
         0        53
         0        54
         0        55   3.49350
         0        56   2.74038
         0        57
         0        58
         0        59   2.74038
         0        60   3.49350
         0        61
         0        62
         0        63   3.49350
         1        24   4.97482
         1        25   4.67264
         1        26   4.97482
         1        27   4.67264
         1        28   4.67264
         1        29   4.97482
         1        30   4.97482
         1        31   4.67264
         1        32
         1        33   4.90856   4.57865
         1        34   2.92338
         1        35
         1        36
         1        37   2.92338
         1        38   4.90856   4.57865
         1        39
         1        40
         1        41   4.57865   4.90856
         1        42   2.92338
         1        43
         1        44
         1        45   2.92338
         1        46   4.57865   4.90856
         1        47
         1        48
         1        49   2.74038
         1        50   3.49350
         1        51
         1        52
         1        53   3.49350
         1        54   2.74038
         1        55
         1        56
         1        57   2.74038
         1        58   3.49350
         1        59
         1        60
         1        61   3.49350
         1        62   2.74038
         1        63
         2        24   4.67264
         2        25   4.97482
         2        26   4.67264
         2        27   4.97482
         2        28   4.97482
         2        29   4.67264
         2        30   4.67264
         2        31   4.97482
         2        32
         2        33   2.92338
         2        34   4.57865   4.90856
         2        35
         2        36
         2        37   4.57865   4.90856
         2        38   2.92338
         2        39
         2        40
         2        41   2.92338
         2        42   4.90856   4.57865
         2        43
         2        44
         2        45   4.90856   4.57865
         2        46   2.92338
         2        47
         2        48
         2        49   3.49350
         2        50   2.74038
         2        51
         2        52
         2        53   2.74038
         2        54   3.49350
         2        55
         2        56
         2        57   3.49350
         2        58   2.74038
         2        59
         2        60
         2        61   2.74038
         2        62   3.49350
         2        63
         3        24   4.97482
         3        25   4.67264
         3        26   4.97482
         3        27   4.67264
         3        28   4.67264
         3        29   4.97482
         3        30   4.97482
         3        31   4.67264
         3        32   2.92338
         3        33
         3        34
         3        35   2.92338
         3        36   4.57865   4.90856
         3        37
         3        38
         3        39   4.57865   4.90856
         3        40   2.92338
         3        41
         3        42
         3        43   2.92338
         3        44   4.90856   4.57865
         3        45
         3        46
         3        47   4.90856   4.57865
         3        48   3.49350
         3        49
         3        50
         3        51   3.49350
         3        52   2.74038
         3        53
         3        54
         3        55   2.74038
         3        56   3.49350
         3        57
         3        58
         3        59   3.49350
         3        60   2.74038
         3        61
         3        62
         3        63   2.74038
         4        24   3.68640
         4        25
         4        26
         4        27   3.68640
         4        28
         4        29   3.68640
         4        30
         4        31   3.68640
         4        32   4.09197   4.45804
         4        33
         4        34   4.73159
         4        35   4.14019
         4        36   4.09197   4.45804
         4        37
         4        38   4.73159
         4        39   4.14019
         4        40   4.45804   4.09197
         4        41
         4        42   4.73159
         4        43   4.14019
         4        44   4.45804   4.09197
         4        45
         4        46   4.73159
         4        47   4.14019
         4        48   1.99554
         4        49
         4        50
         4        51   4.48412
         4        52   1.99554
         4        53
         4        54
         4        55   4.48412
         4        56   1.99554
         4        57
         4        58
         4        59   4.48412
         4        60   1.99554
         4        61
         4        62
         4        63   4.48412
         5        24
         5        25   3.68640
         5        26   3.68640
         5        27
         5        28   3.68640
         5        29
         5        30   3.68640
         5        31
         5        32
         5        33   4.45804   4.09197
         5        34   4.14019
         5        35   4.73159
         5        36
         5        37   4.09197   4.45804
         5        38   4.14019
         5        39   4.73159
         5        40
         5        41   4.09197   4.45804
         5        42   4.14019
         5        43   4.73159
         5        44
         5        45   4.45804   4.09197
         5        46   4.14019
         5        47   4.73159
         5        48
         5        49   1.99554
         5        50   4.48412
         5        51
         5        52
         5        53   1.99554
         5        54   4.48412
         5        55
         5        56
         5        57   1.99554
         5        58   4.48412
         5        59
         5        60
         5        61   1.99554
         5        62   4.48412
         5        63
         6        24   3.68640
         6        25
         6        26
         6        27   3.68640
         6        28
         6        29   3.68640
         6        30
         6        31   3.68640
         6        32   4.73159
         6        33   4.14019
         6        34   4.09197   4.45804
         6        35
         6        36   4.73159
         6        37   4.14019
         6        38   4.45804   4.09197
         6        39
         6        40   4.73159
         6        41   4.14019
         6        42   4.45804   4.09197
         6        43
         6        44   4.73159
         6        45   4.14019
         6        46   4.09197   4.45804
         6        47
         6        48
         6        49   4.48412
         6        50   1.99554
         6        51
         6        52
         6        53   4.48412
         6        54   1.99554
         6        55
         6        56
         6        57   4.48412
         6        58   1.99554
         6        59
         6        60
         6        61   4.48412
         6        62   1.99554
         6        63
         7        24
         7        25   3.68640
         7        26   3.68640
         7        27
         7        28   3.68640
         7        29
         7        30   3.68640
         7        31
         7        32   4.14019
         7        33   4.73159
         7        34
         7        35   4.45804   4.09197
         7        36   4.14019
         7        37   4.73159
         7        38
         7        39   4.09197   4.45804
         7        40   4.14019
         7        41   4.73159
         7        42
         7        43   4.09197   4.45804
         7        44   4.14019
         7        45   4.73159
         7        46
         7        47   4.45804   4.09197
         7        48   4.48412
         7        49
         7        50
         7        51   1.99554
         7        52   4.48412
         7        53
         7        54
         7        55   1.99554
         7        56   4.48412
         7        57
         7        58
         7        59   1.99554
         7        60   4.48412
         7        61
         7        62
         7        63   1.99554
         8        24   1.59418
         8        25
         8        26
         8        27   4.32969   3.78973
         8        28
         8        29
         8        30
         8        31   3.80860   4.42479
         8        32   1.62055
         8        33
         8        34   3.97557
         8        35
         8        36   1.62995
         8        37
         8        38
         8        39
         8        40   4.69287   3.80016
         8        41
         8        42
         8        43
         8        44   3.79614   4.10504
         8        45
         8        46   4.04470
         8        47
         8        48   1.56932
         8        49
         8        50   4.11632
         8        51   4.63989
         8        52   3.59860   4.23206
         8        53
         8        54
         8        55
         8        56   4.75462
         8        57
         8        58
         8        59
         8        60   4.15456   4.06799
         8        61
         8        62   4.97542
         8        63   4.00341
         9        24
         9        25   1.59418
         9        26   4.42479   3.80860
         9        27
         9        28
         9        29
         9        30   3.78973   4.32969
         9        31
         9        32
         9        33   1.62055
         9        34
         9        35   4.04470
         9        36
         9        37   4.10504   3.79614
         9        38
         9        39
         9        40
         9        41   3.80016   4.69287
         9        42
         9        43
         9        44
         9        45   1.62995
         9        46
         9        47   3.97557
         9        48
         9        49   1.56932
         9        50   4.00341
         9        51   4.97542
         9        52
         9        53   4.06799   4.15456
         9        54
         9        55
         9        56
         9        57   4.75462
         9        58
         9        59
         9        60
         9        61   4.23206   3.59860
         9        62   4.63989
         9        63   4.11632
        10        24   1.59418
        10        25
        10        26
        10        27   3.80860   4.42479
        10        28
        10        29
        10        30
        10        31   4.32969   3.78973
        10        32   3.97557
        10        33
        10        34   1.62055
        10        35
        10        36   4.04470
        10        37
        10        38   3.79614   4.10504
        10        39
        10        40
        10        41
        10        42   4.69287   3.80016
        10        43
        10        44
        10        45
        10        46   1.62995
        10        47
        10        48   4.11632
        10        49   4.00341
        10        50   1.56932
        10        51
        10        52   4.97542
        10        53
        10        54   4.15456   4.06799
        10        55
        10        56
        10        57
        10        58   4.75462
        10        59
        10        60
        10        61   4.63989
        10        62   3.59860   4.23206
        10        63
        11        24
        11        25   4.42479   3.80860
        11        26   1.59418
        11        27
        11        28   4.32969   3.78973
        11        29
        11        30
        11        31
        11        32
        11        33   4.04470
        11        34
        11        35   1.62055
        11        36
        11        37   3.97557
        11        38
        11        39   1.62995
        11        40
        11        41
        11        42
        11        43   4.69287   3.80016
        11        44
        11        45
        11        46
        11        47   4.10504   3.79614
        11        48
        11        49   4.97542
        11        50
        11        51   1.56932
        11        52   4.00341
        11        53   4.11632
        11        54
        11        55   3.59860   4.23206
        11        56   4.63989
        11        57
        11        58
        11        59   4.75462
        11        60
        11        61
        11        62
        11        63   4.06799   4.15456
        12        24   3.80860   4.42479
        12        25
        12        26
        12        27   1.59418
        12        28
        12        29   3.78973   4.32969
        12        30
        12        31
        12        32   3.79614   4.10504
        12        33
        12        34   4.04470
        12        35
        12        36   1.62055
        12        37
        12        38   3.97557
        12        39
        12        40   1.62995
        12        41
        12        42
        12        43
        12        44   3.80016   4.69287
        12        45
        12        46
        12        47
        12        48   4.15456   4.06799
        12        49
        12        50   4.97542
        12        51   4.00341
        12        52   1.56932
        12        53
        12        54   4.11632
        12        55   4.63989
        12        56   4.23206   3.59860
        12        57
        12        58
        12        59
        12        60   4.75462
        12        61
        12        62
        12        63
        13        24
        13        25   3.78973   4.32969
        13        26   1.59418
        13        27
        13        28   3.80860   4.42479
        13        29
        13        30
        13        31
        13        32
        13        33   1.62995
        13        34
        13        35   3.97557
        13        36
        13        37   1.62055
        13        38
        13        39   4.04470
        13        40
        13        41   3.79614   4.10504
        13        42
        13        43
        13        44
        13        45   3.80016   4.69287
        13        46
        13        47
        13        48
        13        49   4.23206   3.59860
        13        50   4.63989
        13        51   4.11632
        13        52
        13        53   1.56932
        13        54   4.00341
        13        55   4.97542
        13        56
        13        57   4.15456   4.06799
        13        58
        13        59
        13        60
        13        61   4.75462
        13        62
        13        63
        14        24   4.32969   3.78973
        14        25
        14        26
        14        27   1.59418
        14        28
        14        29   4.42479   3.80860
        14        30
        14        31
        14        32
        14        33
        14        34   1.62995
        14        35
        14        36   3.97557
        14        37
        14        38   1.62055
        14        39
        14        40   4.04470
        14        41
        14        42   4.10504   3.79614
        14        43
        14        44
        14        45
        14        46   4.69287   3.80016
        14        47
        14        48
        14        49   4.63989
        14        50   3.59860   4.23206
        14        51
        14        52   4.11632
        14        53   4.00341
        14        54   1.56932
        14        55
        14        56   4.97542
        14        57
        14        58   4.06799   4.15456
        14        59
        14        60
        14        61
        14        62   4.75462
        14        63
        15        24
        15        25
        15        26   3.80860   4.42479
        15        27
        15        28   1.59418
        15        29
        15        30   4.32969   3.78973
        15        31
        15        32
        15        33
        15        34
        15        35   3.79614   4.10504
        15        36
        15        37   4.04470
        15        38
        15        39   1.62055
        15        40
        15        41   3.97557
        15        42
        15        43   1.62995
        15        44
        15        45
        15        46
        15        47   4.69287   3.80016
        15        48
        15        49
        15        50
        15        51   4.15456   4.06799
        15        52
        15        53   4.97542
        15        54
        15        55   1.56932
        15        56   4.00341
        15        57   4.11632
        15        58
        15        59   3.59860   4.23206
        15        60   4.63989
        15        61
        15        62
        15        63   4.75462
        16        24
        16        25
        16        26
        16        27   4.42479   3.80860
        16        28
        16        29   1.59418
        16        30
        16        31   3.78973   4.32969
        16        32   3.80016   4.69287
        16        33
        16        34
        16        35
        16        36   4.10504   3.79614
        16        37
        16        38   4.04470
        16        39
        16        40   1.62055
        16        41
        16        42   3.97557
        16        43
        16        44   1.62995
        16        45
        16        46
        16        47
        16        48   4.75462
        16        49
        16        50
        16        51
        16        52   4.06799   4.15456
        16        53
        16        54   4.97542
        16        55   4.00341
        16        56   1.56932
        16        57
        16        58   4.11632
        16        59   4.63989
        16        60   4.23206   3.59860
        16        61
        16        62
        16        63
        17        24
        17        25
        17        26   4.32969   3.78973
        17        27
        17        28   1.59418
        17        29
        17        30   3.80860   4.42479
        17        31
        17        32
        17        33   4.69287   3.80016
        17        34
        17        35
        17        36
        17        37   1.62995
        17        38
        17        39   3.97557
        17        40
        17        41   1.62055
        17        42
        17        43   4.04470
        17        44
        17        45   3.79614   4.10504
        17        46
        17        47
        17        48
        17        49   4.75462
        17        50
        17        51
        17        52
        17        53   3.59860   4.23206
        17        54   4.63989
        17        55   4.11632
        17        56
        17        57   1.56932
        17        58   4.00341
        17        59   4.97542
        17        60
        17        61   4.15456   4.06799
        17        62
        17        63
        18        24
        18        25
        18        26
        18        27   3.78973   4.32969
        18        28
        18        29   1.59418
        18        30
        18        31   4.42479   3.80860
        18        32
        18        33
        18        34   3.80016   4.69287
        18        35
        18        36
        18        37
        18        38   1.62995
        18        39
        18        40   3.97557
        18        41
        18        42   1.62055
        18        43
        18        44   4.04470
        18        45
        18        46   4.10504   3.79614
        18        47
        18        48
        18        49
        18        50   4.75462
        18        51
        18        52
        18        53   4.63989
        18        54   4.23206   3.59860
        18        55
        18        56   4.11632
        18        57   4.00341
        18        58   1.56932
        18        59
        18        60   4.97542
        18        61
        18        62   4.06799   4.15456
        18        63
        19        24
        19        25   3.78973   4.32969
        19        26
        19        27
        19        28   3.80860   4.42479
        19        29
        19        30   1.59418
        19        31
        19        32
        19        33
        19        34
        19        35   3.80016   4.69287
        19        36
        19        37
        19        38
        19        39   3.79614   4.10504
        19        40
        19        41   4.04470
        19        42
        19        43   1.62055
        19        44
        19        45   3.97557
        19        46
        19        47   1.62995
        19        48   4.63989
        19        49
        19        50
        19        51   4.75462
        19        52
        19        53
        19        54
        19        55   4.15456   4.06799
        19        56
        19        57   4.97542
        19        58
        19        59   1.56932
        19        60   4.00341
        19        61   4.11632
        19        62
        19        63   4.23206   3.59860
        20        24   4.32969   3.78973
        20        25
        20        26
        20        27
        20        28
        20        29   4.42479   3.80860
        20        30
        20        31   1.59418
        20        32   1.62995
        20        33
        20        34
        20        35
        20        36   4.69287   3.80016
        20        37
        20        38
        20        39
        20        40   4.10504   3.79614
        20        41
        20        42   4.04470
        20        43
        20        44   1.62055
        20        45
        20        46   3.97557
        20        47
        20        48   3.59860   4.23206
        20        49
        20        50
        20        51
        20        52   4.75462
        20        53
        20        54
        20        55
        20        56   4.06799   4.15456
        20        57
        20        58   4.97542
        20        59   4.00341
        20        60   1.56932
        20        61
        20        62   4.11632
        20        63   4.63989
        21        24
        21        25   4.42479   3.80860
        21        26
        21        27
        21        28   4.32969   3.78973
        21        29
        21        30   1.59418
        21        31
        21        32
        21        33   4.10504   3.79614
        21        34
        21        35
        21        36
        21        37   4.69287   3.80016
        21        38
        21        39
        21        40
        21        41   1.62995
        21        42
        21        43   3.97557
        21        44
        21        45   1.62055
        21        46
        21        47   4.04470
        21        48
        21        49   4.06799   4.15456
        21        50
        21        51
        21        52
        21        53   4.75462
        21        54
        21        55
        21        56
        21        57   3.59860   4.23206
        21        58   4.63989
        21        59   4.11632
        21        60
        21        61   1.56932
        21        62   4.00341
        21        63   4.97542
        22        24   3.80860   4.42479
        22        25
        22        26
        22        27
        22        28
        22        29   3.78973   4.32969
        22        30
        22        31   1.59418
        22        32   4.04470
        22        33
        22        34   3.79614   4.10504
        22        35
        22        36
        22        37
        22        38   3.80016   4.69287
        22        39
        22        40
        22        41
        22        42   1.62995
        22        43
        22        44   3.97557
        22        45
        22        46   1.62055
        22        47
        22        48   4.97542
        22        49
        22        50   4.15456   4.06799
        22        51
        22        52
        22        53
        22        54   4.75462
        22        55
        22        56
        22        57   4.63989
        22        58   4.23206   3.59860
        22        59
        22        60   4.11632
        22        61   4.00341
        22        62   1.56932
        22        63
        23        24
        23        25   1.59418
        23        26   3.78973   4.32969
        23        27
        23        28
        23        29
        23        30   4.42479   3.80860
        23        31
        23        32
        23        33   3.97557
        23        34
        23        35   1.62995
        23        36
        23        37
        23        38
        23        39   3.80016   4.69287
        23        40
        23        41
        23        42
        23        43   4.10504   3.79614
        23        44
        23        45   4.04470
        23        46
        23        47   1.62055
        23        48   4.00341
        23        49   4.11632
        23        50
        23        51   4.23206   3.59860
        23        52   4.63989
        23        53
        23        54
        23        55   4.75462
        23        56
        23        57
        23        58
        23        59   4.06799   4.15456
        23        60
        23        61   4.97542
        23        62
        23        63   1.56932
        24         0   4.67264
        24         1   4.97482
        24         2   4.67264
        24         3   4.97482
        24         4   3.68640
        24         5
        24         6   3.68640
        24         7
        24         8   1.59418
        24         9
        24        10   1.59418
        24        11
        24        12   4.42479   3.80860
        24        13
        24        14   3.78973   4.32969
        24        15
        24        16
        24        17
        24        18
        24        19
        24        20   3.78973   4.32969
        24        21
        24        22   4.42479   3.80860
        24        23
        25         0   4.97482
        25         1   4.67264
        25         2   4.97482
        25         3   4.67264
        25         4
        25         5   3.68640
        25         6
        25         7   3.68640
        25         8
        25         9   1.59418
        25        10
        25        11   3.80860   4.42479
        25        12
        25        13   4.32969   3.78973
        25        14
        25        15
        25        16
        25        17
        25        18
        25        19   4.32969   3.78973
        25        20
        25        21   3.80860   4.42479
        25        22
        25        23   1.59418
        26         0   4.67264
        26         1   4.97482
        26         2   4.67264
        26         3   4.97482
        26         4
        26         5   3.68640
        26         6
        26         7   3.68640
        26         8
        26         9   3.80860   4.42479
        26        10
        26        11   1.59418
        26        12
        26        13   1.59418
        26        14
        26        15   4.42479   3.80860
        26        16
        26        17   3.78973   4.32969
        26        18
        26        19
        26        20
        26        21
        26        22
        26        23   4.32969   3.78973
        27         0   4.97482
        27         1   4.67264
        27         2   4.97482
        27         3   4.67264
        27         4   3.68640
        27         5
        27         6   3.68640
        27         7
        27         8   3.78973   4.32969
        27         9
        27        10   4.42479   3.80860
        27        11
        27        12   1.59418
        27        13
        27        14   1.59418
        27        15
        27        16   3.80860   4.42479
        27        17
        27        18   4.32969   3.78973
        27        19
        27        20
        27        21
        27        22
        27        23
        28         0   4.97482
        28         1   4.67264
        28         2   4.97482
        28         3   4.67264
        28         4
        28         5   3.68640
        28         6
        28         7   3.68640
        28         8
        28         9
        28        10
        28        11   3.78973   4.32969
        28        12
        28        13   4.42479   3.80860
        28        14
        28        15   1.59418
        28        16
        28        17   1.59418
        28        18
        28        19   4.42479   3.80860
        28        20
        28        21   3.78973   4.32969
        28        22
        28        23
        29         0   4.67264
        29         1   4.97482
        29         2   4.67264
        29         3   4.97482
        29         4   3.68640
        29         5
        29         6   3.68640
        29         7
        29         8
        29         9
        29        10
        29        11
        29        12   4.32969   3.78973
        29        13
        29        14   3.80860   4.42479
        29        15
        29        16   1.59418
        29        17
        29        18   1.59418
        29        19
        29        20   3.80860   4.42479
        29        21
        29        22   4.32969   3.78973
        29        23
        30         0   4.67264
        30         1   4.97482
        30         2   4.67264
        30         3   4.97482
        30         4
        30         5   3.68640
        30         6
        30         7   3.68640
        30         8
        30         9   4.32969   3.78973
        30        10
        30        11
        30        12
        30        13
        30        14
        30        15   3.78973   4.32969
        30        16
        30        17   4.42479   3.80860
        30        18
        30        19   1.59418
        30        20
        30        21   1.59418
        30        22
        30        23   3.80860   4.42479
        31         0   4.97482
        31         1   4.67264
        31         2   4.97482
        31         3   4.67264
        31         4   3.68640
        31         5
        31         6   3.68640
        31         7
        31         8   4.42479   3.80860
        31         9
        31        10   3.78973   4.32969
        31        11
        31        12
        31        13
        31        14
        31        15
        31        16   4.32969   3.78973
        31        17
        31        18   3.80860   4.42479
        31        19
        31        20   1.59418
        31        21
        31        22   1.59418
        31        23
        32         0   4.90856   4.57865
        32         1
        32         2
        32         3   2.92338
        32         4   4.45804   4.09197
        32         5
        32         6   4.73159
        32         7   4.14019
        32         8   1.62055
        32         9
        32        10   3.97557
        32        11
        32        12   4.10504   3.79614
        32        13
        32        14
        32        15
        32        16   4.69287   3.80016
        32        17
        32        18
        32        19
        32        20   1.62995
        32        21
        32        22   4.04470
        32        23
        33         0
        33         1   4.57865   4.90856
        33         2   2.92338
        33         3
        33         4
        33         5   4.09197   4.45804
        33         6   4.14019
        33         7   4.73159
        33         8
        33         9   1.62055
        33        10
        33        11   4.04470
        33        12
        33        13   1.62995
        33        14
        33        15
        33        16
        33        17   3.80016   4.69287
        33        18
        33        19
        33        20
        33        21   3.79614   4.10504
        33        22
        33        23   3.97557
        34         0
        34         1   2.92338
        34         2   4.90856   4.57865
        34         3
        34         4   4.73159
        34         5   4.14019
        34         6   4.45804   4.09197
        34         7
        34         8   3.97557
        34         9
        34        10   1.62055
        34        11
        34        12   4.04470
        34        13
        34        14   1.62995
        34        15
        34        16
        34        17
        34        18   4.69287   3.80016
        34        19
        34        20
        34        21
        34        22   4.10504   3.79614
        34        23
        35         0   4.57865   4.90856
        35         1
        35         2
        35         3   2.92338
        35         4   4.14019
        35         5   4.73159
        35         6
        35         7   4.09197   4.45804
        35         8
        35         9   4.04470
        35        10
        35        11   1.62055
        35        12
        35        13   3.97557
        35        14
        35        15   4.10504   3.79614
        35        16
        35        17
        35        18
        35        19   4.69287   3.80016
        35        20
        35        21
        35        22
        35        23   1.62995
        36         0   2.92338
        36         1
        36         2
        36         3   4.90856   4.57865
        36         4   4.45804   4.09197
        36         5
        36         6   4.73159
        36         7   4.14019
        36         8   1.62995
        36         9
        36        10   4.04470
        36        11
        36        12   1.62055
        36        13
        36        14   3.97557
        36        15
        36        16   3.79614   4.10504
        36        17
        36        18
        36        19
        36        20   3.80016   4.69287
        36        21
        36        22
        36        23
        37         0
        37         1   2.92338
        37         2   4.90856   4.57865
        37         3
        37         4
        37         5   4.45804   4.09197
        37         6   4.14019
        37         7   4.73159
        37         8
        37         9   3.79614   4.10504
        37        10
        37        11   3.97557
        37        12
        37        13   1.62055
        37        14
        37        15   4.04470
        37        16
        37        17   1.62995
        37        18
        37        19
        37        20
        37        21   3.80016   4.69287
        37        22
        37        23
        38         0
        38         1   4.57865   4.90856
        38         2   2.92338
        38         3
        38         4   4.73159
        38         5   4.14019
        38         6   4.09197   4.45804
        38         7
        38         8
        38         9
        38        10   4.10504   3.79614
        38        11
        38        12   3.97557
        38        13
        38        14   1.62055
        38        15
        38        16   4.04470
        38        17
        38        18   1.62995
        38        19
        38        20
        38        21
        38        22   4.69287   3.80016
        38        23
        39         0   2.92338
        39         1
        39         2
        39         3   4.90856   4.57865
        39         4   4.14019
        39         5   4.73159
        39         6
        39         7   4.45804   4.09197
        39         8
        39         9
        39        10
        39        11   1.62995
        39        12
        39        13   4.04470
        39        14
        39        15   1.62055
        39        16
        39        17   3.97557
        39        18
        39        19   4.10504   3.79614
        39        20
        39        21
        39        22
        39        23   4.69287   3.80016
        40         0   4.57865   4.90856
        40         1
        40         2
        40         3   2.92338
        40         4   4.09197   4.45804
        40         5
        40         6   4.73159
        40         7   4.14019
        40         8   3.80016   4.69287
        40         9
        40        10
        40        11
        40        12   1.62995
        40        13
        40        14   4.04470
        40        15
        40        16   1.62055
        40        17
        40        18   3.97557
        40        19
        40        20   3.79614   4.10504
        40        21
        40        22
        40        23
        41         0
        41         1   4.90856   4.57865
        41         2   2.92338
        41         3
        41         4
        41         5   4.45804   4.09197
        41         6   4.14019
        41         7   4.73159
        41         8
        41         9   4.69287   3.80016
        41        10
        41        11
        41        12
        41        13   4.10504   3.79614
        41        14
        41        15   3.97557
        41        16
        41        17   1.62055
        41        18
        41        19   4.04470
        41        20
        41        21   1.62995
        41        22
        41        23
        42         0
        42         1   2.92338
        42         2   4.57865   4.90856
        42         3
        42         4   4.73159
        42         5   4.14019
        42         6   4.09197   4.45804
        42         7
        42         8
        42         9
        42        10   3.80016   4.69287
        42        11
        42        12
        42        13
        42        14   3.79614   4.10504
        42        15
        42        16   3.97557
        42        17
        42        18   1.62055
        42        19
        42        20   4.04470
        42        21
        42        22   1.62995
        42        23
        43         0   4.90856   4.57865
        43         1
        43         2
        43         3   2.92338
        43         4   4.14019
        43         5   4.73159
        43         6
        43         7   4.45804   4.09197
        43         8
        43         9
        43        10
        43        11   3.80016   4.69287
        43        12
        43        13
        43        14
        43        15   1.62995
        43        16
        43        17   4.04470
        43        18
        43        19   1.62055
        43        20
        43        21   3.97557
        43        22
        43        23   3.79614   4.10504
        44         0   2.92338
        44         1
        44         2
        44         3   4.57865   4.90856
        44         4   4.09197   4.45804
        44         5
        44         6   4.73159
        44         7   4.14019
        44         8   4.10504   3.79614
        44         9
        44        10
        44        11
        44        12   4.69287   3.80016
        44        13
        44        14
        44        15
        44        16   1.62995
        44        17
        44        18   4.04470
        44        19
        44        20   1.62055
        44        21
        44        22   3.97557
        44        23
        45         0
        45         1   2.92338
        45         2   4.57865   4.90856
        45         3
        45         4
        45         5   4.09197   4.45804
        45         6   4.14019
        45         7   4.73159
        45         8
        45         9   1.62995
        45        10
        45        11
        45        12
        45        13   4.69287   3.80016
        45        14
        45        15
        45        16
        45        17   4.10504   3.79614
        45        18
        45        19   3.97557
        45        20
        45        21   1.62055
        45        22
        45        23   4.04470
        46         0
        46         1   4.90856   4.57865
        46         2   2.92338
        46         3
        46         4   4.73159
        46         5   4.14019
        46         6   4.45804   4.09197
        46         7
        46         8   4.04470
        46         9
        46        10   1.62995
        46        11
        46        12
        46        13
        46        14   3.80016   4.69287
        46        15
        46        16
        46        17
        46        18   3.79614   4.10504
        46        19
        46        20   3.97557
        46        21
        46        22   1.62055
        46        23
        47         0   2.92338
        47         1
        47         2
        47         3   4.57865   4.90856
        47         4   4.14019
        47         5   4.73159
        47         6
        47         7   4.09197   4.45804
        47         8
        47         9   3.97557
        47        10
        47        11   3.79614   4.10504
        47        12
        47        13
        47        14
        47        15   3.80016   4.69287
        47        16
        47        17
        47        18
        47        19   1.62995
        47        20
        47        21   4.04470
        47        22
        47        23   1.62055
        48         0   2.74038
        48         1
        48         2
        48         3   3.49350
        48         4   1.99554
        48         5
        48         6
        48         7   4.48412
        48         8   1.56932
        48         9
        48        10   4.11632
        48        11
        48        12   4.06799   4.15456
        48        13
        48        14
        48        15
        48        16   4.75462
        48        17
        48        18
        48        19   4.63989
        48        20   4.23206   3.59860
        48        21
        48        22   4.97542
        48        23   4.00341
        49         0
        49         1   2.74038
        49         2   3.49350
        49         3
        49         4
        49         5   1.99554
        49         6   4.48412
        49         7
        49         8
        49         9   1.56932
        49        10   4.00341
        49        11   4.97542
        49        12
        49        13   3.59860   4.23206
        49        14   4.63989
        49        15
        49        16
        49        17   4.75462
        49        18
        49        19
        49        20
        49        21   4.15456   4.06799
        49        22
        49        23   4.11632
        50         0
        50         1   3.49350
        50         2   2.74038
        50         3
        50         4
        50         5   4.48412
        50         6   1.99554
        50         7
        50         8   4.11632
        50         9   4.00341
        50        10   1.56932
        50        11
        50        12   4.97542
        50        13   4.63989
        50        14   4.23206   3.59860
        50        15
        50        16
        50        17
        50        18   4.75462
        50        19
        50        20
        50        21
        50        22   4.06799   4.15456
        50        23
        51         0   2.74038
        51         1
        51         2
        51         3   3.49350
        51         4   4.48412
        51         5
        51         6
        51         7   1.99554
        51         8   4.63989
        51         9   4.97542
        51        10
        51        11   1.56932
        51        12   4.00341
        51        13   4.11632
        51        14
        51        15   4.06799   4.15456
        51        16
        51        17
        51        18
        51        19   4.75462
        51        20
        51        21
        51        22
        51        23   3.59860   4.23206
        52         0   3.49350
        52         1
        52         2
        52         3   2.74038
        52         4   1.99554
        52         5
        52         6
        52         7   4.48412
        52         8   4.23206   3.59860
        52         9
        52        10   4.97542
        52        11   4.00341
        52        12   1.56932
        52        13
        52        14   4.11632
        52        15
        52        16   4.15456   4.06799
        52        17
        52        18
        52        19
        52        20   4.75462
        52        21
        52        22
        52        23   4.63989
        53         0
        53         1   3.49350
        53         2   2.74038
        53         3
        53         4
        53         5   1.99554
        53         6   4.48412
        53         7
        53         8
        53         9   4.15456   4.06799
        53        10
        53        11   4.11632
        53        12
        53        13   1.56932
        53        14   4.00341
        53        15   4.97542
        53        16
        53        17   4.23206   3.59860
        53        18   4.63989
        53        19
        53        20
        53        21   4.75462
        53        22
        53        23
        54         0
        54         1   2.74038
        54         2   3.49350
        54         3
        54         4
        54         5   4.48412
        54         6   1.99554
        54         7
        54         8
        54         9
        54        10   4.06799   4.15456
        54        11
        54        12   4.11632
        54        13   4.00341
        54        14   1.56932
        54        15
        54        16   4.97542
        54        17   4.63989
        54        18   3.59860   4.23206
        54        19
        54        20
        54        21
        54        22   4.75462
        54        23
        55         0   3.49350
        55         1
        55         2
        55         3   2.74038
        55         4   4.48412
        55         5
        55         6
        55         7   1.99554
        55         8
        55         9
        55        10
        55        11   4.23206   3.59860
        55        12   4.63989
        55        13   4.97542
        55        14
        55        15   1.56932
        55        16   4.00341
        55        17   4.11632
        55        18
        55        19   4.06799   4.15456
        55        20
        55        21
        55        22
        55        23   4.75462
        56         0   2.74038
        56         1
        56         2
        56         3   3.49350
        56         4   1.99554
        56         5
        56         6
        56         7   4.48412
        56         8   4.75462
        56         9
        56        10
        56        11   4.63989
        56        12   3.59860   4.23206
        56        13
        56        14   4.97542
        56        15   4.00341
        56        16   1.56932
        56        17
        56        18   4.11632
        56        19
        56        20   4.15456   4.06799
        56        21
        56        22
        56        23
        57         0
        57         1   2.74038
        57         2   3.49350
        57         3
        57         4
        57         5   1.99554
        57         6   4.48412
        57         7
        57         8
        57         9   4.75462
        57        10
        57        11
        57        12
        57        13   4.06799   4.15456
        57        14
        57        15   4.11632
        57        16
        57        17   1.56932
        57        18   4.00341
        57        19   4.97542
        57        20
        57        21   4.23206   3.59860
        57        22   4.63989
        57        23
        58         0
        58         1   3.49350
        58         2   2.74038
        58         3
        58         4
        58         5   4.48412
        58         6   1.99554
        58         7
        58         8
        58         9
        58        10   4.75462
        58        11
        58        12
        58        13
        58        14   4.15456   4.06799
        58        15
        58        16   4.11632
        58        17   4.00341
        58        18   1.56932
        58        19
        58        20   4.97542
        58        21   4.63989
        58        22   3.59860   4.23206
        58        23
        59         0   2.74038
        59         1
        59         2
        59         3   3.49350
        59         4   4.48412
        59         5
        59         6
        59         7   1.99554
        59         8
        59         9
        59        10
        59        11   4.75462
        59        12
        59        13
        59        14
        59        15   4.23206   3.59860
        59        16   4.63989
        59        17   4.97542
        59        18
        59        19   1.56932
        59        20   4.00341
        59        21   4.11632
        59        22
        59        23   4.15456   4.06799
        60         0   3.49350
        60         1
        60         2
        60         3   2.74038
        60         4   1.99554
        60         5
        60         6
        60         7   4.48412
        60         8   4.06799   4.15456
        60         9
        60        10
        60        11
        60        12   4.75462
        60        13
        60        14
        60        15   4.63989
        60        16   3.59860   4.23206
        60        17
        60        18   4.97542
        60        19   4.00341
        60        20   1.56932
        60        21
        60        22   4.11632
        60        23
        61         0
        61         1   3.49350
        61         2   2.74038
        61         3
        61         4
        61         5   1.99554
        61         6   4.48412
        61         7
        61         8
        61         9   3.59860   4.23206
        61        10   4.63989
        61        11
        61        12
        61        13   4.75462
        61        14
        61        15
        61        16
        61        17   4.06799   4.15456
        61        18
        61        19   4.11632
        61        20
        61        21   1.56932
        61        22   4.00341
        61        23   4.97542
        62         0
        62         1   2.74038
        62         2   3.49350
        62         3
        62         4
        62         5   4.48412
        62         6   1.99554
        62         7
        62         8   4.97542
        62         9   4.63989
        62        10   4.23206   3.59860
        62        11
        62        12
        62        13
        62        14   4.75462
        62        15
        62        16
        62        17
        62        18   4.15456   4.06799
        62        19
        62        20   4.11632
        62        21   4.00341
        62        22   1.56932
        62        23
        63         0   3.49350
        63         1
        63         2
        63         3   2.74038
        63         4   4.48412
        63         5
        63         6
        63         7   1.99554
        63         8   4.00341
        63         9   4.11632
        63        10
        63        11   4.15456   4.06799
        63        12
        63        13
        63        14
        63        15   4.75462
        63        16
        63        17
        63        18
        63        19   3.59860   4.23206
        63        20   4.63989
        63        21   4.97542
        63        22
        63        23   1.56932
