         0        12   4.80564   2.13880   4.14758
         0        13   4.14758   2.13880   4.80564
         0        14   4.66343
         0        15   4.66343
         0        16
         0        17
         0        18   2.11218   3.80649   4.79385
         0        19   4.79385   3.80649   2.11218
         0        20   3.87479   2.20151
         0        21   3.95754   4.76636   3.54271
         0        22   3.54271   4.76636   3.95754
         0        23   4.61071   4.93659
         0        24   4.93659   4.61071
         0        25   3.68163
         0        26   3.68163
         0        27   2.20151   3.87479
         1        12   2.13880   4.14758   4.80564
         1        13   4.80564   4.14758   2.13880
         1        14   4.66343
         1        15   4.66343
         1        16
         1        17
         1        18   4.79385   2.11218   3.80649
         1        19   3.80649   2.11218   4.79385
         1        20   4.76636   3.54271   3.95754
         1        21   3.87479   2.20151
         1        22   2.20151   3.87479
         1        23   3.68163
         1        24   3.68163
         1        25   4.61071   4.93659
         1        26   4.93659   4.61071
         1        27   3.95754   3.54271   4.76636
         2        12   4.66343
         2        13   4.66343
         2        14   4.80564   2.13880   4.14758
         2        15   4.14758   2.13880   4.80564
         2        16   2.11218   3.80649   4.79385
         2        17   4.79385   3.80649   2.11218
         2        18
         2        19
         2        20   4.61071   4.93659
         2        21   3.68163
         2        22   3.68163
         2        23   3.87479   2.20151
         2        24   2.20151   3.87479
         2        25   3.54271   4.76636   3.95754
         2        26   3.95754   4.76636   3.54271
         2        27   4.93659   4.61071
         3        12   4.66343
         3        13   4.66343
         3        14   2.13880   4.14758   4.80564
         3        15   4.80564   4.14758   2.13880
         3        16   4.79385   2.11218   3.80649
         3        17   3.80649   2.11218   4.79385
         3        18
         3        19
         3        20   3.68163
         3        21   4.93659   4.61071
         3        22   4.61071   4.93659
         3        23   4.76636   3.54271   3.95754
         3        24   3.95754   3.54271   4.76636
         3        25   2.20151   3.87479
         3        26   3.87479   2.20151
         3        27   3.68163
         4        12   2.15510   4.23896
         4        13
         4        14   4.76646   3.58195   4.76646   3.58195
         4        15   3.56207   4.89591
         4        16   4.11494   2.10810
         4        17   4.27181   4.27181
         4        18   4.08512   4.08512
         4        19   4.82415   3.73373
         4        20   3.81536   2.25523
         4        21   3.81536   2.25523
         4        22
         4        23   4.45968   2.11668   4.26878
         4        24   4.37288
         4        25   4.37288
         4        26   2.11668   4.26878   4.45968
         4        27
         5        12
         5        13   4.23896   2.15510
         5        14   4.89591   3.56207
         5        15   3.58195   4.76646   3.58195   4.76646
         5        16   4.27181   4.27181
         5        17   2.10810   4.11494
         5        18   3.73373   4.82415
         5        19   4.08512   4.08512
         5        20
         5        21
         5        22   2.25523   3.81536
         5        23   4.37288
         5        24   4.26878   2.11668   4.45968
         5        25   4.45968   4.26878   2.11668
         5        26   4.37288
         5        27   2.25523   3.81536
         6        12   4.76646   3.58195   4.76646   3.58195
         6        13   3.56207   4.89591
         6        14   2.15510   4.23896
         6        15
         6        16   4.08512   4.08512
         6        17   4.82415   3.73373
         6        18   4.11494   2.10810
         6        19   4.27181   4.27181
         6        20   4.45968   2.11668   4.26878
         6        21   2.11668   4.26878   4.45968
         6        22   4.37288
         6        23   3.81536   2.25523
         6        24
         6        25
         6        26   3.81536   2.25523
         6        27   4.37288
         7        12   4.89591   3.56207
         7        13   3.58195   4.76646   3.58195   4.76646
         7        14
         7        15   4.23896   2.15510
         7        16   3.73373   4.82415
         7        17   4.08512   4.08512
         7        18   4.27181   4.27181
         7        19   2.10810   4.11494
         7        20   4.37288
         7        21   4.37288
         7        22   4.45968   4.26878   2.11668
         7        23
         7        24   2.25523   3.81536
         7        25   2.25523   3.81536
         7        26
         7        27   4.26878   2.11668   4.45968
         8        12   3.15113   1.66732
         8        13   3.77534   3.77534
         8        14   4.48799   4.48799
         8        15
         8        16   3.85210
         8        17
         8        18   4.60256   3.38143   4.60256   3.38143
         8        19   1.66519   4.40380
         8        20   1.61630   4.36964   4.92376
         8        21   4.92376   1.61630   4.36964
         8        22   4.70262   3.53616
         8        23   4.37976   3.52852
         8        24   4.79170
         8        25   4.79170
         8        26   4.37976   3.52852
         8        27   4.70262   3.53616
         9        12   3.77534   3.77534
         9        13   1.66732   3.15113
         9        14
         9        15   4.48799   4.48799
         9        16
         9        17   3.85210
         9        18   4.40380   1.66519
         9        19   3.38143   4.60256   3.38143   4.60256
         9        20   3.53616   4.70262
         9        21   3.53616   4.70262
         9        22   4.36964   1.61630   4.92376
         9        23   4.79170
         9        24   3.52852   4.37976
         9        25   3.52852   4.37976
         9        26   4.79170
         9        27   4.92376   4.36964   1.61630
        10        12   4.48799   4.48799
        10        13
        10        14   3.15113   1.66732
        10        15   3.77534   3.77534
        10        16   4.60256   3.38143   4.60256   3.38143
        10        17   1.66519   4.40380
        10        18   3.85210
        10        19
        10        20   4.37976   3.52852
        10        21   4.37976   3.52852
        10        22   4.79170
        10        23   1.61630   4.36964   4.92376
        10        24   4.70262   3.53616
        10        25   4.70262   3.53616
        10        26   4.92376   1.61630   4.36964
        10        27   4.79170
        11        12
        11        13   4.48799   4.48799
        11        14   3.77534   3.77534
        11        15   1.66732   3.15113
        11        16   4.40380   1.66519
        11        17   3.38143   4.60256   3.38143   4.60256
        11        18
        11        19   3.85210
        11        20   4.79170
        11        21   4.79170
        11        22   3.52852   4.37976
        11        23   3.53616   4.70262
        11        24   4.92376   4.36964   1.61630
        11        25   4.36964   1.61630   4.92376
        11        26   3.53616   4.70262
        11        27   3.52852   4.37976
        12         0   4.14758   2.13880   4.80564
        12         1   4.80564   4.14758   2.13880
        12         2   4.66343
        12         3   4.66343
        12         4   4.23896   2.15510
        12         5
        12         6   3.58195   4.76646   3.58195   4.76646
        12         7   3.56207   4.89591
        12         8   1.66732   3.15113
        12         9   3.77534   3.77534
        12        10   4.48799   4.48799
        12        11
        13         0   4.80564   2.13880   4.14758
        13         1   2.13880   4.14758   4.80564
        13         2   4.66343
        13         3   4.66343
        13         4
        13         5   2.15510   4.23896
        13         6   4.89591   3.56207
        13         7   4.76646   3.58195   4.76646   3.58195
        13         8   3.77534   3.77534
        13         9   3.15113   1.66732
        13        10
        13        11   4.48799   4.48799
        14         0   4.66343
        14         1   4.66343
        14         2   4.14758   2.13880   4.80564
        14         3   4.80564   4.14758   2.13880
        14         4   3.58195   4.76646   3.58195   4.76646
        14         5   3.56207   4.89591
        14         6   4.23896   2.15510
        14         7
        14         8   4.48799   4.48799
        14         9
        14        10   1.66732   3.15113
        14        11   3.77534   3.77534
        15         0   4.66343
        15         1   4.66343
        15         2   4.80564   2.13880   4.14758
        15         3   2.13880   4.14758   4.80564
        15         4   4.89591   3.56207
        15         5   4.76646   3.58195   4.76646   3.58195
        15         6
        15         7   2.15510   4.23896
        15         8
        15         9   4.48799   4.48799
        15        10   3.77534   3.77534
        15        11   3.15113   1.66732
        16         0
        16         1
        16         2   4.79385   3.80649   2.11218
        16         3   3.80649   2.11218   4.79385
        16         4   2.10810   4.11494
        16         5   4.27181   4.27181
        16         6   4.08512   4.08512
        16         7   4.82415   3.73373
        16         8   3.85210
        16         9
        16        10   3.38143   4.60256   3.38143   4.60256
        16        11   1.66519   4.40380
        17         0
        17         1
        17         2   2.11218   3.80649   4.79385
        17         3   4.79385   2.11218   3.80649
        17         4   4.27181   4.27181
        17         5   4.11494   2.10810
        17         6   3.73373   4.82415
        17         7   4.08512   4.08512
        17         8
        17         9   3.85210
        17        10   4.40380   1.66519
        17        11   4.60256   3.38143   4.60256   3.38143
        18         0   4.79385   3.80649   2.11218
        18         1   3.80649   2.11218   4.79385
        18         2
        18         3
        18         4   4.08512   4.08512
        18         5   4.82415   3.73373
        18         6   2.10810   4.11494
        18         7   4.27181   4.27181
        18         8   3.38143   4.60256   3.38143   4.60256
        18         9   1.66519   4.40380
        18        10   3.85210
        18        11
        19         0   2.11218   3.80649   4.79385
        19         1   4.79385   2.11218   3.80649
        19         2
        19         3
        19         4   3.73373   4.82415
        19         5   4.08512   4.08512
        19         6   4.27181   4.27181
        19         7   4.11494   2.10810
        19         8   4.40380   1.66519
        19         9   4.60256   3.38143   4.60256   3.38143
        19        10
        19        11   3.85210
        20         0   2.20151   3.87479
        20         1   3.95754   3.54271   4.76636
        20         2   4.93659   4.61071
        20         3   3.68163
        20         4   2.25523   3.81536
        20         5
        20         6   4.26878   2.11668   4.45968
        20         7   4.37288
        20         8   4.92376   4.36964   1.61630
        20         9   4.70262   3.53616
        20        10   3.52852   4.37976
        20        11   4.79170
        21         0   3.54271   4.76636   3.95754
        21         1   2.20151   3.87479
        21         2   3.68163
        21         3   4.61071   4.93659
        21         4   2.25523   3.81536
        21         5
        21         6   4.45968   4.26878   2.11668
        21         7   4.37288
        21         8   4.36964   1.61630   4.92376
        21         9   4.70262   3.53616
        21        10   3.52852   4.37976
        21        11   4.79170
        22         0   3.95754   4.76636   3.54271
        22         1   3.87479   2.20151
        22         2   3.68163
        22         3   4.93659   4.61071
        22         4
        22         5   3.81536   2.25523
        22         6   4.37288
        22         7   2.11668   4.26878   4.45968
        22         8   3.53616   4.70262
        22         9   4.92376   1.61630   4.36964
        22        10   4.79170
        22        11   4.37976   3.52852
        23         0   4.93659   4.61071
        23         1   3.68163
        23         2   2.20151   3.87479
        23         3   3.95754   3.54271   4.76636
        23         4   4.26878   2.11668   4.45968
        23         5   4.37288
        23         6   2.25523   3.81536
        23         7
        23         8   3.52852   4.37976
        23         9   4.79170
        23        10   4.92376   4.36964   1.61630
        23        11   4.70262   3.53616
        24         0   4.61071   4.93659
        24         1   3.68163
        24         2   3.87479   2.20151
        24         3   4.76636   3.54271   3.95754
        24         4   4.37288
        24         5   4.45968   2.11668   4.26878
        24         6
        24         7   3.81536   2.25523
        24         8   4.79170
        24         9   4.37976   3.52852
        24        10   3.53616   4.70262
        24        11   1.61630   4.36964   4.92376
        25         0   3.68163
        25         1   4.93659   4.61071
        25         2   3.95754   4.76636   3.54271
        25         3   3.87479   2.20151
        25         4   4.37288
        25         5   2.11668   4.26878   4.45968
        25         6
        25         7   3.81536   2.25523
        25         8   4.79170
        25         9   4.37976   3.52852
        25        10   3.53616   4.70262
        25        11   4.92376   1.61630   4.36964
        26         0   3.68163
        26         1   4.61071   4.93659
        26         2   3.54271   4.76636   3.95754
        26         3   2.20151   3.87479
        26         4   4.45968   4.26878   2.11668
        26         5   4.37288
        26         6   2.25523   3.81536
        26         7
        26         8   3.52852   4.37976
        26         9   4.79170
        26        10   4.36964   1.61630   4.92376
        26        11   4.70262   3.53616
        27         0   3.87479   2.20151
        27         1   4.76636   3.54271   3.95754
        27         2   4.61071   4.93659
        27         3   3.68163
        27         4
        27         5   3.81536   2.25523
        27         6   4.37288
        27         7   4.45968   2.11668   4.26878
        27         8   3.53616   4.70262
        27         9   1.61630   4.36964   4.92376
        27        10   4.79170
        27        11   4.37976   3.52852
