 11.095  0  0  3.527044013884335e-16  5.7601  0  6.333260921790537e-16  0.0  10.343 
5
0 24  3.2286449999999998  1.440025  2.8701825000000003 
0 25  7.866355000000001  4.320075  7.472817500000001 
0 26  2.318855000000001  4.320075  8.0416825 
0 27  8.776145000000001  1.440025  2.3013175 
0 28  0.2141335000000002  1.440025  1.2142682 
0 29  10.880866500000002  4.320075  9.1287318 
0 30  5.3333665  4.320075  6.385768199999999 
0 31  5.7616335  1.440025  3.9572317999999997 
0 32  11.047291500000002  4.320075  1.251503 
0 33  0.047708500000000646  1.440025  9.091497 
0 34  5.5952085  1.440025  6.423003 
0 35  5.4997915  4.320075  3.919997 
0 36  1.3502615000000002  1.440025  4.9046506 
0 37  9.7447385  4.320075  5.438349400000001 
0 38  4.197238500000001  4.320075  10.0761506 
0 39  6.8977615000000005  1.440025  0.2668494 
0 40  1.0684485000000008  4.320075  5.6503809 
0 41  10.0265515  1.440025  4.6926191 
0 42  4.479051500000001  1.440025  0.4788809 
0 43  6.615948500000002  4.320075  9.8641191 
0 44  1.8830434000000014  5.62243361  10.27442591 
0 45  1.8830434000000011  3.0177163900000004  10.27442591 
0 46  9.2119566  2.7423836100000005  0.06857408999999999 
0 47  3.6644566000000007  2.7423836100000005  5.10292591 
0 48  7.4305434  3.0177163900000004  5.24007409 
0 49  7.4305434  5.62243361  5.24007409 
0 50  3.6644566000000007  0.13766639000000003  5.10292591 
0 51  9.2119566  0.13766639000000003  0.06857408999999999 
0 52  5.5602592500000005  5.49974348  1.8697041099999998 
0 53  5.5602592500000005  3.1404065200000004  1.8697041099999998 
0 54  5.534740750000001  2.61969348  8.47329589 
0 55  11.08224075  2.61969348  7.04120411 
0 56  0.012759250000000395  3.1404065200000004  3.30179589 
0 57  0.01275925000000054  5.49974348  3.30179589 
0 58  11.08224075  0.26035652  7.04120411 
0 59  5.534740750000001  0.26035652  8.47329589 
1 24  3.2286449999999998  -1.440025  2.8701825000000003 
1 25  7.866355000000001  1.4400249999999999  7.472817500000001 
1 26  2.318855000000001  1.4400249999999999  8.0416825 
1 27  8.776145000000001  -1.440025  2.3013175 
1 28  0.21413350000000003  -1.440025  1.2142682 
1 29  10.880866500000002  1.4400249999999999  9.1287318 
1 30  5.3333665  1.4400249999999999  6.385768199999999 
1 31  5.7616335  -1.440025  3.9572317999999997 
1 32  11.047291500000002  1.4400249999999999  1.251503 
1 33  0.04770850000000047  -1.440025  9.091497 
1 34  5.5952085  -1.440025  6.423003 
1 35  5.4997915  1.4400249999999999  3.919997 
1 36  1.3502615  -1.440025  4.9046506 
1 37  9.7447385  1.4400249999999999  5.438349400000001 
1 38  4.197238500000001  1.4400249999999999  10.0761506 
1 39  6.8977615000000005  -1.440025  0.2668494 
1 40  1.0684485000000006  1.4400249999999999  5.6503809 
1 41  10.0265515  -1.440025  4.6926191 
1 42  4.479051500000001  -1.440025  0.4788809 
1 43  6.615948500000002  1.4400249999999999  9.8641191 
1 44  1.8830434000000011  2.7423836099999996  10.27442591 
1 45  1.883043400000001  0.13766639000000014  10.27442591 
1 46  9.2119566  -0.1376663899999997  0.06857408999999999 
1 47  3.6644566000000007  -0.1376663899999997  5.10292591 
1 48  7.4305434  0.13766639000000014  5.24007409 
1 49  7.4305434  2.7423836099999996  5.24007409 
1 50  3.6644566000000007  -2.74238361  5.10292591 
1 51  9.2119566  -2.74238361  0.06857408999999999 
1 52  5.5602592500000005  2.61969348  1.8697041099999998 
1 53  5.5602592500000005  0.2603565200000002  1.8697041099999998 
1 54  5.534740750000001  -0.2603565200000002  8.47329589 
1 55  11.08224075  -0.2603565200000002  7.04120411 
1 56  0.012759250000000218  0.2603565200000002  3.30179589 
1 57  0.012759250000000362  2.61969348  3.30179589 
1 58  11.08224075  -2.6196934800000005  7.04120411 
1 59  5.534740750000001  -2.6196934800000005  8.47329589 
2 24  -2.3188550000000006  -1.440025  -2.3013174999999997 
2 25  2.318855000000001  1.4400249999999999  2.3013175000000006 
2 26  -3.2286449999999993  1.4400249999999999  2.8701825000000003 
2 27  3.228645000000001  -1.440025  -2.8701825 
2 28  -5.3333665  -1.440025  -3.9572317999999997 
2 29  5.333366500000001  1.4400249999999999  3.9572318000000006 
2 30  -0.21413349999999998  1.4400249999999999  1.2142681999999994 
2 31  0.21413349999999998  -1.440025  -1.2142682000000002 
2 32  5.4997915000000015  1.4400249999999999  -3.919997 
2 33  -5.4997915  -1.440025  3.9199970000000004 
2 34  0.04770849999999971  -1.440025  1.2515029999999996 
2 35  -0.0477085000000006  1.4400249999999999  -1.251503 
2 36  -4.1972385  -1.440025  -0.2668493999999999 
2 37  4.1972385  1.4400249999999999  0.2668494000000008 
2 38  -1.3502614999999993  1.4400249999999999  4.9046506 
2 39  1.3502615000000002  -1.440025  -4.9046506 
2 40  -4.4790515  1.4400249999999999  0.47888090000000005 
2 41  4.4790515  -1.440025  -0.47888090000000005 
2 42  -1.0684484999999997  -1.440025  -4.6926191 
2 43  1.0684485000000015  1.4400249999999999  4.6926191 
2 44  -3.664456599999999  2.7423836099999996  5.10292591 
2 45  -3.6644565999999994  0.13766639000000014  5.10292591 
2 46  3.6644566000000003  -0.1376663899999997  -5.10292591 
2 47  -1.8830433999999996  -0.1376663899999997  -0.06857409000000025 
2 48  1.8830434  0.13766639000000014  0.06857409000000025 
2 49  1.8830434  2.7423836099999996  0.06857409000000025 
2 50  -1.8830433999999996  -2.74238361  -0.06857409000000025 
2 51  3.6644566000000003  -2.74238361  -5.10292591 
2 52  0.012759250000000222  2.61969348  -3.30179589 
2 53  0.012759250000000222  0.2603565200000002  -3.30179589 
2 54  -0.012759249999999334  -0.2603565200000002  3.3017958899999993 
2 55  5.53474075  -0.2603565200000002  1.8697041099999998 
2 56  -5.53474075  0.2603565200000002  -1.8697041099999998 
2 57  -5.53474075  2.61969348  -1.8697041099999998 
2 58  5.53474075  -2.6196934800000005  1.8697041099999998 
2 59  -0.012759249999999334  -2.6196934800000005  3.3017958899999993 
3 24  -2.3188550000000006  1.440025  -2.3013174999999997 
3 25  2.318855000000001  4.320075  2.3013175000000006 
3 26  -3.2286449999999993  4.320075  2.8701825000000003 
3 27  3.228645000000001  1.440025  -2.8701825 
3 28  -5.3333665  1.440025  -3.9572317999999997 
3 29  5.333366500000001  4.320075  3.9572318000000006 
3 30  -0.21413349999999998  4.320075  1.2142681999999994 
3 31  0.21413349999999998  1.440025  -1.2142682000000002 
3 32  5.4997915000000015  4.320075  -3.919997 
3 33  -5.4997915  1.440025  3.9199970000000004 
3 34  0.04770849999999971  1.440025  1.2515029999999996 
3 35  -0.0477085000000006  4.320075  -1.251503 
3 36  -4.1972385  1.440025  -0.2668493999999999 
3 37  4.1972385  4.320075  0.2668494000000008 
3 38  -1.3502614999999993  4.320075  4.9046506 
3 39  1.3502615000000002  1.440025  -4.9046506 
3 40  -4.4790515  4.320075  0.47888090000000005 
3 41  4.4790515  1.440025  -0.47888090000000005 
3 42  -1.0684484999999997  1.440025  -4.6926191 
3 43  1.0684485000000015  4.320075  4.6926191 
3 44  -3.664456599999999  5.62243361  5.10292591 
3 45  -3.6644565999999994  3.0177163900000004  5.10292591 
3 46  3.6644566000000003  2.7423836100000005  -5.10292591 
3 47  -1.8830433999999996  2.7423836100000005  -0.06857409000000025 
3 48  1.8830434  3.0177163900000004  0.06857409000000025 
3 49  1.8830434  5.62243361  0.06857409000000025 
3 50  -1.8830433999999996  0.13766639000000003  -0.06857409000000025 
3 51  3.6644566000000003  0.13766639000000003  -5.10292591 
3 52  0.012759250000000222  5.49974348  -3.30179589 
3 53  0.012759250000000222  3.1404065200000004  -3.30179589 
3 54  -0.012759249999999334  2.61969348  3.3017958899999993 
3 55  5.53474075  2.61969348  1.8697041099999998 
3 56  -5.53474075  3.1404065200000004  -1.8697041099999998 
3 57  -5.53474075  5.49974348  -1.8697041099999998 
3 58  5.53474075  0.26035652  1.8697041099999998 
3 59  -0.012759249999999334  0.26035652  3.3017958899999993 
4 24  3.2286449999999993  1.440025  -2.3013174999999997 
4 25  7.866355000000001  4.320075  2.3013175000000006 
4 26  2.3188550000000006  4.320075  2.8701825000000003 
4 27  8.776145000000001  1.440025  -2.8701825 
4 28  0.2141334999999999  1.440025  -3.9572317999999997 
4 29  10.880866500000002  4.320075  3.9572318000000006 
4 30  5.3333665  4.320075  1.2142681999999994 
4 31  5.7616335  1.440025  -1.2142682000000002 
4 32  11.047291500000002  4.320075  -3.919997 
4 33  0.04770850000000033  1.440025  3.9199970000000004 
4 34  5.5952085  1.440025  1.2515029999999996 
4 35  5.4997915  4.320075  -1.251503 
4 36  1.3502615  1.440025  -0.2668493999999999 
4 37  9.7447385  4.320075  0.2668494000000008 
4 38  4.197238500000001  4.320075  4.9046506 
4 39  6.8977615000000005  1.440025  -4.9046506 
4 40  1.0684485000000006  4.320075  0.47888090000000005 
4 41  10.0265515  1.440025  -0.47888090000000005 
4 42  4.479051500000001  1.440025  -4.6926191 
4 43  6.615948500000002  4.320075  4.6926191 
4 44  1.8830434000000011  5.62243361  5.10292591 
4 45  1.883043400000001  3.0177163900000004  5.10292591 
4 46  9.2119566  2.7423836100000005  -5.10292591 
4 47  3.6644566000000003  2.7423836100000005  -0.06857409000000025 
4 48  7.4305434  3.0177163900000004  0.06857409000000025 
4 49  7.4305434  5.62243361  0.06857409000000025 
4 50  3.6644566000000003  0.13766639000000003  -0.06857409000000025 
4 51  9.2119566  0.13766639000000003  -5.10292591 
4 52  5.5602592500000005  5.49974348  -3.30179589 
4 53  5.5602592500000005  3.1404065200000004  -3.30179589 
4 54  5.534740750000001  2.61969348  3.3017958899999993 
4 55  11.08224075  2.61969348  1.8697041099999998 
4 56  0.012759250000000078  3.1404065200000004  -1.8697041099999998 
4 57  0.012759250000000222  5.49974348  -1.8697041099999998 
4 58  11.08224075  0.26035652  1.8697041099999998 
4 59  5.534740750000001  0.26035652  3.3017958899999993 
5 24  3.2286449999999993  -1.440025  -2.3013174999999997 
5 25  7.866355  1.4400249999999999  2.3013175000000006 
5 26  2.3188550000000006  1.4400249999999999  2.8701825000000003 
5 27  8.776145000000001  -1.440025  -2.8701825 
5 28  0.2141334999999997  -1.440025  -3.9572317999999997 
5 29  10.880866500000002  1.4400249999999999  3.9572318000000006 
5 30  5.3333664999999995  1.4400249999999999  1.2142681999999994 
5 31  5.761633499999999  -1.440025  -1.2142682000000002 
5 32  11.047291500000002  1.4400249999999999  -3.919997 
5 33  0.047708500000000154  -1.440025  3.9199970000000004 
5 34  5.595208499999999  -1.440025  1.2515029999999996 
5 35  5.499791499999999  1.4400249999999999  -1.251503 
5 36  1.3502614999999998  -1.440025  -0.2668493999999999 
5 37  9.7447385  1.4400249999999999  0.2668494000000008 
5 38  4.1972385  1.4400249999999999  4.9046506 
5 39  6.8977615  -1.440025  -4.9046506 
5 40  1.0684485000000004  1.4400249999999999  0.47888090000000005 
5 41  10.0265515  -1.440025  -0.47888090000000005 
5 42  4.4790515  -1.440025  -4.6926191 
5 43  6.615948500000001  1.4400249999999999  4.6926191 
5 44  1.883043400000001  2.7423836099999996  5.10292591 
5 45  1.8830434000000007  0.13766639000000014  5.10292591 
5 46  9.2119566  -0.1376663899999997  -5.10292591 
5 47  3.6644566000000003  -0.1376663899999997  -0.06857409000000025 
5 48  7.4305433999999995  0.13766639000000014  0.06857409000000025 
5 49  7.4305433999999995  2.7423836099999996  0.06857409000000025 
5 50  3.6644566000000003  -2.74238361  -0.06857409000000025 
5 51  9.2119566  -2.74238361  -5.10292591 
5 52  5.56025925  2.61969348  -3.30179589 
5 53  5.56025925  0.2603565200000002  -3.30179589 
5 54  5.53474075  -0.2603565200000002  3.3017958899999993 
5 55  11.08224075  -0.2603565200000002  1.8697041099999998 
5 56  0.012759249999999903  0.2603565200000002  -1.8697041099999998 
5 57  0.012759250000000047  2.61969348  -1.8697041099999998 
5 58  11.08224075  -2.6196934800000005  1.8697041099999998 
5 59  5.53474075  -2.6196934800000005  3.3017958899999993 
6 24  -2.3188550000000006  -1.440025  2.8701825000000003 
6 25  2.318855000000001  1.4400249999999999  7.472817500000001 
6 26  -3.2286449999999993  1.4400249999999999  8.0416825 
6 27  3.228645000000001  -1.440025  2.3013175 
6 28  -5.3333665  -1.440025  1.2142682 
6 29  5.333366500000001  1.4400249999999999  9.1287318 
6 30  -0.21413349999999998  1.4400249999999999  6.385768199999999 
6 31  0.21413349999999998  -1.440025  3.9572317999999997 
6 32  5.4997915000000015  1.4400249999999999  1.251503 
6 33  -5.4997915  -1.440025  9.091497 
6 34  0.04770849999999971  -1.440025  6.423003 
6 35  -0.0477085000000006  1.4400249999999999  3.919997 
6 36  -4.1972385  -1.440025  4.9046506 
6 37  4.1972385  1.4400249999999999  5.438349400000001 
6 38  -1.3502614999999993  1.4400249999999999  10.0761506 
6 39  1.3502615000000002  -1.440025  0.2668494 
6 40  -4.4790515  1.4400249999999999  5.6503809 
6 41  4.4790515  -1.440025  4.6926191 
6 42  -1.0684484999999997  -1.440025  0.4788809 
6 43  1.0684485000000015  1.4400249999999999  9.8641191 
6 44  -3.664456599999999  2.7423836099999996  10.27442591 
6 45  -3.6644565999999994  0.13766639000000014  10.27442591 
6 46  3.6644566000000003  -0.1376663899999997  0.06857408999999999 
6 47  -1.8830433999999996  -0.1376663899999997  5.10292591 
6 48  1.8830434  0.13766639000000014  5.24007409 
6 49  1.8830434  2.7423836099999996  5.24007409 
6 50  -1.8830433999999996  -2.74238361  5.10292591 
6 51  3.6644566000000003  -2.74238361  0.06857408999999999 
6 52  0.012759250000000222  2.61969348  1.8697041099999998 
6 53  0.012759250000000222  0.2603565200000002  1.8697041099999998 
6 54  -0.012759249999999334  -0.2603565200000002  8.47329589 
6 55  5.53474075  -0.2603565200000002  7.04120411 
6 56  -5.53474075  0.2603565200000002  3.30179589 
6 57  -5.53474075  2.61969348  3.30179589 
6 58  5.53474075  -2.6196934800000005  7.04120411 
6 59  -0.012759249999999334  -2.6196934800000005  8.47329589 
7 24  -2.3188550000000006  1.440025  2.8701825000000003 
7 25  2.318855000000001  4.320075  7.472817500000001 
7 26  -3.2286449999999993  4.320075  8.0416825 
7 27  3.228645000000001  1.440025  2.3013175 
7 28  -5.3333665  1.440025  1.2142682 
7 29  5.333366500000001  4.320075  9.1287318 
7 30  -0.21413349999999998  4.320075  6.385768199999999 
7 31  0.21413349999999998  1.440025  3.9572317999999997 
7 32  5.4997915000000015  4.320075  1.251503 
7 33  -5.4997915  1.440025  9.091497 
7 34  0.04770849999999971  1.440025  6.423003 
7 35  -0.0477085000000006  4.320075  3.919997 
7 36  -4.1972385  1.440025  4.9046506 
7 37  4.1972385  4.320075  5.438349400000001 
7 38  -1.3502614999999993  4.320075  10.0761506 
7 39  1.3502615000000002  1.440025  0.2668494 
7 40  -4.4790515  4.320075  5.6503809 
7 41  4.4790515  1.440025  4.6926191 
7 42  -1.0684484999999997  1.440025  0.4788809 
7 43  1.0684485000000015  4.320075  9.8641191 
7 44  -3.664456599999999  5.62243361  10.27442591 
7 45  -3.6644565999999994  3.0177163900000004  10.27442591 
7 46  3.6644566000000003  2.7423836100000005  0.06857408999999999 
7 47  -1.8830433999999996  2.7423836100000005  5.10292591 
7 48  1.8830434  3.0177163900000004  5.24007409 
7 49  1.8830434  5.62243361  5.24007409 
7 50  -1.8830433999999996  0.13766639000000003  5.10292591 
7 51  3.6644566000000003  0.13766639000000003  0.06857408999999999 
7 52  0.012759250000000222  5.49974348  1.8697041099999998 
7 53  0.012759250000000222  3.1404065200000004  1.8697041099999998 
7 54  -0.012759249999999334  2.61969348  8.47329589 
7 55  5.53474075  2.61969348  7.04120411 
7 56  -5.53474075  3.1404065200000004  3.30179589 
7 57  -5.53474075  5.49974348  3.30179589 
7 58  5.53474075  0.26035652  7.04120411 
7 59  -0.012759249999999334  0.26035652  8.47329589 
8 24  -1.74602015  0.0  0.5253209700000006 
8 25  2.8916898500000014  2.8800499999999998  5.12795597 
8 26  -2.655810149999999  2.8800499999999998  5.696820970000001 
8 27  3.8014798500000015  0.0  -0.04354402999999962 
8 28  -4.76053165  0.0  -1.1305933299999997 
8 29  5.906201350000002  2.8800499999999998  6.783870270000001 
8 30  0.3587013500000005  2.8800499999999998  4.04090667 
8 31  0.7869683500000004  0.0  1.61237027 
8 32  6.072626350000002  2.8800499999999998  -1.0933585299999997 
8 33  -4.926956649999999  0.0  6.746635470000001 
8 34  0.6205433500000002  0.0  4.07814147 
8 35  0.5251263499999999  2.8800499999999998  1.5751354700000002 
8 36  -3.6244036499999996  0.0  2.5597890700000003 
8 37  4.7700733500000005  2.8800499999999998  3.093487870000001 
8 38  -0.7774266499999989  2.8800499999999998  7.731289070000001 
8 39  1.9230963500000007  0.0  -2.07801213 
8 40  -3.9062166499999993  2.8800499999999998  3.3055193700000003 
8 41  5.05188635  0.0  2.34775757 
8 42  -0.49561364999999924  0.0  -1.8659806299999997 
8 43  1.641283350000002  2.8800499999999998  7.519257570000001 
8 44  -3.0916217499999985  4.1824086099999995  7.92956438 
8 45  -3.091621749999999  1.5776913900000002  7.92956438 
8 46  4.237291450000001  1.3023586100000004  -2.27628744 
8 47  -1.3102085499999991  1.3023586100000004  2.75806438 
8 48  2.4558782500000005  1.5776913900000002  2.8952125600000005 
8 49  2.4558782500000005  4.1824086099999995  2.8952125600000005 
8 50  -1.3102085499999991  -1.3023586100000002  2.75806438 
8 51  4.237291450000001  -1.3023586100000002  -2.27628744 
8 52  0.5855941000000007  4.05971848  -0.47515741999999994 
8 53  0.5855941000000007  1.7003815200000003  -0.47515741999999994 
8 54  0.5600756000000011  1.17966848  6.12843436 
8 55  6.1075756000000005  1.17966848  4.69634258 
8 56  -4.9619059  1.7003815200000003  0.9569343600000004 
8 57  -4.9619059  4.05971848  0.9569343600000004 
8 58  6.1075756000000005  -1.1796684800000001  4.69634258 
8 59  0.5600756000000011  -1.1796684800000001  6.12843436 
9 24  -2.891689850000001  -2.8800499999999998  -5.12795597 
9 25  1.7460201500000005  0.0  -0.5253209700000001 
9 26  -3.8014798499999998  0.0  0.04354402999999962 
9 27  2.6558101500000006  -2.8800499999999998  -5.696820970000001 
9 28  -5.906201350000001  -2.8800499999999998  -6.78387027 
9 29  4.760531650000001  0.0  1.13059333 
9 30  -0.7869683500000004  0.0  -1.6123702700000013 
9 31  -0.3587013500000005  -2.8800499999999998  -4.040906670000001 
9 32  4.926956650000001  0.0  -6.746635470000001 
9 33  -6.07262635  -2.8800499999999998  1.0933585299999997 
9 34  -0.5251263500000007  -2.8800499999999998  -1.575135470000001 
9 35  -0.620543350000001  0.0  -4.07814147 
9 36  -4.7700733500000005  -2.8800499999999998  -3.0934878700000006 
9 37  3.6244036499999996  0.0  -2.55978907 
9 38  -1.9230963499999998  0.0  2.0780121299999994 
9 39  0.7774266499999998  -2.8800499999999998  -7.731289070000001 
9 40  -5.05188635  0.0  -2.3477575700000006 
9 41  3.9062166499999993  -2.8800499999999998  -3.3055193700000007 
9 42  -1.6412833500000001  -2.8800499999999998  -7.519257570000001 
9 43  0.495613650000001  0.0  1.8659806299999993 
9 44  -4.237291449999999  1.3023586099999998  2.276287439999999 
9 45  -4.23729145  -1.3023586099999998  2.276287439999999 
9 46  3.09162175  -1.5776913899999996  -7.92956438 
9 47  -2.45587825  -1.5776913899999996  -2.895212560000001 
9 48  1.3102085499999996  -1.3023586099999998  -2.7580643800000004 
9 49  1.3102085499999996  1.3023586099999998  -2.7580643800000004 
9 50  -2.45587825  -4.18240861  -2.895212560000001 
9 51  3.09162175  -4.18240861  -7.92956438 
9 52  -0.5600756000000002  1.1796684800000001  -6.128434360000001 
9 53  -0.5600756000000002  -1.1796684799999997  -6.128434360000001 
9 54  -0.5855940999999998  -1.70038152  0.4751574199999986 
9 55  4.9619059  -1.70038152  -0.9569343600000009 
9 56  -6.1075756000000005  -1.1796684799999997  -4.6963425800000005 
9 57  -6.1075756000000005  1.1796684800000001  -4.6963425800000005 
9 58  4.9619059  -4.05971848  -0.9569343600000009 
9 59  -0.5855940999999998  -4.05971848  0.4751574199999986 
10 24  2.655810149999999  -2.8800499999999998  -4.646179029999999 
10 25  7.293520150000001  0.0  -0.043544029999998735 
10 26  1.7460201500000003  0.0  0.525320970000001 
10 27  8.20331015  -2.8800499999999998  -5.21504403 
10 28  -0.3587013500000005  -2.8800499999999998  -6.302093329999999 
10 29  10.30803165  0.0  1.6123702700000013 
10 30  4.76053165  0.0  -1.13059333 
10 31  5.18879865  -2.8800499999999998  -3.5591297299999995 
10 32  10.47445665  0.0  -6.26485853 
10 33  -0.5251263500000001  -2.8800499999999998  1.575135470000001 
10 34  5.02237365  -2.8800499999999998  -1.0933585299999997 
10 35  4.926956649999999  0.0  -3.5963645299999993 
10 36  0.7774266499999996  -2.8800499999999998  -2.611710929999999 
10 37  9.171903649999999  0.0  -2.0780121299999985 
10 38  3.6244036500000005  0.0  2.5597890700000008 
10 39  6.32492665  -2.8800499999999998  -7.249512129999999 
10 40  0.4956136500000001  0.0  -1.8659806299999993 
10 41  9.453716649999999  -2.8800499999999998  -2.8237424299999994 
10 42  3.90621665  -2.8800499999999998  -7.037480629999999 
10 43  6.043113650000001  0.0  2.3477575700000006 
10 44  1.3102085500000007  1.3023586099999998  2.7580643800000004 
10 45  1.3102085500000005  -1.3023586099999998  2.7580643800000004 
10 46  8.63912175  -1.5776913899999996  -7.447787439999999 
10 47  3.09162175  -1.5776913899999996  -2.4134356199999996 
10 48  6.85770855  -1.3023586099999998  -2.276287439999999 
10 49  6.85770855  1.3023586099999998  -2.276287439999999 
10 50  3.09162175  -4.18240861  -2.4134356199999996 
10 51  8.63912175  -4.18240861  -7.447787439999999 
10 52  4.9874244  1.1796684800000001  -5.6466574199999995 
10 53  4.9874244  -1.1796684799999997  -5.6466574199999995 
10 54  4.9619059000000005  -1.70038152  0.95693436 
10 55  10.509405899999999  -1.70038152  -0.4751574199999995 
10 56  -0.5600756000000002  -1.1796684799999997  -4.214565639999999 
10 57  -0.5600756000000001  1.1796684800000001  -4.214565639999999 
10 58  10.509405899999999  -4.05971848  -0.4751574199999995 
10 59  4.9619059000000005  -4.05971848  0.95693436 
11 24  -7.293520150000001  0.0  0.04354403000000051 
11 25  -2.6558101499999998  2.8800499999999998  4.646179030000001 
11 26  -8.20331015  2.8800499999999998  5.2150440300000005 
11 27  -1.7460201499999997  0.0  -0.5253209699999997 
11 28  -10.30803165  0.0  -1.6123702699999998 
11 29  0.3587013500000005  2.8800499999999998  6.302093330000001 
11 30  -5.188798650000001  2.8800499999999998  3.5591297299999995 
11 31  -4.760531650000001  0.0  1.13059333 
11 32  0.5251263500000007  2.8800499999999998  -1.5751354699999998 
11 33  -10.47445665  0.0  6.264858530000001 
11 34  -4.926956650000001  0.0  3.59636453 
11 35  -5.022373650000001  2.8800499999999998  1.0933585300000002 
11 36  -9.17190365  0.0  2.0780121300000003 
11 37  -0.7774266500000007  2.8800499999999998  2.611710930000001 
11 38  -6.32492665  2.8800499999999998  7.24951213 
11 39  -3.6244036500000005  0.0  -2.55978907 
11 40  -9.45371665  2.8800499999999998  2.8237424300000002 
11 41  -0.495613650000001  0.0  1.8659806300000001 
11 42  -6.0431136500000004  0.0  -2.3477575699999997 
11 43  -3.9062166499999993  2.8800499999999998  7.03748063 
11 44  -8.63912175  4.1824086099999995  7.44778744 
11 45  -8.63912175  1.5776913900000002  7.44778744 
11 46  -1.3102085500000005  1.3023586100000004  -2.75806438 
11 47  -6.85770855  1.3023586100000004  2.27628744 
11 48  -3.0916217500000007  1.5776913900000002  2.4134356200000004 
11 49  -3.0916217500000007  4.1824086099999995  2.4134356200000004 
11 50  -6.85770855  -1.3023586100000002  2.27628744 
11 51  -1.3102085500000005  -1.3023586100000002  -2.75806438 
11 52  -4.9619059000000005  4.05971848  -0.95693436 
11 53  -4.9619059000000005  1.7003815200000003  -0.95693436 
11 54  -4.9874244  1.17966848  5.6466574199999995 
11 55  0.5600755999999993  1.17966848  4.21456564 
11 56  -10.5094059  1.7003815200000003  0.4751574200000004 
11 57  -10.5094059  4.05971848  0.4751574200000004 
11 58  0.5600755999999993  -1.1796684800000001  4.21456564 
11 59  -4.9874244  -1.1796684800000001  5.6466574199999995 
12 24  0.7978414499999995  0.0  1.8795299600000002 
12 25  5.435551450000001  2.8800499999999998  6.48216496 
12 26  -0.11194854999999926  2.8800499999999998  7.05102996 
12 27  6.345341450000001  0.0  1.31066496 
12 28  -2.2166700500000003  0.0  0.22361566 
12 29  8.450062950000001  2.8800499999999998  8.138079260000001 
12 30  2.90256295  2.8800499999999998  5.395115659999999 
12 31  3.33082995  0.0  2.9665792599999996 
12 32  8.616487950000002  2.8800499999999998  0.26085046 
12 33  -2.3830950499999997  0.0  8.100844460000001 
12 34  3.1644049499999998  0.0  5.432350459999999 
12 35  3.0689879499999995  2.8800499999999998  2.92934446 
12 36  -1.08054205  0.0  3.91399806 
12 37  7.31393495  2.8800499999999998  4.447696860000001 
12 38  1.7664349500000007  2.8800499999999998  9.08549806 
12 39  4.46695795  0.0  -0.72380314 
12 40  -1.3623550499999995  2.8800499999999998  4.65972836 
12 41  7.59574795  0.0  3.70196656 
12 42  2.0482479500000004  0.0  -0.5117716400000001 
12 43  4.1851449500000015  2.8800499999999998  8.87346656 
12 44  -0.5477601499999989  4.1824086099999995  9.28377337 
12 45  -0.5477601499999991  1.5776913900000002  9.28377337 
12 46  6.78115305  1.3023586100000004  -0.92207845 
12 47  1.2336530500000005  1.3023586100000004  4.11227337 
12 48  4.99973985  1.5776913900000002  4.24942155 
12 49  4.99973985  4.1824086099999995  4.24942155 
12 50  1.2336530500000005  -1.3023586100000002  4.11227337 
12 51  6.78115305  -1.3023586100000002  -0.92207845 
12 52  3.1294557000000003  4.05971848  0.8790515699999998 
12 53  3.1294557000000003  1.7003815200000003  0.8790515699999998 
12 54  3.1039372000000007  1.17966848  7.482643349999999 
12 55  8.6514372  1.17966848  6.05055157 
12 56  -2.4180443  1.7003815200000003  2.31114335 
12 57  -2.4180442999999996  4.05971848  2.31114335 
12 58  8.6514372  -1.1796684800000001  6.05055157 
12 59  3.1039372000000007  -1.1796684800000001  7.482643349999999 
13 24  -5.43555145  -2.8800499999999998  -6.48216496 
13 25  -0.7978414499999991  0.0  -1.8795299600000002 
13 26  -6.345341449999999  0.0  -1.3106649600000004 
13 27  0.11194855000000103  -2.8800499999999998  -7.051029960000001 
13 28  -8.45006295  -2.8800499999999998  -8.138079260000001 
13 29  2.216670050000001  0.0  -0.2236156600000001 
13 30  -3.33082995  0.0  -2.9665792600000014 
13 31  -2.90256295  -2.8800499999999998  -5.395115660000001 
13 32  2.3830950500000014  0.0  -8.100844460000001 
13 33  -8.61648795  -2.8800499999999998  -0.26085046000000034 
13 34  -3.0689879500000004  -2.8800499999999998  -2.929344460000001 
13 35  -3.1644049500000007  0.0  -5.43235046 
13 36  -7.31393495  -2.8800499999999998  -4.447696860000001 
13 37  1.08054205  0.0  -3.91399806 
13 38  -4.466957949999999  0.0  0.7238031399999993 
13 39  -1.7664349499999998  -2.8800499999999998  -9.08549806 
13 40  -7.59574795  0.0  -3.7019665600000007 
13 41  1.3623550499999997  -2.8800499999999998  -4.659728360000001 
13 42  -4.18514495  -2.8800499999999998  -8.87346656 
13 43  -2.0482479499999986  0.0  0.5117716399999992 
13 44  -6.781153049999999  1.3023586099999998  0.922078449999999 
13 45  -6.7811530499999995  -1.3023586099999998  0.922078449999999 
13 46  0.5477601500000002  -1.5776913899999996  -9.28377337 
13 47  -4.999739849999999  -1.5776913899999996  -4.249421550000001 
13 48  -1.23365305  -1.3023586099999998  -4.1122733700000005 
13 49  -1.23365305  1.3023586099999998  -4.1122733700000005 
13 50  -4.999739849999999  -4.18240861  -4.249421550000001 
13 51  0.5477601500000002  -4.18240861  -9.28377337 
13 52  -3.1039372  1.1796684800000001  -7.482643350000001 
13 53  -3.1039372  -1.1796684799999997  -7.482643350000001 
13 54  -3.1294556999999994  -1.70038152  -0.8790515700000014 
13 55  2.4180443  -1.70038152  -2.311143350000001 
13 56  -8.6514372  -1.1796684799999997  -6.0505515700000005 
13 57  -8.6514372  1.1796684800000001  -6.0505515700000005 
13 58  2.4180443  -4.05971848  -2.311143350000001 
13 59  -3.1294556999999994  -4.05971848  -0.8790515700000014 
14 24  0.11194854999999881  -2.8800499999999998  -3.29197004 
14 25  4.74965855  0.0  1.3106649600000004 
14 26  -0.79784145  0.0  1.8795299600000002 
14 27  5.6594485500000005  -2.8800499999999998  -3.86083504 
14 28  -2.902562950000001  -2.8800499999999998  -4.94788434 
14 29  7.764170050000001  0.0  2.9665792600000005 
14 30  2.2166700499999994  0.0  0.22361565999999922 
14 31  2.6449370499999993  -2.8800499999999998  -2.2049207400000004 
14 32  7.930595050000001  0.0  -4.91064954 
14 33  -3.0689879500000004  -2.8800499999999998  2.9293444600000003 
14 34  2.478512049999999  -2.8800499999999998  0.26085045999999945 
14 35  2.3830950499999988  0.0  -2.24215554 
14 36  -1.7664349500000007  -2.8800499999999998  -1.25750194 
14 37  6.6280420499999995  0.0  -0.7238031399999993 
14 38  1.08054205  0.0  3.91399806 
14 39  3.7810650499999996  -2.8800499999999998  -5.89530314 
14 40  -2.0482479500000004  0.0  -0.5117716400000001 
14 41  6.909855049999999  -2.8800499999999998  -1.4695334400000002 
14 42  1.3623550499999997  -2.8800499999999998  -5.68327164 
14 43  3.499252050000001  0.0  3.70196656 
14 44  -1.2336530499999996  1.3023586099999998  4.11227337 
14 45  -1.2336530499999998  -1.3023586099999998  4.11227337 
14 46  6.09526015  -1.5776913899999996  -6.09357845 
14 47  0.5477601499999998  -1.5776913899999996  -1.0592266300000004 
14 48  4.313846949999999  -1.3023586099999998  -0.9220784499999999 
14 49  4.313846949999999  1.3023586099999998  -0.9220784499999999 
14 50  0.5477601499999998  -4.18240861  -1.0592266300000004 
14 51  6.09526015  -4.18240861  -6.09357845 
14 52  2.4435627999999996  1.1796684800000001  -4.29244843 
14 53  2.4435627999999996  -1.1796684799999997  -4.29244843 
14 54  2.4180443  -1.70038152  2.311143349999999 
14 55  7.9655442999999995  -1.70038152  0.8790515699999997 
14 56  -3.1039372000000007  -1.1796684799999997  -2.86035665 
14 57  -3.1039372000000003  1.1796684800000001  -2.86035665 
14 58  7.9655442999999995  -4.05971848  0.8790515699999997 
14 59  2.4180443  -4.05971848  2.311143349999999 
15 24  -4.749658550000001  0.0  -1.3106649599999995 
15 25  -0.11194854999999926  2.8800499999999998  3.2919700400000007 
15 26  -5.65944855  2.8800499999999998  3.8608350400000004 
15 27  0.7978414500000008  0.0  -1.8795299599999997 
15 28  -7.764170050000001  0.0  -2.9665792599999996 
15 29  2.902562950000001  2.8800499999999998  4.947884340000001 
15 30  -2.6449370500000002  2.8800499999999998  2.2049207399999995 
15 31  -2.2166700500000003  0.0  -0.2236156600000001 
15 32  3.0689879500000012  2.8800499999999998  -2.92934446 
15 33  -7.93059505  0.0  4.9106495400000005 
15 34  -2.3830950500000005  0.0  2.2421555399999997 
15 35  -2.478512050000001  2.8800499999999998  -0.2608504599999999 
15 36  -6.62804205  0.0  0.7238031400000002 
15 37  1.7664349499999998  2.8800499999999998  1.257501940000001 
15 38  -3.7810650499999996  2.8800499999999998  5.89530314 
15 39  -1.08054205  0.0  -3.91399806 
15 40  -6.90985505  2.8800499999999998  1.4695334400000002 
15 41  2.0482479499999995  0.0  0.5117716400000001 
15 42  -3.49925205  0.0  -3.70196656 
15 43  -1.3623550499999988  2.8800499999999998  5.68327164 
15 44  -6.09526015  4.1824086099999995  6.09357845 
15 45  -6.09526015  1.5776913900000002  6.09357845 
15 46  1.23365305  1.3023586100000004  -4.11227337 
15 47  -4.31384695  1.3023586100000004  0.9220784499999999 
15 48  -0.5477601500000002  1.5776913900000002  1.0592266300000004 
15 49  -0.5477601500000002  4.1824086099999995  1.0592266300000004 
15 50  -4.31384695  -1.3023586100000002  0.9220784499999999 
15 51  1.23365305  -1.3023586100000002  -4.11227337 
15 52  -2.4180443  4.05971848  -2.31114335 
15 53  -2.4180443  1.7003815200000003  -2.31114335 
15 54  -2.4435627999999996  1.17966848  4.292448429999999 
15 55  3.1039372  1.17966848  2.86035665 
15 56  -7.9655443  1.7003815200000003  -0.8790515699999997 
15 57  -7.9655443  4.05971848  -0.8790515699999997 
15 58  3.1039372  -1.1796684800000001  2.86035665 
15 59  -2.4435627999999996  -1.1796684800000001  4.292448429999999 
16 24  0.3041139499999992  0.0  -1.6293327899999994 
16 25  4.941823950000001  2.8800499999999998  2.973302210000001 
16 26  -0.6056760499999996  2.8800499999999998  3.5421672100000006 
16 27  5.851613950000001  0.0  -2.1981977899999996 
16 28  -2.7103975500000006  0.0  -3.2852470899999995 
16 29  7.956335450000001  2.8800499999999998  4.629216510000001 
16 30  2.4088354499999998  2.8800499999999998  1.8862529099999996 
16 31  2.8371024499999997  0.0  -0.54228349 
16 32  8.122760450000001  2.8800499999999998  -3.2480122899999997 
16 33  -2.87682255  0.0  4.591981710000001 
16 34  2.6706774499999995  0.0  1.9234877099999999 
16 35  2.575260449999999  2.8800499999999998  -0.5795182899999998 
16 36  -1.5742695500000004  0.0  0.40513531000000036 
16 37  6.82020745  2.8800499999999998  0.938834110000001 
16 38  1.2727074500000004  2.8800499999999998  5.57663531 
16 39  3.97323045  0.0  -4.23266589 
16 40  -1.8560825499999998  2.8800499999999998  1.1508656100000003 
16 41  7.1020204499999995  0.0  0.1931038100000002 
16 42  1.55452045  0.0  -4.02063439 
16 43  3.691417450000001  2.8800499999999998  5.36460381 
16 44  -1.0414876499999992  4.1824086099999995  5.77491062 
16 45  -1.0414876499999994  1.5776913900000002  5.77491062 
16 46  6.28742555  1.3023586100000004  -4.4309411999999995 
16 47  0.7399255500000002  1.3023586100000004  0.60341062 
16 48  4.50601235  1.5776913900000002  0.7405588000000005 
16 49  4.50601235  4.1824086099999995  0.7405588000000005 
16 50  0.7399255500000002  -1.3023586100000002  0.60341062 
16 51  6.28742555  -1.3023586100000002  -4.4309411999999995 
16 52  2.6357282  4.05971848  -2.62981118 
16 53  2.6357282  1.7003815200000003  -2.62981118 
16 54  2.6102097000000004  1.17966848  3.9737805999999996 
16 55  8.1577097  1.17966848  2.54168882 
16 56  -2.9117718000000004  1.7003815200000003  -1.1977193999999995 
16 57  -2.9117718  4.05971848  -1.1977193999999995 
16 58  8.1577097  -1.1796684800000001  2.54168882 
16 59  2.6102097000000004  -1.1796684800000001  3.9737805999999996 
17 24  -4.94182395  -2.8800499999999998  -2.973302209999999 
17 25  -0.30411394999999874  0.0  1.6293327900000012 
17 26  -5.851613949999999  0.0  2.198197790000001 
17 27  0.6056760500000014  -2.8800499999999998  -3.5421672099999992 
17 28  -7.95633545  -2.8800499999999998  -4.629216509999999 
17 29  2.7103975500000015  0.0  3.2852470900000013 
17 30  -2.8371024499999997  0.0  0.54228349 
17 31  -2.4088354499999998  -2.8800499999999998  -1.8862529099999996 
17 32  2.8768225500000018  0.0  -4.591981709999999 
17 33  -8.12276045  -2.8800499999999998  3.248012290000001 
17 34  -2.57526045  -2.8800499999999998  0.5795182900000002 
17 35  -2.6706774500000003  0.0  -1.9234877099999994 
17 36  -6.82020745  -2.8800499999999998  -0.9388341099999993 
17 37  1.5742695500000004  0.0  -0.4051353099999986 
17 38  -3.973230449999999  0.0  4.232665890000001 
17 39  -1.2727074499999995  -2.8800499999999998  -5.5766353099999995 
17 40  -7.1020204499999995  0.0  -0.19310380999999932 
17 41  1.85608255  -2.8800499999999998  -1.1508656099999994 
17 42  -3.6914174499999994  -2.8800499999999998  -5.364603809999999 
17 43  -1.5545204499999983  0.0  4.020634390000001 
17 44  -6.287425549999998  1.3023586099999998  4.4309412 
17 45  -6.287425549999999  -1.3023586099999998  4.4309412 
17 46  1.0414876500000005  -1.5776913899999996  -5.774910619999999 
17 47  -4.506012349999999  -1.5776913899999996  -0.7405587999999996 
17 48  -0.7399255499999997  -1.3023586099999998  -0.6034106199999991 
17 49  -0.7399255499999997  1.3023586099999998  -0.6034106199999991 
17 50  -4.506012349999999  -4.18240861  -0.7405587999999996 
17 51  1.0414876500000005  -4.18240861  -5.774910619999999 
17 52  -2.6102096999999995  1.1796684800000001  -3.9737805999999996 
17 53  -2.6102096999999995  -1.1796684799999997  -3.9737805999999996 
17 54  -2.635728199999999  -1.70038152  2.62981118 
17 55  2.9117718000000004  -1.70038152  1.1977194000000004 
17 56  -8.1577097  -1.1796684799999997  -2.541688819999999 
17 57  -8.1577097  1.1796684800000001  -2.541688819999999 
17 58  2.9117718000000004  -4.05971848  1.1977194000000004 
17 59  -2.635728199999999  -4.05971848  2.62981118 
18 24  0.6056760499999987  -2.8800499999999998  -6.800832789999999 
18 25  5.24338605  0.0  -2.198197789999999 
18 26  -0.3041139500000001  0.0  -1.6293327899999994 
18 27  6.153176050000001  -2.8800499999999998  -7.36969779 
18 28  -2.4088354500000007  -2.8800499999999998  -8.45674709 
18 29  8.257897550000001  0.0  -0.5422834899999991 
18 30  2.7103975499999993  0.0  -3.2852470900000004 
18 31  3.138664549999999  -2.8800499999999998  -5.71378349 
18 32  8.424322550000001  0.0  -8.41951229 
18 33  -2.5752604500000005  -2.8800499999999998  -0.5795182899999993 
18 34  2.972239549999999  -2.8800499999999998  -3.24801229 
18 35  2.8768225499999986  0.0  -5.751018289999999 
18 36  -1.2727074500000009  -2.8800499999999998  -4.76636469 
18 37  7.12176955  0.0  -4.232665889999999 
18 38  1.57426955  0.0  0.40513531000000036 
18 39  4.274792549999999  -2.8800499999999998  -9.40416589 
18 40  -1.5545204500000003  0.0  -4.02063439 
18 41  7.403582549999999  -2.8800499999999998  -4.97839619 
18 42  1.8560825499999996  -2.8800499999999998  -9.19213439 
18 43  3.9929795500000007  0.0  0.1931038100000002 
18 44  -0.7399255499999997  1.3023586099999998  0.60341062 
18 45  -0.7399255499999999  -1.3023586099999998  0.60341062 
18 46  6.58898765  -1.5776913899999996  -9.6024412 
18 47  1.0414876499999997  -1.5776913899999996  -4.56808938 
18 48  4.807574449999999  -1.3023586099999998  -4.4309411999999995 
18 49  4.807574449999999  1.3023586099999998  -4.4309411999999995 
18 50  1.0414876499999997  -4.18240861  -4.56808938 
18 51  6.58898765  -4.18240861  -9.6024412 
18 52  2.9372902999999995  1.1796684800000001  -7.80131118 
18 53  2.9372902999999995  -1.1796684799999997  -7.80131118 
18 54  2.9117718  -1.70038152  -1.1977194000000004 
18 55  8.4592718  -1.70038152  -2.62981118 
18 56  -2.610209700000001  -1.1796684799999997  -6.3692193999999995 
18 57  -2.6102097000000004  1.1796684800000001  -6.3692193999999995 
18 58  8.4592718  -4.05971848  -2.62981118 
18 59  2.9117718  -4.05971848  -1.1977194000000004 
19 24  -5.24338605  0.0  2.19819779 
19 25  -0.6056760499999987  2.8800499999999998  6.80083279 
19 26  -6.153176049999999  2.8800499999999998  7.36969779 
19 27  0.3041139500000014  0.0  1.62933279 
19 28  -8.25789755  0.0  0.54228349 
19 29  2.4088354500000015  2.8800499999999998  8.45674709 
19 30  -3.1386645499999997  2.8800499999999998  5.713783489999999 
19 31  -2.7103975499999997  0.0  3.2852470899999995 
19 32  2.575260450000002  2.8800499999999998  0.57951829 
19 33  -8.42432255  0.0  8.41951229 
19 34  -2.87682255  0.0  5.751018289999999 
19 35  -2.9722395500000003  2.8800499999999998  3.24801229 
19 36  -7.12176955  0.0  4.23266589 
19 37  1.2727074500000004  2.8800499999999998  4.7663646900000005 
19 38  -4.274792549999999  2.8800499999999998  9.40416589 
19 39  -1.5742695499999995  0.0  -0.40513531 
19 40  -7.403582549999999  2.8800499999999998  4.97839619 
19 41  1.55452045  0.0  4.02063439 
19 42  -3.9929795499999994  0.0  -0.19310381000000004 
19 43  -1.8560825499999982  2.8800499999999998  9.19213439 
19 44  -6.588987649999998  4.1824086099999995  9.6024412 
19 45  -6.588987649999999  1.5776913900000002  9.6024412 
19 46  0.7399255500000006  1.3023586100000004  -0.60341062 
19 47  -4.807574449999999  1.3023586100000004  4.4309411999999995 
19 48  -1.0414876499999997  1.5776913900000002  4.56808938 
19 49  -1.0414876499999997  4.1824086099999995  4.56808938 
19 50  -4.807574449999999  -1.3023586100000002  4.4309411999999995 
19 51  0.7399255500000006  -1.3023586100000002  -0.60341062 
19 52  -2.9117717999999995  4.05971848  1.1977193999999998 
19 53  -2.9117717999999995  1.7003815200000003  1.1977193999999998 
19 54  -2.937290299999999  1.17966848  7.801311179999999 
19 55  2.6102097000000004  1.17966848  6.3692193999999995 
19 56  -8.4592718  1.7003815200000003  2.62981118 
19 57  -8.4592718  4.05971848  2.62981118 
19 58  2.6102097000000004  -1.1796684800000001  6.3692193999999995 
19 59  -2.937290299999999  -1.1796684800000001  7.801311179999999 
20 24  3.2253164999999995  -2.8800499999999998  0.2740895000000001 
20 25  7.863026500000001  0.0  4.8767245 
20 26  2.3155265000000007  0.0  5.4455895000000005 
20 27  8.772816500000001  -2.8800499999999998  -0.2947755000000001 
20 28  0.21080499999999977  -2.8800499999999998  -1.3818248000000002 
20 29  10.877538000000001  0.0  6.532638800000001 
20 30  5.330038  0.0  3.789675199999999 
20 31  5.758305  -2.8800499999999998  1.3611387999999995 
20 32  11.043963000000002  0.0  -1.3445900000000002 
20 33  0.044380000000000225  -2.8800499999999998  6.495404000000001 
20 34  5.59188  -2.8800499999999998  3.8269099999999994 
20 35  5.496462999999999  0.0  1.3239039999999997 
20 36  1.3469329999999997  -2.8800499999999998  2.3085576 
20 37  9.74141  0.0  2.8422564000000006 
20 38  4.193910000000001  0.0  7.4800576 
20 39  6.894433  -2.8800499999999998  -2.3292436000000003 
20 40  1.0651200000000003  0.0  3.0542879 
20 41  10.023223  -2.8800499999999998  2.0965260999999997 
20 42  4.475723  -2.8800499999999998  -2.1172121 
20 43  6.6126200000000015  0.0  7.2680261 
20 44  1.8797149000000009  1.3023586099999998  7.67833291 
20 45  1.8797149000000006  -1.3023586099999998  7.67833291 
20 46  9.2086281  -1.5776913899999996  -2.5275189100000004 
20 47  3.6611281000000004  -1.5776913899999996  2.5068329099999995 
20 48  7.4272149  -1.3023586099999998  2.64398109 
20 49  7.4272149  1.3023586099999998  2.64398109 
20 50  3.6611281000000004  -4.18240861  2.5068329099999995 
20 51  9.2086281  -4.18240861  -2.5275189100000004 
20 52  5.55693075  1.1796684800000001  -0.7263888900000004 
20 53  5.55693075  -1.1796684799999997  -0.7263888900000004 
20 54  5.531412250000001  -1.70038152  5.8772028899999995 
20 55  11.07891225  -1.70038152  4.445111109999999 
20 56  0.009430749999999972  -1.1796684799999997  0.70570289 
20 57  0.009430750000000116  1.1796684800000001  0.70570289 
20 58  11.07891225  -4.05971848  4.445111109999999 
20 59  5.531412250000001  -4.05971848  5.8772028899999995 
21 24  -7.8630265  0.0  -4.8767245 
21 25  -3.225316499999999  2.8800499999999998  -0.27408949999999965 
21 26  -8.7728165  2.8800499999999998  0.2947755000000001 
21 27  -2.315526499999999  0.0  -5.4455895000000005 
21 28  -10.877538  0.0  -6.5326388 
21 29  -0.2108049999999988  2.8800499999999998  1.3818248000000004 
21 30  -5.758305  2.8800499999999998  -1.3611388000000009 
21 31  -5.330038  0.0  -3.7896752000000005 
21 32  -0.04437999999999853  2.8800499999999998  -6.495404000000001 
21 33  -11.043963  0.0  1.3445900000000002 
21 34  -5.496463  0.0  -1.3239040000000006 
21 35  -5.591880000000001  2.8800499999999998  -3.8269100000000003 
21 36  -9.74141  0.0  -2.8422564 
21 37  -1.346933  2.8800499999999998  -2.3085575999999994 
21 38  -6.894432999999999  2.8800499999999998  2.3292436 
21 39  -4.19391  0.0  -7.4800576 
21 40  -10.023223  2.8800499999999998  -2.0965261 
21 41  -1.0651200000000003  0.0  -3.0542879000000003 
21 42  -6.61262  0.0  -7.2680261 
21 43  -4.475722999999999  2.8800499999999998  2.1172120999999997 
21 44  -9.208628099999999  4.1824086099999995  2.5275189099999995 
21 45  -9.208628099999999  1.5776913900000002  2.5275189099999995 
21 46  -1.8797148999999997  1.3023586100000004  -7.67833291 
21 47  -7.427214899999999  1.3023586100000004  -2.6439810900000005 
21 48  -3.6611281  1.5776913900000002  -2.50683291 
21 49  -3.6611281  4.1824086099999995  -2.50683291 
21 50  -7.427214899999999  -1.3023586100000002  -2.6439810900000005 
21 51  -1.8797148999999997  -1.3023586100000002  -7.67833291 
21 52  -5.53141225  4.05971848  -5.87720289 
21 53  -5.53141225  1.7003815200000003  -5.87720289 
21 54  -5.556930749999999  1.17966848  0.7263888899999991 
21 55  -0.009430749999999932  1.17966848  -0.7057028900000004 
21 56  -11.07891225  1.7003815200000003  -4.44511111 
21 57  -11.07891225  4.05971848  -4.44511111 
21 58  -0.009430749999999932  -1.1796684800000001  -0.7057028900000004 
21 59  -5.556930749999999  -1.1796684800000001  0.7263888899999991 
22 24  -2.315526500000001  0.0  -4.8974104999999994 
22 25  2.3221835000000004  2.8800499999999998  -0.2947754999999992 
22 26  -3.2253165  2.8800499999999998  0.27408950000000054 
22 27  3.2319735000000005  0.0  -5.4662755 
22 28  -5.330038000000001  0.0  -6.5533247999999995 
22 29  5.336695000000001  2.8800499999999998  1.3611388000000009 
22 30  -0.21080500000000058  2.8800499999999998  -1.3818248000000004 
22 31  0.21746199999999938  0.0  -3.8103612 
22 32  5.503120000000001  2.8800499999999998  -6.51609 
22 33  -5.496463  0.0  1.3239040000000006 
22 34  0.05103699999999911  0.0  -1.3445900000000002 
22 35  -0.044380000000001196  2.8800499999999998  -3.847596 
22 36  -4.193910000000001  0.0  -2.8629423999999997 
22 37  4.2005669999999995  2.8800499999999998  -2.329243599999999 
22 38  -1.346933  2.8800499999999998  2.3085576000000003 
22 39  1.3535899999999996  0.0  -7.5007436 
22 40  -4.475723  2.8800499999999998  -2.1172120999999997 
22 41  4.482379999999999  0.0  -3.0749739 
22 42  -1.0651200000000003  0.0  -7.2887121 
22 43  1.0717770000000009  2.8800499999999998  2.0965261 
22 44  -3.6611280999999996  4.1824086099999995  2.50683291 
22 45  -3.6611281  1.5776913900000002  2.50683291 
22 46  3.6677850999999997  1.3023586100000004  -7.6990189099999995 
22 47  -1.8797149000000002  1.3023586100000004  -2.66466709 
22 48  1.8863718999999994  1.5776913900000002  -2.5275189099999995 
22 49  1.8863718999999994  4.1824086099999995  -2.5275189099999995 
22 50  -1.8797149000000002  -1.3023586100000002  -2.66466709 
22 51  3.6677850999999997  -1.3023586100000002  -7.6990189099999995 
22 52  0.016087749999999623  4.05971848  -5.89788889 
22 53  0.016087749999999623  1.7003815200000003  -5.89788889 
22 54  -0.009430749999999932  1.17966848  0.7057028899999995 
22 55  5.5380692499999995  1.17966848  -0.72638889 
22 56  -5.531412250000001  1.7003815200000003  -4.46579711 
22 57  -5.531412250000001  4.05971848  -4.46579711 
22 58  5.5380692499999995  -1.1796684800000001  -0.72638889 
22 59  -0.009430749999999932  -1.1796684800000001  0.7057028899999995 
23 24  -2.3221835  -2.8800499999999998  0.2947755000000005 
23 25  2.3155265000000016  0.0  4.897410500000001 
23 26  -3.2319734999999987  0.0  5.4662755 
23 27  3.2253165000000017  -2.8800499999999998  -0.27408949999999965 
23 28  -5.336695  -2.8800499999999998  -1.3611387999999998 
23 29  5.330038000000002  0.0  6.5533248 
23 30  -0.21746199999999938  0.0  3.8103611999999996 
23 31  0.21080500000000058  -2.8800499999999998  1.3818248 
23 32  5.496463000000002  0.0  -1.3239039999999997 
23 33  -5.503119999999999  -2.8800499999999998  6.51609 
23 34  0.04438000000000031  -2.8800499999999998  3.847596 
23 35  -0.051037  0.0  1.3445900000000002 
23 36  -4.2005669999999995  -2.8800499999999998  2.3292436000000003 
23 37  4.193910000000001  0.0  2.862942400000001 
23 38  -1.3535899999999987  0.0  7.5007436 
23 39  1.3469330000000008  -2.8800499999999998  -2.3085576 
23 40  -4.482379999999999  0.0  3.0749739000000003 
23 41  4.475723  -2.8800499999999998  2.1172121 
23 42  -1.071776999999999  -2.8800499999999998  -2.0965260999999997 
23 43  1.065120000000002  0.0  7.2887121 
23 44  -3.6677850999999984  1.3023586099999998  7.6990189099999995 
23 45  -3.667785099999999  -1.3023586099999998  7.6990189099999995 
23 46  3.661128100000001  -1.5776913899999996  -2.50683291 
23 47  -1.886371899999999  -1.5776913899999996  2.52751891 
23 48  1.8797149000000006  -1.3023586099999998  2.6646670900000005 
23 49  1.8797149000000006  1.3023586099999998  2.6646670900000005 
23 50  -1.886371899999999  -4.18240861  2.52751891 
23 51  3.661128100000001  -4.18240861  -2.50683291 
23 52  0.00943075000000082  1.1796684800000001  -0.70570289 
23 53  0.00943075000000082  -1.1796684799999997  -0.70570289 
23 54  -0.016087749999998735  -1.70038152  5.897888889999999 
23 55  5.531412250000001  -1.70038152  4.4657971100000005 
23 56  -5.5380692499999995  -1.1796684799999997  0.7263888900000004 
23 57  -5.5380692499999995  1.1796684800000001  0.7263888900000004 
23 58  5.531412250000001  -4.05971848  4.4657971100000005 
23 59  -0.016087749999998735  -4.05971848  5.897888889999999 
24 0  -3.2286449999999998  -1.440025  -2.8701825000000003 
24 1  -3.2286449999999998  1.440025  -2.8701825000000003 
24 2  2.3188550000000006  1.440025  2.3013174999999997 
24 3  2.3188550000000006  -1.440025  2.3013174999999997 
24 4  -3.2286449999999993  -1.440025  2.3013174999999997 
24 5  -3.2286449999999993  1.440025  2.3013174999999997 
24 6  2.3188550000000006  1.440025  -2.8701825000000003 
24 7  2.3188550000000006  -1.440025  -2.8701825000000003 
24 8  1.74602015  0.0  -0.5253209700000006 
24 9  2.891689850000001  2.8800499999999998  5.12795597 
24 10  -2.655810149999999  2.8800499999999998  4.646179029999999 
24 11  7.293520150000001  0.0  -0.04354403000000051 
24 12  -0.7978414499999995  0.0  -1.8795299600000002 
24 13  5.43555145  2.8800499999999998  6.48216496 
24 14  -0.11194854999999881  2.8800499999999998  3.29197004 
24 15  4.749658550000001  0.0  1.3106649599999995 
24 16  -0.3041139499999992  0.0  1.6293327899999994 
24 17  4.94182395  2.8800499999999998  2.973302209999999 
24 18  -0.6056760499999987  2.8800499999999998  6.800832789999999 
24 19  5.24338605  0.0  -2.19819779 
24 20  -3.2253164999999995  2.8800499999999998  -0.2740895000000001 
24 21  7.8630265  0.0  4.8767245 
24 22  2.315526500000001  0.0  4.8974104999999994 
24 23  2.3221835  2.8800499999999998  -0.2947755000000005 
25 0  -7.866355000000001  -4.320075  -7.472817500000001 
25 1  -7.866355000000001  -1.4400249999999999  -7.472817500000001 
25 2  -2.318855000000001  -1.4400249999999999  -2.3013175000000006 
25 3  -2.318855000000001  -4.320075  -2.3013175000000006 
25 4  -7.866355000000001  -4.320075  -2.3013175000000006 
25 5  -7.866355  -1.4400249999999999  -2.3013175000000006 
25 6  -2.318855000000001  -1.4400249999999999  -7.472817500000001 
25 7  -2.318855000000001  -4.320075  -7.472817500000001 
25 8  -2.8916898500000014  -2.8800499999999998  -5.12795597 
25 9  -1.7460201500000005  0.0  0.5253209700000001 
25 10  -7.293520150000001  0.0  0.043544029999998735 
25 11  2.6558101499999998  -2.8800499999999998  -4.646179030000001 
25 12  -5.435551450000001  -2.8800499999999998  -6.48216496 
25 13  0.7978414499999991  0.0  1.8795299600000002 
25 14  -4.74965855  0.0  -1.3106649600000004 
25 15  0.11194854999999926  -2.8800499999999998  -3.2919700400000007 
25 16  -4.941823950000001  -2.8800499999999998  -2.973302210000001 
25 17  0.30411394999999874  0.0  -1.6293327900000012 
25 18  -5.24338605  0.0  2.198197789999999 
25 19  0.6056760499999987  -2.8800499999999998  -6.80083279 
25 20  -7.863026500000001  0.0  -4.8767245 
25 21  3.225316499999999  -2.8800499999999998  0.27408949999999965 
25 22  -2.3221835000000004  -2.8800499999999998  0.2947754999999992 
25 23  -2.3155265000000016  0.0  -4.897410500000001 
26 0  -2.318855000000001  -4.320075  -8.0416825 
26 1  -2.318855000000001  -1.4400249999999999  -8.0416825 
26 2  3.2286449999999993  -1.4400249999999999  -2.8701825000000003 
26 3  3.2286449999999993  -4.320075  -2.8701825000000003 
26 4  -2.3188550000000006  -4.320075  -2.8701825000000003 
26 5  -2.3188550000000006  -1.4400249999999999  -2.8701825000000003 
26 6  3.2286449999999993  -1.4400249999999999  -8.0416825 
26 7  3.2286449999999993  -4.320075  -8.0416825 
26 8  2.655810149999999  -2.8800499999999998  -5.696820970000001 
26 9  3.8014798499999998  0.0  -0.04354402999999962 
26 10  -1.7460201500000003  0.0  -0.525320970000001 
26 11  8.20331015  -2.8800499999999998  -5.2150440300000005 
26 12  0.11194854999999926  -2.8800499999999998  -7.05102996 
26 13  6.345341449999999  0.0  1.3106649600000004 
26 14  0.79784145  0.0  -1.8795299600000002 
26 15  5.65944855  -2.8800499999999998  -3.8608350400000004 
26 16  0.6056760499999996  -2.8800499999999998  -3.5421672100000006 
26 17  5.851613949999999  0.0  -2.198197790000001 
26 18  0.3041139500000001  0.0  1.6293327899999994 
26 19  6.153176049999999  -2.8800499999999998  -7.36969779 
26 20  -2.3155265000000007  0.0  -5.4455895000000005 
26 21  8.7728165  -2.8800499999999998  -0.2947755000000001 
26 22  3.2253165  -2.8800499999999998  -0.27408950000000054 
26 23  3.2319734999999987  0.0  -5.4662755 
27 0  -8.776145000000001  -1.440025  -2.3013175 
27 1  -8.776145000000001  1.440025  -2.3013175 
27 2  -3.228645000000001  1.440025  2.8701825 
27 3  -3.228645000000001  -1.440025  2.8701825 
27 4  -8.776145000000001  -1.440025  2.8701825 
27 5  -8.776145000000001  1.440025  2.8701825 
27 6  -3.228645000000001  1.440025  -2.3013175 
27 7  -3.228645000000001  -1.440025  -2.3013175 
27 8  -3.8014798500000015  0.0  0.04354402999999962 
27 9  -2.6558101500000006  2.8800499999999998  5.696820970000001 
27 10  -8.20331015  2.8800499999999998  5.21504403 
27 11  1.7460201499999997  0.0  0.5253209699999997 
27 12  -6.345341450000001  0.0  -1.31066496 
27 13  -0.11194855000000103  2.8800499999999998  7.051029960000001 
27 14  -5.6594485500000005  2.8800499999999998  3.86083504 
27 15  -0.7978414500000008  0.0  1.8795299599999997 
27 16  -5.851613950000001  0.0  2.1981977899999996 
27 17  -0.6056760500000014  2.8800499999999998  3.5421672099999992 
27 18  -6.153176050000001  2.8800499999999998  7.36969779 
27 19  -0.3041139500000014  0.0  -1.62933279 
27 20  -8.772816500000001  2.8800499999999998  0.2947755000000001 
27 21  2.315526499999999  0.0  5.4455895000000005 
27 22  -3.2319735000000005  0.0  5.4662755 
27 23  -3.2253165000000017  2.8800499999999998  0.27408949999999965 
28 0  -0.2141335000000002  -1.440025  -1.2142682 
28 1  -0.21413350000000003  1.440025  -1.2142682 
28 2  5.3333665  1.440025  3.9572317999999997 
28 3  5.3333665  -1.440025  3.9572317999999997 
28 4  -0.2141334999999999  -1.440025  3.9572317999999997 
28 5  -0.2141334999999997  1.440025  3.9572317999999997 
28 6  5.3333665  1.440025  -1.2142682 
28 7  5.3333665  -1.440025  -1.2142682 
28 8  4.76053165  0.0  1.1305933299999997 
28 9  5.906201350000001  2.8800499999999998  6.78387027 
28 10  0.3587013500000005  2.8800499999999998  6.302093329999999 
28 11  10.30803165  0.0  1.6123702699999998 
28 12  2.2166700500000003  0.0  -0.22361566 
28 13  8.45006295  2.8800499999999998  8.138079260000001 
28 14  2.902562950000001  2.8800499999999998  4.94788434 
28 15  7.764170050000001  0.0  2.9665792599999996 
28 16  2.7103975500000006  0.0  3.2852470899999995 
28 17  7.95633545  2.8800499999999998  4.629216509999999 
28 18  2.4088354500000007  2.8800499999999998  8.45674709 
28 19  8.25789755  0.0  -0.54228349 
28 20  -0.21080499999999977  2.8800499999999998  1.3818248000000002 
28 21  10.877538  0.0  6.5326388 
28 22  5.330038000000001  0.0  6.5533247999999995 
28 23  5.336695  2.8800499999999998  1.3611387999999998 
29 0  -10.880866500000002  -4.320075  -9.1287318 
29 1  -10.880866500000002  -1.4400249999999999  -9.1287318 
29 2  -5.333366500000001  -1.4400249999999999  -3.9572318000000006 
29 3  -5.333366500000001  -4.320075  -3.9572318000000006 
29 4  -10.880866500000002  -4.320075  -3.9572318000000006 
29 5  -10.880866500000002  -1.4400249999999999  -3.9572318000000006 
29 6  -5.333366500000001  -1.4400249999999999  -9.1287318 
29 7  -5.333366500000001  -4.320075  -9.1287318 
29 8  -5.906201350000002  -2.8800499999999998  -6.783870270000001 
29 9  -4.760531650000001  0.0  -1.13059333 
29 10  -10.30803165  0.0  -1.6123702700000013 
29 11  -0.3587013500000005  -2.8800499999999998  -6.302093330000001 
29 12  -8.450062950000001  -2.8800499999999998  -8.138079260000001 
29 13  -2.216670050000001  0.0  0.2236156600000001 
29 14  -7.764170050000001  0.0  -2.9665792600000005 
29 15  -2.902562950000001  -2.8800499999999998  -4.947884340000001 
29 16  -7.956335450000001  -2.8800499999999998  -4.629216510000001 
29 17  -2.7103975500000015  0.0  -3.2852470900000013 
29 18  -8.257897550000001  0.0  0.5422834899999991 
29 19  -2.4088354500000015  -2.8800499999999998  -8.45674709 
29 20  -10.877538000000001  0.0  -6.532638800000001 
29 21  0.2108049999999988  -2.8800499999999998  -1.3818248000000004 
29 22  -5.336695000000001  -2.8800499999999998  -1.3611388000000009 
29 23  -5.330038000000002  0.0  -6.5533248 
30 0  -5.3333665  -4.320075  -6.385768199999999 
30 1  -5.3333665  -1.4400249999999999  -6.385768199999999 
30 2  0.21413349999999998  -1.4400249999999999  -1.2142681999999994 
30 3  0.21413349999999998  -4.320075  -1.2142681999999994 
30 4  -5.3333665  -4.320075  -1.2142681999999994 
30 5  -5.3333664999999995  -1.4400249999999999  -1.2142681999999994 
30 6  0.21413349999999998  -1.4400249999999999  -6.385768199999999 
30 7  0.21413349999999998  -4.320075  -6.385768199999999 
30 8  -0.3587013500000005  -2.8800499999999998  -4.04090667 
30 9  0.7869683500000004  0.0  1.6123702700000013 
30 10  -4.76053165  0.0  1.13059333 
30 11  5.188798650000001  -2.8800499999999998  -3.5591297299999995 
30 12  -2.90256295  -2.8800499999999998  -5.395115659999999 
30 13  3.33082995  0.0  2.9665792600000014 
30 14  -2.2166700499999994  0.0  -0.22361565999999922 
30 15  2.6449370500000002  -2.8800499999999998  -2.2049207399999995 
30 16  -2.4088354499999998  -2.8800499999999998  -1.8862529099999996 
30 17  2.8371024499999997  0.0  -0.54228349 
30 18  -2.7103975499999993  0.0  3.2852470900000004 
30 19  3.1386645499999997  -2.8800499999999998  -5.713783489999999 
30 20  -5.330038  0.0  -3.789675199999999 
30 21  5.758305  -2.8800499999999998  1.3611388000000009 
30 22  0.21080500000000058  -2.8800499999999998  1.3818248000000004 
30 23  0.21746199999999938  0.0  -3.8103611999999996 
31 0  -5.7616335  -1.440025  -3.9572317999999997 
31 1  -5.7616335  1.440025  -3.9572317999999997 
31 2  -0.21413349999999998  1.440025  1.2142682000000002 
31 3  -0.21413349999999998  -1.440025  1.2142682000000002 
31 4  -5.7616335  -1.440025  1.2142682000000002 
31 5  -5.761633499999999  1.440025  1.2142682000000002 
31 6  -0.21413349999999998  1.440025  -3.9572317999999997 
31 7  -0.21413349999999998  -1.440025  -3.9572317999999997 
31 8  -0.7869683500000004  0.0  -1.61237027 
31 9  0.3587013500000005  2.8800499999999998  4.040906670000001 
31 10  -5.18879865  2.8800499999999998  3.5591297299999995 
31 11  4.760531650000001  0.0  -1.13059333 
31 12  -3.33082995  0.0  -2.9665792599999996 
31 13  2.90256295  2.8800499999999998  5.395115660000001 
31 14  -2.6449370499999993  2.8800499999999998  2.2049207400000004 
31 15  2.2166700500000003  0.0  0.2236156600000001 
31 16  -2.8371024499999997  0.0  0.54228349 
31 17  2.4088354499999998  2.8800499999999998  1.8862529099999996 
31 18  -3.138664549999999  2.8800499999999998  5.71378349 
31 19  2.7103975499999997  0.0  -3.2852470899999995 
31 20  -5.758305  2.8800499999999998  -1.3611387999999995 
31 21  5.330038  0.0  3.7896752000000005 
31 22  -0.21746199999999938  0.0  3.8103612 
31 23  -0.21080500000000058  2.8800499999999998  -1.3818248 
32 0  -11.047291500000002  -4.320075  -1.251503 
32 1  -11.047291500000002  -1.4400249999999999  -1.251503 
32 2  -5.4997915000000015  -1.4400249999999999  3.919997 
32 3  -5.4997915000000015  -4.320075  3.919997 
32 4  -11.047291500000002  -4.320075  3.919997 
32 5  -11.047291500000002  -1.4400249999999999  3.919997 
32 6  -5.4997915000000015  -1.4400249999999999  -1.251503 
32 7  -5.4997915000000015  -4.320075  -1.251503 
32 8  -6.072626350000002  -2.8800499999999998  1.0933585299999997 
32 9  -4.926956650000001  0.0  6.746635470000001 
32 10  -10.47445665  0.0  6.26485853 
32 11  -0.5251263500000007  -2.8800499999999998  1.5751354699999998 
32 12  -8.616487950000002  -2.8800499999999998  -0.26085046 
32 13  -2.3830950500000014  0.0  8.100844460000001 
32 14  -7.930595050000001  0.0  4.91064954 
32 15  -3.0689879500000012  -2.8800499999999998  2.92934446 
32 16  -8.122760450000001  -2.8800499999999998  3.2480122899999997 
32 17  -2.8768225500000018  0.0  4.591981709999999 
32 18  -8.424322550000001  0.0  8.41951229 
32 19  -2.575260450000002  -2.8800499999999998  -0.57951829 
32 20  -11.043963000000002  0.0  1.3445900000000002 
32 21  0.04437999999999853  -2.8800499999999998  6.495404000000001 
32 22  -5.503120000000001  -2.8800499999999998  6.51609 
32 23  -5.496463000000002  0.0  1.3239039999999997 
33 0  -0.047708500000000646  -1.440025  -9.091497 
33 1  -0.04770850000000047  1.440025  -9.091497 
33 2  5.4997915  1.440025  -3.9199970000000004 
33 3  5.4997915  -1.440025  -3.9199970000000004 
33 4  -0.04770850000000033  -1.440025  -3.9199970000000004 
33 5  -0.047708500000000154  1.440025  -3.9199970000000004 
33 6  5.4997915  1.440025  -9.091497 
33 7  5.4997915  -1.440025  -9.091497 
33 8  4.926956649999999  0.0  -6.746635470000001 
33 9  6.07262635  2.8800499999999998  -1.0933585299999997 
33 10  0.5251263500000001  2.8800499999999998  -1.575135470000001 
33 11  10.47445665  0.0  -6.264858530000001 
33 12  2.3830950499999997  0.0  -8.100844460000001 
33 13  8.61648795  2.8800499999999998  0.26085046000000034 
33 14  3.0689879500000004  2.8800499999999998  -2.9293444600000003 
33 15  7.93059505  0.0  -4.9106495400000005 
33 16  2.87682255  0.0  -4.591981710000001 
33 17  8.12276045  2.8800499999999998  -3.248012290000001 
33 18  2.5752604500000005  2.8800499999999998  0.5795182899999993 
33 19  8.42432255  0.0  -8.41951229 
33 20  -0.044380000000000225  2.8800499999999998  -6.495404000000001 
33 21  11.043963  0.0  -1.3445900000000002 
33 22  5.496463  0.0  -1.3239040000000006 
33 23  5.503119999999999  2.8800499999999998  -6.51609 
34 0  -5.5952085  -1.440025  -6.423003 
34 1  -5.5952085  1.440025  -6.423003 
34 2  -0.04770849999999971  1.440025  -1.2515029999999996 
34 3  -0.04770849999999971  -1.440025  -1.2515029999999996 
34 4  -5.5952085  -1.440025  -1.2515029999999996 
34 5  -5.595208499999999  1.440025  -1.2515029999999996 
34 6  -0.04770849999999971  1.440025  -6.423003 
34 7  -0.04770849999999971  -1.440025  -6.423003 
34 8  -0.6205433500000002  0.0  -4.07814147 
34 9  0.5251263500000007  2.8800499999999998  1.575135470000001 
34 10  -5.02237365  2.8800499999999998  1.0933585299999997 
34 11  4.926956650000001  0.0  -3.59636453 
34 12  -3.1644049499999998  0.0  -5.432350459999999 
34 13  3.0689879500000004  2.8800499999999998  2.929344460000001 
34 14  -2.478512049999999  2.8800499999999998  -0.26085045999999945 
34 15  2.3830950500000005  0.0  -2.2421555399999997 
34 16  -2.6706774499999995  0.0  -1.9234877099999999 
34 17  2.57526045  2.8800499999999998  -0.5795182900000002 
34 18  -2.972239549999999  2.8800499999999998  3.24801229 
34 19  2.87682255  0.0  -5.751018289999999 
34 20  -5.59188  2.8800499999999998  -3.8269099999999994 
34 21  5.496463  0.0  1.3239040000000006 
34 22  -0.05103699999999911  0.0  1.3445900000000002 
34 23  -0.04438000000000031  2.8800499999999998  -3.847596 
35 0  -5.4997915  -4.320075  -3.919997 
35 1  -5.4997915  -1.4400249999999999  -3.919997 
35 2  0.0477085000000006  -1.4400249999999999  1.251503 
35 3  0.0477085000000006  -4.320075  1.251503 
35 4  -5.4997915  -4.320075  1.251503 
35 5  -5.499791499999999  -1.4400249999999999  1.251503 
35 6  0.0477085000000006  -1.4400249999999999  -3.919997 
35 7  0.0477085000000006  -4.320075  -3.919997 
35 8  -0.5251263499999999  -2.8800499999999998  -1.5751354700000002 
35 9  0.620543350000001  0.0  4.07814147 
35 10  -4.926956649999999  0.0  3.5963645299999993 
35 11  5.022373650000001  -2.8800499999999998  -1.0933585300000002 
35 12  -3.0689879499999995  -2.8800499999999998  -2.92934446 
35 13  3.1644049500000007  0.0  5.43235046 
35 14  -2.3830950499999988  0.0  2.24215554 
35 15  2.478512050000001  -2.8800499999999998  0.2608504599999999 
35 16  -2.575260449999999  -2.8800499999999998  0.5795182899999998 
35 17  2.6706774500000003  0.0  1.9234877099999994 
35 18  -2.8768225499999986  0.0  5.751018289999999 
35 19  2.9722395500000003  -2.8800499999999998  -3.24801229 
35 20  -5.496462999999999  0.0  -1.3239039999999997 
35 21  5.591880000000001  -2.8800499999999998  3.8269100000000003 
35 22  0.044380000000001196  -2.8800499999999998  3.847596 
35 23  0.051037  0.0  -1.3445900000000002 
36 0  -1.3502615000000002  -1.440025  -4.9046506 
36 1  -1.3502615  1.440025  -4.9046506 
36 2  4.1972385  1.440025  0.2668493999999999 
36 3  4.1972385  -1.440025  0.2668493999999999 
36 4  -1.3502615  -1.440025  0.2668493999999999 
36 5  -1.3502614999999998  1.440025  0.2668493999999999 
36 6  4.1972385  1.440025  -4.9046506 
36 7  4.1972385  -1.440025  -4.9046506 
36 8  3.6244036499999996  0.0  -2.5597890700000003 
36 9  4.7700733500000005  2.8800499999999998  3.0934878700000006 
36 10  -0.7774266499999996  2.8800499999999998  2.611710929999999 
36 11  9.17190365  0.0  -2.0780121300000003 
36 12  1.08054205  0.0  -3.91399806 
36 13  7.31393495  2.8800499999999998  4.447696860000001 
36 14  1.7664349500000007  2.8800499999999998  1.25750194 
36 15  6.62804205  0.0  -0.7238031400000002 
36 16  1.5742695500000004  0.0  -0.40513531000000036 
36 17  6.82020745  2.8800499999999998  0.9388341099999993 
36 18  1.2727074500000009  2.8800499999999998  4.76636469 
36 19  7.12176955  0.0  -4.23266589 
36 20  -1.3469329999999997  2.8800499999999998  -2.3085576 
36 21  9.74141  0.0  2.8422564 
36 22  4.193910000000001  0.0  2.8629423999999997 
36 23  4.2005669999999995  2.8800499999999998  -2.3292436000000003 
37 0  -9.7447385  -4.320075  -5.438349400000001 
37 1  -9.7447385  -1.4400249999999999  -5.438349400000001 
37 2  -4.1972385  -1.4400249999999999  -0.2668494000000008 
37 3  -4.1972385  -4.320075  -0.2668494000000008 
37 4  -9.7447385  -4.320075  -0.2668494000000008 
37 5  -9.7447385  -1.4400249999999999  -0.2668494000000008 
37 6  -4.1972385  -1.4400249999999999  -5.438349400000001 
37 7  -4.1972385  -4.320075  -5.438349400000001 
37 8  -4.7700733500000005  -2.8800499999999998  -3.093487870000001 
37 9  -3.6244036499999996  0.0  2.55978907 
37 10  -9.171903649999999  0.0  2.0780121299999985 
37 11  0.7774266500000007  -2.8800499999999998  -2.611710930000001 
37 12  -7.31393495  -2.8800499999999998  -4.447696860000001 
37 13  -1.08054205  0.0  3.91399806 
37 14  -6.6280420499999995  0.0  0.7238031399999993 
37 15  -1.7664349499999998  -2.8800499999999998  -1.257501940000001 
37 16  -6.82020745  -2.8800499999999998  -0.938834110000001 
37 17  -1.5742695500000004  0.0  0.4051353099999986 
37 18  -7.12176955  0.0  4.232665889999999 
37 19  -1.2727074500000004  -2.8800499999999998  -4.7663646900000005 
37 20  -9.74141  0.0  -2.8422564000000006 
37 21  1.346933  -2.8800499999999998  2.3085575999999994 
37 22  -4.2005669999999995  -2.8800499999999998  2.329243599999999 
37 23  -4.193910000000001  0.0  -2.862942400000001 
38 0  -4.197238500000001  -4.320075  -10.0761506 
38 1  -4.197238500000001  -1.4400249999999999  -10.0761506 
38 2  1.3502614999999993  -1.4400249999999999  -4.9046506 
38 3  1.3502614999999993  -4.320075  -4.9046506 
38 4  -4.197238500000001  -4.320075  -4.9046506 
38 5  -4.1972385  -1.4400249999999999  -4.9046506 
38 6  1.3502614999999993  -1.4400249999999999  -10.0761506 
38 7  1.3502614999999993  -4.320075  -10.0761506 
38 8  0.7774266499999989  -2.8800499999999998  -7.731289070000001 
38 9  1.9230963499999998  0.0  -2.0780121299999994 
38 10  -3.6244036500000005  0.0  -2.5597890700000008 
38 11  6.32492665  -2.8800499999999998  -7.24951213 
38 12  -1.7664349500000007  -2.8800499999999998  -9.08549806 
38 13  4.466957949999999  0.0  -0.7238031399999993 
38 14  -1.08054205  0.0  -3.91399806 
38 15  3.7810650499999996  -2.8800499999999998  -5.89530314 
38 16  -1.2727074500000004  -2.8800499999999998  -5.57663531 
38 17  3.973230449999999  0.0  -4.232665890000001 
38 18  -1.57426955  0.0  -0.40513531000000036 
38 19  4.274792549999999  -2.8800499999999998  -9.40416589 
38 20  -4.193910000000001  0.0  -7.4800576 
38 21  6.894432999999999  -2.8800499999999998  -2.3292436 
38 22  1.346933  -2.8800499999999998  -2.3085576000000003 
38 23  1.3535899999999987  0.0  -7.5007436 
39 0  -6.8977615000000005  -1.440025  -0.2668494 
39 1  -6.8977615000000005  1.440025  -0.2668494 
39 2  -1.3502615000000002  1.440025  4.9046506 
39 3  -1.3502615000000002  -1.440025  4.9046506 
39 4  -6.8977615000000005  -1.440025  4.9046506 
39 5  -6.8977615  1.440025  4.9046506 
39 6  -1.3502615000000002  1.440025  -0.2668494 
39 7  -1.3502615000000002  -1.440025  -0.2668494 
39 8  -1.9230963500000007  0.0  2.07801213 
39 9  -0.7774266499999998  2.8800499999999998  7.731289070000001 
39 10  -6.32492665  2.8800499999999998  7.249512129999999 
39 11  3.6244036500000005  0.0  2.55978907 
39 12  -4.46695795  0.0  0.72380314 
39 13  1.7664349499999998  2.8800499999999998  9.08549806 
39 14  -3.7810650499999996  2.8800499999999998  5.89530314 
39 15  1.08054205  0.0  3.91399806 
39 16  -3.97323045  0.0  4.23266589 
39 17  1.2727074499999995  2.8800499999999998  5.5766353099999995 
39 18  -4.274792549999999  2.8800499999999998  9.40416589 
39 19  1.5742695499999995  0.0  0.40513531 
39 20  -6.894433  2.8800499999999998  2.3292436000000003 
39 21  4.19391  0.0  7.4800576 
39 22  -1.3535899999999996  0.0  7.5007436 
39 23  -1.3469330000000008  2.8800499999999998  2.3085576 
40 0  -1.0684485000000008  -4.320075  -5.6503809 
40 1  -1.0684485000000006  -1.4400249999999999  -5.6503809 
40 2  4.4790515  -1.4400249999999999  -0.47888090000000005 
40 3  4.4790515  -4.320075  -0.47888090000000005 
40 4  -1.0684485000000006  -4.320075  -0.47888090000000005 
40 5  -1.0684485000000004  -1.4400249999999999  -0.47888090000000005 
40 6  4.4790515  -1.4400249999999999  -5.6503809 
40 7  4.4790515  -4.320075  -5.6503809 
40 8  3.9062166499999993  -2.8800499999999998  -3.3055193700000003 
40 9  5.05188635  0.0  2.3477575700000006 
40 10  -0.4956136500000001  0.0  1.8659806299999993 
40 11  9.45371665  -2.8800499999999998  -2.8237424300000002 
40 12  1.3623550499999995  -2.8800499999999998  -4.65972836 
40 13  7.59574795  0.0  3.7019665600000007 
40 14  2.0482479500000004  0.0  0.5117716400000001 
40 15  6.90985505  -2.8800499999999998  -1.4695334400000002 
40 16  1.8560825499999998  -2.8800499999999998  -1.1508656100000003 
40 17  7.1020204499999995  0.0  0.19310380999999932 
40 18  1.5545204500000003  0.0  4.02063439 
40 19  7.403582549999999  -2.8800499999999998  -4.97839619 
40 20  -1.0651200000000003  0.0  -3.0542879 
40 21  10.023223  -2.8800499999999998  2.0965261 
40 22  4.475723  -2.8800499999999998  2.1172120999999997 
40 23  4.482379999999999  0.0  -3.0749739000000003 
41 0  -10.0265515  -1.440025  -4.6926191 
41 1  -10.0265515  1.440025  -4.6926191 
41 2  -4.4790515  1.440025  0.47888090000000005 
41 3  -4.4790515  -1.440025  0.47888090000000005 
41 4  -10.0265515  -1.440025  0.47888090000000005 
41 5  -10.0265515  1.440025  0.47888090000000005 
41 6  -4.4790515  1.440025  -4.6926191 
41 7  -4.4790515  -1.440025  -4.6926191 
41 8  -5.05188635  0.0  -2.34775757 
41 9  -3.9062166499999993  2.8800499999999998  3.3055193700000007 
41 10  -9.453716649999999  2.8800499999999998  2.8237424299999994 
41 11  0.495613650000001  0.0  -1.8659806300000001 
41 12  -7.59574795  0.0  -3.70196656 
41 13  -1.3623550499999997  2.8800499999999998  4.659728360000001 
41 14  -6.909855049999999  2.8800499999999998  1.4695334400000002 
41 15  -2.0482479499999995  0.0  -0.5117716400000001 
41 16  -7.1020204499999995  0.0  -0.1931038100000002 
41 17  -1.85608255  2.8800499999999998  1.1508656099999994 
41 18  -7.403582549999999  2.8800499999999998  4.97839619 
41 19  -1.55452045  0.0  -4.02063439 
41 20  -10.023223  2.8800499999999998  -2.0965260999999997 
41 21  1.0651200000000003  0.0  3.0542879000000003 
41 22  -4.482379999999999  0.0  3.0749739 
41 23  -4.475723  2.8800499999999998  -2.1172121 
42 0  -4.479051500000001  -1.440025  -0.4788809 
42 1  -4.479051500000001  1.440025  -0.4788809 
42 2  1.0684484999999997  1.440025  4.6926191 
42 3  1.0684484999999997  -1.440025  4.6926191 
42 4  -4.479051500000001  -1.440025  4.6926191 
42 5  -4.4790515  1.440025  4.6926191 
42 6  1.0684484999999997  1.440025  -0.4788809 
42 7  1.0684484999999997  -1.440025  -0.4788809 
42 8  0.49561364999999924  0.0  1.8659806299999997 
42 9  1.6412833500000001  2.8800499999999998  7.519257570000001 
42 10  -3.90621665  2.8800499999999998  7.037480629999999 
42 11  6.0431136500000004  0.0  2.3477575699999997 
42 12  -2.0482479500000004  0.0  0.5117716400000001 
42 13  4.18514495  2.8800499999999998  8.87346656 
42 14  -1.3623550499999997  2.8800499999999998  5.68327164 
42 15  3.49925205  0.0  3.70196656 
42 16  -1.55452045  0.0  4.02063439 
42 17  3.6914174499999994  2.8800499999999998  5.364603809999999 
42 18  -1.8560825499999996  2.8800499999999998  9.19213439 
42 19  3.9929795499999994  0.0  0.19310381000000004 
42 20  -4.475723  2.8800499999999998  2.1172121 
42 21  6.61262  0.0  7.2680261 
42 22  1.0651200000000003  0.0  7.2887121 
42 23  1.071776999999999  2.8800499999999998  2.0965260999999997 
43 0  -6.615948500000002  -4.320075  -9.8641191 
43 1  -6.615948500000002  -1.4400249999999999  -9.8641191 
43 2  -1.0684485000000015  -1.4400249999999999  -4.6926191 
43 3  -1.0684485000000015  -4.320075  -4.6926191 
43 4  -6.615948500000002  -4.320075  -4.6926191 
43 5  -6.615948500000001  -1.4400249999999999  -4.6926191 
43 6  -1.0684485000000015  -1.4400249999999999  -9.8641191 
43 7  -1.0684485000000015  -4.320075  -9.8641191 
43 8  -1.641283350000002  -2.8800499999999998  -7.519257570000001 
43 9  -0.495613650000001  0.0  -1.8659806299999993 
43 10  -6.043113650000001  0.0  -2.3477575700000006 
43 11  3.9062166499999993  -2.8800499999999998  -7.03748063 
43 12  -4.1851449500000015  -2.8800499999999998  -8.87346656 
43 13  2.0482479499999986  0.0  -0.5117716399999992 
43 14  -3.499252050000001  0.0  -3.70196656 
43 15  1.3623550499999988  -2.8800499999999998  -5.68327164 
43 16  -3.691417450000001  -2.8800499999999998  -5.36460381 
43 17  1.5545204499999983  0.0  -4.020634390000001 
43 18  -3.9929795500000007  0.0  -0.1931038100000002 
43 19  1.8560825499999982  -2.8800499999999998  -9.19213439 
43 20  -6.6126200000000015  0.0  -7.2680261 
43 21  4.475722999999999  -2.8800499999999998  -2.1172120999999997 
43 22  -1.0717770000000009  -2.8800499999999998  -2.0965261 
43 23  -1.065120000000002  0.0  -7.2887121 
44 0  -1.8830434000000014  -5.62243361  -10.27442591 
44 1  -1.8830434000000011  -2.7423836099999996  -10.27442591 
44 2  3.664456599999999  -2.7423836099999996  -5.10292591 
44 3  3.664456599999999  -5.62243361  -5.10292591 
44 4  -1.8830434000000011  -5.62243361  -5.10292591 
44 5  -1.883043400000001  -2.7423836099999996  -5.10292591 
44 6  3.664456599999999  -2.7423836099999996  -10.27442591 
44 7  3.664456599999999  -5.62243361  -10.27442591 
44 8  3.0916217499999985  -4.1824086099999995  -7.92956438 
44 9  4.237291449999999  -1.3023586099999998  -2.276287439999999 
44 10  -1.3102085500000007  -1.3023586099999998  -2.7580643800000004 
44 11  8.63912175  -4.1824086099999995  -7.44778744 
44 12  0.5477601499999989  -4.1824086099999995  -9.28377337 
44 13  6.781153049999999  -1.3023586099999998  -0.922078449999999 
44 14  1.2336530499999996  -1.3023586099999998  -4.11227337 
44 15  6.09526015  -4.1824086099999995  -6.09357845 
44 16  1.0414876499999992  -4.1824086099999995  -5.77491062 
44 17  6.287425549999998  -1.3023586099999998  -4.4309412 
44 18  0.7399255499999997  -1.3023586099999998  -0.60341062 
44 19  6.588987649999998  -4.1824086099999995  -9.6024412 
44 20  -1.8797149000000009  -1.3023586099999998  -7.67833291 
44 21  9.208628099999999  -4.1824086099999995  -2.5275189099999995 
44 22  3.6611280999999996  -4.1824086099999995  -2.50683291 
44 23  3.6677850999999984  -1.3023586099999998  -7.6990189099999995 
45 0  -1.8830434000000011  -3.0177163900000004  -10.27442591 
45 1  -1.883043400000001  -0.13766639000000014  -10.27442591 
45 2  3.6644565999999994  -0.13766639000000014  -5.10292591 
45 3  3.6644565999999994  -3.0177163900000004  -5.10292591 
45 4  -1.883043400000001  -3.0177163900000004  -5.10292591 
45 5  -1.8830434000000007  -0.13766639000000014  -5.10292591 
45 6  3.6644565999999994  -0.13766639000000014  -10.27442591 
45 7  3.6644565999999994  -3.0177163900000004  -10.27442591 
45 8  3.091621749999999  -1.5776913900000002  -7.92956438 
45 9  4.23729145  1.3023586099999998  -2.276287439999999 
45 10  -1.3102085500000005  1.3023586099999998  -2.7580643800000004 
45 11  8.63912175  -1.5776913900000002  -7.44778744 
45 12  0.5477601499999991  -1.5776913900000002  -9.28377337 
45 13  6.7811530499999995  1.3023586099999998  -0.922078449999999 
45 14  1.2336530499999998  1.3023586099999998  -4.11227337 
45 15  6.09526015  -1.5776913900000002  -6.09357845 
45 16  1.0414876499999994  -1.5776913900000002  -5.77491062 
45 17  6.287425549999999  1.3023586099999998  -4.4309412 
45 18  0.7399255499999999  1.3023586099999998  -0.60341062 
45 19  6.588987649999999  -1.5776913900000002  -9.6024412 
45 20  -1.8797149000000006  1.3023586099999998  -7.67833291 
45 21  9.208628099999999  -1.5776913900000002  -2.5275189099999995 
45 22  3.6611281  -1.5776913900000002  -2.50683291 
45 23  3.667785099999999  1.3023586099999998  -7.6990189099999995 
46 0  -9.2119566  -2.7423836100000005  -0.06857408999999999 
46 1  -9.2119566  0.1376663899999997  -0.06857408999999999 
46 2  -3.6644566000000003  0.1376663899999997  5.10292591 
46 3  -3.6644566000000003  -2.7423836100000005  5.10292591 
46 4  -9.2119566  -2.7423836100000005  5.10292591 
46 5  -9.2119566  0.1376663899999997  5.10292591 
46 6  -3.6644566000000003  0.1376663899999997  -0.06857408999999999 
46 7  -3.6644566000000003  -2.7423836100000005  -0.06857408999999999 
46 8  -4.237291450000001  -1.3023586100000004  2.27628744 
46 9  -3.09162175  1.5776913899999996  7.92956438 
46 10  -8.63912175  1.5776913899999996  7.447787439999999 
46 11  1.3102085500000005  -1.3023586100000004  2.75806438 
46 12  -6.78115305  -1.3023586100000004  0.92207845 
46 13  -0.5477601500000002  1.5776913899999996  9.28377337 
46 14  -6.09526015  1.5776913899999996  6.09357845 
46 15  -1.23365305  -1.3023586100000004  4.11227337 
46 16  -6.28742555  -1.3023586100000004  4.4309411999999995 
46 17  -1.0414876500000005  1.5776913899999996  5.774910619999999 
46 18  -6.58898765  1.5776913899999996  9.6024412 
46 19  -0.7399255500000006  -1.3023586100000004  0.60341062 
46 20  -9.2086281  1.5776913899999996  2.5275189100000004 
46 21  1.8797148999999997  -1.3023586100000004  7.67833291 
46 22  -3.6677850999999997  -1.3023586100000004  7.6990189099999995 
46 23  -3.661128100000001  1.5776913899999996  2.50683291 
47 0  -3.6644566000000007  -2.7423836100000005  -5.10292591 
47 1  -3.6644566000000007  0.1376663899999997  -5.10292591 
47 2  1.8830433999999996  0.1376663899999997  0.06857409000000025 
47 3  1.8830433999999996  -2.7423836100000005  0.06857409000000025 
47 4  -3.6644566000000003  -2.7423836100000005  0.06857409000000025 
47 5  -3.6644566000000003  0.1376663899999997  0.06857409000000025 
47 6  1.8830433999999996  0.1376663899999997  -5.10292591 
47 7  1.8830433999999996  -2.7423836100000005  -5.10292591 
47 8  1.3102085499999991  -1.3023586100000004  -2.75806438 
47 9  2.45587825  1.5776913899999996  2.895212560000001 
47 10  -3.09162175  1.5776913899999996  2.4134356199999996 
47 11  6.85770855  -1.3023586100000004  -2.27628744 
47 12  -1.2336530500000005  -1.3023586100000004  -4.11227337 
47 13  4.999739849999999  1.5776913899999996  4.249421550000001 
47 14  -0.5477601499999998  1.5776913899999996  1.0592266300000004 
47 15  4.31384695  -1.3023586100000004  -0.9220784499999999 
47 16  -0.7399255500000002  -1.3023586100000004  -0.60341062 
47 17  4.506012349999999  1.5776913899999996  0.7405587999999996 
47 18  -1.0414876499999997  1.5776913899999996  4.56808938 
47 19  4.807574449999999  -1.3023586100000004  -4.4309411999999995 
47 20  -3.6611281000000004  1.5776913899999996  -2.5068329099999995 
47 21  7.427214899999999  -1.3023586100000004  2.6439810900000005 
47 22  1.8797149000000002  -1.3023586100000004  2.66466709 
47 23  1.886371899999999  1.5776913899999996  -2.52751891 
48 0  -7.4305434  -3.0177163900000004  -5.24007409 
48 1  -7.4305434  -0.13766639000000014  -5.24007409 
48 2  -1.8830434  -0.13766639000000014  -0.06857409000000025 
48 3  -1.8830434  -3.0177163900000004  -0.06857409000000025 
48 4  -7.4305434  -3.0177163900000004  -0.06857409000000025 
48 5  -7.4305433999999995  -0.13766639000000014  -0.06857409000000025 
48 6  -1.8830434  -0.13766639000000014  -5.24007409 
48 7  -1.8830434  -3.0177163900000004  -5.24007409 
48 8  -2.4558782500000005  -1.5776913900000002  -2.8952125600000005 
48 9  -1.3102085499999996  1.3023586099999998  2.7580643800000004 
48 10  -6.85770855  1.3023586099999998  2.276287439999999 
48 11  3.0916217500000007  -1.5776913900000002  -2.4134356200000004 
48 12  -4.99973985  -1.5776913900000002  -4.24942155 
48 13  1.23365305  1.3023586099999998  4.1122733700000005 
48 14  -4.313846949999999  1.3023586099999998  0.9220784499999999 
48 15  0.5477601500000002  -1.5776913900000002  -1.0592266300000004 
48 16  -4.50601235  -1.5776913900000002  -0.7405588000000005 
48 17  0.7399255499999997  1.3023586099999998  0.6034106199999991 
48 18  -4.807574449999999  1.3023586099999998  4.4309411999999995 
48 19  1.0414876499999997  -1.5776913900000002  -4.56808938 
48 20  -7.4272149  1.3023586099999998  -2.64398109 
48 21  3.6611281  -1.5776913900000002  2.50683291 
48 22  -1.8863718999999994  -1.5776913900000002  2.5275189099999995 
48 23  -1.8797149000000006  1.3023586099999998  -2.6646670900000005 
49 0  -7.4305434  -5.62243361  -5.24007409 
49 1  -7.4305434  -2.7423836099999996  -5.24007409 
49 2  -1.8830434  -2.7423836099999996  -0.06857409000000025 
49 3  -1.8830434  -5.62243361  -0.06857409000000025 
49 4  -7.4305434  -5.62243361  -0.06857409000000025 
49 5  -7.4305433999999995  -2.7423836099999996  -0.06857409000000025 
49 6  -1.8830434  -2.7423836099999996  -5.24007409 
49 7  -1.8830434  -5.62243361  -5.24007409 
49 8  -2.4558782500000005  -4.1824086099999995  -2.8952125600000005 
49 9  -1.3102085499999996  -1.3023586099999998  2.7580643800000004 
49 10  -6.85770855  -1.3023586099999998  2.276287439999999 
49 11  3.0916217500000007  -4.1824086099999995  -2.4134356200000004 
49 12  -4.99973985  -4.1824086099999995  -4.24942155 
49 13  1.23365305  -1.3023586099999998  4.1122733700000005 
49 14  -4.313846949999999  -1.3023586099999998  0.9220784499999999 
49 15  0.5477601500000002  -4.1824086099999995  -1.0592266300000004 
49 16  -4.50601235  -4.1824086099999995  -0.7405588000000005 
49 17  0.7399255499999997  -1.3023586099999998  0.6034106199999991 
49 18  -4.807574449999999  -1.3023586099999998  4.4309411999999995 
49 19  1.0414876499999997  -4.1824086099999995  -4.56808938 
49 20  -7.4272149  -1.3023586099999998  -2.64398109 
49 21  3.6611281  -4.1824086099999995  2.50683291 
49 22  -1.8863718999999994  -4.1824086099999995  2.5275189099999995 
49 23  -1.8797149000000006  -1.3023586099999998  -2.6646670900000005 
50 0  -3.6644566000000007  -0.13766639000000003  -5.10292591 
50 1  -3.6644566000000007  2.74238361  -5.10292591 
50 2  1.8830433999999996  2.74238361  0.06857409000000025 
50 3  1.8830433999999996  -0.13766639000000003  0.06857409000000025 
50 4  -3.6644566000000003  -0.13766639000000003  0.06857409000000025 
50 5  -3.6644566000000003  2.74238361  0.06857409000000025 
50 6  1.8830433999999996  2.74238361  -5.10292591 
50 7  1.8830433999999996  -0.13766639000000003  -5.10292591 
50 8  1.3102085499999991  1.3023586100000002  -2.75806438 
50 9  2.45587825  4.18240861  2.895212560000001 
50 10  -3.09162175  4.18240861  2.4134356199999996 
50 11  6.85770855  1.3023586100000002  -2.27628744 
50 12  -1.2336530500000005  1.3023586100000002  -4.11227337 
50 13  4.999739849999999  4.18240861  4.249421550000001 
50 14  -0.5477601499999998  4.18240861  1.0592266300000004 
50 15  4.31384695  1.3023586100000002  -0.9220784499999999 
50 16  -0.7399255500000002  1.3023586100000002  -0.60341062 
50 17  4.506012349999999  4.18240861  0.7405587999999996 
50 18  -1.0414876499999997  4.18240861  4.56808938 
50 19  4.807574449999999  1.3023586100000002  -4.4309411999999995 
50 20  -3.6611281000000004  4.18240861  -2.5068329099999995 
50 21  7.427214899999999  1.3023586100000002  2.6439810900000005 
50 22  1.8797149000000002  1.3023586100000002  2.66466709 
50 23  1.886371899999999  4.18240861  -2.52751891 
51 0  -9.2119566  -0.13766639000000003  -0.06857408999999999 
51 1  -9.2119566  2.74238361  -0.06857408999999999 
51 2  -3.6644566000000003  2.74238361  5.10292591 
51 3  -3.6644566000000003  -0.13766639000000003  5.10292591 
51 4  -9.2119566  -0.13766639000000003  5.10292591 
51 5  -9.2119566  2.74238361  5.10292591 
51 6  -3.6644566000000003  2.74238361  -0.06857408999999999 
51 7  -3.6644566000000003  -0.13766639000000003  -0.06857408999999999 
51 8  -4.237291450000001  1.3023586100000002  2.27628744 
51 9  -3.09162175  4.18240861  7.92956438 
51 10  -8.63912175  4.18240861  7.447787439999999 
51 11  1.3102085500000005  1.3023586100000002  2.75806438 
51 12  -6.78115305  1.3023586100000002  0.92207845 
51 13  -0.5477601500000002  4.18240861  9.28377337 
51 14  -6.09526015  4.18240861  6.09357845 
51 15  -1.23365305  1.3023586100000002  4.11227337 
51 16  -6.28742555  1.3023586100000002  4.4309411999999995 
51 17  -1.0414876500000005  4.18240861  5.774910619999999 
51 18  -6.58898765  4.18240861  9.6024412 
51 19  -0.7399255500000006  1.3023586100000002  0.60341062 
51 20  -9.2086281  4.18240861  2.5275189100000004 
51 21  1.8797148999999997  1.3023586100000002  7.67833291 
51 22  -3.6677850999999997  1.3023586100000002  7.6990189099999995 
51 23  -3.661128100000001  4.18240861  2.50683291 
52 0  -5.5602592500000005  -5.49974348  -1.8697041099999998 
52 1  -5.5602592500000005  -2.61969348  -1.8697041099999998 
52 2  -0.012759250000000222  -2.61969348  3.30179589 
52 3  -0.012759250000000222  -5.49974348  3.30179589 
52 4  -5.5602592500000005  -5.49974348  3.30179589 
52 5  -5.56025925  -2.61969348  3.30179589 
52 6  -0.012759250000000222  -2.61969348  -1.8697041099999998 
52 7  -0.012759250000000222  -5.49974348  -1.8697041099999998 
52 8  -0.5855941000000007  -4.05971848  0.47515741999999994 
52 9  0.5600756000000002  -1.1796684800000001  6.128434360000001 
52 10  -4.9874244  -1.1796684800000001  5.6466574199999995 
52 11  4.9619059000000005  -4.05971848  0.95693436 
52 12  -3.1294557000000003  -4.05971848  -0.8790515699999998 
52 13  3.1039372  -1.1796684800000001  7.482643350000001 
52 14  -2.4435627999999996  -1.1796684800000001  4.29244843 
52 15  2.4180443  -4.05971848  2.31114335 
52 16  -2.6357282  -4.05971848  2.62981118 
52 17  2.6102096999999995  -1.1796684800000001  3.9737805999999996 
52 18  -2.9372902999999995  -1.1796684800000001  7.80131118 
52 19  2.9117717999999995  -4.05971848  -1.1977193999999998 
52 20  -5.55693075  -1.1796684800000001  0.7263888900000004 
52 21  5.53141225  -4.05971848  5.87720289 
52 22  -0.016087749999999623  -4.05971848  5.89788889 
52 23  -0.00943075000000082  -1.1796684800000001  0.70570289 
53 0  -5.5602592500000005  -3.1404065200000004  -1.8697041099999998 
53 1  -5.5602592500000005  -0.2603565200000002  -1.8697041099999998 
53 2  -0.012759250000000222  -0.2603565200000002  3.30179589 
53 3  -0.012759250000000222  -3.1404065200000004  3.30179589 
53 4  -5.5602592500000005  -3.1404065200000004  3.30179589 
53 5  -5.56025925  -0.2603565200000002  3.30179589 
53 6  -0.012759250000000222  -0.2603565200000002  -1.8697041099999998 
53 7  -0.012759250000000222  -3.1404065200000004  -1.8697041099999998 
53 8  -0.5855941000000007  -1.7003815200000003  0.47515741999999994 
53 9  0.5600756000000002  1.1796684799999997  6.128434360000001 
53 10  -4.9874244  1.1796684799999997  5.6466574199999995 
53 11  4.9619059000000005  -1.7003815200000003  0.95693436 
53 12  -3.1294557000000003  -1.7003815200000003  -0.8790515699999998 
53 13  3.1039372  1.1796684799999997  7.482643350000001 
53 14  -2.4435627999999996  1.1796684799999997  4.29244843 
53 15  2.4180443  -1.7003815200000003  2.31114335 
53 16  -2.6357282  -1.7003815200000003  2.62981118 
53 17  2.6102096999999995  1.1796684799999997  3.9737805999999996 
53 18  -2.9372902999999995  1.1796684799999997  7.80131118 
53 19  2.9117717999999995  -1.7003815200000003  -1.1977193999999998 
53 20  -5.55693075  1.1796684799999997  0.7263888900000004 
53 21  5.53141225  -1.7003815200000003  5.87720289 
53 22  -0.016087749999999623  -1.7003815200000003  5.89788889 
53 23  -0.00943075000000082  1.1796684799999997  0.70570289 
54 0  -5.534740750000001  -2.61969348  -8.47329589 
54 1  -5.534740750000001  0.2603565200000002  -8.47329589 
54 2  0.012759249999999334  0.2603565200000002  -3.3017958899999993 
54 3  0.012759249999999334  -2.61969348  -3.3017958899999993 
54 4  -5.534740750000001  -2.61969348  -3.3017958899999993 
54 5  -5.53474075  0.2603565200000002  -3.3017958899999993 
54 6  0.012759249999999334  0.2603565200000002  -8.47329589 
54 7  0.012759249999999334  -2.61969348  -8.47329589 
54 8  -0.5600756000000011  -1.17966848  -6.12843436 
54 9  0.5855940999999998  1.70038152  -0.4751574199999986 
54 10  -4.9619059000000005  1.70038152  -0.95693436 
54 11  4.9874244  -1.17966848  -5.6466574199999995 
54 12  -3.1039372000000007  -1.17966848  -7.482643349999999 
54 13  3.1294556999999994  1.70038152  0.8790515700000014 
54 14  -2.4180443  1.70038152  -2.311143349999999 
54 15  2.4435627999999996  -1.17966848  -4.292448429999999 
54 16  -2.6102097000000004  -1.17966848  -3.9737805999999996 
54 17  2.635728199999999  1.70038152  -2.62981118 
54 18  -2.9117718  1.70038152  1.1977194000000004 
54 19  2.937290299999999  -1.17966848  -7.801311179999999 
54 20  -5.531412250000001  1.70038152  -5.8772028899999995 
54 21  5.556930749999999  -1.17966848  -0.7263888899999991 
54 22  0.009430749999999932  -1.17966848  -0.7057028899999995 
54 23  0.016087749999998735  1.70038152  -5.897888889999999 
55 0  -11.08224075  -2.61969348  -7.04120411 
55 1  -11.08224075  0.2603565200000002  -7.04120411 
55 2  -5.53474075  0.2603565200000002  -1.8697041099999998 
55 3  -5.53474075  -2.61969348  -1.8697041099999998 
55 4  -11.08224075  -2.61969348  -1.8697041099999998 
55 5  -11.08224075  0.2603565200000002  -1.8697041099999998 
55 6  -5.53474075  0.2603565200000002  -7.04120411 
55 7  -5.53474075  -2.61969348  -7.04120411 
55 8  -6.1075756000000005  -1.17966848  -4.69634258 
55 9  -4.9619059  1.70038152  0.9569343600000009 
55 10  -10.509405899999999  1.70038152  0.4751574199999995 
55 11  -0.5600755999999993  -1.17966848  -4.21456564 
55 12  -8.6514372  -1.17966848  -6.05055157 
55 13  -2.4180443  1.70038152  2.311143350000001 
55 14  -7.9655442999999995  1.70038152  -0.8790515699999997 
55 15  -3.1039372  -1.17966848  -2.86035665 
55 16  -8.1577097  -1.17966848  -2.54168882 
55 17  -2.9117718000000004  1.70038152  -1.1977194000000004 
55 18  -8.4592718  1.70038152  2.62981118 
55 19  -2.6102097000000004  -1.17966848  -6.3692193999999995 
55 20  -11.07891225  1.70038152  -4.445111109999999 
55 21  0.009430749999999932  -1.17966848  0.7057028900000004 
55 22  -5.5380692499999995  -1.17966848  0.72638889 
55 23  -5.531412250000001  1.70038152  -4.4657971100000005 
56 0  -0.012759250000000395  -3.1404065200000004  -3.30179589 
56 1  -0.012759250000000218  -0.2603565200000002  -3.30179589 
56 2  5.53474075  -0.2603565200000002  1.8697041099999998 
56 3  5.53474075  -3.1404065200000004  1.8697041099999998 
56 4  -0.012759250000000078  -3.1404065200000004  1.8697041099999998 
56 5  -0.012759249999999903  -0.2603565200000002  1.8697041099999998 
56 6  5.53474075  -0.2603565200000002  -3.30179589 
56 7  5.53474075  -3.1404065200000004  -3.30179589 
56 8  4.9619059  -1.7003815200000003  -0.9569343600000004 
56 9  6.1075756000000005  1.1796684799999997  4.6963425800000005 
56 10  0.5600756000000002  1.1796684799999997  4.214565639999999 
56 11  10.5094059  -1.7003815200000003  -0.4751574200000004 
56 12  2.4180443  -1.7003815200000003  -2.31114335 
56 13  8.6514372  1.1796684799999997  6.0505515700000005 
56 14  3.1039372000000007  1.1796684799999997  2.86035665 
56 15  7.9655443  -1.7003815200000003  0.8790515699999997 
56 16  2.9117718000000004  -1.7003815200000003  1.1977193999999995 
56 17  8.1577097  1.1796684799999997  2.541688819999999 
56 18  2.610209700000001  1.1796684799999997  6.3692193999999995 
56 19  8.4592718  -1.7003815200000003  -2.62981118 
56 20  -0.009430749999999972  1.1796684799999997  -0.70570289 
56 21  11.07891225  -1.7003815200000003  4.44511111 
56 22  5.531412250000001  -1.7003815200000003  4.46579711 
56 23  5.5380692499999995  1.1796684799999997  -0.7263888900000004 
57 0  -0.01275925000000054  -5.49974348  -3.30179589 
57 1  -0.012759250000000362  -2.61969348  -3.30179589 
57 2  5.53474075  -2.61969348  1.8697041099999998 
57 3  5.53474075  -5.49974348  1.8697041099999998 
57 4  -0.012759250000000222  -5.49974348  1.8697041099999998 
57 5  -0.012759250000000047  -2.61969348  1.8697041099999998 
57 6  5.53474075  -2.61969348  -3.30179589 
57 7  5.53474075  -5.49974348  -3.30179589 
57 8  4.9619059  -4.05971848  -0.9569343600000004 
57 9  6.1075756000000005  -1.1796684800000001  4.6963425800000005 
57 10  0.5600756000000001  -1.1796684800000001  4.214565639999999 
57 11  10.5094059  -4.05971848  -0.4751574200000004 
57 12  2.4180442999999996  -4.05971848  -2.31114335 
57 13  8.6514372  -1.1796684800000001  6.0505515700000005 
57 14  3.1039372000000003  -1.1796684800000001  2.86035665 
57 15  7.9655443  -4.05971848  0.8790515699999997 
57 16  2.9117718  -4.05971848  1.1977193999999995 
57 17  8.1577097  -1.1796684800000001  2.541688819999999 
57 18  2.6102097000000004  -1.1796684800000001  6.3692193999999995 
57 19  8.4592718  -4.05971848  -2.62981118 
57 20  -0.009430750000000116  -1.1796684800000001  -0.70570289 
57 21  11.07891225  -4.05971848  4.44511111 
57 22  5.531412250000001  -4.05971848  4.46579711 
57 23  5.5380692499999995  -1.1796684800000001  -0.7263888900000004 
58 0  -11.08224075  -0.26035652  -7.04120411 
58 1  -11.08224075  2.6196934800000005  -7.04120411 
58 2  -5.53474075  2.6196934800000005  -1.8697041099999998 
58 3  -5.53474075  -0.26035652  -1.8697041099999998 
58 4  -11.08224075  -0.26035652  -1.8697041099999998 
58 5  -11.08224075  2.6196934800000005  -1.8697041099999998 
58 6  -5.53474075  2.6196934800000005  -7.04120411 
58 7  -5.53474075  -0.26035652  -7.04120411 
58 8  -6.1075756000000005  1.1796684800000001  -4.69634258 
58 9  -4.9619059  4.05971848  0.9569343600000009 
58 10  -10.509405899999999  4.05971848  0.4751574199999995 
58 11  -0.5600755999999993  1.1796684800000001  -4.21456564 
58 12  -8.6514372  1.1796684800000001  -6.05055157 
58 13  -2.4180443  4.05971848  2.311143350000001 
58 14  -7.9655442999999995  4.05971848  -0.8790515699999997 
58 15  -3.1039372  1.1796684800000001  -2.86035665 
58 16  -8.1577097  1.1796684800000001  -2.54168882 
58 17  -2.9117718000000004  4.05971848  -1.1977194000000004 
58 18  -8.4592718  4.05971848  2.62981118 
58 19  -2.6102097000000004  1.1796684800000001  -6.3692193999999995 
58 20  -11.07891225  4.05971848  -4.445111109999999 
58 21  0.009430749999999932  1.1796684800000001  0.7057028900000004 
58 22  -5.5380692499999995  1.1796684800000001  0.72638889 
58 23  -5.531412250000001  4.05971848  -4.4657971100000005 
59 0  -5.534740750000001  -0.26035652  -8.47329589 
59 1  -5.534740750000001  2.6196934800000005  -8.47329589 
59 2  0.012759249999999334  2.6196934800000005  -3.3017958899999993 
59 3  0.012759249999999334  -0.26035652  -3.3017958899999993 
59 4  -5.534740750000001  -0.26035652  -3.3017958899999993 
59 5  -5.53474075  2.6196934800000005  -3.3017958899999993 
59 6  0.012759249999999334  2.6196934800000005  -8.47329589 
59 7  0.012759249999999334  -0.26035652  -8.47329589 
59 8  -0.5600756000000011  1.1796684800000001  -6.12843436 
59 9  0.5855940999999998  4.05971848  -0.4751574199999986 
59 10  -4.9619059000000005  4.05971848  -0.95693436 
59 11  4.9874244  1.1796684800000001  -5.6466574199999995 
59 12  -3.1039372000000007  1.1796684800000001  -7.482643349999999 
59 13  3.1294556999999994  4.05971848  0.8790515700000014 
59 14  -2.4180443  4.05971848  -2.311143349999999 
59 15  2.4435627999999996  1.1796684800000001  -4.292448429999999 
59 16  -2.6102097000000004  1.1796684800000001  -3.9737805999999996 
59 17  2.635728199999999  4.05971848  -2.62981118 
59 18  -2.9117718  4.05971848  1.1977194000000004 
59 19  2.937290299999999  1.1796684800000001  -7.801311179999999 
59 20  -5.531412250000001  4.05971848  -5.8772028899999995 
59 21  5.556930749999999  1.1796684800000001  -0.7263888899999991 
59 22  0.009430749999999932  1.1796684800000001  -0.7057028899999995 
59 23  0.016087749999998735  4.05971848  -5.897888889999999 