         0        16   4.56903
         0        17   4.99815   4.09504
         0        18   4.56903
         0        19   4.09504   4.99815
         0        20   4.74829   4.74829
         0        21   3.67846   2.12265
         0        22   4.74829   4.74829
         0        23   2.12265   3.67846
         0        24   2.68187
         0        25   3.23598   4.02552
         0        26   2.68187
         0        27   4.02552   3.23598
         0        28   4.74714   2.12376
         0        29   3.67743   4.74857
         0        30   2.12376   4.74714
         0        31   4.74857   3.67743
         0        32   3.44358
         0        33
         0        34   3.44358
         0        35
         0        36   4.99601   4.56952
         0        37   4.09567
         0        38   4.56952   4.99601
         0        39   4.09567
         1        16   4.99815   4.09504
         1        17   4.56903
         1        18   4.09504   4.99815
         1        19   4.56903
         1        20   3.67846   2.12265
         1        21   4.74829   4.74829
         1        22   2.12265   3.67846
         1        23   4.74829   4.74829
         1        24   3.23598   4.02552
         1        25   2.68187
         1        26   4.02552   3.23598
         1        27   2.68187
         1        28   3.67743   4.74857
         1        29   4.74714   2.12376
         1        30   4.74857   3.67743
         1        31   2.12376   4.74714
         1        32
         1        33   3.44358
         1        34
         1        35   3.44358
         1        36   4.09567
         1        37   4.99601   4.56952
         1        38   4.09567
         1        39   4.56952   4.99601
         2        16   4.74714   2.12376
         2        17   3.67743   4.74857
         2        18   2.12376   4.74714
         2        19   4.74857   3.67743
         2        20   3.44358
         2        21
         2        22   3.44358
         2        23
         2        24   4.99601   4.56952
         2        25   4.09567
         2        26   4.56952   4.99601
         2        27   4.09567
         2        28   4.56903
         2        29   4.99815   4.09504
         2        30   4.56903
         2        31   4.09504   4.99815
         2        32   4.74829   4.74829
         2        33   3.67846   2.12265
         2        34   4.74829   4.74829
         2        35   2.12265   3.67846
         2        36   2.68187
         2        37   3.23598   4.02552
         2        38   2.68187
         2        39   4.02552   3.23598
         3        16   3.67743   4.74857
         3        17   4.74714   2.12376
         3        18   4.74857   3.67743
         3        19   2.12376   4.74714
         3        20
         3        21   3.44358
         3        22
         3        23   3.44358
         3        24   4.09567
         3        25   4.99601   4.56952
         3        26   4.09567
         3        27   4.56952   4.99601
         3        28   4.99815   4.09504
         3        29   4.56903
         3        30   4.09504   4.99815
         3        31   4.56903
         3        32   3.67846   2.12265
         3        33   4.74829   4.74829
         3        34   2.12265   3.67846
         3        35   4.74829   4.74829
         3        36   3.23598   4.02552
         3        37   2.68187
         3        38   4.02552   3.23598
         3        39   2.68187
         4        16   4.56909
         4        17
         4        18   4.56909
         4        19
         4        20   2.12376   4.74714
         4        21   4.74857   3.67743
         4        22   4.74714   2.12376
         4        23   3.67743   4.74857
         4        24   3.92278
         4        25   4.50691
         4        26   3.92278
         4        27   4.50691
         4        28   4.74711   2.12369
         4        29   2.12265   3.67846
         4        30   2.12369   4.74711
         4        31   3.67846   2.12265
         4        32   4.56903
         4        33   4.09504   4.99815
         4        34   4.56903
         4        35   4.99815   4.09504
         4        36   4.56752   4.09666
         4        37   3.44300
         4        38   4.09666   4.56752
         4        39   3.44300
         5        16
         5        17   4.56909
         5        18
         5        19   4.56909
         5        20   4.74857   3.67743
         5        21   2.12376   4.74714
         5        22   3.67743   4.74857
         5        23   4.74714   2.12376
         5        24   4.50691
         5        25   3.92278
         5        26   4.50691
         5        27   3.92278
         5        28   2.12265   3.67846
         5        29   4.74711   2.12369
         5        30   3.67846   2.12265
         5        31   2.12369   4.74711
         5        32   4.09504   4.99815
         5        33   4.56903
         5        34   4.99815   4.09504
         5        35   4.56903
         5        36   3.44300
         5        37   4.56752   4.09666
         5        38   3.44300
         5        39   4.09666   4.56752
         6        16   4.74711   2.12369
         6        17   2.12265   3.67846
         6        18   2.12369   4.74711
         6        19   3.67846   2.12265
         6        20   4.56903
         6        21   4.09504   4.99815
         6        22   4.56903
         6        23   4.99815   4.09504
         6        24   4.56752   4.09666
         6        25   3.44300
         6        26   4.09666   4.56752
         6        27   3.44300
         6        28   4.56909
         6        29
         6        30   4.56909
         6        31
         6        32   2.12376   4.74714
         6        33   4.74857   3.67743
         6        34   4.74714   2.12376
         6        35   3.67743   4.74857
         6        36   3.92278
         6        37   4.50691
         6        38   3.92278
         6        39   4.50691
         7        16   2.12265   3.67846
         7        17   4.74711   2.12369
         7        18   3.67846   2.12265
         7        19   2.12369   4.74711
         7        20   4.09504   4.99815
         7        21   4.56903
         7        22   4.99815   4.09504
         7        23   4.56903
         7        24   3.44300
         7        25   4.56752   4.09666
         7        26   3.44300
         7        27   4.09666   4.56752
         7        28
         7        29   4.56909
         7        30
         7        31   4.56909
         7        32   4.74857   3.67743
         7        33   2.12376   4.74714
         7        34   3.67743   4.74857
         7        35   4.74714   2.12376
         7        36   4.50691
         7        37   3.92278
         7        38   4.50691
         7        39   3.92278
         8        16   1.59490
         8        17   3.40052   3.39967
         8        18   4.40337
         8        19   4.40207
         8        20   1.59461
         8        21   4.05933   3.95715
         8        22   4.86982   3.72780
         8        23   4.33664
         8        24   3.95652   1.59477
         8        25   1.59427   4.05972
         8        26   3.06914
         8        27   3.89247   4.19814
         8        28
         8        29   4.33670
         8        30   4.53638   4.53638
         8        31   4.05940   3.95722
         8        32
         8        33   4.40210
         8        34   3.40023
         8        35   3.40056   3.39971
         8        36
         8        37
         8        38   4.37812
         8        39   4.18572
         9        16   3.40052   3.39967
         9        17   1.59490
         9        18   4.40207
         9        19   4.40337
         9        20   4.05933   3.95715
         9        21   1.59461
         9        22   4.33664
         9        23   4.86982   3.72780
         9        24   1.59427   4.05972
         9        25   3.95652   1.59477
         9        26   3.89247   4.19814
         9        27   3.06914
         9        28   4.33670
         9        29
         9        30   4.05940   3.95722
         9        31   4.53638   4.53638
         9        32   4.40210
         9        33
         9        34   3.40056   3.39971
         9        35   3.40023
         9        36
         9        37
         9        38   4.18572
         9        39   4.37812
        10        16   4.40337
        10        17   4.40207
        10        18   1.59490
        10        19   3.39967   3.40052
        10        20   3.72780   4.86982
        10        21   4.33664
        10        22   1.59461
        10        23   3.95715   4.05933
        10        24   3.06914
        10        25   4.19814   3.89247
        10        26   1.59477   3.95652
        10        27   4.05972   1.59427
        10        28   4.53638   4.53638
        10        29   3.95722   4.05940
        10        30
        10        31   4.33670
        10        32   3.40023
        10        33   3.39971   3.40056
        10        34
        10        35   4.40210
        10        36   4.37812
        10        37   4.18572
        10        38
        10        39
        11        16   4.40207
        11        17   4.40337
        11        18   3.39967   3.40052
        11        19   1.59490
        11        20   4.33664
        11        21   3.72780   4.86982
        11        22   3.95715   4.05933
        11        23   1.59461
        11        24   4.19814   3.89247
        11        25   3.06914
        11        26   4.05972   1.59427
        11        27   1.59477   3.95652
        11        28   3.95722   4.05940
        11        29   4.53638   4.53638
        11        30   4.33670
        11        31
        11        32   3.39971   3.40056
        11        33   3.40023
        11        34   4.40210
        11        35
        11        36   4.18572
        11        37   4.37812
        11        38
        11        39
        12        16
        12        17   4.33670
        12        18   4.53638   4.53638
        12        19   4.05940   3.95722
        12        20
        12        21   4.40210
        12        22   3.40023
        12        23   3.40056   3.39971
        12        24
        12        25
        12        26   4.37812
        12        27   4.18572
        12        28   1.59490
        12        29   3.40052   3.39967
        12        30   4.40337
        12        31   4.40207
        12        32   1.59461
        12        33   4.05933   3.95715
        12        34   4.86982   3.72780
        12        35   4.33664
        12        36   3.95652   1.59477
        12        37   1.59427   4.05972
        12        38   3.06914
        12        39   3.89247   4.19814
        13        16   4.33670
        13        17
        13        18   4.05940   3.95722
        13        19   4.53638   4.53638
        13        20   4.40210
        13        21
        13        22   3.40056   3.39971
        13        23   3.40023
        13        24
        13        25
        13        26   4.18572
        13        27   4.37812
        13        28   3.40052   3.39967
        13        29   1.59490
        13        30   4.40207
        13        31   4.40337
        13        32   4.05933   3.95715
        13        33   1.59461
        13        34   4.33664
        13        35   4.86982   3.72780
        13        36   1.59427   4.05972
        13        37   3.95652   1.59477
        13        38   3.89247   4.19814
        13        39   3.06914
        14        16   4.53638   4.53638
        14        17   3.95722   4.05940
        14        18
        14        19   4.33670
        14        20   3.40023
        14        21   3.39971   3.40056
        14        22
        14        23   4.40210
        14        24   4.37812
        14        25   4.18572
        14        26
        14        27
        14        28   4.40337
        14        29   4.40207
        14        30   1.59490
        14        31   3.39967   3.40052
        14        32   3.72780   4.86982
        14        33   4.33664
        14        34   1.59461
        14        35   3.95715   4.05933
        14        36   3.06914
        14        37   4.19814   3.89247
        14        38   1.59477   3.95652
        14        39   4.05972   1.59427
        15        16   3.95722   4.05940
        15        17   4.53638   4.53638
        15        18   4.33670
        15        19
        15        20   3.39971   3.40056
        15        21   3.40023
        15        22   4.40210
        15        23
        15        24   4.18572
        15        25   4.37812
        15        26
        15        27
        15        28   4.40207
        15        29   4.40337
        15        30   3.39967   3.40052
        15        31   1.59490
        15        32   4.33664
        15        33   3.72780   4.86982
        15        34   3.95715   4.05933
        15        35   1.59461
        15        36   4.19814   3.89247
        15        37   3.06914
        15        38   4.05972   1.59427
        15        39   1.59477   3.95652
        16         0   4.56903
        16         1   4.09504   4.99815
        16         2   2.12376   4.74714
        16         3   4.74857   3.67743
        16         4   4.56909
        16         5
        16         6   2.12369   4.74711
        16         7   3.67846   2.12265
        16         8   1.59490
        16         9   3.39967   3.40052
        16        10   4.40337
        16        11   4.40207
        16        12
        16        13   4.33670
        16        14   4.53638   4.53638
        16        15   4.05940   3.95722
        17         0   4.09504   4.99815
        17         1   4.56903
        17         2   4.74857   3.67743
        17         3   2.12376   4.74714
        17         4
        17         5   4.56909
        17         6   3.67846   2.12265
        17         7   2.12369   4.74711
        17         8   3.39967   3.40052
        17         9   1.59490
        17        10   4.40207
        17        11   4.40337
        17        12   4.33670
        17        13
        17        14   4.05940   3.95722
        17        15   4.53638   4.53638
        18         0   4.56903
        18         1   4.99815   4.09504
        18         2   4.74714   2.12376
        18         3   3.67743   4.74857
        18         4   4.56909
        18         5
        18         6   4.74711   2.12369
        18         7   2.12265   3.67846
        18         8   4.40337
        18         9   4.40207
        18        10   1.59490
        18        11   3.40052   3.39967
        18        12   4.53638   4.53638
        18        13   3.95722   4.05940
        18        14
        18        15   4.33670
        19         0   4.99815   4.09504
        19         1   4.56903
        19         2   3.67743   4.74857
        19         3   4.74714   2.12376
        19         4
        19         5   4.56909
        19         6   2.12265   3.67846
        19         7   4.74711   2.12369
        19         8   4.40207
        19         9   4.40337
        19        10   3.40052   3.39967
        19        11   1.59490
        19        12   3.95722   4.05940
        19        13   4.53638   4.53638
        19        14   4.33670
        19        15
        20         0   4.74829   4.74829
        20         1   2.12265   3.67846
        20         2   3.44358
        20         3
        20         4   4.74714   2.12376
        20         5   3.67743   4.74857
        20         6   4.56903
        20         7   4.99815   4.09504
        20         8   1.59461
        20         9   3.95715   4.05933
        20        10   4.86982   3.72780
        20        11   4.33664
        20        12
        20        13   4.40210
        20        14   3.40023
        20        15   3.40056   3.39971
        21         0   2.12265   3.67846
        21         1   4.74829   4.74829
        21         2
        21         3   3.44358
        21         4   3.67743   4.74857
        21         5   4.74714   2.12376
        21         6   4.99815   4.09504
        21         7   4.56903
        21         8   3.95715   4.05933
        21         9   1.59461
        21        10   4.33664
        21        11   4.86982   3.72780
        21        12   4.40210
        21        13
        21        14   3.40056   3.39971
        21        15   3.40023
        22         0   4.74829   4.74829
        22         1   3.67846   2.12265
        22         2   3.44358
        22         3
        22         4   2.12376   4.74714
        22         5   4.74857   3.67743
        22         6   4.56903
        22         7   4.09504   4.99815
        22         8   3.72780   4.86982
        22         9   4.33664
        22        10   1.59461
        22        11   4.05933   3.95715
        22        12   3.40023
        22        13   3.39971   3.40056
        22        14
        22        15   4.40210
        23         0   3.67846   2.12265
        23         1   4.74829   4.74829
        23         2
        23         3   3.44358
        23         4   4.74857   3.67743
        23         5   2.12376   4.74714
        23         6   4.09504   4.99815
        23         7   4.56903
        23         8   4.33664
        23         9   3.72780   4.86982
        23        10   4.05933   3.95715
        23        11   1.59461
        23        12   3.39971   3.40056
        23        13   3.40023
        23        14   4.40210
        23        15
        24         0   2.68187
        24         1   4.02552   3.23598
        24         2   4.56952   4.99601
        24         3   4.09567
        24         4   3.92278
        24         5   4.50691
        24         6   4.09666   4.56752
        24         7   3.44300
        24         8   1.59477   3.95652
        24         9   4.05972   1.59427
        24        10   3.06914
        24        11   3.89247   4.19814
        24        12
        24        13
        24        14   4.37812
        24        15   4.18572
        25         0   4.02552   3.23598
        25         1   2.68187
        25         2   4.09567
        25         3   4.56952   4.99601
        25         4   4.50691
        25         5   3.92278
        25         6   3.44300
        25         7   4.09666   4.56752
        25         8   4.05972   1.59427
        25         9   1.59477   3.95652
        25        10   3.89247   4.19814
        25        11   3.06914
        25        12
        25        13
        25        14   4.18572
        25        15   4.37812
        26         0   2.68187
        26         1   3.23598   4.02552
        26         2   4.99601   4.56952
        26         3   4.09567
        26         4   3.92278
        26         5   4.50691
        26         6   4.56752   4.09666
        26         7   3.44300
        26         8   3.06914
        26         9   4.19814   3.89247
        26        10   3.95652   1.59477
        26        11   1.59427   4.05972
        26        12   4.37812
        26        13   4.18572
        26        14
        26        15
        27         0   3.23598   4.02552
        27         1   2.68187
        27         2   4.09567
        27         3   4.99601   4.56952
        27         4   4.50691
        27         5   3.92278
        27         6   3.44300
        27         7   4.56752   4.09666
        27         8   4.19814   3.89247
        27         9   3.06914
        27        10   1.59427   4.05972
        27        11   3.95652   1.59477
        27        12   4.18572
        27        13   4.37812
        27        14
        27        15
        28         0   2.12376   4.74714
        28         1   4.74857   3.67743
        28         2   4.56903
        28         3   4.09504   4.99815
        28         4   2.12369   4.74711
        28         5   3.67846   2.12265
        28         6   4.56909
        28         7
        28         8
        28         9   4.33670
        28        10   4.53638   4.53638
        28        11   4.05940   3.95722
        28        12   1.59490
        28        13   3.39967   3.40052
        28        14   4.40337
        28        15   4.40207
        29         0   4.74857   3.67743
        29         1   2.12376   4.74714
        29         2   4.09504   4.99815
        29         3   4.56903
        29         4   3.67846   2.12265
        29         5   2.12369   4.74711
        29         6
        29         7   4.56909
        29         8   4.33670
        29         9
        29        10   4.05940   3.95722
        29        11   4.53638   4.53638
        29        12   3.39967   3.40052
        29        13   1.59490
        29        14   4.40207
        29        15   4.40337
        30         0   4.74714   2.12376
        30         1   3.67743   4.74857
        30         2   4.56903
        30         3   4.99815   4.09504
        30         4   4.74711   2.12369
        30         5   2.12265   3.67846
        30         6   4.56909
        30         7
        30         8   4.53638   4.53638
        30         9   3.95722   4.05940
        30        10
        30        11   4.33670
        30        12   4.40337
        30        13   4.40207
        30        14   1.59490
        30        15   3.40052   3.39967
        31         0   3.67743   4.74857
        31         1   4.74714   2.12376
        31         2   4.99815   4.09504
        31         3   4.56903
        31         4   2.12265   3.67846
        31         5   4.74711   2.12369
        31         6
        31         7   4.56909
        31         8   3.95722   4.05940
        31         9   4.53638   4.53638
        31        10   4.33670
        31        11
        31        12   4.40207
        31        13   4.40337
        31        14   3.40052   3.39967
        31        15   1.59490
        32         0   3.44358
        32         1
        32         2   4.74829   4.74829
        32         3   2.12265   3.67846
        32         4   4.56903
        32         5   4.99815   4.09504
        32         6   4.74714   2.12376
        32         7   3.67743   4.74857
        32         8
        32         9   4.40210
        32        10   3.40023
        32        11   3.40056   3.39971
        32        12   1.59461
        32        13   3.95715   4.05933
        32        14   4.86982   3.72780
        32        15   4.33664
        33         0
        33         1   3.44358
        33         2   2.12265   3.67846
        33         3   4.74829   4.74829
        33         4   4.99815   4.09504
        33         5   4.56903
        33         6   3.67743   4.74857
        33         7   4.74714   2.12376
        33         8   4.40210
        33         9
        33        10   3.40056   3.39971
        33        11   3.40023
        33        12   3.95715   4.05933
        33        13   1.59461
        33        14   4.33664
        33        15   4.86982   3.72780
        34         0   3.44358
        34         1
        34         2   4.74829   4.74829
        34         3   3.67846   2.12265
        34         4   4.56903
        34         5   4.09504   4.99815
        34         6   2.12376   4.74714
        34         7   4.74857   3.67743
        34         8   3.40023
        34         9   3.39971   3.40056
        34        10
        34        11   4.40210
        34        12   3.72780   4.86982
        34        13   4.33664
        34        14   1.59461
        34        15   4.05933   3.95715
        35         0
        35         1   3.44358
        35         2   3.67846   2.12265
        35         3   4.74829   4.74829
        35         4   4.09504   4.99815
        35         5   4.56903
        35         6   4.74857   3.67743
        35         7   2.12376   4.74714
        35         8   3.39971   3.40056
        35         9   3.40023
        35        10   4.40210
        35        11
        35        12   4.33664
        35        13   3.72780   4.86982
        35        14   4.05933   3.95715
        35        15   1.59461
        36         0   4.56952   4.99601
        36         1   4.09567
        36         2   2.68187
        36         3   4.02552   3.23598
        36         4   4.09666   4.56752
        36         5   3.44300
        36         6   3.92278
        36         7   4.50691
        36         8
        36         9
        36        10   4.37812
        36        11   4.18572
        36        12   1.59477   3.95652
        36        13   4.05972   1.59427
        36        14   3.06914
        36        15   3.89247   4.19814
        37         0   4.09567
        37         1   4.56952   4.99601
        37         2   4.02552   3.23598
        37         3   2.68187
        37         4   3.44300
        37         5   4.09666   4.56752
        37         6   4.50691
        37         7   3.92278
        37         8
        37         9
        37        10   4.18572
        37        11   4.37812
        37        12   4.05972   1.59427
        37        13   1.59477   3.95652
        37        14   3.89247   4.19814
        37        15   3.06914
        38         0   4.99601   4.56952
        38         1   4.09567
        38         2   2.68187
        38         3   3.23598   4.02552
        38         4   4.56752   4.09666
        38         5   3.44300
        38         6   3.92278
        38         7   4.50691
        38         8   4.37812
        38         9   4.18572
        38        10
        38        11
        38        12   3.06914
        38        13   4.19814   3.89247
        38        14   3.95652   1.59477
        38        15   1.59427   4.05972
        39         0   4.09567
        39         1   4.99601   4.56952
        39         2   3.23598   4.02552
        39         3   2.68187
        39         4   3.44300
        39         5   4.56752   4.09666
        39         6   4.50691
        39         7   3.92278
        39         8   4.18572
        39         9   4.37812
        39        10
        39        11
        39        12   4.19814   3.89247
        39        13   3.06914
        39        14   1.59427   4.05972
        39        15   3.95652   1.59477
