 9.695  0  0  5.461312400797622e-16  8.919  0  -1.8368439584967506  0.0  4.810218838278981 
5
0 16  6.28769961601255  2.9729702700000002  -0.3694248067798258 
0 17  5.369277636764175  1.48652973  2.035684612359665 
0 18  3.40730038398745  2.9729702700000002  0.3694248067798256 
0 19  2.488878404739075  1.48652973  2.774534225919316 
0 20  8.25480038398745  4.4595  0.3694248067798256 
0 21  7.336378404739074  0.0  2.774534225919316 
0 22  1.440199616012551  4.4595  -0.3694248067798258 
0 23  0.5217776367641753  0.0  2.035684612359665 
0 24  8.708317157340298  2.2208310000000004  -0.8182182243912547 
0 25  7.789895178091922  2.238669  1.5868911947482358 
0 26  0.986682842659703  2.2208310000000004  0.8182182243912548 
0 27  0.06826086341132748  2.238669  3.2233276435307454 
0 28  1.4401996160125505  -1.48652973  -0.3694248067798258 
0 29  0.5217776367641755  5.94602973  2.035684612359665 
0 30  8.25480038398745  -1.48652973  0.3694248067798256 
0 31  7.336378404739074  5.94602973  2.774534225919316 
0 32  3.40730038398745  0.0  0.3694248067798256 
0 33  2.488878404739075  4.4595  2.774534225919316 
0 34  6.28769961601255  0.0  -0.3694248067798258 
0 35  5.369277636764175  4.4595  2.035684612359665 
0 36  3.860817157340298  6.680331  -0.8182182243912547 
0 37  2.942395178091922  -2.220831  1.5868911947482358 
0 38  5.834182842659704  6.680331  0.8182182243912548 
0 39  4.915760863411327  -2.220831  3.2233276435307454 
1 16  7.206121595260925  -1.48652973  -2.774534225919316 
1 17  6.28769961601255  -2.9729702700000002  -0.3694248067798256 
1 18  4.325722363235825  -1.48652973  -2.035684612359665 
1 19  3.40730038398745  -2.9729702700000002  0.3694248067798256 
1 20  9.173222363235825  0.0  -2.035684612359665 
1 21  8.25480038398745  -4.4595  0.3694248067798256 
1 22  2.358621595260926  0.0  -2.774534225919316 
1 23  1.4401996160125503  -4.4595  -0.3694248067798256 
1 24  9.626739136588673  -2.238669  -3.2233276435307454 
1 25  8.708317157340296  -2.2208310000000004  -0.8182182243912548 
1 26  1.9051048219080782  -2.238669  -1.5868911947482358 
1 27  0.9866828426597025  -2.2208310000000004  0.8182182243912548 
1 28  2.3586215952609253  -5.94602973  -2.774534225919316 
1 29  1.4401996160125505  1.48652973  -0.3694248067798256 
1 30  9.173222363235825  -5.94602973  -2.035684612359665 
1 31  8.25480038398745  1.48652973  0.3694248067798256 
1 32  4.325722363235825  -4.4595  -2.035684612359665 
1 33  3.40730038398745  0.0  0.3694248067798256 
1 34  7.206121595260925  -4.4595  -2.774534225919316 
1 35  6.28769961601255  0.0  -0.3694248067798256 
1 36  4.779239136588673  2.2208309999999996  -3.2233276435307454 
1 37  3.860817157340297  -6.680331000000001  -0.8182182243912548 
1 38  6.752604821908079  2.2208309999999996  -1.5868911947482358 
1 39  5.834182842659702  -6.680331000000001  0.8182182243912548 
2 16  1.44019961601255  -1.48652973  -0.3694248067798258 
2 17  0.5217776367641749  -2.9729702700000002  2.035684612359665 
2 18  -1.44019961601255  -1.48652973  0.3694248067798256 
2 19  -2.3586215952609253  -2.9729702700000002  2.774534225919316 
2 20  3.40730038398745  0.0  0.3694248067798256 
2 21  2.488878404739074  -4.4595  2.774534225919316 
2 22  -3.407300383987449  0.0  -0.3694248067798258 
2 23  -4.325722363235824  -4.4595  2.035684612359665 
2 24  3.860817157340298  -2.238669  -0.8182182243912547 
2 25  2.942395178091922  -2.2208310000000004  1.5868911947482358 
2 26  -3.860817157340297  -2.238669  0.8182182243912548 
2 27  -4.779239136588672  -2.2208310000000004  3.2233276435307454 
2 28  -3.4073003839874496  -5.94602973  -0.3694248067798258 
2 29  -4.325722363235824  1.48652973  2.035684612359665 
2 30  3.40730038398745  -5.94602973  0.3694248067798256 
2 31  2.488878404739074  1.48652973  2.774534225919316 
2 32  -1.44019961601255  -4.4595  0.3694248067798256 
2 33  -2.3586215952609253  0.0  2.774534225919316 
2 34  1.44019961601255  -4.4595  -0.3694248067798258 
2 35  0.5217776367641749  0.0  2.035684612359665 
2 36  -0.9866828426597021  2.2208309999999996  -0.8182182243912547 
2 37  -1.9051048219080782  -6.680331000000001  1.5868911947482358 
2 38  0.9866828426597039  2.2208309999999996  0.8182182243912548 
2 39  0.06826086341132687  -6.680331000000001  3.2233276435307454 
3 16  2.3586215952609253  2.9729702700000002  -2.774534225919316 
3 17  1.44019961601255  1.48652973  -0.3694248067798256 
3 18  -0.5217776367641749  2.9729702700000002  -2.035684612359665 
3 19  -1.44019961601255  1.48652973  0.3694248067798256 
3 20  4.325722363235825  4.4595  -2.035684612359665 
3 21  3.407300383987449  0.0  0.3694248067798256 
3 22  -2.488878404739074  4.4595  -2.774534225919316 
3 23  -3.4073003839874496  0.0  -0.3694248067798256 
3 24  4.779239136588673  2.2208310000000004  -3.2233276435307454 
3 25  3.860817157340297  2.238669  -0.8182182243912548 
3 26  -2.942395178091922  2.2208310000000004  -1.5868911947482358 
3 27  -3.860817157340297  2.238669  0.8182182243912548 
3 28  -2.4888784047390744  -1.48652973  -2.774534225919316 
3 29  -3.407300383987449  5.94602973  -0.3694248067798256 
3 30  4.325722363235825  -1.48652973  -2.035684612359665 
3 31  3.407300383987449  5.94602973  0.3694248067798256 
3 32  -0.5217776367641749  0.0  -2.035684612359665 
3 33  -1.44019961601255  4.4595  0.3694248067798256 
3 34  2.3586215952609253  0.0  -2.774534225919316 
3 35  1.44019961601255  4.4595  -0.3694248067798256 
3 36  -0.06826086341132687  6.680331  -3.2233276435307454 
3 37  -0.986682842659703  -2.220831  -0.8182182243912548 
3 38  1.905104821908079  6.680331  -1.5868911947482358 
3 39  0.9866828426597021  -2.220831  0.8182182243912548 
4 16  6.287699616012549  -2.97305946  -0.3694248067798258 
4 17  5.369277636764174  -4.4595  2.035684612359665 
4 18  3.4073003839874496  -2.97305946  0.3694248067798256 
4 19  2.4888784047390744  -4.4595  2.774534225919316 
4 20  8.25480038398745  -1.48652973  0.3694248067798256 
4 21  7.336378404739074  -5.94602973  2.774534225919316 
4 22  1.4401996160125505  -1.48652973  -0.3694248067798258 
4 23  0.5217776367641749  -5.94602973  2.035684612359665 
4 24  8.708317157340298  -3.72519873  -0.8182182243912547 
4 25  7.789895178091921  -3.7073607300000004  1.5868911947482358 
4 26  0.9866828426597026  -3.72519873  0.8182182243912548 
4 27  0.06826086341132709  -3.7073607300000004  3.2233276435307454 
4 28  1.44019961601255  -7.43255946  -0.3694248067798258 
4 29  0.5217776367641751  0.0  2.035684612359665 
4 30  8.25480038398745  -7.43255946  0.3694248067798256 
4 31  7.336378404739074  0.0  2.774534225919316 
4 32  3.4073003839874496  -5.94602973  0.3694248067798256 
4 33  2.4888784047390744  -1.48652973  2.774534225919316 
4 34  6.287699616012549  -5.94602973  -0.3694248067798258 
4 35  5.369277636764174  -1.48652973  2.035684612359665 
4 36  3.8608171573402976  0.7343012699999996  -0.8182182243912547 
4 37  2.9423951780919215  -8.16686073  1.5868911947482358 
4 38  5.834182842659704  0.7343012699999996  0.8182182243912548 
4 39  4.915760863411327  -8.16686073  3.2233276435307454 
5 16  7.206121595260925  4.4595  -2.774534225919316 
5 17  6.28769961601255  2.97305946  -0.3694248067798256 
5 18  4.325722363235825  4.4595  -2.035684612359665 
5 19  3.40730038398745  2.97305946  0.3694248067798256 
5 20  9.173222363235826  5.94602973  -2.035684612359665 
5 21  8.25480038398745  1.48652973  0.3694248067798256 
5 22  2.358621595260926  5.94602973  -2.774534225919316 
5 23  1.4401996160125508  1.48652973  -0.3694248067798256 
5 24  9.626739136588673  3.7073607300000004  -3.2233276435307454 
5 25  8.708317157340298  3.72519873  -0.8182182243912548 
5 26  1.9051048219080786  3.7073607300000004  -1.5868911947482358 
5 27  0.986682842659703  3.72519873  0.8182182243912548 
5 28  2.358621595260926  0.0  -2.774534225919316 
5 29  1.440199616012551  7.43255946  -0.3694248067798256 
5 30  9.173222363235826  0.0  -2.035684612359665 
5 31  8.25480038398745  7.43255946  0.3694248067798256 
5 32  4.325722363235825  1.48652973  -2.035684612359665 
5 33  3.40730038398745  5.94602973  0.3694248067798256 
5 34  7.206121595260925  1.48652973  -2.774534225919316 
5 35  6.28769961601255  5.94602973  -0.3694248067798256 
5 36  4.779239136588673  8.16686073  -3.2233276435307454 
5 37  3.860817157340297  -0.73430127  -0.8182182243912548 
5 38  6.752604821908079  8.16686073  -1.5868911947482358 
5 39  5.834182842659702  -0.73430127  0.8182182243912548 
6 16  1.44019961601255  1.4864405400000003  -0.3694248067798258 
6 17  0.5217776367641749  0.0  2.035684612359665 
6 18  -1.44019961601255  1.4864405400000003  0.3694248067798256 
6 19  -2.3586215952609253  0.0  2.774534225919316 
6 20  3.40730038398745  2.9729702700000002  0.3694248067798256 
6 21  2.488878404739074  -1.48652973  2.774534225919316 
6 22  -3.407300383987449  2.9729702700000002  -0.3694248067798258 
6 23  -4.325722363235824  -1.48652973  2.035684612359665 
6 24  3.860817157340298  0.7343012700000005  -0.8182182243912547 
6 25  2.942395178091922  0.7521392699999998  1.5868911947482358 
6 26  -3.860817157340297  0.7343012700000005  0.8182182243912548 
6 27  -4.779239136588672  0.7521392699999998  3.2233276435307454 
6 28  -3.4073003839874496  -2.97305946  -0.3694248067798258 
6 29  -4.325722363235824  4.4595  2.035684612359665 
6 30  3.40730038398745  -2.97305946  0.3694248067798256 
6 31  2.488878404739074  4.4595  2.774534225919316 
6 32  -1.44019961601255  -1.48652973  0.3694248067798256 
6 33  -2.3586215952609253  2.9729702700000002  2.774534225919316 
6 34  1.44019961601255  -1.48652973  -0.3694248067798258 
6 35  0.5217776367641749  2.9729702700000002  2.035684612359665 
6 36  -0.9866828426597021  5.19380127  -0.8182182243912547 
6 37  -1.9051048219080782  -3.70736073  1.5868911947482358 
6 38  0.9866828426597039  5.19380127  0.8182182243912548 
6 39  0.06826086341132687  -3.70736073  3.2233276435307454 
7 16  2.3586215952609253  0.0  -2.774534225919316 
7 17  1.44019961601255  -1.4864405400000003  -0.3694248067798256 
7 18  -0.5217776367641749  0.0  -2.035684612359665 
7 19  -1.44019961601255  -1.4864405400000003  0.3694248067798256 
7 20  4.325722363235825  1.48652973  -2.035684612359665 
7 21  3.407300383987449  -2.9729702700000002  0.3694248067798256 
7 22  -2.488878404739074  1.48652973  -2.774534225919316 
7 23  -3.4073003839874496  -2.9729702700000002  -0.3694248067798256 
7 24  4.779239136588673  -0.7521392699999998  -3.2233276435307454 
7 25  3.860817157340297  -0.7343012700000005  -0.8182182243912548 
7 26  -2.942395178091922  -0.7521392699999998  -1.5868911947482358 
7 27  -3.860817157340297  -0.7343012700000005  0.8182182243912548 
7 28  -2.4888784047390744  -4.4595  -2.774534225919316 
7 29  -3.407300383987449  2.97305946  -0.3694248067798256 
7 30  4.325722363235825  -4.4595  -2.035684612359665 
7 31  3.407300383987449  2.97305946  0.3694248067798256 
7 32  -0.5217776367641749  -2.9729702700000002  -2.035684612359665 
7 33  -1.44019961601255  1.48652973  0.3694248067798256 
7 34  2.3586215952609253  -2.9729702700000002  -2.774534225919316 
7 35  1.44019961601255  1.48652973  -0.3694248067798256 
7 36  -0.06826086341132687  3.7073607299999995  -3.2233276435307454 
7 37  -0.986682842659703  -5.193801270000001  -0.8182182243912548 
7 38  1.905104821908079  3.7073607299999995  -1.5868911947482358 
7 39  0.9866828426597021  -5.193801270000001  0.8182182243912548 
8 16  -1.4723866256475802  0.0  -0.561833560310985 
8 17  -2.3908086048959554  -1.4864405400000003  1.8432758588285059 
8 18  -4.35278585767268  0.0  0.17701605324866643 
8 19  -5.2712078369210555  -1.4864405400000003  2.582125472388157 
8 20  0.4947141423273198  1.48652973  0.17701605324866643 
8 21  -0.4237078369210563  -2.9729702700000002  2.582125472388157 
8 22  -6.319886625647579  1.48652973  -0.561833560310985 
8 23  -7.2383086048959555  -2.9729702700000002  1.8432758588285059 
8 24  0.9482309156801678  -0.7521392699999998  -1.010626977922414 
8 25  0.02980893643179172  -0.7343012700000005  1.3944824412170767 
8 26  -6.773403399000427  -0.7521392699999998  0.6258094708600956 
8 27  -7.691825378248803  -0.7343012700000005  3.0309188899995863 
8 28  -6.31988662564758  -4.4595  -0.561833560310985 
8 29  -7.238308604895955  2.97305946  1.8432758588285059 
8 30  0.4947141423273198  -4.4595  0.17701605324866643 
8 31  -0.4237078369210563  2.97305946  2.582125472388157 
8 32  -4.35278585767268  -2.9729702700000002  0.17701605324866643 
8 33  -5.2712078369210555  1.48652973  2.582125472388157 
8 34  -1.4723866256475802  -2.9729702700000002  -0.561833560310985 
8 35  -2.3908086048959554  1.48652973  1.8432758588285059 
8 36  -3.8992690843198323  3.7073607299999995  -1.010626977922414 
8 37  -4.817691063568208  -5.193801270000001  1.3944824412170767 
8 38  -1.9259033990004264  3.7073607299999995  0.6258094708600956 
8 39  -2.8443253782488034  -5.193801270000001  3.0309188899995863 
9 16  -0.5539646463992041  1.4864405400000003  -2.966942979450476 
9 17  -1.4723866256475793  0.0  -0.5618335603109852 
9 18  -3.4343638784243042  1.4864405400000003  -2.2280933658908246 
9 19  -4.3527858576726794  0.0  0.17701605324866598 
9 20  1.413136121575696  2.9729702700000002  -2.2280933658908246 
9 21  0.4947141423273198  -1.48652973  0.17701605324866598 
9 22  -5.401464646399203  2.9729702700000002  -2.966942979450476 
9 23  -6.3198866256475785  -1.48652973  -0.5618335603109852 
9 24  1.866652894928544  0.7343012700000005  -3.415736397061905 
9 25  0.9482309156801678  0.7521392699999998  -1.0106269779224144 
9 26  -5.854981419752051  0.7343012700000005  -1.7792999482793954 
9 27  -6.7734033990004265  0.7521392699999998  0.6258094708600952 
9 28  -5.401464646399203  -2.97305946  -2.966942979450476 
9 29  -6.3198866256475785  4.4595  -0.5618335603109852 
9 30  1.413136121575696  -2.97305946  -2.2280933658908246 
9 31  0.4947141423273198  4.4595  0.17701605324866598 
9 32  -3.4343638784243042  -1.48652973  -2.2280933658908246 
9 33  -4.3527858576726794  2.9729702700000002  0.17701605324866598 
9 34  -0.5539646463992041  -1.48652973  -2.966942979450476 
9 35  -1.4723866256475793  2.9729702700000002  -0.5618335603109852 
9 36  -2.9808471050714562  5.19380127  -3.415736397061905 
9 37  -3.8992690843198323  -3.70736073  -1.0106269779224144 
9 38  -1.0074814197520503  5.19380127  -1.7792999482793954 
9 39  -1.9259033990004273  -3.70736073  0.6258094708600952 
10 16  4.35278585767268  0.0  -0.17701605324866643 
10 17  3.434363878424305  -1.4864405400000003  2.2280933658908246 
10 18  1.47238662564758  0.0  0.561833560310985 
10 19  0.5539646463992047  -1.4864405400000003  2.966942979450476 
10 20  6.31988662564758  1.48652973  0.561833560310985 
10 21  5.401464646399204  -2.9729702700000002  2.966942979450476 
10 22  -0.49471414232731914  1.48652973  -0.17701605324866643 
10 23  -1.4131361215756948  -2.9729702700000002  2.2280933658908246 
10 24  6.773403399000428  -0.7521392699999998  -0.6258094708600953 
10 25  5.854981419752052  -0.7343012700000005  1.7792999482793952 
10 26  -0.948230915680167  -0.7521392699999998  1.0106269779224142 
10 27  -1.8666528949285426  -0.7343012700000005  3.415736397061905 
10 28  -0.4947141423273196  -4.4595  -0.17701605324866643 
10 29  -1.4131361215756946  2.97305946  2.2280933658908246 
10 30  6.31988662564758  -4.4595  0.561833560310985 
10 31  5.401464646399204  2.97305946  2.966942979450476 
10 32  1.47238662564758  -2.9729702700000002  0.561833560310985 
10 33  0.5539646463992047  1.48652973  2.966942979450476 
10 34  4.35278585767268  -2.9729702700000002  -0.17701605324866643 
10 35  3.434363878424305  1.48652973  2.2280933658908246 
10 36  1.925903399000428  3.7073607299999995  -0.6258094708600953 
10 37  1.0074814197520519  -5.193801270000001  1.7792999482793952 
10 38  3.899269084319834  3.7073607299999995  1.0106269779224142 
10 39  2.980847105071457  -5.193801270000001  3.415736397061905 
11 16  5.2712078369210555  1.4864405400000003  -2.5821254723881566 
11 17  4.35278585767268  0.0  -0.17701605324866598 
11 18  2.3908086048959554  1.4864405400000003  -1.8432758588285054 
11 19  1.47238662564758  0.0  0.5618335603109852 
11 20  7.2383086048959555  2.9729702700000002  -1.8432758588285054 
11 21  6.319886625647579  -1.48652973  0.5618335603109852 
11 22  0.42370783692105607  2.9729702700000002  -2.5821254723881566 
11 23  -0.4947141423273196  -1.48652973  -0.17701605324866598 
11 24  7.6918253782488035  0.7343012700000005  -3.030918889999586 
11 25  6.773403399000427  0.7521392699999998  -0.6258094708600952 
11 26  -0.029808936431791833  0.7343012700000005  -1.3944824412170762 
11 27  -0.9482309156801674  0.7521392699999998  1.0106269779224144 
11 28  0.4237078369210556  -2.97305946  -2.5821254723881566 
11 29  -0.49471414232731936  4.4595  -0.17701605324866598 
11 30  7.2383086048959555  -2.97305946  -1.8432758588285054 
11 31  6.319886625647579  4.4595  0.5618335603109852 
11 32  2.3908086048959554  -1.48652973  -1.8432758588285054 
11 33  1.47238662564758  2.9729702700000002  0.5618335603109852 
11 34  5.2712078369210555  -1.48652973  -2.5821254723881566 
11 35  4.35278585767268  2.9729702700000002  -0.17701605324866598 
11 36  2.8443253782488034  5.19380127  -3.030918889999586 
11 37  1.925903399000427  -3.70736073  -0.6258094708600952 
11 38  4.817691063568209  5.19380127  -1.3944824412170762 
11 39  3.8992690843198323  -3.70736073  1.0106269779224144 
12 16  3.37511337435242  4.4595  -0.561833560310985 
12 17  2.4566913951040448  2.97305946  1.8432758588285059 
12 18  0.4947141423273198  4.4595  0.17701605324866643 
12 19  -0.4237078369210554  2.97305946  2.582125472388157 
12 20  5.34221414232732  5.94602973  0.17701605324866643 
12 21  4.423792163078944  1.48652973  2.582125472388157 
12 22  -1.4723866256475793  5.94602973  -0.561833560310985 
12 23  -2.390808604895955  1.48652973  1.8432758588285059 
12 24  5.795730915680168  3.7073607300000004  -1.010626977922414 
12 25  4.877308936431792  3.72519873  1.3944824412170767 
12 26  -1.9259033990004273  3.7073607300000004  0.6258094708600956 
12 27  -2.8443253782488025  3.72519873  3.0309188899995863 
12 28  -1.4723866256475797  0.0  -0.561833560310985 
12 29  -2.3908086048959545  7.43255946  1.8432758588285059 
12 30  5.34221414232732  0.0  0.17701605324866643 
12 31  4.423792163078944  7.43255946  2.582125472388157 
12 32  0.4947141423273198  1.48652973  0.17701605324866643 
12 33  -0.4237078369210554  5.94602973  2.582125472388157 
12 34  3.37511337435242  1.48652973  -0.561833560310985 
12 35  2.4566913951040448  5.94602973  1.8432758588285059 
12 36  0.9482309156801678  8.16686073  -1.010626977922414 
12 37  0.02980893643179172  -0.73430127  1.3944824412170767 
12 38  2.9215966009995737  8.16686073  0.6258094708600956 
12 39  2.0031746217511968  -0.73430127  3.0309188899995863 
13 16  4.293535353600795  -2.97305946  -2.966942979450476 
13 17  3.37511337435242  -4.4595  -0.5618335603109852 
13 18  1.413136121575695  -2.97305946  -2.2280933658908246 
13 19  0.4947141423273198  -4.4595  0.17701605324866598 
13 20  6.260636121575695  -1.48652973  -2.2280933658908246 
13 21  5.342214142327319  -5.94602973  0.17701605324866598 
13 22  -0.5539646463992041  -1.48652973  -2.966942979450476 
13 23  -1.4723866256475797  -5.94602973  -0.5618335603109852 
13 24  6.714152894928543  -3.72519873  -3.415736397061905 
13 25  5.795730915680167  -3.7073607300000004  -1.0106269779224144 
13 26  -1.007481419752052  -3.72519873  -1.7792999482793954 
13 27  -1.9259033990004275  -3.7073607300000004  0.6258094708600952 
13 28  -0.5539646463992045  -7.43255946  -2.966942979450476 
13 29  -1.4723866256475795  0.0  -0.5618335603109852 
13 30  6.260636121575695  -7.43255946  -2.2280933658908246 
13 31  5.342214142327319  0.0  0.17701605324866598 
13 32  1.413136121575695  -5.94602973  -2.2280933658908246 
13 33  0.4947141423273198  -1.48652973  0.17701605324866598 
13 34  4.293535353600795  -5.94602973  -2.966942979450476 
13 35  3.37511337435242  -1.48652973  -0.5618335603109852 
13 36  1.866652894928543  0.7343012699999996  -3.415736397061905 
13 37  0.9482309156801669  -8.16686073  -1.0106269779224144 
13 38  3.840018580247949  0.7343012699999996  -1.7792999482793954 
13 39  2.921596600999572  -8.16686073  0.6258094708600952 
14 16  -0.4947141423273198  4.4595  -0.17701605324866643 
14 17  -1.413136121575695  2.97305946  2.2280933658908246 
14 18  -3.37511337435242  4.4595  0.561833560310985 
14 19  -4.293535353600795  2.97305946  2.966942979450476 
14 20  1.4723866256475802  5.94602973  0.561833560310985 
14 21  0.5539646463992041  1.48652973  2.966942979450476 
14 22  -5.342214142327319  5.94602973  -0.17701605324866643 
14 23  -6.260636121575695  1.48652973  2.2280933658908246 
14 24  1.9259033990004282  3.7073607300000004  -0.6258094708600953 
14 25  1.007481419752052  3.72519873  1.7792999482793952 
14 26  -5.795730915680167  3.7073607300000004  1.0106269779224142 
14 27  -6.714152894928542  3.72519873  3.415736397061905 
14 28  -5.34221414232732  0.0  -0.17701605324866643 
14 29  -6.260636121575694  7.43255946  2.2280933658908246 
14 30  1.4723866256475802  0.0  0.561833560310985 
14 31  0.5539646463992041  7.43255946  2.966942979450476 
14 32  -3.37511337435242  1.48652973  0.561833560310985 
14 33  -4.293535353600795  5.94602973  2.966942979450476 
14 34  -0.4947141423273198  1.48652973  -0.17701605324866643 
14 35  -1.413136121575695  5.94602973  2.2280933658908246 
14 36  -2.921596600999572  8.16686073  -0.6258094708600953 
14 37  -3.840018580247948  -0.73430127  1.7792999482793952 
14 38  -0.948230915680166  8.16686073  1.0106269779224142 
14 39  -1.866652894928543  -0.73430127  3.415736397061905 
15 16  0.4237078369210545  -2.97305946  -2.5821254723881566 
15 17  -0.4947141423273207  -4.4595  -0.17701605324866598 
15 18  -2.4566913951040457  -2.97305946  -1.8432758588285054 
15 19  -3.375113374352421  -4.4595  0.5618335603109852 
15 20  2.3908086048959545  -1.48652973  -1.8432758588285054 
15 21  1.4723866256475784  -5.94602973  0.5618335603109852 
15 22  -4.423792163078945  -1.48652973  -2.5821254723881566 
15 23  -5.34221414232732  -5.94602973  -0.17701605324866598 
15 24  2.8443253782488025  -3.72519873  -3.030918889999586 
15 25  1.9259033990004264  -3.7073607300000004  -0.6258094708600952 
15 26  -4.877308936431793  -3.72519873  -1.3944824412170762 
15 27  -5.795730915680168  -3.7073607300000004  1.0106269779224144 
15 28  -4.423792163078945  -7.43255946  -2.5821254723881566 
15 29  -5.34221414232732  0.0  -0.17701605324866598 
15 30  2.3908086048959545  -7.43255946  -1.8432758588285054 
15 31  1.4723866256475784  0.0  0.5618335603109852 
15 32  -2.4566913951040457  -5.94602973  -1.8432758588285054 
15 33  -3.375113374352421  -1.48652973  0.5618335603109852 
15 34  0.4237078369210545  -5.94602973  -2.5821254723881566 
15 35  -0.4947141423273207  -1.48652973  -0.17701605324866598 
15 36  -2.0031746217511976  0.7343012699999996  -3.030918889999586 
15 37  -2.9215966009995737  -8.16686073  -0.6258094708600952 
15 38  -0.02980893643179172  0.7343012699999996  -1.3944824412170762 
15 39  -0.9482309156801687  -8.16686073  1.0106269779224144 
16 0  -6.28769961601255  -2.9729702700000002  0.3694248067798258 
16 1  -7.206121595260925  1.48652973  2.774534225919316 
16 2  -1.44019961601255  1.48652973  0.3694248067798258 
16 3  -2.3586215952609253  -2.9729702700000002  2.774534225919316 
16 4  -6.287699616012549  2.97305946  0.3694248067798258 
16 5  -7.206121595260925  -4.4595  2.774534225919316 
16 6  -1.44019961601255  -1.4864405400000003  0.3694248067798258 
16 7  -2.3586215952609253  0.0  2.774534225919316 
16 8  1.4723866256475802  0.0  0.561833560310985 
16 9  0.5539646463992041  -1.4864405400000003  2.966942979450476 
16 10  -4.35278585767268  0.0  0.17701605324866643 
16 11  -5.2712078369210555  -1.4864405400000003  2.5821254723881566 
16 12  -3.37511337435242  -4.4595  0.561833560310985 
16 13  -4.293535353600795  2.97305946  2.966942979450476 
16 14  0.4947141423273198  -4.4595  0.17701605324866643 
16 15  -0.4237078369210545  2.97305946  2.5821254723881566 
17 0  -5.369277636764175  -1.48652973  -2.035684612359665 
17 1  -6.28769961601255  2.9729702700000002  0.3694248067798256 
17 2  -0.5217776367641749  2.9729702700000002  -2.035684612359665 
17 3  -1.44019961601255  -1.48652973  0.3694248067798256 
17 4  -5.369277636764174  4.4595  -2.035684612359665 
17 5  -6.28769961601255  -2.97305946  0.3694248067798256 
17 6  -0.5217776367641749  0.0  -2.035684612359665 
17 7  -1.44019961601255  1.4864405400000003  0.3694248067798256 
17 8  2.3908086048959554  1.4864405400000003  -1.8432758588285059 
17 9  1.4723866256475793  0.0  0.5618335603109852 
17 10  -3.434363878424305  1.4864405400000003  -2.2280933658908246 
17 11  -4.35278585767268  0.0  0.17701605324866598 
17 12  -2.4566913951040448  -2.97305946  -1.8432758588285059 
17 13  -3.37511337435242  4.4595  0.5618335603109852 
17 14  1.413136121575695  -2.97305946  -2.2280933658908246 
17 15  0.4947141423273207  4.4595  0.17701605324866598 
18 0  -3.40730038398745  -2.9729702700000002  -0.3694248067798256 
18 1  -4.325722363235825  1.48652973  2.035684612359665 
18 2  1.44019961601255  1.48652973  -0.3694248067798256 
18 3  0.5217776367641749  -2.9729702700000002  2.035684612359665 
18 4  -3.4073003839874496  2.97305946  -0.3694248067798256 
18 5  -4.325722363235825  -4.4595  2.035684612359665 
18 6  1.44019961601255  -1.4864405400000003  -0.3694248067798256 
18 7  0.5217776367641749  0.0  2.035684612359665 
18 8  4.35278585767268  0.0  -0.17701605324866643 
18 9  3.4343638784243042  -1.4864405400000003  2.2280933658908246 
18 10  -1.47238662564758  0.0  -0.561833560310985 
18 11  -2.3908086048959554  -1.4864405400000003  1.8432758588285054 
18 12  -0.4947141423273198  -4.4595  -0.17701605324866643 
18 13  -1.413136121575695  2.97305946  2.2280933658908246 
18 14  3.37511337435242  -4.4595  -0.561833560310985 
18 15  2.4566913951040457  2.97305946  1.8432758588285054 
19 0  -2.488878404739075  -1.48652973  -2.774534225919316 
19 1  -3.40730038398745  2.9729702700000002  -0.3694248067798256 
19 2  2.3586215952609253  2.9729702700000002  -2.774534225919316 
19 3  1.44019961601255  -1.48652973  -0.3694248067798256 
19 4  -2.4888784047390744  4.4595  -2.774534225919316 
19 5  -3.40730038398745  -2.97305946  -0.3694248067798256 
19 6  2.3586215952609253  0.0  -2.774534225919316 
19 7  1.44019961601255  1.4864405400000003  -0.3694248067798256 
19 8  5.2712078369210555  1.4864405400000003  -2.582125472388157 
19 9  4.3527858576726794  0.0  -0.17701605324866598 
19 10  -0.5539646463992047  1.4864405400000003  -2.966942979450476 
19 11  -1.47238662564758  0.0  -0.5618335603109852 
19 12  0.4237078369210554  -2.97305946  -2.582125472388157 
19 13  -0.4947141423273198  4.4595  -0.17701605324866598 
19 14  4.293535353600795  -2.97305946  -2.966942979450476 
19 15  3.375113374352421  4.4595  -0.5618335603109852 
20 0  -8.25480038398745  -4.4595  -0.3694248067798256 
20 1  -9.173222363235825  0.0  2.035684612359665 
20 2  -3.40730038398745  0.0  -0.3694248067798256 
20 3  -4.325722363235825  -4.4595  2.035684612359665 
20 4  -8.25480038398745  1.48652973  -0.3694248067798256 
20 5  -9.173222363235826  -5.94602973  2.035684612359665 
20 6  -3.40730038398745  -2.9729702700000002  -0.3694248067798256 
20 7  -4.325722363235825  -1.48652973  2.035684612359665 
20 8  -0.4947141423273198  -1.48652973  -0.17701605324866643 
20 9  -1.413136121575696  -2.9729702700000002  2.2280933658908246 
20 10  -6.31988662564758  -1.48652973  -0.561833560310985 
20 11  -7.2383086048959555  -2.9729702700000002  1.8432758588285054 
20 12  -5.34221414232732  -5.94602973  -0.17701605324866643 
20 13  -6.260636121575695  1.48652973  2.2280933658908246 
20 14  -1.4723866256475802  -5.94602973  -0.561833560310985 
20 15  -2.3908086048959545  1.48652973  1.8432758588285054 
21 0  -7.336378404739074  0.0  -2.774534225919316 
21 1  -8.25480038398745  4.4595  -0.3694248067798256 
21 2  -2.488878404739074  4.4595  -2.774534225919316 
21 3  -3.407300383987449  0.0  -0.3694248067798256 
21 4  -7.336378404739074  5.94602973  -2.774534225919316 
21 5  -8.25480038398745  -1.48652973  -0.3694248067798256 
21 6  -2.488878404739074  1.48652973  -2.774534225919316 
21 7  -3.407300383987449  2.9729702700000002  -0.3694248067798256 
21 8  0.4237078369210563  2.9729702700000002  -2.582125472388157 
21 9  -0.4947141423273198  1.48652973  -0.17701605324866598 
21 10  -5.401464646399204  2.9729702700000002  -2.966942979450476 
21 11  -6.319886625647579  1.48652973  -0.5618335603109852 
21 12  -4.423792163078944  -1.48652973  -2.582125472388157 
21 13  -5.342214142327319  5.94602973  -0.17701605324866598 
21 14  -0.5539646463992041  -1.48652973  -2.966942979450476 
21 15  -1.4723866256475784  5.94602973  -0.5618335603109852 
22 0  -1.440199616012551  -4.4595  0.3694248067798258 
22 1  -2.358621595260926  0.0  2.774534225919316 
22 2  3.407300383987449  0.0  0.3694248067798258 
22 3  2.488878404739074  -4.4595  2.774534225919316 
22 4  -1.4401996160125505  1.48652973  0.3694248067798258 
22 5  -2.358621595260926  -5.94602973  2.774534225919316 
22 6  3.407300383987449  -2.9729702700000002  0.3694248067798258 
22 7  2.488878404739074  -1.48652973  2.774534225919316 
22 8  6.319886625647579  -1.48652973  0.561833560310985 
22 9  5.401464646399203  -2.9729702700000002  2.966942979450476 
22 10  0.49471414232731914  -1.48652973  0.17701605324866643 
22 11  -0.42370783692105607  -2.9729702700000002  2.5821254723881566 
22 12  1.4723866256475793  -5.94602973  0.561833560310985 
22 13  0.5539646463992041  1.48652973  2.966942979450476 
22 14  5.342214142327319  -5.94602973  0.17701605324866643 
22 15  4.423792163078945  1.48652973  2.5821254723881566 
23 0  -0.5217776367641753  0.0  -2.035684612359665 
23 1  -1.4401996160125503  4.4595  0.3694248067798256 
23 2  4.325722363235824  4.4595  -2.035684612359665 
23 3  3.4073003839874496  0.0  0.3694248067798256 
23 4  -0.5217776367641749  5.94602973  -2.035684612359665 
23 5  -1.4401996160125508  -1.48652973  0.3694248067798256 
23 6  4.325722363235824  1.48652973  -2.035684612359665 
23 7  3.4073003839874496  2.9729702700000002  0.3694248067798256 
23 8  7.2383086048959555  2.9729702700000002  -1.8432758588285059 
23 9  6.3198866256475785  1.48652973  0.5618335603109852 
23 10  1.4131361215756948  2.9729702700000002  -2.2280933658908246 
23 11  0.4947141423273196  1.48652973  0.17701605324866598 
23 12  2.390808604895955  -1.48652973  -1.8432758588285059 
23 13  1.4723866256475797  5.94602973  0.5618335603109852 
23 14  6.260636121575695  -1.48652973  -2.2280933658908246 
23 15  5.34221414232732  5.94602973  0.17701605324866598 
24 0  -8.708317157340298  -2.2208310000000004  0.8182182243912547 
24 1  -9.626739136588673  2.238669  3.2233276435307454 
24 2  -3.860817157340298  2.238669  0.8182182243912547 
24 3  -4.779239136588673  -2.2208310000000004  3.2233276435307454 
24 4  -8.708317157340298  3.72519873  0.8182182243912547 
24 5  -9.626739136588673  -3.7073607300000004  3.2233276435307454 
24 6  -3.860817157340298  -0.7343012700000005  0.8182182243912547 
24 7  -4.779239136588673  0.7521392699999998  3.2233276435307454 
24 8  -0.9482309156801678  0.7521392699999998  1.010626977922414 
24 9  -1.866652894928544  -0.7343012700000005  3.415736397061905 
24 10  -6.773403399000428  0.7521392699999998  0.6258094708600953 
24 11  -7.6918253782488035  -0.7343012700000005  3.030918889999586 
24 12  -5.795730915680168  -3.7073607300000004  1.010626977922414 
24 13  -6.714152894928543  3.72519873  3.415736397061905 
24 14  -1.9259033990004282  -3.7073607300000004  0.6258094708600953 
24 15  -2.8443253782488025  3.72519873  3.030918889999586 
25 0  -7.789895178091922  -2.238669  -1.5868911947482358 
25 1  -8.708317157340296  2.2208310000000004  0.8182182243912548 
25 2  -2.942395178091922  2.2208310000000004  -1.5868911947482358 
25 3  -3.860817157340297  -2.238669  0.8182182243912548 
25 4  -7.789895178091921  3.7073607300000004  -1.5868911947482358 
25 5  -8.708317157340298  -3.72519873  0.8182182243912548 
25 6  -2.942395178091922  -0.7521392699999998  -1.5868911947482358 
25 7  -3.860817157340297  0.7343012700000005  0.8182182243912548 
25 8  -0.02980893643179172  0.7343012700000005  -1.3944824412170767 
25 9  -0.9482309156801678  -0.7521392699999998  1.0106269779224144 
25 10  -5.854981419752052  0.7343012700000005  -1.7792999482793952 
25 11  -6.773403399000427  -0.7521392699999998  0.6258094708600952 
25 12  -4.877308936431792  -3.72519873  -1.3944824412170767 
25 13  -5.795730915680167  3.7073607300000004  1.0106269779224144 
25 14  -1.007481419752052  -3.72519873  -1.7792999482793952 
25 15  -1.9259033990004264  3.7073607300000004  0.6258094708600952 
26 0  -0.986682842659703  -2.2208310000000004  -0.8182182243912548 
26 1  -1.9051048219080782  2.238669  1.5868911947482358 
26 2  3.860817157340297  2.238669  -0.8182182243912548 
26 3  2.942395178091922  -2.2208310000000004  1.5868911947482358 
26 4  -0.9866828426597026  3.72519873  -0.8182182243912548 
26 5  -1.9051048219080786  -3.7073607300000004  1.5868911947482358 
26 6  3.860817157340297  -0.7343012700000005  -0.8182182243912548 
26 7  2.942395178091922  0.7521392699999998  1.5868911947482358 
26 8  6.773403399000427  0.7521392699999998  -0.6258094708600956 
26 9  5.854981419752051  -0.7343012700000005  1.7792999482793954 
26 10  0.948230915680167  0.7521392699999998  -1.0106269779224142 
26 11  0.029808936431791833  -0.7343012700000005  1.3944824412170762 
26 12  1.9259033990004273  -3.7073607300000004  -0.6258094708600956 
26 13  1.007481419752052  3.72519873  1.7792999482793954 
26 14  5.795730915680167  -3.7073607300000004  -1.0106269779224142 
26 15  4.877308936431793  3.72519873  1.3944824412170762 
27 0  -0.06826086341132748  -2.238669  -3.2233276435307454 
27 1  -0.9866828426597025  2.2208310000000004  -0.8182182243912548 
27 2  4.779239136588672  2.2208310000000004  -3.2233276435307454 
27 3  3.860817157340297  -2.238669  -0.8182182243912548 
27 4  -0.06826086341132709  3.7073607300000004  -3.2233276435307454 
27 5  -0.986682842659703  -3.72519873  -0.8182182243912548 
27 6  4.779239136588672  -0.7521392699999998  -3.2233276435307454 
27 7  3.860817157340297  0.7343012700000005  -0.8182182243912548 
27 8  7.691825378248803  0.7343012700000005  -3.0309188899995863 
27 9  6.7734033990004265  -0.7521392699999998  -0.6258094708600952 
27 10  1.8666528949285426  0.7343012700000005  -3.415736397061905 
27 11  0.9482309156801674  -0.7521392699999998  -1.0106269779224144 
27 12  2.8443253782488025  -3.72519873  -3.0309188899995863 
27 13  1.9259033990004275  3.7073607300000004  -0.6258094708600952 
27 14  6.714152894928542  -3.72519873  -3.415736397061905 
27 15  5.795730915680168  3.7073607300000004  -1.0106269779224144 
28 0  -1.4401996160125505  1.48652973  0.3694248067798258 
28 1  -2.3586215952609253  5.94602973  2.774534225919316 
28 2  3.4073003839874496  5.94602973  0.3694248067798258 
28 3  2.4888784047390744  1.48652973  2.774534225919316 
28 4  -1.44019961601255  7.43255946  0.3694248067798258 
28 5  -2.358621595260926  0.0  2.774534225919316 
28 6  3.4073003839874496  2.97305946  0.3694248067798258 
28 7  2.4888784047390744  4.4595  2.774534225919316 
28 8  6.31988662564758  4.4595  0.561833560310985 
28 9  5.401464646399203  2.97305946  2.966942979450476 
28 10  0.4947141423273196  4.4595  0.17701605324866643 
28 11  -0.4237078369210556  2.97305946  2.5821254723881566 
28 12  1.4723866256475797  0.0  0.561833560310985 
28 13  0.5539646463992045  7.43255946  2.966942979450476 
28 14  5.34221414232732  0.0  0.17701605324866643 
28 15  4.423792163078945  7.43255946  2.5821254723881566 
29 0  -0.5217776367641755  -5.94602973  -2.035684612359665 
29 1  -1.4401996160125505  -1.48652973  0.3694248067798256 
29 2  4.325722363235824  -1.48652973  -2.035684612359665 
29 3  3.407300383987449  -5.94602973  0.3694248067798256 
29 4  -0.5217776367641751  0.0  -2.035684612359665 
29 5  -1.440199616012551  -7.43255946  0.3694248067798256 
29 6  4.325722363235824  -4.4595  -2.035684612359665 
29 7  3.407300383987449  -2.97305946  0.3694248067798256 
29 8  7.238308604895955  -2.97305946  -1.8432758588285059 
29 9  6.3198866256475785  -4.4595  0.5618335603109852 
29 10  1.4131361215756946  -2.97305946  -2.2280933658908246 
29 11  0.49471414232731936  -4.4595  0.17701605324866598 
29 12  2.3908086048959545  -7.43255946  -1.8432758588285059 
29 13  1.4723866256475795  0.0  0.5618335603109852 
29 14  6.260636121575694  -7.43255946  -2.2280933658908246 
29 15  5.34221414232732  0.0  0.17701605324866598 
30 0  -8.25480038398745  1.48652973  -0.3694248067798256 
30 1  -9.173222363235825  5.94602973  2.035684612359665 
30 2  -3.40730038398745  5.94602973  -0.3694248067798256 
30 3  -4.325722363235825  1.48652973  2.035684612359665 
30 4  -8.25480038398745  7.43255946  -0.3694248067798256 
30 5  -9.173222363235826  0.0  2.035684612359665 
30 6  -3.40730038398745  2.97305946  -0.3694248067798256 
30 7  -4.325722363235825  4.4595  2.035684612359665 
30 8  -0.4947141423273198  4.4595  -0.17701605324866643 
30 9  -1.413136121575696  2.97305946  2.2280933658908246 
30 10  -6.31988662564758  4.4595  -0.561833560310985 
30 11  -7.2383086048959555  2.97305946  1.8432758588285054 
30 12  -5.34221414232732  0.0  -0.17701605324866643 
30 13  -6.260636121575695  7.43255946  2.2280933658908246 
30 14  -1.4723866256475802  0.0  -0.561833560310985 
30 15  -2.3908086048959545  7.43255946  1.8432758588285054 
31 0  -7.336378404739074  -5.94602973  -2.774534225919316 
31 1  -8.25480038398745  -1.48652973  -0.3694248067798256 
31 2  -2.488878404739074  -1.48652973  -2.774534225919316 
31 3  -3.407300383987449  -5.94602973  -0.3694248067798256 
31 4  -7.336378404739074  0.0  -2.774534225919316 
31 5  -8.25480038398745  -7.43255946  -0.3694248067798256 
31 6  -2.488878404739074  -4.4595  -2.774534225919316 
31 7  -3.407300383987449  -2.97305946  -0.3694248067798256 
31 8  0.4237078369210563  -2.97305946  -2.582125472388157 
31 9  -0.4947141423273198  -4.4595  -0.17701605324866598 
31 10  -5.401464646399204  -2.97305946  -2.966942979450476 
31 11  -6.319886625647579  -4.4595  -0.5618335603109852 
31 12  -4.423792163078944  -7.43255946  -2.582125472388157 
31 13  -5.342214142327319  0.0  -0.17701605324866598 
31 14  -0.5539646463992041  -7.43255946  -2.966942979450476 
31 15  -1.4723866256475784  0.0  -0.5618335603109852 
32 0  -3.40730038398745  0.0  -0.3694248067798256 
32 1  -4.325722363235825  4.4595  2.035684612359665 
32 2  1.44019961601255  4.4595  -0.3694248067798256 
32 3  0.5217776367641749  0.0  2.035684612359665 
32 4  -3.4073003839874496  5.94602973  -0.3694248067798256 
32 5  -4.325722363235825  -1.48652973  2.035684612359665 
32 6  1.44019961601255  1.48652973  -0.3694248067798256 
32 7  0.5217776367641749  2.9729702700000002  2.035684612359665 
32 8  4.35278585767268  2.9729702700000002  -0.17701605324866643 
32 9  3.4343638784243042  1.48652973  2.2280933658908246 
32 10  -1.47238662564758  2.9729702700000002  -0.561833560310985 
32 11  -2.3908086048959554  1.48652973  1.8432758588285054 
32 12  -0.4947141423273198  -1.48652973  -0.17701605324866643 
32 13  -1.413136121575695  5.94602973  2.2280933658908246 
32 14  3.37511337435242  -1.48652973  -0.561833560310985 
32 15  2.4566913951040457  5.94602973  1.8432758588285054 
33 0  -2.488878404739075  -4.4595  -2.774534225919316 
33 1  -3.40730038398745  0.0  -0.3694248067798256 
33 2  2.3586215952609253  0.0  -2.774534225919316 
33 3  1.44019961601255  -4.4595  -0.3694248067798256 
33 4  -2.4888784047390744  1.48652973  -2.774534225919316 
33 5  -3.40730038398745  -5.94602973  -0.3694248067798256 
33 6  2.3586215952609253  -2.9729702700000002  -2.774534225919316 
33 7  1.44019961601255  -1.48652973  -0.3694248067798256 
33 8  5.2712078369210555  -1.48652973  -2.582125472388157 
33 9  4.3527858576726794  -2.9729702700000002  -0.17701605324866598 
33 10  -0.5539646463992047  -1.48652973  -2.966942979450476 
33 11  -1.47238662564758  -2.9729702700000002  -0.5618335603109852 
33 12  0.4237078369210554  -5.94602973  -2.582125472388157 
33 13  -0.4947141423273198  1.48652973  -0.17701605324866598 
33 14  4.293535353600795  -5.94602973  -2.966942979450476 
33 15  3.375113374352421  1.48652973  -0.5618335603109852 
34 0  -6.28769961601255  0.0  0.3694248067798258 
34 1  -7.206121595260925  4.4595  2.774534225919316 
34 2  -1.44019961601255  4.4595  0.3694248067798258 
34 3  -2.3586215952609253  0.0  2.774534225919316 
34 4  -6.287699616012549  5.94602973  0.3694248067798258 
34 5  -7.206121595260925  -1.48652973  2.774534225919316 
34 6  -1.44019961601255  1.48652973  0.3694248067798258 
34 7  -2.3586215952609253  2.9729702700000002  2.774534225919316 
34 8  1.4723866256475802  2.9729702700000002  0.561833560310985 
34 9  0.5539646463992041  1.48652973  2.966942979450476 
34 10  -4.35278585767268  2.9729702700000002  0.17701605324866643 
34 11  -5.2712078369210555  1.48652973  2.5821254723881566 
34 12  -3.37511337435242  -1.48652973  0.561833560310985 
34 13  -4.293535353600795  5.94602973  2.966942979450476 
34 14  0.4947141423273198  -1.48652973  0.17701605324866643 
34 15  -0.4237078369210545  5.94602973  2.5821254723881566 
35 0  -5.369277636764175  -4.4595  -2.035684612359665 
35 1  -6.28769961601255  0.0  0.3694248067798256 
35 2  -0.5217776367641749  0.0  -2.035684612359665 
35 3  -1.44019961601255  -4.4595  0.3694248067798256 
35 4  -5.369277636764174  1.48652973  -2.035684612359665 
35 5  -6.28769961601255  -5.94602973  0.3694248067798256 
35 6  -0.5217776367641749  -2.9729702700000002  -2.035684612359665 
35 7  -1.44019961601255  -1.48652973  0.3694248067798256 
35 8  2.3908086048959554  -1.48652973  -1.8432758588285059 
35 9  1.4723866256475793  -2.9729702700000002  0.5618335603109852 
35 10  -3.434363878424305  -1.48652973  -2.2280933658908246 
35 11  -4.35278585767268  -2.9729702700000002  0.17701605324866598 
35 12  -2.4566913951040448  -5.94602973  -1.8432758588285059 
35 13  -3.37511337435242  1.48652973  0.5618335603109852 
35 14  1.413136121575695  -5.94602973  -2.2280933658908246 
35 15  0.4947141423273207  1.48652973  0.17701605324866598 
36 0  -3.860817157340298  -6.680331  0.8182182243912547 
36 1  -4.779239136588673  -2.2208309999999996  3.2233276435307454 
36 2  0.9866828426597021  -2.2208309999999996  0.8182182243912547 
36 3  0.06826086341132687  -6.680331  3.2233276435307454 
36 4  -3.8608171573402976  -0.7343012699999996  0.8182182243912547 
36 5  -4.779239136588673  -8.16686073  3.2233276435307454 
36 6  0.9866828426597021  -5.19380127  0.8182182243912547 
36 7  0.06826086341132687  -3.7073607299999995  3.2233276435307454 
36 8  3.8992690843198323  -3.7073607299999995  1.010626977922414 
36 9  2.9808471050714562  -5.19380127  3.415736397061905 
36 10  -1.925903399000428  -3.7073607299999995  0.6258094708600953 
36 11  -2.8443253782488034  -5.19380127  3.030918889999586 
36 12  -0.9482309156801678  -8.16686073  1.010626977922414 
36 13  -1.866652894928543  -0.7343012699999996  3.415736397061905 
36 14  2.921596600999572  -8.16686073  0.6258094708600953 
36 15  2.0031746217511976  -0.7343012699999996  3.030918889999586 
37 0  -2.942395178091922  2.220831  -1.5868911947482358 
37 1  -3.860817157340297  6.680331000000001  0.8182182243912548 
37 2  1.9051048219080782  6.680331000000001  -1.5868911947482358 
37 3  0.986682842659703  2.220831  0.8182182243912548 
37 4  -2.9423951780919215  8.16686073  -1.5868911947482358 
37 5  -3.860817157340297  0.73430127  0.8182182243912548 
37 6  1.9051048219080782  3.70736073  -1.5868911947482358 
37 7  0.986682842659703  5.193801270000001  0.8182182243912548 
37 8  4.817691063568208  5.193801270000001  -1.3944824412170767 
37 9  3.8992690843198323  3.70736073  1.0106269779224144 
37 10  -1.0074814197520519  5.193801270000001  -1.7792999482793952 
37 11  -1.925903399000427  3.70736073  0.6258094708600952 
37 12  -0.02980893643179172  0.73430127  -1.3944824412170767 
37 13  -0.9482309156801669  8.16686073  1.0106269779224144 
37 14  3.840018580247948  0.73430127  -1.7792999482793952 
37 15  2.9215966009995737  8.16686073  0.6258094708600952 
38 0  -5.834182842659704  -6.680331  -0.8182182243912548 
38 1  -6.752604821908079  -2.2208309999999996  1.5868911947482358 
38 2  -0.9866828426597039  -2.2208309999999996  -0.8182182243912548 
38 3  -1.905104821908079  -6.680331  1.5868911947482358 
38 4  -5.834182842659704  -0.7343012699999996  -0.8182182243912548 
38 5  -6.752604821908079  -8.16686073  1.5868911947482358 
38 6  -0.9866828426597039  -5.19380127  -0.8182182243912548 
38 7  -1.905104821908079  -3.7073607299999995  1.5868911947482358 
38 8  1.9259033990004264  -3.7073607299999995  -0.6258094708600956 
38 9  1.0074814197520503  -5.19380127  1.7792999482793954 
38 10  -3.899269084319834  -3.7073607299999995  -1.0106269779224142 
38 11  -4.817691063568209  -5.19380127  1.3944824412170762 
38 12  -2.9215966009995737  -8.16686073  -0.6258094708600956 
38 13  -3.840018580247949  -0.7343012699999996  1.7792999482793954 
38 14  0.948230915680166  -8.16686073  -1.0106269779224142 
38 15  0.02980893643179172  -0.7343012699999996  1.3944824412170762 
39 0  -4.915760863411327  2.220831  -3.2233276435307454 
39 1  -5.834182842659702  6.680331000000001  -0.8182182243912548 
39 2  -0.06826086341132687  6.680331000000001  -3.2233276435307454 
39 3  -0.9866828426597021  2.220831  -0.8182182243912548 
39 4  -4.915760863411327  8.16686073  -3.2233276435307454 
39 5  -5.834182842659702  0.73430127  -0.8182182243912548 
39 6  -0.06826086341132687  3.70736073  -3.2233276435307454 
39 7  -0.9866828426597021  5.193801270000001  -0.8182182243912548 
39 8  2.8443253782488034  5.193801270000001  -3.0309188899995863 
39 9  1.9259033990004273  3.70736073  -0.6258094708600952 
39 10  -2.980847105071457  5.193801270000001  -3.415736397061905 
39 11  -3.8992690843198323  3.70736073  -1.0106269779224144 
39 12  -2.0031746217511968  0.73430127  -3.0309188899995863 
39 13  -2.921596600999572  8.16686073  -0.6258094708600952 
39 14  1.866652894928543  0.73430127  -3.415736397061905 
39 15  0.9482309156801687  8.16686073  -1.0106269779224144 