         0        26   2.49705   4.75196
         0        27   4.75196   2.49705
         0        28
         0        29
         0        30   4.23453
         0        31   4.30789   4.30789
         0        32   2.52252
         0        33   4.62755   4.62755
         0        34   2.84454
         0        35
         0        36   2.48793   4.60514
         0        37   4.60514   2.48793
         0        38   4.93531
         0        39   4.93531
         0        40   2.56617   4.71033
         0        41   4.71033   2.56617
         0        42
         0        43
         0        44   4.62675   4.62675
         0        45   4.74680
         0        46   3.28178   3.28178
         0        47   4.01029
         0        48
         0        49
         0        50   4.73510
         0        51   4.73510
         0        52
         0        53
         0        54
         0        55
         0        56
         0        57   4.54637
         0        58
         0        59
         0        60
         0        61
         0        62
         0        63
         0        64
         0        65
         0        66   3.23295
         0        67
         0        68
         0        69
         1        26
         1        27
         1        28   2.49705   4.75196
         1        29   4.75196   2.49705
         1        30   4.30789   4.30789
         1        31   4.23453
         1        32   4.62755   4.62755
         1        33   2.52252
         1        34
         1        35   2.84454
         1        36   4.93531
         1        37   4.93531
         1        38   2.48793   4.60514
         1        39   4.60514   2.48793
         1        40
         1        41
         1        42   2.56617   4.71033
         1        43   4.71033   2.56617
         1        44   4.74680
         1        45   4.62675   4.62675
         1        46   4.01029
         1        47   3.28178   3.28178
         1        48   4.73510
         1        49   4.73510
         1        50
         1        51
         1        52
         1        53
         1        54
         1        55
         1        56   4.54637
         1        57
         1        58
         1        59
         1        60
         1        61
         1        62
         1        63
         1        64
         1        65
         1        66
         1        67   3.23295
         1        68
         1        69
         2        26
         2        27
         2        28   4.65794
         2        29   4.65794
         2        30   2.63245
         2        31
         2        32   2.42293
         2        33
         2        34   4.22715
         2        35   4.15674   4.15674
         2        36
         2        37
         2        38   3.98567
         2        39   3.98567
         2        40   2.63844   4.75009
         2        41   4.75009   2.63844
         2        42
         2        43
         2        44   2.99216   2.99216
         2        45
         2        46   4.26492   4.26492
         2        47   4.96729
         2        48   4.81722   2.51827
         2        49   2.51827   4.81722
         2        50
         2        51
         2        52
         2        53   4.63374
         2        54
         2        55   4.56814
         2        56
         2        57
         2        58   2.61507
         2        59   2.61507
         2        60
         2        61
         2        62   4.97324
         2        63   4.97324
         2        64
         2        65
         2        66
         2        67
         2        68   4.04780
         2        69
         3        26   4.65794
         3        27   4.65794
         3        28
         3        29
         3        30
         3        31   2.63245
         3        32
         3        33   2.42293
         3        34   4.15674   4.15674
         3        35   4.22715
         3        36   3.98567
         3        37   3.98567
         3        38
         3        39
         3        40
         3        41
         3        42   2.63844   4.75009
         3        43   4.75009   2.63844
         3        44
         3        45   2.99216   2.99216
         3        46   4.96729
         3        47   4.26492   4.26492
         3        48
         3        49
         3        50   4.81722   2.51827
         3        51   2.51827   4.81722
         3        52   4.63374
         3        53
         3        54   4.56814
         3        55
         3        56
         3        57
         3        58
         3        59
         3        60   2.61507
         3        61   2.61507
         3        62
         3        63
         3        64   4.97324
         3        65   4.97324
         3        66
         3        67
         3        68
         3        69   4.04780
         4        26
         4        27
         4        28   4.73510
         4        29   4.73510
         4        30
         4        31
         4        32
         4        33
         4        34
         4        35   4.54637
         4        36
         4        37
         4        38
         4        39
         4        40
         4        41
         4        42
         4        43
         4        44   3.23295
         4        45
         4        46
         4        47
         4        48   2.49705   4.75196
         4        49   4.75196   2.49705
         4        50
         4        51
         4        52   4.23453
         4        53   4.30789   4.30789
         4        54   2.52252
         4        55   4.62755   4.62755
         4        56   2.84454
         4        57
         4        58   2.48793   4.60514
         4        59   4.60514   2.48793
         4        60   4.93531
         4        61   4.93531
         4        62   2.56617   4.71033
         4        63   4.71033   2.56617
         4        64
         4        65
         4        66   4.62675   4.62675
         4        67   4.74680
         4        68   3.28178   3.28178
         4        69   4.01029
         5        26   4.73510
         5        27   4.73510
         5        28
         5        29
         5        30
         5        31
         5        32
         5        33
         5        34   4.54637
         5        35
         5        36
         5        37
         5        38
         5        39
         5        40
         5        41
         5        42
         5        43
         5        44
         5        45   3.23295
         5        46
         5        47
         5        48
         5        49
         5        50   2.49705   4.75196
         5        51   4.75196   2.49705
         5        52   4.30789   4.30789
         5        53   4.23453
         5        54   4.62755   4.62755
         5        55   2.52252
         5        56
         5        57   2.84454
         5        58   4.93531
         5        59   4.93531
         5        60   2.48793   4.60514
         5        61   4.60514   2.48793
         5        62
         5        63
         5        64   2.56617   4.71033
         5        65   4.71033   2.56617
         5        66   4.74680
         5        67   4.62675   4.62675
         5        68   4.01029
         5        69   3.28178   3.28178
         6        26   4.81722   2.51827
         6        27   2.51827   4.81722
         6        28
         6        29
         6        30
         6        31   4.63374
         6        32
         6        33   4.56814
         6        34
         6        35
         6        36   2.61507
         6        37   2.61507
         6        38
         6        39
         6        40   4.97324
         6        41   4.97324
         6        42
         6        43
         6        44
         6        45
         6        46   4.04780
         6        47
         6        48
         6        49
         6        50   4.65794
         6        51   4.65794
         6        52   2.63245
         6        53
         6        54   2.42293
         6        55
         6        56   4.22715
         6        57   4.15674   4.15674
         6        58
         6        59
         6        60   3.98567
         6        61   3.98567
         6        62   2.63844   4.75009
         6        63   4.75009   2.63844
         6        64
         6        65
         6        66   2.99216   2.99216
         6        67
         6        68   4.26492   4.26492
         6        69   4.96729
         7        26
         7        27
         7        28   4.81722   2.51827
         7        29   2.51827   4.81722
         7        30   4.63374
         7        31
         7        32   4.56814
         7        33
         7        34
         7        35
         7        36
         7        37
         7        38   2.61507
         7        39   2.61507
         7        40
         7        41
         7        42   4.97324
         7        43   4.97324
         7        44
         7        45
         7        46
         7        47   4.04780
         7        48   4.65794
         7        49   4.65794
         7        50
         7        51
         7        52
         7        53   2.63245
         7        54
         7        55   2.42293
         7        56   4.15674   4.15674
         7        57   4.22715
         7        58   3.98567
         7        59   3.98567
         7        60
         7        61
         7        62
         7        63
         7        64   2.63844   4.75009
         7        65   4.75009   2.63844
         7        66
         7        67   2.99216   2.99216
         7        68   4.96729
         7        69   4.26492   4.26492
         8        26   4.55871   1.97936
         8        27   1.97936   4.55871
         8        28
         8        29
         8        30
         8        31   2.02472
         8        32
         8        33
         8        34   3.52166   3.52166
         8        35   4.69583
         8        36   4.58311
         8        37   4.58311
         8        38
         8        39
         8        40   4.07616
         8        41   4.07616
         8        42   4.28385
         8        43   4.28385
         8        44
         8        45   4.91610   4.91610
         8        46   4.74722
         8        47
         8        48
         8        49
         8        50   4.55871   1.97936
         8        51   1.97936   4.55871
         8        52   2.02472
         8        53
         8        54
         8        55
         8        56   4.69583
         8        57   3.52166   3.52166
         8        58
         8        59
         8        60   4.58311
         8        61   4.58311
         8        62   4.28385
         8        63   4.28385
         8        64   4.07616
         8        65   4.07616
         8        66   4.91610   4.91610
         8        67
         8        68
         8        69   4.74722
         9        26   2.01181   4.51589
         9        27   4.51589   2.01181
         9        28
         9        29
         9        30   4.71407
         9        31   3.52164   3.52164
         9        32
         9        33
         9        34   2.02475
         9        35
         9        36   4.66890
         9        37   4.66890
         9        38
         9        39
         9        40   4.13721
         9        41   4.13721
         9        42   4.22492
         9        43   4.22492
         9        44
         9        45   3.98316
         9        46
         9        47
         9        48
         9        49
         9        50   2.01181   4.51589
         9        51   4.51589   2.01181
         9        52   3.52164   3.52164
         9        53   4.71407
         9        54
         9        55
         9        56
         9        57   2.02475
         9        58
         9        59
         9        60   4.66890
         9        61   4.66890
         9        62   4.22492
         9        63   4.22492
         9        64   4.13721
         9        65   4.13721
         9        66   3.98316
         9        67
         9        68
         9        69
        10        26
        10        27
        10        28   4.55871   1.97936
        10        29   1.97936   4.55871
        10        30   2.02472
        10        31
        10        32
        10        33
        10        34   4.69583
        10        35   3.52166   3.52166
        10        36
        10        37
        10        38   4.58311
        10        39   4.58311
        10        40   4.28385
        10        41   4.28385
        10        42   4.07616
        10        43   4.07616
        10        44   4.91610   4.91610
        10        45
        10        46
        10        47   4.74722
        10        48   4.55871   1.97936
        10        49   1.97936   4.55871
        10        50
        10        51
        10        52
        10        53   2.02472
        10        54
        10        55
        10        56   3.52166   3.52166
        10        57   4.69583
        10        58   4.58311
        10        59   4.58311
        10        60
        10        61
        10        62   4.07616
        10        63   4.07616
        10        64   4.28385
        10        65   4.28385
        10        66
        10        67   4.91610   4.91610
        10        68   4.74722
        10        69
        11        26
        11        27
        11        28   2.01181   4.51589
        11        29   4.51589   2.01181
        11        30   3.52164   3.52164
        11        31   4.71407
        11        32
        11        33
        11        34
        11        35   2.02475
        11        36
        11        37
        11        38   4.66890
        11        39   4.66890
        11        40   4.22492
        11        41   4.22492
        11        42   4.13721
        11        43   4.13721
        11        44   3.98316
        11        45
        11        46
        11        47
        11        48   2.01181   4.51589
        11        49   4.51589   2.01181
        11        50
        11        51
        11        52   4.71407
        11        53   3.52164   3.52164
        11        54
        11        55
        11        56   2.02475
        11        57
        11        58   4.66890
        11        59   4.66890
        11        60
        11        61
        11        62   4.13721
        11        63   4.13721
        11        64   4.22492
        11        65   4.22492
        11        66
        11        67   3.98316
        11        68
        11        69
        12        26   4.45491
        12        27   4.45491
        12        28
        12        29
        12        30
        12        31
        12        32   4.56265
        12        33   3.82154   3.82154
        12        34
        12        35
        12        36   2.25571   4.48394
        12        37   4.48394   2.25571
        12        38
        12        39
        12        40
        12        41
        12        42   4.40817
        12        43   4.40817
        12        44
        12        45   2.02388
        12        46   4.66522   4.66522
        12        47   3.56831
        12        48
        12        49
        12        50   4.45491
        12        51   4.45491
        12        52
        12        53
        12        54   3.82154   3.82154
        12        55   4.56265
        12        56
        12        57
        12        58
        12        59
        12        60   2.25571   4.48394
        12        61   4.48394   2.25571
        12        62   4.40817
        12        63   4.40817
        12        64
        12        65
        12        66   2.02388
        12        67
        12        68   3.56831
        12        69   4.66522   4.66522
        13        26   3.59064
        13        27   4.58974   4.61787
        13        28   4.61787   4.58974
        13        29   3.59064
        13        30   4.53492   1.99013
        13        31   1.99013   4.53492
        13        32   4.62474
        13        33   4.62474
        13        34   4.52546   1.96846
        13        35   1.96846   4.52546
        13        36
        13        37
        13        38
        13        39
        13        40   2.03264
        13        41   3.45436   3.59660
        13        42   3.59660   3.45436
        13        43   2.03264
        13        44   4.16412
        13        45   4.16412
        13        46   4.45432
        13        47   4.45432
        13        48   4.68030   4.65255
        13        49   3.67059
        13        50   3.67059
        13        51   4.65255   4.68030
        13        52
        13        53
        13        54
        13        55
        13        56
        13        57
        13        58
        13        59
        13        60
        13        61
        13        62
        13        63
        13        64
        13        65
        13        66
        13        67
        13        68
        13        69
        14        26   4.61787   4.58974
        14        27   3.59064
        14        28   3.59064
        14        29   4.58974   4.61787
        14        30   1.99013   4.53492
        14        31   4.53492   1.99013
        14        32   4.62474
        14        33   4.62474
        14        34   1.96846   4.52546
        14        35   4.52546   1.96846
        14        36
        14        37
        14        38
        14        39
        14        40   3.59660   3.45436
        14        41   2.03264
        14        42   2.03264
        14        43   3.45436   3.59660
        14        44   4.16412
        14        45   4.16412
        14        46   4.45432
        14        47   4.45432
        14        48   3.67059
        14        49   4.65255   4.68030
        14        50   4.68030   4.65255
        14        51   3.67059
        14        52
        14        53
        14        54
        14        55
        14        56
        14        57
        14        58
        14        59
        14        60
        14        61
        14        62
        14        63
        14        64
        14        65
        14        66
        14        67
        14        68
        14        69
        15        26
        15        27
        15        28   4.45491
        15        29   4.45491
        15        30
        15        31
        15        32   3.82154   3.82154
        15        33   4.56265
        15        34
        15        35
        15        36
        15        37
        15        38   2.25571   4.48394
        15        39   4.48394   2.25571
        15        40   4.40817
        15        41   4.40817
        15        42
        15        43
        15        44   2.02388
        15        45
        15        46   3.56831
        15        47   4.66522   4.66522
        15        48   4.45491
        15        49   4.45491
        15        50
        15        51
        15        52
        15        53
        15        54   4.56265
        15        55   3.82154   3.82154
        15        56
        15        57
        15        58   2.25571   4.48394
        15        59   4.48394   2.25571
        15        60
        15        61
        15        62
        15        63
        15        64   4.40817
        15        65   4.40817
        15        66
        15        67   2.02388
        15        68   4.66522   4.66522
        15        69   3.56831
        16        26   4.68030   4.65255
        16        27   3.67059
        16        28   3.67059
        16        29   4.65255   4.68030
        16        30
        16        31
        16        32
        16        33
        16        34
        16        35
        16        36
        16        37
        16        38
        16        39
        16        40
        16        41
        16        42
        16        43
        16        44
        16        45
        16        46
        16        47
        16        48   3.59064
        16        49   4.58974   4.61787
        16        50   4.61787   4.58974
        16        51   3.59064
        16        52   4.53492   1.99013
        16        53   1.99013   4.53492
        16        54   4.62474
        16        55   4.62474
        16        56   4.52546   1.96846
        16        57   1.96846   4.52546
        16        58
        16        59
        16        60
        16        61
        16        62   2.03264
        16        63   3.45436   3.59660
        16        64   3.59660   3.45436
        16        65   2.03264
        16        66   4.16412
        16        67   4.16412
        16        68   4.45432
        16        69   4.45432
        17        26   3.67059
        17        27   4.65255   4.68030
        17        28   4.68030   4.65255
        17        29   3.67059
        17        30
        17        31
        17        32
        17        33
        17        34
        17        35
        17        36
        17        37
        17        38
        17        39
        17        40
        17        41
        17        42
        17        43
        17        44
        17        45
        17        46
        17        47
        17        48   4.61787   4.58974
        17        49   3.59064
        17        50   3.59064
        17        51   4.58974   4.61787
        17        52   1.99013   4.53492
        17        53   4.53492   1.99013
        17        54   4.62474
        17        55   4.62474
        17        56   1.96846   4.52546
        17        57   4.52546   1.96846
        17        58
        17        59
        17        60
        17        61
        17        62   3.59660   3.45436
        17        63   2.03264
        17        64   2.03264
        17        65   3.45436   3.59660
        17        66   4.16412
        17        67   4.16412
        17        68   4.45432
        17        69   4.45432
        18        26   4.01866
        18        27   4.01866
        18        28
        18        29
        18        30   4.12287   4.12287
        18        31   3.50305
        18        32   3.23243   3.23243
        18        33   4.20674
        18        34   4.28088   4.28088
        18        35   3.28207
        18        36   3.81810
        18        37   3.81810
        18        38   4.04192
        18        39   4.04192
        18        40   4.50491   1.63901
        18        41   1.63901   4.50491
        18        42
        18        43
        18        44   1.61061
        18        45
        18        46   1.59334
        18        47   4.96807   4.96807
        18        48   3.92041
        18        49   3.92041
        18        50
        18        51
        18        52
        18        53
        18        54
        18        55
        18        56
        18        57
        18        58   4.05427
        18        59   4.05427
        18        60
        18        61
        18        62
        18        63
        18        64
        18        65
        18        66
        18        67
        18        68
        18        69
        19        26
        19        27
        19        28   4.01866
        19        29   4.01866
        19        30   3.50305
        19        31   4.12287   4.12287
        19        32   4.20674
        19        33   3.23243   3.23243
        19        34   3.28207
        19        35   4.28088   4.28088
        19        36   4.04192
        19        37   4.04192
        19        38   3.81810
        19        39   3.81810
        19        40
        19        41
        19        42   4.50491   1.63901
        19        43   1.63901   4.50491
        19        44
        19        45   1.61061
        19        46   4.96807   4.96807
        19        47   1.59334
        19        48
        19        49
        19        50   3.92041
        19        51   3.92041
        19        52
        19        53
        19        54
        19        55
        19        56
        19        57
        19        58
        19        59
        19        60   4.05427
        19        61   4.05427
        19        62
        19        63
        19        64
        19        65
        19        66
        19        67
        19        68
        19        69
        20        26   3.95223
        20        27   3.95223
        20        28
        20        29
        20        30
        20        31
        20        32   3.80194   3.80194
        20        33   1.58426
        20        34
        20        35
        20        36   4.56592   1.62949
        20        37   1.62949   4.56592
        20        38   4.13269
        20        39   4.13269
        20        40   3.93419
        20        41   3.93419
        20        42   4.23495
        20        43   4.23495
        20        44   4.18274
        20        45   3.95359   3.95359
        20        46   1.62690
        20        47   3.65964   3.65964
        20        48
        20        49
        20        50
        20        51
        20        52
        20        53
        20        54   4.33216
        20        55
        20        56
        20        57
        20        58
        20        59
        20        60   3.82202
        20        61   3.82202
        20        62
        20        63
        20        64
        20        65
        20        66   4.22378   4.22378
        20        67
        20        68
        20        69
        21        26
        21        27
        21        28   3.95223
        21        29   3.95223
        21        30
        21        31
        21        32   1.58426
        21        33   3.80194   3.80194
        21        34
        21        35
        21        36   4.13269
        21        37   4.13269
        21        38   4.56592   1.62949
        21        39   1.62949   4.56592
        21        40   4.23495
        21        41   4.23495
        21        42   3.93419
        21        43   3.93419
        21        44   3.95359   3.95359
        21        45   4.18274
        21        46   3.65964   3.65964
        21        47   1.62690
        21        48
        21        49
        21        50
        21        51
        21        52
        21        53
        21        54
        21        55   4.33216
        21        56
        21        57
        21        58   3.82202
        21        59   3.82202
        21        60
        21        61
        21        62
        21        63
        21        64
        21        65
        21        66
        21        67   4.22378   4.22378
        21        68
        21        69
        22        26   3.92041
        22        27   3.92041
        22        28
        22        29
        22        30
        22        31
        22        32
        22        33
        22        34
        22        35
        22        36   4.05427
        22        37   4.05427
        22        38
        22        39
        22        40
        22        41
        22        42
        22        43
        22        44
        22        45
        22        46
        22        47
        22        48   4.01866
        22        49   4.01866
        22        50
        22        51
        22        52   4.12287   4.12287
        22        53   3.50305
        22        54   3.23243   3.23243
        22        55   4.20674
        22        56   4.28088   4.28088
        22        57   3.28207
        22        58   3.81810
        22        59   3.81810
        22        60   4.04192
        22        61   4.04192
        22        62   4.50491   1.63901
        22        63   1.63901   4.50491
        22        64
        22        65
        22        66   1.61061
        22        67
        22        68   1.59334
        22        69   4.96807   4.96807
        23        26
        23        27
        23        28   3.92041
        23        29   3.92041
        23        30
        23        31
        23        32
        23        33
        23        34
        23        35
        23        36
        23        37
        23        38   4.05427
        23        39   4.05427
        23        40
        23        41
        23        42
        23        43
        23        44
        23        45
        23        46
        23        47
        23        48
        23        49
        23        50   4.01866
        23        51   4.01866
        23        52   3.50305
        23        53   4.12287   4.12287
        23        54   4.20674
        23        55   3.23243   3.23243
        23        56   3.28207
        23        57   4.28088   4.28088
        23        58   4.04192
        23        59   4.04192
        23        60   3.81810
        23        61   3.81810
        23        62
        23        63
        23        64   4.50491   1.63901
        23        65   1.63901   4.50491
        23        66
        23        67   1.61061
        23        68   4.96807   4.96807
        23        69   1.59334
        24        26
        24        27
        24        28
        24        29
        24        30
        24        31
        24        32   4.33216
        24        33
        24        34
        24        35
        24        36
        24        37
        24        38   3.82202
        24        39   3.82202
        24        40
        24        41
        24        42
        24        43
        24        44   4.22378   4.22378
        24        45
        24        46
        24        47
        24        48   3.95223
        24        49   3.95223
        24        50
        24        51
        24        52
        24        53
        24        54   3.80194   3.80194
        24        55   1.58426
        24        56
        24        57
        24        58   4.56592   1.62949
        24        59   1.62949   4.56592
        24        60   4.13269
        24        61   4.13269
        24        62   3.93419
        24        63   3.93419
        24        64   4.23495
        24        65   4.23495
        24        66   4.18274
        24        67   3.95359   3.95359
        24        68   1.62690
        24        69   3.65964   3.65964
        25        26
        25        27
        25        28
        25        29
        25        30
        25        31
        25        32
        25        33   4.33216
        25        34
        25        35
        25        36   3.82202
        25        37   3.82202
        25        38
        25        39
        25        40
        25        41
        25        42
        25        43
        25        44
        25        45   4.22378   4.22378
        25        46
        25        47
        25        48
        25        49
        25        50   3.95223
        25        51   3.95223
        25        52
        25        53
        25        54   1.58426
        25        55   3.80194   3.80194
        25        56
        25        57
        25        58   4.13269
        25        59   4.13269
        25        60   4.56592   1.62949
        25        61   1.62949   4.56592
        25        62   4.23495
        25        63   4.23495
        25        64   3.93419
        25        65   3.93419
        25        66   3.95359   3.95359
        25        67   4.18274
        25        68   3.65964   3.65964
        25        69   1.62690
        26         0   4.75196   2.49705
        26         1
        26         2
        26         3   4.65794
        26         4
        26         5   4.73510
        26         6   2.51827   4.81722
        26         7
        26         8   1.97936   4.55871
        26         9   4.51589   2.01181
        26        10
        26        11
        26        12   4.45491
        26        13   3.59064
        26        14   4.58974   4.61787
        26        15
        26        16   4.65255   4.68030
        26        17   3.67059
        26        18   4.01866
        26        19
        26        20   3.95223
        26        21
        26        22   3.92041
        26        23
        26        24
        26        25
        27         0   2.49705   4.75196
        27         1
        27         2
        27         3   4.65794
        27         4
        27         5   4.73510
        27         6   4.81722   2.51827
        27         7
        27         8   4.55871   1.97936
        27         9   2.01181   4.51589
        27        10
        27        11
        27        12   4.45491
        27        13   4.61787   4.58974
        27        14   3.59064
        27        15
        27        16   3.67059
        27        17   4.68030   4.65255
        27        18   4.01866
        27        19
        27        20   3.95223
        27        21
        27        22   3.92041
        27        23
        27        24
        27        25
        28         0
        28         1   4.75196   2.49705
        28         2   4.65794
        28         3
        28         4   4.73510
        28         5
        28         6
        28         7   2.51827   4.81722
        28         8
        28         9
        28        10   1.97936   4.55871
        28        11   4.51589   2.01181
        28        12
        28        13   4.58974   4.61787
        28        14   3.59064
        28        15   4.45491
        28        16   3.67059
        28        17   4.65255   4.68030
        28        18
        28        19   4.01866
        28        20
        28        21   3.95223
        28        22
        28        23   3.92041
        28        24
        28        25
        29         0
        29         1   2.49705   4.75196
        29         2   4.65794
        29         3
        29         4   4.73510
        29         5
        29         6
        29         7   4.81722   2.51827
        29         8
        29         9
        29        10   4.55871   1.97936
        29        11   2.01181   4.51589
        29        12
        29        13   3.59064
        29        14   4.61787   4.58974
        29        15   4.45491
        29        16   4.68030   4.65255
        29        17   3.67059
        29        18
        29        19   4.01866
        29        20
        29        21   3.95223
        29        22
        29        23   3.92041
        29        24
        29        25
        30         0   4.23453
        30         1   4.30789   4.30789
        30         2   2.63245
        30         3
        30         4
        30         5
        30         6
        30         7   4.63374
        30         8
        30         9   4.71407
        30        10   2.02472
        30        11   3.52164   3.52164
        30        12
        30        13   1.99013   4.53492
        30        14   4.53492   1.99013
        30        15
        30        16
        30        17
        30        18   4.12287   4.12287
        30        19   3.50305
        30        20
        30        21
        30        22
        30        23
        30        24
        30        25
        31         0   4.30789   4.30789
        31         1   4.23453
        31         2
        31         3   2.63245
        31         4
        31         5
        31         6   4.63374
        31         7
        31         8   2.02472
        31         9   3.52164   3.52164
        31        10
        31        11   4.71407
        31        12
        31        13   4.53492   1.99013
        31        14   1.99013   4.53492
        31        15
        31        16
        31        17
        31        18   3.50305
        31        19   4.12287   4.12287
        31        20
        31        21
        31        22
        31        23
        31        24
        31        25
        32         0   2.52252
        32         1   4.62755   4.62755
        32         2   2.42293
        32         3
        32         4
        32         5
        32         6
        32         7   4.56814
        32         8
        32         9
        32        10
        32        11
        32        12   4.56265
        32        13   4.62474
        32        14   4.62474
        32        15   3.82154   3.82154
        32        16
        32        17
        32        18   3.23243   3.23243
        32        19   4.20674
        32        20   3.80194   3.80194
        32        21   1.58426
        32        22
        32        23
        32        24   4.33216
        32        25
        33         0   4.62755   4.62755
        33         1   2.52252
        33         2
        33         3   2.42293
        33         4
        33         5
        33         6   4.56814
        33         7
        33         8
        33         9
        33        10
        33        11
        33        12   3.82154   3.82154
        33        13   4.62474
        33        14   4.62474
        33        15   4.56265
        33        16
        33        17
        33        18   4.20674
        33        19   3.23243   3.23243
        33        20   1.58426
        33        21   3.80194   3.80194
        33        22
        33        23
        33        24
        33        25   4.33216
        34         0   2.84454
        34         1
        34         2   4.22715
        34         3   4.15674   4.15674
        34         4
        34         5   4.54637
        34         6
        34         7
        34         8   3.52166   3.52166
        34         9   2.02475
        34        10   4.69583
        34        11
        34        12
        34        13   1.96846   4.52546
        34        14   4.52546   1.96846
        34        15
        34        16
        34        17
        34        18   4.28088   4.28088
        34        19   3.28207
        34        20
        34        21
        34        22
        34        23
        34        24
        34        25
        35         0
        35         1   2.84454
        35         2   4.15674   4.15674
        35         3   4.22715
        35         4   4.54637
        35         5
        35         6
        35         7
        35         8   4.69583
        35         9
        35        10   3.52166   3.52166
        35        11   2.02475
        35        12
        35        13   4.52546   1.96846
        35        14   1.96846   4.52546
        35        15
        35        16
        35        17
        35        18   3.28207
        35        19   4.28088   4.28088
        35        20
        35        21
        35        22
        35        23
        35        24
        35        25
        36         0   4.60514   2.48793
        36         1   4.93531
        36         2
        36         3   3.98567
        36         4
        36         5
        36         6   2.61507
        36         7
        36         8   4.58311
        36         9   4.66890
        36        10
        36        11
        36        12   4.48394   2.25571
        36        13
        36        14
        36        15
        36        16
        36        17
        36        18   3.81810
        36        19   4.04192
        36        20   1.62949   4.56592
        36        21   4.13269
        36        22   4.05427
        36        23
        36        24
        36        25   3.82202
        37         0   2.48793   4.60514
        37         1   4.93531
        37         2
        37         3   3.98567
        37         4
        37         5
        37         6   2.61507
        37         7
        37         8   4.58311
        37         9   4.66890
        37        10
        37        11
        37        12   2.25571   4.48394
        37        13
        37        14
        37        15
        37        16
        37        17
        37        18   3.81810
        37        19   4.04192
        37        20   4.56592   1.62949
        37        21   4.13269
        37        22   4.05427
        37        23
        37        24
        37        25   3.82202
        38         0   4.93531
        38         1   4.60514   2.48793
        38         2   3.98567
        38         3
        38         4
        38         5
        38         6
        38         7   2.61507
        38         8
        38         9
        38        10   4.58311
        38        11   4.66890
        38        12
        38        13
        38        14
        38        15   4.48394   2.25571
        38        16
        38        17
        38        18   4.04192
        38        19   3.81810
        38        20   4.13269
        38        21   1.62949   4.56592
        38        22
        38        23   4.05427
        38        24   3.82202
        38        25
        39         0   4.93531
        39         1   2.48793   4.60514
        39         2   3.98567
        39         3
        39         4
        39         5
        39         6
        39         7   2.61507
        39         8
        39         9
        39        10   4.58311
        39        11   4.66890
        39        12
        39        13
        39        14
        39        15   2.25571   4.48394
        39        16
        39        17
        39        18   4.04192
        39        19   3.81810
        39        20   4.13269
        39        21   4.56592   1.62949
        39        22
        39        23   4.05427
        39        24   3.82202
        39        25
        40         0   4.71033   2.56617
        40         1
        40         2   4.75009   2.63844
        40         3
        40         4
        40         5
        40         6   4.97324
        40         7
        40         8   4.07616
        40         9   4.13721
        40        10   4.28385
        40        11   4.22492
        40        12
        40        13   2.03264
        40        14   3.45436   3.59660
        40        15   4.40817
        40        16
        40        17
        40        18   1.63901   4.50491
        40        19
        40        20   3.93419
        40        21   4.23495
        40        22
        40        23
        40        24
        40        25
        41         0   2.56617   4.71033
        41         1
        41         2   2.63844   4.75009
        41         3
        41         4
        41         5
        41         6   4.97324
        41         7
        41         8   4.07616
        41         9   4.13721
        41        10   4.28385
        41        11   4.22492
        41        12
        41        13   3.59660   3.45436
        41        14   2.03264
        41        15   4.40817
        41        16
        41        17
        41        18   4.50491   1.63901
        41        19
        41        20   3.93419
        41        21   4.23495
        41        22
        41        23
        41        24
        41        25
        42         0
        42         1   4.71033   2.56617
        42         2
        42         3   4.75009   2.63844
        42         4
        42         5
        42         6
        42         7   4.97324
        42         8   4.28385
        42         9   4.22492
        42        10   4.07616
        42        11   4.13721
        42        12   4.40817
        42        13   3.45436   3.59660
        42        14   2.03264
        42        15
        42        16
        42        17
        42        18
        42        19   1.63901   4.50491
        42        20   4.23495
        42        21   3.93419
        42        22
        42        23
        42        24
        42        25
        43         0
        43         1   2.56617   4.71033
        43         2
        43         3   2.63844   4.75009
        43         4
        43         5
        43         6
        43         7   4.97324
        43         8   4.28385
        43         9   4.22492
        43        10   4.07616
        43        11   4.13721
        43        12   4.40817
        43        13   2.03264
        43        14   3.59660   3.45436
        43        15
        43        16
        43        17
        43        18
        43        19   4.50491   1.63901
        43        20   4.23495
        43        21   3.93419
        43        22
        43        23
        43        24
        43        25
        44         0   4.62675   4.62675
        44         1   4.74680
        44         2   2.99216   2.99216
        44         3
        44         4   3.23295
        44         5
        44         6
        44         7
        44         8
        44         9
        44        10   4.91610   4.91610
        44        11   3.98316
        44        12
        44        13   4.16412
        44        14   4.16412
        44        15   2.02388
        44        16
        44        17
        44        18   1.61061
        44        19
        44        20   4.18274
        44        21   3.95359   3.95359
        44        22
        44        23
        44        24   4.22378   4.22378
        44        25
        45         0   4.74680
        45         1   4.62675   4.62675
        45         2
        45         3   2.99216   2.99216
        45         4
        45         5   3.23295
        45         6
        45         7
        45         8   4.91610   4.91610
        45         9   3.98316
        45        10
        45        11
        45        12   2.02388
        45        13   4.16412
        45        14   4.16412
        45        15
        45        16
        45        17
        45        18
        45        19   1.61061
        45        20   3.95359   3.95359
        45        21   4.18274
        45        22
        45        23
        45        24
        45        25   4.22378   4.22378
        46         0   3.28178   3.28178
        46         1   4.01029
        46         2   4.26492   4.26492
        46         3   4.96729
        46         4
        46         5
        46         6   4.04780
        46         7
        46         8   4.74722
        46         9
        46        10
        46        11
        46        12   4.66522   4.66522
        46        13   4.45432
        46        14   4.45432
        46        15   3.56831
        46        16
        46        17
        46        18   1.59334
        46        19   4.96807   4.96807
        46        20   1.62690
        46        21   3.65964   3.65964
        46        22
        46        23
        46        24
        46        25
        47         0   4.01029
        47         1   3.28178   3.28178
        47         2   4.96729
        47         3   4.26492   4.26492
        47         4
        47         5
        47         6
        47         7   4.04780
        47         8
        47         9
        47        10   4.74722
        47        11
        47        12   3.56831
        47        13   4.45432
        47        14   4.45432
        47        15   4.66522   4.66522
        47        16
        47        17
        47        18   4.96807   4.96807
        47        19   1.59334
        47        20   3.65964   3.65964
        47        21   1.62690
        47        22
        47        23
        47        24
        47        25
        48         0
        48         1   4.73510
        48         2   2.51827   4.81722
        48         3
        48         4   4.75196   2.49705
        48         5
        48         6
        48         7   4.65794
        48         8
        48         9
        48        10   1.97936   4.55871
        48        11   4.51589   2.01181
        48        12
        48        13   4.65255   4.68030
        48        14   3.67059
        48        15   4.45491
        48        16   3.59064
        48        17   4.58974   4.61787
        48        18   3.92041
        48        19
        48        20
        48        21
        48        22   4.01866
        48        23
        48        24   3.95223
        48        25
        49         0
        49         1   4.73510
        49         2   4.81722   2.51827
        49         3
        49         4   2.49705   4.75196
        49         5
        49         6
        49         7   4.65794
        49         8
        49         9
        49        10   4.55871   1.97936
        49        11   2.01181   4.51589
        49        12
        49        13   3.67059
        49        14   4.68030   4.65255
        49        15   4.45491
        49        16   4.61787   4.58974
        49        17   3.59064
        49        18   3.92041
        49        19
        49        20
        49        21
        49        22   4.01866
        49        23
        49        24   3.95223
        49        25
        50         0   4.73510
        50         1
        50         2
        50         3   2.51827   4.81722
        50         4
        50         5   4.75196   2.49705
        50         6   4.65794
        50         7
        50         8   1.97936   4.55871
        50         9   4.51589   2.01181
        50        10
        50        11
        50        12   4.45491
        50        13   3.67059
        50        14   4.65255   4.68030
        50        15
        50        16   4.58974   4.61787
        50        17   3.59064
        50        18
        50        19   3.92041
        50        20
        50        21
        50        22
        50        23   4.01866
        50        24
        50        25   3.95223
        51         0   4.73510
        51         1
        51         2
        51         3   4.81722   2.51827
        51         4
        51         5   2.49705   4.75196
        51         6   4.65794
        51         7
        51         8   4.55871   1.97936
        51         9   2.01181   4.51589
        51        10
        51        11
        51        12   4.45491
        51        13   4.68030   4.65255
        51        14   3.67059
        51        15
        51        16   3.59064
        51        17   4.61787   4.58974
        51        18
        51        19   3.92041
        51        20
        51        21
        51        22
        51        23   4.01866
        51        24
        51        25   3.95223
        52         0
        52         1
        52         2
        52         3   4.63374
        52         4   4.23453
        52         5   4.30789   4.30789
        52         6   2.63245
        52         7
        52         8   2.02472
        52         9   3.52164   3.52164
        52        10
        52        11   4.71407
        52        12
        52        13
        52        14
        52        15
        52        16   1.99013   4.53492
        52        17   4.53492   1.99013
        52        18
        52        19
        52        20
        52        21
        52        22   4.12287   4.12287
        52        23   3.50305
        52        24
        52        25
        53         0
        53         1
        53         2   4.63374
        53         3
        53         4   4.30789   4.30789
        53         5   4.23453
        53         6
        53         7   2.63245
        53         8
        53         9   4.71407
        53        10   2.02472
        53        11   3.52164   3.52164
        53        12
        53        13
        53        14
        53        15
        53        16   4.53492   1.99013
        53        17   1.99013   4.53492
        53        18
        53        19
        53        20
        53        21
        53        22   3.50305
        53        23   4.12287   4.12287
        53        24
        53        25
        54         0
        54         1
        54         2
        54         3   4.56814
        54         4   2.52252
        54         5   4.62755   4.62755
        54         6   2.42293
        54         7
        54         8
        54         9
        54        10
        54        11
        54        12   3.82154   3.82154
        54        13
        54        14
        54        15   4.56265
        54        16   4.62474
        54        17   4.62474
        54        18
        54        19
        54        20   4.33216
        54        21
        54        22   3.23243   3.23243
        54        23   4.20674
        54        24   3.80194   3.80194
        54        25   1.58426
        55         0
        55         1
        55         2   4.56814
        55         3
        55         4   4.62755   4.62755
        55         5   2.52252
        55         6
        55         7   2.42293
        55         8
        55         9
        55        10
        55        11
        55        12   4.56265
        55        13
        55        14
        55        15   3.82154   3.82154
        55        16   4.62474
        55        17   4.62474
        55        18
        55        19
        55        20
        55        21   4.33216
        55        22   4.20674
        55        23   3.23243   3.23243
        55        24   1.58426
        55        25   3.80194   3.80194
        56         0
        56         1   4.54637
        56         2
        56         3
        56         4   2.84454
        56         5
        56         6   4.22715
        56         7   4.15674   4.15674
        56         8   4.69583
        56         9
        56        10   3.52166   3.52166
        56        11   2.02475
        56        12
        56        13
        56        14
        56        15
        56        16   1.96846   4.52546
        56        17   4.52546   1.96846
        56        18
        56        19
        56        20
        56        21
        56        22   4.28088   4.28088
        56        23   3.28207
        56        24
        56        25
        57         0   4.54637
        57         1
        57         2
        57         3
        57         4
        57         5   2.84454
        57         6   4.15674   4.15674
        57         7   4.22715
        57         8   3.52166   3.52166
        57         9   2.02475
        57        10   4.69583
        57        11
        57        12
        57        13
        57        14
        57        15
        57        16   4.52546   1.96846
        57        17   1.96846   4.52546
        57        18
        57        19
        57        20
        57        21
        57        22   3.28207
        57        23   4.28088   4.28088
        57        24
        57        25
        58         0
        58         1
        58         2   2.61507
        58         3
        58         4   4.60514   2.48793
        58         5   4.93531
        58         6
        58         7   3.98567
        58         8
        58         9
        58        10   4.58311
        58        11   4.66890
        58        12
        58        13
        58        14
        58        15   4.48394   2.25571
        58        16
        58        17
        58        18   4.05427
        58        19
        58        20
        58        21   3.82202
        58        22   3.81810
        58        23   4.04192
        58        24   1.62949   4.56592
        58        25   4.13269
        59         0
        59         1
        59         2   2.61507
        59         3
        59         4   2.48793   4.60514
        59         5   4.93531
        59         6
        59         7   3.98567
        59         8
        59         9
        59        10   4.58311
        59        11   4.66890
        59        12
        59        13
        59        14
        59        15   2.25571   4.48394
        59        16
        59        17
        59        18   4.05427
        59        19
        59        20
        59        21   3.82202
        59        22   3.81810
        59        23   4.04192
        59        24   4.56592   1.62949
        59        25   4.13269
        60         0
        60         1
        60         2
        60         3   2.61507
        60         4   4.93531
        60         5   4.60514   2.48793
        60         6   3.98567
        60         7
        60         8   4.58311
        60         9   4.66890
        60        10
        60        11
        60        12   4.48394   2.25571
        60        13
        60        14
        60        15
        60        16
        60        17
        60        18
        60        19   4.05427
        60        20   3.82202
        60        21
        60        22   4.04192
        60        23   3.81810
        60        24   4.13269
        60        25   1.62949   4.56592
        61         0
        61         1
        61         2
        61         3   2.61507
        61         4   4.93531
        61         5   2.48793   4.60514
        61         6   3.98567
        61         7
        61         8   4.58311
        61         9   4.66890
        61        10
        61        11
        61        12   2.25571   4.48394
        61        13
        61        14
        61        15
        61        16
        61        17
        61        18
        61        19   4.05427
        61        20   3.82202
        61        21
        61        22   4.04192
        61        23   3.81810
        61        24   4.13269
        61        25   4.56592   1.62949
        62         0
        62         1
        62         2   4.97324
        62         3
        62         4   4.71033   2.56617
        62         5
        62         6   4.75009   2.63844
        62         7
        62         8   4.28385
        62         9   4.22492
        62        10   4.07616
        62        11   4.13721
        62        12   4.40817
        62        13
        62        14
        62        15
        62        16   2.03264
        62        17   3.45436   3.59660
        62        18
        62        19
        62        20
        62        21
        62        22   1.63901   4.50491
        62        23
        62        24   3.93419
        62        25   4.23495
        63         0
        63         1
        63         2   4.97324
        63         3
        63         4   2.56617   4.71033
        63         5
        63         6   2.63844   4.75009
        63         7
        63         8   4.28385
        63         9   4.22492
        63        10   4.07616
        63        11   4.13721
        63        12   4.40817
        63        13
        63        14
        63        15
        63        16   3.59660   3.45436
        63        17   2.03264
        63        18
        63        19
        63        20
        63        21
        63        22   4.50491   1.63901
        63        23
        63        24   3.93419
        63        25   4.23495
        64         0
        64         1
        64         2
        64         3   4.97324
        64         4
        64         5   4.71033   2.56617
        64         6
        64         7   4.75009   2.63844
        64         8   4.07616
        64         9   4.13721
        64        10   4.28385
        64        11   4.22492
        64        12
        64        13
        64        14
        64        15   4.40817
        64        16   3.45436   3.59660
        64        17   2.03264
        64        18
        64        19
        64        20
        64        21
        64        22
        64        23   1.63901   4.50491
        64        24   4.23495
        64        25   3.93419
        65         0
        65         1
        65         2
        65         3   4.97324
        65         4
        65         5   2.56617   4.71033
        65         6
        65         7   2.63844   4.75009
        65         8   4.07616
        65         9   4.13721
        65        10   4.28385
        65        11   4.22492
        65        12
        65        13
        65        14
        65        15   4.40817
        65        16   2.03264
        65        17   3.59660   3.45436
        65        18
        65        19
        65        20
        65        21
        65        22
        65        23   4.50491   1.63901
        65        24   4.23495
        65        25   3.93419
        66         0   3.23295
        66         1
        66         2
        66         3
        66         4   4.62675   4.62675
        66         5   4.74680
        66         6   2.99216   2.99216
        66         7
        66         8   4.91610   4.91610
        66         9   3.98316
        66        10
        66        11
        66        12   2.02388
        66        13
        66        14
        66        15
        66        16   4.16412
        66        17   4.16412
        66        18
        66        19
        66        20   4.22378   4.22378
        66        21
        66        22   1.61061
        66        23
        66        24   4.18274
        66        25   3.95359   3.95359
        67         0
        67         1   3.23295
        67         2
        67         3
        67         4   4.74680
        67         5   4.62675   4.62675
        67         6
        67         7   2.99216   2.99216
        67         8
        67         9
        67        10   4.91610   4.91610
        67        11   3.98316
        67        12
        67        13
        67        14
        67        15   2.02388
        67        16   4.16412
        67        17   4.16412
        67        18
        67        19
        67        20
        67        21   4.22378   4.22378
        67        22
        67        23   1.61061
        67        24   3.95359   3.95359
        67        25   4.18274
        68         0
        68         1
        68         2   4.04780
        68         3
        68         4   3.28178   3.28178
        68         5   4.01029
        68         6   4.26492   4.26492
        68         7   4.96729
        68         8
        68         9
        68        10   4.74722
        68        11
        68        12   3.56831
        68        13
        68        14
        68        15   4.66522   4.66522
        68        16   4.45432
        68        17   4.45432
        68        18
        68        19
        68        20
        68        21
        68        22   1.59334
        68        23   4.96807   4.96807
        68        24   1.62690
        68        25   3.65964   3.65964
        69         0
        69         1
        69         2
        69         3   4.04780
        69         4   4.01029
        69         5   3.28178   3.28178
        69         6   4.96729
        69         7   4.26492   4.26492
        69         8   4.74722
        69         9
        69        10
        69        11
        69        12   4.66522   4.66522
        69        13
        69        14
        69        15   3.56831
        69        16   4.45432
        69        17   4.45432
        69        18
        69        19
        69        20
        69        21
        69        22   4.96807   4.96807
        69        23   1.59334
        69        24   3.65964   3.65964
        69        25   1.62690
