         0        26   2.51726   4.78314
         0        27   4.78314   2.51726
         0        28
         0        29
         0        30   4.24658
         0        31   4.30343   4.30343
         0        32   2.56086
         0        33   4.65621   4.65621
         0        34   2.83113
         0        35
         0        36   2.50802   4.63733
         0        37   4.63733   2.50802
         0        38   4.98305
         0        39   4.98305
         0        40   2.56092   4.72610
         0        41   4.72610   2.56092
         0        42
         0        43
         0        44   4.63259   4.63259
         0        45   4.80155
         0        46   3.29108   3.29108
         0        47   4.06723
         0        48
         0        49
         0        50   4.74697
         0        51   4.74697
         0        52
         0        53
         0        54
         0        55
         0        56
         0        57   4.58208
         0        58
         0        59
         0        60
         0        61
         0        62
         0        63
         0        64
         0        65
         0        66   3.28880
         0        67
         0        68
         0        69
         1        26
         1        27
         1        28   2.51726   4.78314
         1        29   4.78314   2.51726
         1        30   4.30343   4.30343
         1        31   4.24658
         1        32   4.65621   4.65621
         1        33   2.56086
         1        34
         1        35   2.83113
         1        36   4.98305
         1        37   4.98305
         1        38   2.50802   4.63733
         1        39   4.63733   2.50802
         1        40
         1        41
         1        42   2.56092   4.72610
         1        43   4.72610   2.56092
         1        44   4.80155
         1        45   4.63259   4.63259
         1        46   4.06723
         1        47   3.29108   3.29108
         1        48   4.74697
         1        49   4.74697
         1        50
         1        51
         1        52
         1        53
         1        54
         1        55
         1        56   4.58208
         1        57
         1        58
         1        59
         1        60
         1        61
         1        62
         1        63
         1        64
         1        65
         1        66
         1        67   3.28880
         1        68
         1        69
         2        26
         2        27
         2        28   4.66138
         2        29   4.66138
         2        30   2.65317
         2        31
         2        32   2.44123
         2        33
         2        34   4.24746
         2        35   4.17212   4.17212
         2        36
         2        37
         2        38   4.03902
         2        39   4.03902
         2        40   2.64695   4.77327
         2        41   4.77327   2.64695
         2        42
         2        43
         2        44   3.00880   3.00880
         2        45
         2        46   4.28999   4.28999
         2        47
         2        48   4.83640   2.53377
         2        49   2.53377   4.83640
         2        50
         2        51
         2        52
         2        53   4.64571
         2        54
         2        55   4.59687
         2        56
         2        57
         2        58   2.64098
         2        59   2.64098
         2        60
         2        61
         2        62
         2        63
         2        64
         2        65
         2        66
         2        67
         2        68   4.07892
         2        69
         3        26   4.66138
         3        27   4.66138
         3        28
         3        29
         3        30
         3        31   2.65317
         3        32
         3        33   2.44123
         3        34   4.17212   4.17212
         3        35   4.24746
         3        36   4.03902
         3        37   4.03902
         3        38
         3        39
         3        40
         3        41
         3        42   2.64695   4.77327
         3        43   4.77327   2.64695
         3        44
         3        45   3.00880   3.00880
         3        46
         3        47   4.28999   4.28999
         3        48
         3        49
         3        50   4.83640   2.53377
         3        51   2.53377   4.83640
         3        52   4.64571
         3        53
         3        54   4.59687
         3        55
         3        56
         3        57
         3        58
         3        59
         3        60   2.64098
         3        61   2.64098
         3        62
         3        63
         3        64
         3        65
         3        66
         3        67
         3        68
         3        69   4.07892
         4        26
         4        27
         4        28   4.74697
         4        29   4.74697
         4        30
         4        31
         4        32
         4        33
         4        34
         4        35   4.58208
         4        36
         4        37
         4        38
         4        39
         4        40
         4        41
         4        42
         4        43
         4        44   3.28880
         4        45
         4        46
         4        47
         4        48   2.51726   4.78314
         4        49   4.78314   2.51726
         4        50
         4        51
         4        52   4.24658
         4        53   4.30343   4.30343
         4        54   2.56086
         4        55   4.65621   4.65621
         4        56   2.83113
         4        57
         4        58   2.50802   4.63733
         4        59   4.63733   2.50802
         4        60   4.98305
         4        61   4.98305
         4        62   2.56092   4.72610
         4        63   4.72610   2.56092
         4        64
         4        65
         4        66   4.63259   4.63259
         4        67   4.80155
         4        68   3.29108   3.29108
         4        69   4.06723
         5        26   4.74697
         5        27   4.74697
         5        28
         5        29
         5        30
         5        31
         5        32
         5        33
         5        34   4.58208
         5        35
         5        36
         5        37
         5        38
         5        39
         5        40
         5        41
         5        42
         5        43
         5        44
         5        45   3.28880
         5        46
         5        47
         5        48
         5        49
         5        50   2.51726   4.78314
         5        51   4.78314   2.51726
         5        52   4.30343   4.30343
         5        53   4.24658
         5        54   4.65621   4.65621
         5        55   2.56086
         5        56
         5        57   2.83113
         5        58   4.98305
         5        59   4.98305
         5        60   2.50802   4.63733
         5        61   4.63733   2.50802
         5        62
         5        63
         5        64   2.56092   4.72610
         5        65   4.72610   2.56092
         5        66   4.80155
         5        67   4.63259   4.63259
         5        68   4.06723
         5        69   3.29108   3.29108
         6        26   4.83640   2.53377
         6        27   2.53377   4.83640
         6        28
         6        29
         6        30
         6        31   4.64571
         6        32
         6        33   4.59687
         6        34
         6        35
         6        36   2.64098
         6        37   2.64098
         6        38
         6        39
         6        40
         6        41
         6        42
         6        43
         6        44
         6        45
         6        46   4.07892
         6        47
         6        48
         6        49
         6        50   4.66138
         6        51   4.66138
         6        52   2.65317
         6        53
         6        54   2.44123
         6        55
         6        56   4.24746
         6        57   4.17212   4.17212
         6        58
         6        59
         6        60   4.03902
         6        61   4.03902
         6        62   2.64695   4.77327
         6        63   4.77327   2.64695
         6        64
         6        65
         6        66   3.00880   3.00880
         6        67
         6        68   4.28999   4.28999
         6        69
         7        26
         7        27
         7        28   4.83640   2.53377
         7        29   2.53377   4.83640
         7        30   4.64571
         7        31
         7        32   4.59687
         7        33
         7        34
         7        35
         7        36
         7        37
         7        38   2.64098
         7        39   2.64098
         7        40
         7        41
         7        42
         7        43
         7        44
         7        45
         7        46
         7        47   4.07892
         7        48   4.66138
         7        49   4.66138
         7        50
         7        51
         7        52
         7        53   2.65317
         7        54
         7        55   2.44123
         7        56   4.17212   4.17212
         7        57   4.24746
         7        58   4.03902
         7        59   4.03902
         7        60
         7        61
         7        62
         7        63
         7        64   2.64695   4.77327
         7        65   4.77327   2.64695
         7        66
         7        67   3.00880   3.00880
         7        68
         7        69   4.28999   4.28999
         8        26   4.57301   1.98537
         8        27   1.98537   4.57301
         8        28
         8        29
         8        30
         8        31   2.04412
         8        32
         8        33
         8        34   3.53515   3.53515
         8        35   4.74294
         8        36   4.60041
         8        37   4.60041
         8        38
         8        39
         8        40   4.10685
         8        41   4.10685
         8        42   4.31208
         8        43   4.31208
         8        44
         8        45   4.94000   4.94000
         8        46   4.76294
         8        47
         8        48
         8        49
         8        50   4.57301   1.98537
         8        51   1.98537   4.57301
         8        52   2.04412
         8        53
         8        54
         8        55
         8        56   4.74294
         8        57   3.53515   3.53515
         8        58
         8        59
         8        60   4.60041
         8        61   4.60041
         8        62   4.31208
         8        63   4.31208
         8        64   4.10685
         8        65   4.10685
         8        66   4.94000   4.94000
         8        67
         8        68
         8        69   4.76294
         9        26   2.01219   4.53770
         9        27   4.53770   2.01219
         9        28
         9        29
         9        30   4.74222
         9        31   3.54352   3.54352
         9        32
         9        33
         9        34   2.02957
         9        35
         9        36   4.68343
         9        37   4.68343
         9        38
         9        39
         9        40   4.16599
         9        41   4.16599
         9        42   4.25497
         9        43   4.25497
         9        44
         9        45   4.00319
         9        46
         9        47
         9        48
         9        49
         9        50   2.01219   4.53770
         9        51   4.53770   2.01219
         9        52   3.54352   3.54352
         9        53   4.74222
         9        54
         9        55
         9        56
         9        57   2.02957
         9        58
         9        59
         9        60   4.68343
         9        61   4.68343
         9        62   4.25497
         9        63   4.25497
         9        64   4.16599
         9        65   4.16599
         9        66   4.00319
         9        67
         9        68
         9        69
        10        26
        10        27
        10        28   4.57301   1.98537
        10        29   1.98537   4.57301
        10        30   2.04412
        10        31
        10        32
        10        33
        10        34   4.74294
        10        35   3.53515   3.53515
        10        36
        10        37
        10        38   4.60041
        10        39   4.60041
        10        40   4.31208
        10        41   4.31208
        10        42   4.10685
        10        43   4.10685
        10        44   4.94000   4.94000
        10        45
        10        46
        10        47   4.76294
        10        48   4.57301   1.98537
        10        49   1.98537   4.57301
        10        50
        10        51
        10        52
        10        53   2.04412
        10        54
        10        55
        10        56   3.53515   3.53515
        10        57   4.74294
        10        58   4.60041
        10        59   4.60041
        10        60
        10        61
        10        62   4.10685
        10        63   4.10685
        10        64   4.31208
        10        65   4.31208
        10        66
        10        67   4.94000   4.94000
        10        68   4.76294
        10        69
        11        26
        11        27
        11        28   2.01219   4.53770
        11        29   4.53770   2.01219
        11        30   3.54352   3.54352
        11        31   4.74222
        11        32
        11        33
        11        34
        11        35   2.02957
        11        36
        11        37
        11        38   4.68343
        11        39   4.68343
        11        40   4.25497
        11        41   4.25497
        11        42   4.16599
        11        43   4.16599
        11        44   4.00319
        11        45
        11        46
        11        47
        11        48   2.01219   4.53770
        11        49   4.53770   2.01219
        11        50
        11        51
        11        52   4.74222
        11        53   3.54352   3.54352
        11        54
        11        55
        11        56   2.02957
        11        57
        11        58   4.68343
        11        59   4.68343
        11        60
        11        61
        11        62   4.16599
        11        63   4.16599
        11        64   4.25497
        11        65   4.25497
        11        66
        11        67   4.00319
        11        68
        11        69
        12        26   4.49001
        12        27   4.49001
        12        28
        12        29
        12        30
        12        31
        12        32   4.61132
        12        33   3.82934   3.82934
        12        34
        12        35
        12        36   2.27054   4.51332
        12        37   4.51332   2.27054
        12        38
        12        39
        12        40
        12        41
        12        42   4.44031
        12        43   4.44031
        12        44
        12        45   2.05480
        12        46   4.69547   4.69547
        12        47   3.60778
        12        48
        12        49
        12        50   4.49001
        12        51   4.49001
        12        52
        12        53
        12        54   3.82934   3.82934
        12        55   4.61132
        12        56
        12        57
        12        58
        12        59
        12        60   2.27054   4.51332
        12        61   4.51332   2.27054
        12        62   4.44031
        12        63   4.44031
        12        64
        12        65
        12        66   2.05480
        12        67
        12        68   3.60778
        12        69   4.69547   4.69547
        13        26   3.61070
        13        27   4.61606   4.63924
        13        28   4.63924   4.61606
        13        29   3.61070
        13        30   4.55371   1.99499
        13        31   1.99499   4.55371
        13        32   4.66593
        13        33   4.66593
        13        34   4.55083   1.98841
        13        35   1.98841   4.55083
        13        36
        13        37
        13        38
        13        39
        13        40   2.04634
        13        41   3.47511   3.61316
        13        42   3.61316   3.47511
        13        43   2.04634
        13        44   4.17583
        13        45   4.17583
        13        46   4.46446
        13        47   4.46446
        13        48   4.70594   4.68310
        13        49   3.69602
        13        50   3.69602
        13        51   4.68310   4.70594
        13        52
        13        53
        13        54
        13        55
        13        56
        13        57
        13        58
        13        59
        13        60
        13        61
        13        62
        13        63
        13        64
        13        65
        13        66
        13        67
        13        68
        13        69
        14        26   4.63924   4.61606
        14        27   3.61070
        14        28   3.61070
        14        29   4.61606   4.63924
        14        30   1.99499   4.55371
        14        31   4.55371   1.99499
        14        32   4.66593
        14        33   4.66593
        14        34   1.98841   4.55083
        14        35   4.55083   1.98841
        14        36
        14        37
        14        38
        14        39
        14        40   3.61316   3.47511
        14        41   2.04634
        14        42   2.04634
        14        43   3.47511   3.61316
        14        44   4.17583
        14        45   4.17583
        14        46   4.46446
        14        47   4.46446
        14        48   3.69602
        14        49   4.68310   4.70594
        14        50   4.70594   4.68310
        14        51   3.69602
        14        52
        14        53
        14        54
        14        55
        14        56
        14        57
        14        58
        14        59
        14        60
        14        61
        14        62
        14        63
        14        64
        14        65
        14        66
        14        67
        14        68
        14        69
        15        26
        15        27
        15        28   4.49001
        15        29   4.49001
        15        30
        15        31
        15        32   3.82934   3.82934
        15        33   4.61132
        15        34
        15        35
        15        36
        15        37
        15        38   2.27054   4.51332
        15        39   4.51332   2.27054
        15        40   4.44031
        15        41   4.44031
        15        42
        15        43
        15        44   2.05480
        15        45
        15        46   3.60778
        15        47   4.69547   4.69547
        15        48   4.49001
        15        49   4.49001
        15        50
        15        51
        15        52
        15        53
        15        54   4.61132
        15        55   3.82934   3.82934
        15        56
        15        57
        15        58   2.27054   4.51332
        15        59   4.51332   2.27054
        15        60
        15        61
        15        62
        15        63
        15        64   4.44031
        15        65   4.44031
        15        66
        15        67   2.05480
        15        68   4.69547   4.69547
        15        69   3.60778
        16        26   4.70594   4.68310
        16        27   3.69602
        16        28   3.69602
        16        29   4.68310   4.70594
        16        30
        16        31
        16        32
        16        33
        16        34
        16        35
        16        36
        16        37
        16        38
        16        39
        16        40
        16        41
        16        42
        16        43
        16        44
        16        45
        16        46
        16        47
        16        48   3.61070
        16        49   4.61606   4.63924
        16        50   4.63924   4.61606
        16        51   3.61070
        16        52   4.55371   1.99499
        16        53   1.99499   4.55371
        16        54   4.66593
        16        55   4.66593
        16        56   4.55083   1.98841
        16        57   1.98841   4.55083
        16        58
        16        59
        16        60
        16        61
        16        62   2.04634
        16        63   3.47511   3.61316
        16        64   3.61316   3.47511
        16        65   2.04634
        16        66   4.17583
        16        67   4.17583
        16        68   4.46446
        16        69   4.46446
        17        26   3.69602
        17        27   4.68310   4.70594
        17        28   4.70594   4.68310
        17        29   3.69602
        17        30
        17        31
        17        32
        17        33
        17        34
        17        35
        17        36
        17        37
        17        38
        17        39
        17        40
        17        41
        17        42
        17        43
        17        44
        17        45
        17        46
        17        47
        17        48   4.63924   4.61606
        17        49   3.61070
        17        50   3.61070
        17        51   4.61606   4.63924
        17        52   1.99499   4.55371
        17        53   4.55371   1.99499
        17        54   4.66593
        17        55   4.66593
        17        56   1.98841   4.55083
        17        57   4.55083   1.98841
        17        58
        17        59
        17        60
        17        61
        17        62   3.61316   3.47511
        17        63   2.04634
        17        64   2.04634
        17        65   3.47511   3.61316
        17        66   4.17583
        17        67   4.17583
        17        68   4.46446
        17        69   4.46446
        18        26   4.03863
        18        27   4.03863
        18        28
        18        29
        18        30   4.15720   4.15720
        18        31   3.49446
        18        32   3.25639   3.25639
        18        33   4.22781
        18        34   4.29491   4.29491
        18        35   3.31585
        18        36   3.82937
        18        37   3.82937
        18        38   4.08620
        18        39   4.08620
        18        40   4.52104   1.64468
        18        41   1.64468   4.52104
        18        42
        18        43
        18        44   1.62059
        18        45
        18        46   1.58643
        18        47
        18        48   3.96005
        18        49   3.96005
        18        50
        18        51
        18        52
        18        53
        18        54
        18        55
        18        56
        18        57
        18        58   4.09210
        18        59   4.09210
        18        60
        18        61
        18        62
        18        63
        18        64
        18        65
        18        66
        18        67
        18        68
        18        69
        19        26
        19        27
        19        28   4.03863
        19        29   4.03863
        19        30   3.49446
        19        31   4.15720   4.15720
        19        32   4.22781
        19        33   3.25639   3.25639
        19        34   3.31585
        19        35   4.29491   4.29491
        19        36   4.08620
        19        37   4.08620
        19        38   3.82937
        19        39   3.82937
        19        40
        19        41
        19        42   4.52104   1.64468
        19        43   1.64468   4.52104
        19        44
        19        45   1.62059
        19        46
        19        47   1.58643
        19        48
        19        49
        19        50   3.96005
        19        51   3.96005
        19        52
        19        53
        19        54
        19        55
        19        56
        19        57
        19        58
        19        59
        19        60   4.09210
        19        61   4.09210
        19        62
        19        63
        19        64
        19        65
        19        66
        19        67
        19        68
        19        69
        20        26   3.98118
        20        27   3.98118
        20        28
        20        29
        20        30
        20        31
        20        32   3.84038   3.84038
        20        33   1.58573
        20        34
        20        35
        20        36   4.58129   1.64023
        20        37   1.64023   4.58129
        20        38   4.17796
        20        39   4.17796
        20        40   3.95929
        20        41   3.95929
        20        42   4.26546
        20        43   4.26546
        20        44   4.21044
        20        45   3.97652   3.97652
        20        46   1.65015
        20        47   3.69803   3.69803
        20        48
        20        49
        20        50
        20        51
        20        52
        20        53
        20        54   4.33327
        20        55
        20        56
        20        57
        20        58
        20        59
        20        60   3.84696
        20        61   3.84696
        20        62
        20        63
        20        64
        20        65
        20        66   4.25538   4.25538
        20        67
        20        68
        20        69
        21        26
        21        27
        21        28   3.98118
        21        29   3.98118
        21        30
        21        31
        21        32   1.58573
        21        33   3.84038   3.84038
        21        34
        21        35
        21        36   4.17796
        21        37   4.17796
        21        38   4.58129   1.64023
        21        39   1.64023   4.58129
        21        40   4.26546
        21        41   4.26546
        21        42   3.95929
        21        43   3.95929
        21        44   3.97652   3.97652
        21        45   4.21044
        21        46   3.69803   3.69803
        21        47   1.65015
        21        48
        21        49
        21        50
        21        51
        21        52
        21        53
        21        54
        21        55   4.33327
        21        56
        21        57
        21        58   3.84696
        21        59   3.84696
        21        60
        21        61
        21        62
        21        63
        21        64
        21        65
        21        66
        21        67   4.25538   4.25538
        21        68
        21        69
        22        26   3.96005
        22        27   3.96005
        22        28
        22        29
        22        30
        22        31
        22        32
        22        33
        22        34
        22        35
        22        36   4.09210
        22        37   4.09210
        22        38
        22        39
        22        40
        22        41
        22        42
        22        43
        22        44
        22        45
        22        46
        22        47
        22        48   4.03863
        22        49   4.03863
        22        50
        22        51
        22        52   4.15720   4.15720
        22        53   3.49446
        22        54   3.25639   3.25639
        22        55   4.22781
        22        56   4.29491   4.29491
        22        57   3.31585
        22        58   3.82937
        22        59   3.82937
        22        60   4.08620
        22        61   4.08620
        22        62   4.52104   1.64468
        22        63   1.64468   4.52104
        22        64
        22        65
        22        66   1.62059
        22        67
        22        68   1.58643
        22        69
        23        26
        23        27
        23        28   3.96005
        23        29   3.96005
        23        30
        23        31
        23        32
        23        33
        23        34
        23        35
        23        36
        23        37
        23        38   4.09210
        23        39   4.09210
        23        40
        23        41
        23        42
        23        43
        23        44
        23        45
        23        46
        23        47
        23        48
        23        49
        23        50   4.03863
        23        51   4.03863
        23        52   3.49446
        23        53   4.15720   4.15720
        23        54   4.22781
        23        55   3.25639   3.25639
        23        56   3.31585
        23        57   4.29491   4.29491
        23        58   4.08620
        23        59   4.08620
        23        60   3.82937
        23        61   3.82937
        23        62
        23        63
        23        64   4.52104   1.64468
        23        65   1.64468   4.52104
        23        66
        23        67   1.62059
        23        68
        23        69   1.58643
        24        26
        24        27
        24        28
        24        29
        24        30
        24        31
        24        32   4.33327
        24        33
        24        34
        24        35
        24        36
        24        37
        24        38   3.84696
        24        39   3.84696
        24        40
        24        41
        24        42
        24        43
        24        44   4.25538   4.25538
        24        45
        24        46
        24        47
        24        48   3.98118
        24        49   3.98118
        24        50
        24        51
        24        52
        24        53
        24        54   3.84038   3.84038
        24        55   1.58573
        24        56
        24        57
        24        58   4.58129   1.64023
        24        59   1.64023   4.58129
        24        60   4.17796
        24        61   4.17796
        24        62   3.95929
        24        63   3.95929
        24        64   4.26546
        24        65   4.26546
        24        66   4.21044
        24        67   3.97652   3.97652
        24        68   1.65015
        24        69   3.69803   3.69803
        25        26
        25        27
        25        28
        25        29
        25        30
        25        31
        25        32
        25        33   4.33327
        25        34
        25        35
        25        36   3.84696
        25        37   3.84696
        25        38
        25        39
        25        40
        25        41
        25        42
        25        43
        25        44
        25        45   4.25538   4.25538
        25        46
        25        47
        25        48
        25        49
        25        50   3.98118
        25        51   3.98118
        25        52
        25        53
        25        54   1.58573
        25        55   3.84038   3.84038
        25        56
        25        57
        25        58   4.17796
        25        59   4.17796
        25        60   4.58129   1.64023
        25        61   1.64023   4.58129
        25        62   4.26546
        25        63   4.26546
        25        64   3.95929
        25        65   3.95929
        25        66   3.97652   3.97652
        25        67   4.21044
        25        68   3.69803   3.69803
        25        69   1.65015
        26         0   4.78314   2.51726
        26         1
        26         2
        26         3   4.66138
        26         4
        26         5   4.74697
        26         6   2.53377   4.83640
        26         7
        26         8   1.98537   4.57301
        26         9   4.53770   2.01219
        26        10
        26        11
        26        12   4.49001
        26        13   3.61070
        26        14   4.61606   4.63924
        26        15
        26        16   4.68310   4.70594
        26        17   3.69602
        26        18   4.03863
        26        19
        26        20   3.98118
        26        21
        26        22   3.96005
        26        23
        26        24
        26        25
        27         0   2.51726   4.78314
        27         1
        27         2
        27         3   4.66138
        27         4
        27         5   4.74697
        27         6   4.83640   2.53377
        27         7
        27         8   4.57301   1.98537
        27         9   2.01219   4.53770
        27        10
        27        11
        27        12   4.49001
        27        13   4.63924   4.61606
        27        14   3.61070
        27        15
        27        16   3.69602
        27        17   4.70594   4.68310
        27        18   4.03863
        27        19
        27        20   3.98118
        27        21
        27        22   3.96005
        27        23
        27        24
        27        25
        28         0
        28         1   4.78314   2.51726
        28         2   4.66138
        28         3
        28         4   4.74697
        28         5
        28         6
        28         7   2.53377   4.83640
        28         8
        28         9
        28        10   1.98537   4.57301
        28        11   4.53770   2.01219
        28        12
        28        13   4.61606   4.63924
        28        14   3.61070
        28        15   4.49001
        28        16   3.69602
        28        17   4.68310   4.70594
        28        18
        28        19   4.03863
        28        20
        28        21   3.98118
        28        22
        28        23   3.96005
        28        24
        28        25
        29         0
        29         1   2.51726   4.78314
        29         2   4.66138
        29         3
        29         4   4.74697
        29         5
        29         6
        29         7   4.83640   2.53377
        29         8
        29         9
        29        10   4.57301   1.98537
        29        11   2.01219   4.53770
        29        12
        29        13   3.61070
        29        14   4.63924   4.61606
        29        15   4.49001
        29        16   4.70594   4.68310
        29        17   3.69602
        29        18
        29        19   4.03863
        29        20
        29        21   3.98118
        29        22
        29        23   3.96005
        29        24
        29        25
        30         0   4.24658
        30         1   4.30343   4.30343
        30         2   2.65317
        30         3
        30         4
        30         5
        30         6
        30         7   4.64571
        30         8
        30         9   4.74222
        30        10   2.04412
        30        11   3.54352   3.54352
        30        12
        30        13   1.99499   4.55371
        30        14   4.55371   1.99499
        30        15
        30        16
        30        17
        30        18   4.15720   4.15720
        30        19   3.49446
        30        20
        30        21
        30        22
        30        23
        30        24
        30        25
        31         0   4.30343   4.30343
        31         1   4.24658
        31         2
        31         3   2.65317
        31         4
        31         5
        31         6   4.64571
        31         7
        31         8   2.04412
        31         9   3.54352   3.54352
        31        10
        31        11   4.74222
        31        12
        31        13   4.55371   1.99499
        31        14   1.99499   4.55371
        31        15
        31        16
        31        17
        31        18   3.49446
        31        19   4.15720   4.15720
        31        20
        31        21
        31        22
        31        23
        31        24
        31        25
        32         0   2.56086
        32         1   4.65621   4.65621
        32         2   2.44123
        32         3
        32         4
        32         5
        32         6
        32         7   4.59687
        32         8
        32         9
        32        10
        32        11
        32        12   4.61132
        32        13   4.66593
        32        14   4.66593
        32        15   3.82934   3.82934
        32        16
        32        17
        32        18   3.25639   3.25639
        32        19   4.22781
        32        20   3.84038   3.84038
        32        21   1.58573
        32        22
        32        23
        32        24   4.33327
        32        25
        33         0   4.65621   4.65621
        33         1   2.56086
        33         2
        33         3   2.44123
        33         4
        33         5
        33         6   4.59687
        33         7
        33         8
        33         9
        33        10
        33        11
        33        12   3.82934   3.82934
        33        13   4.66593
        33        14   4.66593
        33        15   4.61132
        33        16
        33        17
        33        18   4.22781
        33        19   3.25639   3.25639
        33        20   1.58573
        33        21   3.84038   3.84038
        33        22
        33        23
        33        24
        33        25   4.33327
        34         0   2.83113
        34         1
        34         2   4.24746
        34         3   4.17212   4.17212
        34         4
        34         5   4.58208
        34         6
        34         7
        34         8   3.53515   3.53515
        34         9   2.02957
        34        10   4.74294
        34        11
        34        12
        34        13   1.98841   4.55083
        34        14   4.55083   1.98841
        34        15
        34        16
        34        17
        34        18   4.29491   4.29491
        34        19   3.31585
        34        20
        34        21
        34        22
        34        23
        34        24
        34        25
        35         0
        35         1   2.83113
        35         2   4.17212   4.17212
        35         3   4.24746
        35         4   4.58208
        35         5
        35         6
        35         7
        35         8   4.74294
        35         9
        35        10   3.53515   3.53515
        35        11   2.02957
        35        12
        35        13   4.55083   1.98841
        35        14   1.98841   4.55083
        35        15
        35        16
        35        17
        35        18   3.31585
        35        19   4.29491   4.29491
        35        20
        35        21
        35        22
        35        23
        35        24
        35        25
        36         0   4.63733   2.50802
        36         1   4.98305
        36         2
        36         3   4.03902
        36         4
        36         5
        36         6   2.64098
        36         7
        36         8   4.60041
        36         9   4.68343
        36        10
        36        11
        36        12   4.51332   2.27054
        36        13
        36        14
        36        15
        36        16
        36        17
        36        18   3.82937
        36        19   4.08620
        36        20   1.64023   4.58129
        36        21   4.17796
        36        22   4.09210
        36        23
        36        24
        36        25   3.84696
        37         0   2.50802   4.63733
        37         1   4.98305
        37         2
        37         3   4.03902
        37         4
        37         5
        37         6   2.64098
        37         7
        37         8   4.60041
        37         9   4.68343
        37        10
        37        11
        37        12   2.27054   4.51332
        37        13
        37        14
        37        15
        37        16
        37        17
        37        18   3.82937
        37        19   4.08620
        37        20   4.58129   1.64023
        37        21   4.17796
        37        22   4.09210
        37        23
        37        24
        37        25   3.84696
        38         0   4.98305
        38         1   4.63733   2.50802
        38         2   4.03902
        38         3
        38         4
        38         5
        38         6
        38         7   2.64098
        38         8
        38         9
        38        10   4.60041
        38        11   4.68343
        38        12
        38        13
        38        14
        38        15   4.51332   2.27054
        38        16
        38        17
        38        18   4.08620
        38        19   3.82937
        38        20   4.17796
        38        21   1.64023   4.58129
        38        22
        38        23   4.09210
        38        24   3.84696
        38        25
        39         0   4.98305
        39         1   2.50802   4.63733
        39         2   4.03902
        39         3
        39         4
        39         5
        39         6
        39         7   2.64098
        39         8
        39         9
        39        10   4.60041
        39        11   4.68343
        39        12
        39        13
        39        14
        39        15   2.27054   4.51332
        39        16
        39        17
        39        18   4.08620
        39        19   3.82937
        39        20   4.17796
        39        21   4.58129   1.64023
        39        22
        39        23   4.09210
        39        24   3.84696
        39        25
        40         0   4.72610   2.56092
        40         1
        40         2   4.77327   2.64695
        40         3
        40         4
        40         5
        40         6
        40         7
        40         8   4.10685
        40         9   4.16599
        40        10   4.31208
        40        11   4.25497
        40        12
        40        13   2.04634
        40        14   3.47511   3.61316
        40        15   4.44031
        40        16
        40        17
        40        18   1.64468   4.52104
        40        19
        40        20   3.95929
        40        21   4.26546
        40        22
        40        23
        40        24
        40        25
        41         0   2.56092   4.72610
        41         1
        41         2   2.64695   4.77327
        41         3
        41         4
        41         5
        41         6
        41         7
        41         8   4.10685
        41         9   4.16599
        41        10   4.31208
        41        11   4.25497
        41        12
        41        13   3.61316   3.47511
        41        14   2.04634
        41        15   4.44031
        41        16
        41        17
        41        18   4.52104   1.64468
        41        19
        41        20   3.95929
        41        21   4.26546
        41        22
        41        23
        41        24
        41        25
        42         0
        42         1   4.72610   2.56092
        42         2
        42         3   4.77327   2.64695
        42         4
        42         5
        42         6
        42         7
        42         8   4.31208
        42         9   4.25497
        42        10   4.10685
        42        11   4.16599
        42        12   4.44031
        42        13   3.47511   3.61316
        42        14   2.04634
        42        15
        42        16
        42        17
        42        18
        42        19   1.64468   4.52104
        42        20   4.26546
        42        21   3.95929
        42        22
        42        23
        42        24
        42        25
        43         0
        43         1   2.56092   4.72610
        43         2
        43         3   2.64695   4.77327
        43         4
        43         5
        43         6
        43         7
        43         8   4.31208
        43         9   4.25497
        43        10   4.10685
        43        11   4.16599
        43        12   4.44031
        43        13   2.04634
        43        14   3.61316   3.47511
        43        15
        43        16
        43        17
        43        18
        43        19   4.52104   1.64468
        43        20   4.26546
        43        21   3.95929
        43        22
        43        23
        43        24
        43        25
        44         0   4.63259   4.63259
        44         1   4.80155
        44         2   3.00880   3.00880
        44         3
        44         4   3.28880
        44         5
        44         6
        44         7
        44         8
        44         9
        44        10   4.94000   4.94000
        44        11   4.00319
        44        12
        44        13   4.17583
        44        14   4.17583
        44        15   2.05480
        44        16
        44        17
        44        18   1.62059
        44        19
        44        20   4.21044
        44        21   3.97652   3.97652
        44        22
        44        23
        44        24   4.25538   4.25538
        44        25
        45         0   4.80155
        45         1   4.63259   4.63259
        45         2
        45         3   3.00880   3.00880
        45         4
        45         5   3.28880
        45         6
        45         7
        45         8   4.94000   4.94000
        45         9   4.00319
        45        10
        45        11
        45        12   2.05480
        45        13   4.17583
        45        14   4.17583
        45        15
        45        16
        45        17
        45        18
        45        19   1.62059
        45        20   3.97652   3.97652
        45        21   4.21044
        45        22
        45        23
        45        24
        45        25   4.25538   4.25538
        46         0   3.29108   3.29108
        46         1   4.06723
        46         2   4.28999   4.28999
        46         3
        46         4
        46         5
        46         6   4.07892
        46         7
        46         8   4.76294
        46         9
        46        10
        46        11
        46        12   4.69547   4.69547
        46        13   4.46446
        46        14   4.46446
        46        15   3.60778
        46        16
        46        17
        46        18   1.58643
        46        19
        46        20   1.65015
        46        21   3.69803   3.69803
        46        22
        46        23
        46        24
        46        25
        47         0   4.06723
        47         1   3.29108   3.29108
        47         2
        47         3   4.28999   4.28999
        47         4
        47         5
        47         6
        47         7   4.07892
        47         8
        47         9
        47        10   4.76294
        47        11
        47        12   3.60778
        47        13   4.46446
        47        14   4.46446
        47        15   4.69547   4.69547
        47        16
        47        17
        47        18
        47        19   1.58643
        47        20   3.69803   3.69803
        47        21   1.65015
        47        22
        47        23
        47        24
        47        25
        48         0
        48         1   4.74697
        48         2   2.53377   4.83640
        48         3
        48         4   4.78314   2.51726
        48         5
        48         6
        48         7   4.66138
        48         8
        48         9
        48        10   1.98537   4.57301
        48        11   4.53770   2.01219
        48        12
        48        13   4.68310   4.70594
        48        14   3.69602
        48        15   4.49001
        48        16   3.61070
        48        17   4.61606   4.63924
        48        18   3.96005
        48        19
        48        20
        48        21
        48        22   4.03863
        48        23
        48        24   3.98118
        48        25
        49         0
        49         1   4.74697
        49         2   4.83640   2.53377
        49         3
        49         4   2.51726   4.78314
        49         5
        49         6
        49         7   4.66138
        49         8
        49         9
        49        10   4.57301   1.98537
        49        11   2.01219   4.53770
        49        12
        49        13   3.69602
        49        14   4.70594   4.68310
        49        15   4.49001
        49        16   4.63924   4.61606
        49        17   3.61070
        49        18   3.96005
        49        19
        49        20
        49        21
        49        22   4.03863
        49        23
        49        24   3.98118
        49        25
        50         0   4.74697
        50         1
        50         2
        50         3   2.53377   4.83640
        50         4
        50         5   4.78314   2.51726
        50         6   4.66138
        50         7
        50         8   1.98537   4.57301
        50         9   4.53770   2.01219
        50        10
        50        11
        50        12   4.49001
        50        13   3.69602
        50        14   4.68310   4.70594
        50        15
        50        16   4.61606   4.63924
        50        17   3.61070
        50        18
        50        19   3.96005
        50        20
        50        21
        50        22
        50        23   4.03863
        50        24
        50        25   3.98118
        51         0   4.74697
        51         1
        51         2
        51         3   4.83640   2.53377
        51         4
        51         5   2.51726   4.78314
        51         6   4.66138
        51         7
        51         8   4.57301   1.98537
        51         9   2.01219   4.53770
        51        10
        51        11
        51        12   4.49001
        51        13   4.70594   4.68310
        51        14   3.69602
        51        15
        51        16   3.61070
        51        17   4.63924   4.61606
        51        18
        51        19   3.96005
        51        20
        51        21
        51        22
        51        23   4.03863
        51        24
        51        25   3.98118
        52         0
        52         1
        52         2
        52         3   4.64571
        52         4   4.24658
        52         5   4.30343   4.30343
        52         6   2.65317
        52         7
        52         8   2.04412
        52         9   3.54352   3.54352
        52        10
        52        11   4.74222
        52        12
        52        13
        52        14
        52        15
        52        16   1.99499   4.55371
        52        17   4.55371   1.99499
        52        18
        52        19
        52        20
        52        21
        52        22   4.15720   4.15720
        52        23   3.49446
        52        24
        52        25
        53         0
        53         1
        53         2   4.64571
        53         3
        53         4   4.30343   4.30343
        53         5   4.24658
        53         6
        53         7   2.65317
        53         8
        53         9   4.74222
        53        10   2.04412
        53        11   3.54352   3.54352
        53        12
        53        13
        53        14
        53        15
        53        16   4.55371   1.99499
        53        17   1.99499   4.55371
        53        18
        53        19
        53        20
        53        21
        53        22   3.49446
        53        23   4.15720   4.15720
        53        24
        53        25
        54         0
        54         1
        54         2
        54         3   4.59687
        54         4   2.56086
        54         5   4.65621   4.65621
        54         6   2.44123
        54         7
        54         8
        54         9
        54        10
        54        11
        54        12   3.82934   3.82934
        54        13
        54        14
        54        15   4.61132
        54        16   4.66593
        54        17   4.66593
        54        18
        54        19
        54        20   4.33327
        54        21
        54        22   3.25639   3.25639
        54        23   4.22781
        54        24   3.84038   3.84038
        54        25   1.58573
        55         0
        55         1
        55         2   4.59687
        55         3
        55         4   4.65621   4.65621
        55         5   2.56086
        55         6
        55         7   2.44123
        55         8
        55         9
        55        10
        55        11
        55        12   4.61132
        55        13
        55        14
        55        15   3.82934   3.82934
        55        16   4.66593
        55        17   4.66593
        55        18
        55        19
        55        20
        55        21   4.33327
        55        22   4.22781
        55        23   3.25639   3.25639
        55        24   1.58573
        55        25   3.84038   3.84038
        56         0
        56         1   4.58208
        56         2
        56         3
        56         4   2.83113
        56         5
        56         6   4.24746
        56         7   4.17212   4.17212
        56         8   4.74294
        56         9
        56        10   3.53515   3.53515
        56        11   2.02957
        56        12
        56        13
        56        14
        56        15
        56        16   1.98841   4.55083
        56        17   4.55083   1.98841
        56        18
        56        19
        56        20
        56        21
        56        22   4.29491   4.29491
        56        23   3.31585
        56        24
        56        25
        57         0   4.58208
        57         1
        57         2
        57         3
        57         4
        57         5   2.83113
        57         6   4.17212   4.17212
        57         7   4.24746
        57         8   3.53515   3.53515
        57         9   2.02957
        57        10   4.74294
        57        11
        57        12
        57        13
        57        14
        57        15
        57        16   4.55083   1.98841
        57        17   1.98841   4.55083
        57        18
        57        19
        57        20
        57        21
        57        22   3.31585
        57        23   4.29491   4.29491
        57        24
        57        25
        58         0
        58         1
        58         2   2.64098
        58         3
        58         4   4.63733   2.50802
        58         5   4.98305
        58         6
        58         7   4.03902
        58         8
        58         9
        58        10   4.60041
        58        11   4.68343
        58        12
        58        13
        58        14
        58        15   4.51332   2.27054
        58        16
        58        17
        58        18   4.09210
        58        19
        58        20
        58        21   3.84696
        58        22   3.82937
        58        23   4.08620
        58        24   1.64023   4.58129
        58        25   4.17796
        59         0
        59         1
        59         2   2.64098
        59         3
        59         4   2.50802   4.63733
        59         5   4.98305
        59         6
        59         7   4.03902
        59         8
        59         9
        59        10   4.60041
        59        11   4.68343
        59        12
        59        13
        59        14
        59        15   2.27054   4.51332
        59        16
        59        17
        59        18   4.09210
        59        19
        59        20
        59        21   3.84696
        59        22   3.82937
        59        23   4.08620
        59        24   4.58129   1.64023
        59        25   4.17796
        60         0
        60         1
        60         2
        60         3   2.64098
        60         4   4.98305
        60         5   4.63733   2.50802
        60         6   4.03902
        60         7
        60         8   4.60041
        60         9   4.68343
        60        10
        60        11
        60        12   4.51332   2.27054
        60        13
        60        14
        60        15
        60        16
        60        17
        60        18
        60        19   4.09210
        60        20   3.84696
        60        21
        60        22   4.08620
        60        23   3.82937
        60        24   4.17796
        60        25   1.64023   4.58129
        61         0
        61         1
        61         2
        61         3   2.64098
        61         4   4.98305
        61         5   2.50802   4.63733
        61         6   4.03902
        61         7
        61         8   4.60041
        61         9   4.68343
        61        10
        61        11
        61        12   2.27054   4.51332
        61        13
        61        14
        61        15
        61        16
        61        17
        61        18
        61        19   4.09210
        61        20   3.84696
        61        21
        61        22   4.08620
        61        23   3.82937
        61        24   4.17796
        61        25   4.58129   1.64023
        62         0
        62         1
        62         2
        62         3
        62         4   4.72610   2.56092
        62         5
        62         6   4.77327   2.64695
        62         7
        62         8   4.31208
        62         9   4.25497
        62        10   4.10685
        62        11   4.16599
        62        12   4.44031
        62        13
        62        14
        62        15
        62        16   2.04634
        62        17   3.47511   3.61316
        62        18
        62        19
        62        20
        62        21
        62        22   1.64468   4.52104
        62        23
        62        24   3.95929
        62        25   4.26546
        63         0
        63         1
        63         2
        63         3
        63         4   2.56092   4.72610
        63         5
        63         6   2.64695   4.77327
        63         7
        63         8   4.31208
        63         9   4.25497
        63        10   4.10685
        63        11   4.16599
        63        12   4.44031
        63        13
        63        14
        63        15
        63        16   3.61316   3.47511
        63        17   2.04634
        63        18
        63        19
        63        20
        63        21
        63        22   4.52104   1.64468
        63        23
        63        24   3.95929
        63        25   4.26546
        64         0
        64         1
        64         2
        64         3
        64         4
        64         5   4.72610   2.56092
        64         6
        64         7   4.77327   2.64695
        64         8   4.10685
        64         9   4.16599
        64        10   4.31208
        64        11   4.25497
        64        12
        64        13
        64        14
        64        15   4.44031
        64        16   3.47511   3.61316
        64        17   2.04634
        64        18
        64        19
        64        20
        64        21
        64        22
        64        23   1.64468   4.52104
        64        24   4.26546
        64        25   3.95929
        65         0
        65         1
        65         2
        65         3
        65         4
        65         5   2.56092   4.72610
        65         6
        65         7   2.64695   4.77327
        65         8   4.10685
        65         9   4.16599
        65        10   4.31208
        65        11   4.25497
        65        12
        65        13
        65        14
        65        15   4.44031
        65        16   2.04634
        65        17   3.61316   3.47511
        65        18
        65        19
        65        20
        65        21
        65        22
        65        23   4.52104   1.64468
        65        24   4.26546
        65        25   3.95929
        66         0   3.28880
        66         1
        66         2
        66         3
        66         4   4.63259   4.63259
        66         5   4.80155
        66         6   3.00880   3.00880
        66         7
        66         8   4.94000   4.94000
        66         9   4.00319
        66        10
        66        11
        66        12   2.05480
        66        13
        66        14
        66        15
        66        16   4.17583
        66        17   4.17583
        66        18
        66        19
        66        20   4.25538   4.25538
        66        21
        66        22   1.62059
        66        23
        66        24   4.21044
        66        25   3.97652   3.97652
        67         0
        67         1   3.28880
        67         2
        67         3
        67         4   4.80155
        67         5   4.63259   4.63259
        67         6
        67         7   3.00880   3.00880
        67         8
        67         9
        67        10   4.94000   4.94000
        67        11   4.00319
        67        12
        67        13
        67        14
        67        15   2.05480
        67        16   4.17583
        67        17   4.17583
        67        18
        67        19
        67        20
        67        21   4.25538   4.25538
        67        22
        67        23   1.62059
        67        24   3.97652   3.97652
        67        25   4.21044
        68         0
        68         1
        68         2   4.07892
        68         3
        68         4   3.29108   3.29108
        68         5   4.06723
        68         6   4.28999   4.28999
        68         7
        68         8
        68         9
        68        10   4.76294
        68        11
        68        12   3.60778
        68        13
        68        14
        68        15   4.69547   4.69547
        68        16   4.46446
        68        17   4.46446
        68        18
        68        19
        68        20
        68        21
        68        22   1.58643
        68        23
        68        24   1.65015
        68        25   3.69803   3.69803
        69         0
        69         1
        69         2
        69         3   4.07892
        69         4   4.06723
        69         5   3.29108   3.29108
        69         6
        69         7   4.28999   4.28999
        69         8   4.76294
        69         9
        69        10
        69        11
        69        12   4.69547   4.69547
        69        13
        69        14
        69        15   3.60778
        69        16   4.46446
        69        17   4.46446
        69        18
        69        19
        69        20
        69        21
        69        22
        69        23   1.58643
        69        24   3.69803   3.69803
        69        25   1.65015
