         0        24   3.52532
         0        25   2.13782
         0        26   2.13782
         0        27   4.64047   4.50394
         0        28   2.13782
         0        29   3.69816
         0        30   2.13782
         0        31   2.13782
         0        32   3.52532
         0        33   4.50394   4.64047
         0        34   4.64047   4.50394
         0        35   4.64047   4.50394
         0        36
         0        37   3.52532
         0        38   4.50394   4.64047
         0        39   4.64047   4.50394
         0        40   3.69816
         0        41
         0        42
         0        43   2.13782
         0        44   4.50394   4.64047
         0        45   3.52532
         0        46   4.50394   4.64047
         0        47   4.64047   4.50394
         0        48   3.52532
         0        49   4.50394   4.64047
         0        50   4.64047   4.50394
         0        51
         0        52   4.50394   4.64047
         0        53   3.52532
         0        54
         0        55
         1        24   2.13782
         1        25   3.69816
         1        26   3.52532
         1        27   2.13782
         1        28   2.13782
         1        29   2.13782
         1        30   2.13782
         1        31   4.50394   4.64047
         1        32   4.50394   4.64047
         1        33   3.52532
         1        34   3.52532
         1        35   4.64047   4.50394
         1        36   4.50394   4.64047
         1        37   4.64047   4.50394
         1        38
         1        39   4.64047   4.50394
         1        40
         1        41   3.52532
         1        42   3.69816
         1        43   4.50394   4.64047
         1        44   4.64047   4.50394
         1        45
         1        46   4.64047   4.50394
         1        47   2.13782
         1        48   4.50394   4.64047
         1        49   3.52532
         1        50   3.52532
         1        51
         1        52
         1        53   4.64047   4.50394
         1        54   4.50394   4.64047
         1        55
         2        24   4.50394   4.64047
         2        25   4.64047   4.50394
         2        26   2.13782
         2        27   3.52532
         2        28   3.52532
         2        29
         2        30   4.64047   4.50394
         2        31   2.13782
         2        32   4.50394   4.64047
         2        33   2.13782
         2        34   4.50394   4.64047
         2        35   3.52532
         2        36   3.69816
         2        37   2.13782
         2        38   2.13782
         2        39   4.50394   4.64047
         2        40   2.13782
         2        41
         2        42   4.64047   4.50394
         2        43   3.69816
         2        44   3.52532
         2        45   4.64047   4.50394
         2        46   4.50394   4.64047
         2        47
         2        48
         2        49   4.50394   4.64047
         2        50
         2        51   3.52532
         2        52   3.52532
         2        53   4.64047   4.50394
         2        54
         2        55   4.64047   4.50394
         3        24   2.13782
         3        25
         3        26   4.64047   4.50394
         3        27   2.13782
         3        28   4.50394   4.64047
         3        29   4.64047   4.50394
         3        30   3.52532
         3        31   3.52532
         3        32   4.50394   4.64047
         3        33   2.13782
         3        34   4.50394   4.64047
         3        35   4.64047   4.50394
         3        36   2.13782
         3        37   2.13782
         3        38   3.69816
         3        39   3.52532
         3        40   4.50394   4.64047
         3        41   4.64047   4.50394
         3        42   2.13782
         3        43
         3        44   4.64047   4.50394
         3        45
         3        46   3.52532
         3        47   3.69816
         3        48
         3        49   4.50394   4.64047
         3        50
         3        51   4.50394   4.64047
         3        52
         3        53   4.64047   4.50394
         3        54   3.52532
         3        55   3.52532
         4        24   3.52532
         4        25   4.50394   4.64047
         4        26   4.64047   4.50394
         4        27   4.64047   4.50394
         4        28
         4        29   3.52532
         4        30   4.50394   4.64047
         4        31   4.64047   4.50394
         4        32   3.52532
         4        33   2.13782
         4        34   2.13782
         4        35   4.64047   4.50394
         4        36   2.13782
         4        37   3.69816
         4        38   2.13782
         4        39   2.13782
         4        40   3.52532
         4        41   4.50394   4.64047
         4        42   4.64047   4.50394
         4        43
         4        44   4.50394   4.64047
         4        45   3.52532
         4        46
         4        47
         4        48   3.69816
         4        49
         4        50
         4        51   2.13782
         4        52   4.50394   4.64047
         4        53   3.52532
         4        54   4.50394   4.64047
         4        55   4.64047   4.50394
         5        24   4.50394   4.64047
         5        25   3.52532
         5        26   3.52532
         5        27   4.64047   4.50394
         5        28   4.50394   4.64047
         5        29   4.64047   4.50394
         5        30
         5        31   4.64047   4.50394
         5        32   2.13782
         5        33   3.69816
         5        34   3.52532
         5        35   2.13782
         5        36   2.13782
         5        37   2.13782
         5        38   2.13782
         5        39   4.50394   4.64047
         5        40   4.50394   4.64047
         5        41   3.52532
         5        42   3.52532
         5        43
         5        44
         5        45   4.64047   4.50394
         5        46   4.50394   4.64047
         5        47
         5        48
         5        49   3.52532
         5        50   3.69816
         5        51   4.50394   4.64047
         5        52   4.64047   4.50394
         5        53
         5        54   4.64047   4.50394
         5        55   2.13782
         6        24   4.50394   4.64047
         6        25   2.13782
         6        26   4.50394   4.64047
         6        27   3.52532
         6        28   3.69816
         6        29   2.13782
         6        30   2.13782
         6        31   4.50394   4.64047
         6        32   4.50394   4.64047
         6        33   4.64047   4.50394
         6        34   2.13782
         6        35   3.52532
         6        36   3.52532
         6        37
         6        38   4.64047   4.50394
         6        39   2.13782
         6        40
         6        41   4.50394   4.64047
         6        42
         6        43   3.52532
         6        44   3.52532
         6        45   4.64047   4.50394
         6        46
         6        47   4.64047   4.50394
         6        48   2.13782
         6        49
         6        50   4.64047   4.50394
         6        51   3.69816
         6        52   3.52532
         6        53   4.64047   4.50394
         6        54   4.50394   4.64047
         6        55
         7        24   4.50394   4.64047
         7        25   2.13782
         7        26   4.50394   4.64047
         7        27   4.64047   4.50394
         7        28   2.13782
         7        29   2.13782
         7        30   3.69816
         7        31   3.52532
         7        32   2.13782
         7        33
         7        34   4.64047   4.50394
         7        35   2.13782
         7        36   4.50394   4.64047
         7        37   4.64047   4.50394
         7        38   3.52532
         7        39   3.52532
         7        40
         7        41   4.50394   4.64047
         7        42
         7        43   4.50394   4.64047
         7        44
         7        45   4.64047   4.50394
         7        46   3.52532
         7        47   3.52532
         7        48   4.50394   4.64047
         7        49   4.64047   4.50394
         7        50   2.13782
         7        51
         7        52   4.64047   4.50394
         7        53
         7        54   3.52532
         7        55   3.69816
         8        24   3.69816
         8        25
         8        26
         8        27   2.13782
         8        28   4.50394   4.64047
         8        29   3.52532
         8        30   4.50394   4.64047
         8        31   4.64047   4.50394
         8        32   3.52532
         8        33   4.50394   4.64047
         8        34   4.64047   4.50394
         8        35
         8        36   4.50394   4.64047
         8        37   3.52532
         8        38
         8        39
         8        40   3.52532
         8        41   2.13782
         8        42   2.13782
         8        43   4.64047   4.50394
         8        44   2.13782
         8        45   3.69816
         8        46   2.13782
         8        47   2.13782
         8        48   3.52532
         8        49   4.50394   4.64047
         8        50   4.64047   4.50394
         8        51   4.64047   4.50394
         8        52
         8        53   3.52532
         8        54   4.50394   4.64047
         8        55   4.64047   4.50394
         9        24
         9        25   3.52532
         9        26   3.69816
         9        27   4.50394   4.64047
         9        28   4.64047   4.50394
         9        29
         9        30   4.64047   4.50394
         9        31   2.13782
         9        32   4.50394   4.64047
         9        33   3.52532
         9        34   3.52532
         9        35
         9        36
         9        37   4.64047   4.50394
         9        38   4.50394   4.64047
         9        39
         9        40   2.13782
         9        41   3.69816
         9        42   3.52532
         9        43   2.13782
         9        44   2.13782
         9        45   2.13782
         9        46   2.13782
         9        47   4.50394   4.64047
         9        48   4.50394   4.64047
         9        49   3.52532
         9        50   3.52532
         9        51   4.64047   4.50394
         9        52   4.50394   4.64047
         9        53   4.64047   4.50394
         9        54
         9        55   4.64047   4.50394
        10        24   2.13782
        10        25
        10        26   4.64047   4.50394
        10        27   3.69816
        10        28   3.52532
        10        29   4.64047   4.50394
        10        30   4.50394   4.64047
        10        31
        10        32
        10        33   4.50394   4.64047
        10        34
        10        35   3.52532
        10        36   3.52532
        10        37   4.64047   4.50394
        10        38
        10        39   4.64047   4.50394
        10        40   4.50394   4.64047
        10        41   4.64047   4.50394
        10        42   2.13782
        10        43   3.52532
        10        44   3.52532
        10        45
        10        46   4.64047   4.50394
        10        47   2.13782
        10        48   4.50394   4.64047
        10        49   2.13782
        10        50   4.50394   4.64047
        10        51   3.52532
        10        52   3.69816
        10        53   2.13782
        10        54   2.13782
        10        55   4.50394   4.64047
        11        24   4.50394   4.64047
        11        25   4.64047   4.50394
        11        26   2.13782
        11        27
        11        28   4.64047   4.50394
        11        29
        11        30   3.52532
        11        31   3.69816
        11        32
        11        33   4.50394   4.64047
        11        34
        11        35   4.50394   4.64047
        11        36
        11        37   4.64047   4.50394
        11        38   3.52532
        11        39   3.52532
        11        40   2.13782
        11        41
        11        42   4.64047   4.50394
        11        43   2.13782
        11        44   4.50394   4.64047
        11        45   4.64047   4.50394
        11        46   3.52532
        11        47   3.52532
        11        48   4.50394   4.64047
        11        49   2.13782
        11        50   4.50394   4.64047
        11        51   4.64047   4.50394
        11        52   2.13782
        11        53   2.13782
        11        54   3.69816
        11        55   3.52532
        12        24   3.52532
        12        25   4.50394   4.64047
        12        26   4.64047   4.50394
        12        27
        12        28   4.50394   4.64047
        12        29   3.52532
        12        30
        12        31
        12        32   3.69816
        12        33
        12        34
        12        35   2.13782
        12        36   4.50394   4.64047
        12        37   3.52532
        12        38   4.50394   4.64047
        12        39   4.64047   4.50394
        12        40   3.52532
        12        41   4.50394   4.64047
        12        42   4.64047   4.50394
        12        43   4.64047   4.50394
        12        44
        12        45   3.52532
        12        46   4.50394   4.64047
        12        47   4.64047   4.50394
        12        48   3.52532
        12        49   2.13782
        12        50   2.13782
        12        51   4.64047   4.50394
        12        52   2.13782
        12        53   3.69816
        12        54   2.13782
        12        55   2.13782
        13        24   4.50394   4.64047
        13        25   3.52532
        13        26   3.52532
        13        27
        13        28
        13        29   4.64047   4.50394
        13        30   4.50394   4.64047
        13        31
        13        32
        13        33   3.52532
        13        34   3.69816
        13        35   4.50394   4.64047
        13        36   4.64047   4.50394
        13        37
        13        38   4.64047   4.50394
        13        39   2.13782
        13        40   4.50394   4.64047
        13        41   3.52532
        13        42   3.52532
        13        43   4.64047   4.50394
        13        44   4.50394   4.64047
        13        45   4.64047   4.50394
        13        46
        13        47   4.64047   4.50394
        13        48   2.13782
        13        49   3.69816
        13        50   3.52532
        13        51   2.13782
        13        52   2.13782
        13        53   2.13782
        13        54   2.13782
        13        55   4.50394   4.64047
        14        24
        14        25   4.50394   4.64047
        14        26
        14        27   3.52532
        14        28   3.52532
        14        29   4.64047   4.50394
        14        30
        14        31   4.64047   4.50394
        14        32   2.13782
        14        33
        14        34   4.64047   4.50394
        14        35   3.69816
        14        36   3.52532
        14        37   4.64047   4.50394
        14        38   4.50394   4.64047
        14        39
        14        40   4.50394   4.64047
        14        41   2.13782
        14        42   4.50394   4.64047
        14        43   3.52532
        14        44   3.69816
        14        45   2.13782
        14        46   2.13782
        14        47   4.50394   4.64047
        14        48   4.50394   4.64047
        14        49   4.64047   4.50394
        14        50   2.13782
        14        51   3.52532
        14        52   3.52532
        14        53
        14        54   4.64047   4.50394
        14        55   2.13782
        15        24
        15        25   4.50394   4.64047
        15        26
        15        27   4.50394   4.64047
        15        28
        15        29   4.64047   4.50394
        15        30   3.52532
        15        31   3.52532
        15        32   4.50394   4.64047
        15        33   4.64047   4.50394
        15        34   2.13782
        15        35
        15        36   4.64047   4.50394
        15        37
        15        38   3.52532
        15        39   3.69816
        15        40   4.50394   4.64047
        15        41   2.13782
        15        42   4.50394   4.64047
        15        43   4.64047   4.50394
        15        44   2.13782
        15        45   2.13782
        15        46   3.69816
        15        47   3.52532
        15        48   2.13782
        15        49
        15        50   4.64047   4.50394
        15        51   2.13782
        15        52   4.50394   4.64047
        15        53   4.64047   4.50394
        15        54   3.52532
        15        55   3.52532
        16        24   3.39466
        16        25   4.57624
        16        26   3.39466
        16        27   3.39466
        16        28   4.57624
        16        29   4.57624
        16        30   1.65219
        16        31   3.39466
        16        32
        16        33   1.65219
        16        34   3.39466
        16        35
        16        36   4.57624
        16        37   4.57624
        16        38   4.57624
        16        39   3.39466
        16        40   3.39466
        16        41   4.57624
        16        42   3.39466
        16        43   3.39466
        16        44   1.65219
        16        45   4.57624
        16        46   4.57624
        16        47   3.39466
        16        48   3.39466
        16        49   4.57624
        16        50
        16        51   3.39466
        16        52   4.57624
        16        53   1.65219
        16        54   4.57624
        16        55
        17        24   1.65219
        17        25   3.39466
        17        26   1.65219
        17        27   4.57624
        17        28   3.39466
        17        29   3.39466
        17        30   3.39466
        17        31   4.57624
        17        32   4.57624
        17        33   3.39466
        17        34   4.57624
        17        35   1.65219
        17        36   3.39466
        17        37   3.39466
        17        38   3.39466
        17        39   1.65219
        17        40   4.57624
        17        41
        17        42   4.57624
        17        43   4.57624
        17        44
        17        45
        17        46
        17        47   4.57624
        17        48   4.57624
        17        49   3.39466
        17        50   4.57624
        17        51   4.57624
        17        52   3.39466
        17        53   3.39466
        17        54   3.39466
        17        55   4.57624
        18        24
        18        25   1.65219
        18        26   3.39466
        18        27
        18        28   4.57624
        18        29   4.57624
        18        30   4.57624
        18        31   3.39466
        18        32   3.39466
        18        33   4.57624
        18        34   3.39466
        18        35   3.39466
        18        36   4.57624
        18        37   4.57624
        18        38   1.65219
        18        39   3.39466
        18        40   3.39466
        18        41   4.57624
        18        42
        18        43   3.39466
        18        44   4.57624
        18        45   1.65219
        18        46   4.57624
        18        47
        18        48   3.39466
        18        49   4.57624
        18        50   3.39466
        18        51   3.39466
        18        52   1.65219
        18        53   4.57624
        18        54   4.57624
        18        55   3.39466
        19        24   4.57624
        19        25   3.39466
        19        26   4.57624
        19        27   1.65219
        19        28   3.39466
        19        29   3.39466
        19        30   3.39466
        19        31   1.65219
        19        32   1.65219
        19        33   3.39466
        19        34   1.65219
        19        35   4.57624
        19        36   3.39466
        19        37   3.39466
        19        38   3.39466
        19        39   4.57624
        19        40   4.57624
        19        41   3.39466
        19        42   4.57624
        19        43   4.57624
        19        44   3.39466
        19        45   3.39466
        19        46   3.39466
        19        47   4.57624
        19        48   4.57624
        19        49
        19        50   4.57624
        19        51   4.57624
        19        52
        19        53
        19        54
        19        55   4.57624
        20        24   3.39466
        20        25   4.57624
        20        26   3.39466
        20        27   3.39466
        20        28   1.65219
        20        29   4.57624
        20        30   4.57624
        20        31   3.39466
        20        32   3.39466
        20        33   4.57624
        20        34
        20        35   3.39466
        20        36   4.57624
        20        37   1.65219
        20        38   4.57624
        20        39
        20        40   3.39466
        20        41   4.57624
        20        42   3.39466
        20        43   3.39466
        20        44   4.57624
        20        45   4.57624
        20        46   1.65219
        20        47   3.39466
        20        48
        20        49   1.65219
        20        50   3.39466
        20        51
        20        52   4.57624
        20        53   4.57624
        20        54   4.57624
        20        55   3.39466
        21        24   4.57624
        21        25
        21        26   4.57624
        21        27   4.57624
        21        28
        21        29
        21        30
        21        31   4.57624
        21        32   4.57624
        21        33   3.39466
        21        34   4.57624
        21        35   4.57624
        21        36   3.39466
        21        37   3.39466
        21        38   3.39466
        21        39   4.57624
        21        40   1.65219
        21        41   3.39466
        21        42   1.65219
        21        43   4.57624
        21        44   3.39466
        21        45   3.39466
        21        46   3.39466
        21        47   4.57624
        21        48   4.57624
        21        49   3.39466
        21        50   4.57624
        21        51   1.65219
        21        52   3.39466
        21        53   3.39466
        21        54   3.39466
        21        55   1.65219
        22        24   3.39466
        22        25   4.57624
        22        26
        22        27   3.39466
        22        28   4.57624
        22        29   1.65219
        22        30   4.57624
        22        31
        22        32   3.39466
        22        33   4.57624
        22        34   3.39466
        22        35   3.39466
        22        36   1.65219
        22        37   4.57624
        22        38   4.57624
        22        39   3.39466
        22        40
        22        41   1.65219
        22        42   3.39466
        22        43
        22        44   4.57624
        22        45   4.57624
        22        46   4.57624
        22        47   3.39466
        22        48   3.39466
        22        49   4.57624
        22        50   3.39466
        22        51   3.39466
        22        52   4.57624
        22        53   4.57624
        22        54   1.65219
        22        55   3.39466
        23        24   4.57624
        23        25   3.39466
        23        26   4.57624
        23        27   4.57624
        23        28   3.39466
        23        29   3.39466
        23        30   3.39466
        23        31   4.57624
        23        32   4.57624
        23        33
        23        34   4.57624
        23        35   4.57624
        23        36
        23        37
        23        38
        23        39   4.57624
        23        40   4.57624
        23        41   3.39466
        23        42   4.57624
        23        43   1.65219
        23        44   3.39466
        23        45   3.39466
        23        46   3.39466
        23        47   1.65219
        23        48   1.65219
        23        49   3.39466
        23        50   1.65219
        23        51   4.57624
        23        52   3.39466
        23        53   3.39466
        23        54   3.39466
        23        55   4.57624
        24         0   3.52532
        24         1   2.13782
        24         2   4.64047   4.50394
        24         3   2.13782
        24         4   3.52532
        24         5   4.64047   4.50394
        24         6   4.64047   4.50394
        24         7   4.64047   4.50394
        24         8   3.69816
        24         9
        24        10   2.13782
        24        11   4.64047   4.50394
        24        12   3.52532
        24        13   4.64047   4.50394
        24        14
        24        15
        24        16   3.39466
        24        17   1.65219
        24        18
        24        19   4.57624
        24        20   3.39466
        24        21   4.57624
        24        22   3.39466
        24        23   4.57624
        25         0   2.13782
        25         1   3.69816
        25         2   4.50394   4.64047
        25         3
        25         4   4.64047   4.50394
        25         5   3.52532
        25         6   2.13782
        25         7   2.13782
        25         8
        25         9   3.52532
        25        10
        25        11   4.50394   4.64047
        25        12   4.64047   4.50394
        25        13   3.52532
        25        14   4.64047   4.50394
        25        15   4.64047   4.50394
        25        16   4.57624
        25        17   3.39466
        25        18   1.65219
        25        19   3.39466
        25        20   4.57624
        25        21
        25        22   4.57624
        25        23   3.39466
        26         0   2.13782
        26         1   3.52532
        26         2   2.13782
        26         3   4.50394   4.64047
        26         4   4.50394   4.64047
        26         5   3.52532
        26         6   4.64047   4.50394
        26         7   4.64047   4.50394
        26         8
        26         9   3.69816
        26        10   4.50394   4.64047
        26        11   2.13782
        26        12   4.50394   4.64047
        26        13   3.52532
        26        14
        26        15
        26        16   3.39466
        26        17   1.65219
        26        18   3.39466
        26        19   4.57624
        26        20   3.39466
        26        21   4.57624
        26        22
        26        23   4.57624
        27         0   4.50394   4.64047
        27         1   2.13782
        27         2   3.52532
        27         3   2.13782
        27         4   4.50394   4.64047
        27         5   4.50394   4.64047
        27         6   3.52532
        27         7   4.50394   4.64047
        27         8   2.13782
        27         9   4.64047   4.50394
        27        10   3.69816
        27        11
        27        12
        27        13
        27        14   3.52532
        27        15   4.64047   4.50394
        27        16   3.39466
        27        17   4.57624
        27        18
        27        19   1.65219
        27        20   3.39466
        27        21   4.57624
        27        22   3.39466
        27        23   4.57624
        28         0   2.13782
        28         1   2.13782
        28         2   3.52532
        28         3   4.64047   4.50394
        28         4
        28         5   4.64047   4.50394
        28         6   3.69816
        28         7   2.13782
        28         8   4.64047   4.50394
        28         9   4.50394   4.64047
        28        10   3.52532
        28        11   4.50394   4.64047
        28        12   4.64047   4.50394
        28        13
        28        14   3.52532
        28        15
        28        16   4.57624
        28        17   3.39466
        28        18   4.57624
        28        19   3.39466
        28        20   1.65219
        28        21
        28        22   4.57624
        28        23   3.39466
        29         0   3.69816
        29         1   2.13782
        29         2
        29         3   4.50394   4.64047
        29         4   3.52532
        29         5   4.50394   4.64047
        29         6   2.13782
        29         7   2.13782
        29         8   3.52532
        29         9
        29        10   4.50394   4.64047
        29        11
        29        12   3.52532
        29        13   4.50394   4.64047
        29        14   4.50394   4.64047
        29        15   4.50394   4.64047
        29        16   4.57624
        29        17   3.39466
        29        18   4.57624
        29        19   3.39466
        29        20   4.57624
        29        21
        29        22   1.65219
        29        23   3.39466
        30         0   2.13782
        30         1   2.13782
        30         2   4.50394   4.64047
        30         3   3.52532
        30         4   4.64047   4.50394
        30         5
        30         6   2.13782
        30         7   3.69816
        30         8   4.64047   4.50394
        30         9   4.50394   4.64047
        30        10   4.64047   4.50394
        30        11   3.52532
        30        12
        30        13   4.64047   4.50394
        30        14
        30        15   3.52532
        30        16   1.65219
        30        17   3.39466
        30        18   4.57624
        30        19   3.39466
        30        20   4.57624
        30        21
        30        22   4.57624
        30        23   3.39466
        31         0   2.13782
        31         1   4.64047   4.50394
        31         2   2.13782
        31         3   3.52532
        31         4   4.50394   4.64047
        31         5   4.50394   4.64047
        31         6   4.64047   4.50394
        31         7   3.52532
        31         8   4.50394   4.64047
        31         9   2.13782
        31        10
        31        11   3.69816
        31        12
        31        13
        31        14   4.50394   4.64047
        31        15   3.52532
        31        16   3.39466
        31        17   4.57624
        31        18   3.39466
        31        19   1.65219
        31        20   3.39466
        31        21   4.57624
        31        22
        31        23   4.57624
        32         0   3.52532
        32         1   4.64047   4.50394
        32         2   4.64047   4.50394
        32         3   4.64047   4.50394
        32         4   3.52532
        32         5   2.13782
        32         6   4.64047   4.50394
        32         7   2.13782
        32         8   3.52532
        32         9   4.64047   4.50394
        32        10
        32        11
        32        12   3.69816
        32        13
        32        14   2.13782
        32        15   4.64047   4.50394
        32        16
        32        17   4.57624
        32        18   3.39466
        32        19   1.65219
        32        20   3.39466
        32        21   4.57624
        32        22   3.39466
        32        23   4.57624
        33         0   4.64047   4.50394
        33         1   3.52532
        33         2   2.13782
        33         3   2.13782
        33         4   2.13782
        33         5   3.69816
        33         6   4.50394   4.64047
        33         7
        33         8   4.64047   4.50394
        33         9   3.52532
        33        10   4.64047   4.50394
        33        11   4.64047   4.50394
        33        12
        33        13   3.52532
        33        14
        33        15   4.50394   4.64047
        33        16   1.65219
        33        17   3.39466
        33        18   4.57624
        33        19   3.39466
        33        20   4.57624
        33        21   3.39466
        33        22   4.57624
        33        23
        34         0   4.50394   4.64047
        34         1   3.52532
        34         2   4.64047   4.50394
        34         3   4.64047   4.50394
        34         4   2.13782
        34         5   3.52532
        34         6   2.13782
        34         7   4.50394   4.64047
        34         8   4.50394   4.64047
        34         9   3.52532
        34        10
        34        11
        34        12
        34        13   3.69816
        34        14   4.50394   4.64047
        34        15   2.13782
        34        16   3.39466
        34        17   4.57624
        34        18   3.39466
        34        19   1.65219
        34        20
        34        21   4.57624
        34        22   3.39466
        34        23   4.57624
        35         0   4.50394   4.64047
        35         1   4.50394   4.64047
        35         2   3.52532
        35         3   4.50394   4.64047
        35         4   4.50394   4.64047
        35         5   2.13782
        35         6   3.52532
        35         7   2.13782
        35         8
        35         9
        35        10   3.52532
        35        11   4.64047   4.50394
        35        12   2.13782
        35        13   4.64047   4.50394
        35        14   3.69816
        35        15
        35        16
        35        17   1.65219
        35        18   3.39466
        35        19   4.57624
        35        20   3.39466
        35        21   4.57624
        35        22   3.39466
        35        23   4.57624
        36         0
        36         1   4.64047   4.50394
        36         2   3.69816
        36         3   2.13782
        36         4   2.13782
        36         5   2.13782
        36         6   3.52532
        36         7   4.64047   4.50394
        36         8   4.64047   4.50394
        36         9
        36        10   3.52532
        36        11
        36        12   4.64047   4.50394
        36        13   4.50394   4.64047
        36        14   3.52532
        36        15   4.50394   4.64047
        36        16   4.57624
        36        17   3.39466
        36        18   4.57624
        36        19   3.39466
        36        20   4.57624
        36        21   3.39466
        36        22   1.65219
        36        23
        37         0   3.52532
        37         1   4.50394   4.64047
        37         2   2.13782
        37         3   2.13782
        37         4   3.69816
        37         5   2.13782
        37         6
        37         7   4.50394   4.64047
        37         8   3.52532
        37         9   4.50394   4.64047
        37        10   4.50394   4.64047
        37        11   4.50394   4.64047
        37        12   3.52532
        37        13
        37        14   4.50394   4.64047
        37        15
        37        16   4.57624
        37        17   3.39466
        37        18   4.57624
        37        19   3.39466
        37        20   1.65219
        37        21   3.39466
        37        22   4.57624
        37        23
        38         0   4.64047   4.50394
        38         1
        38         2   2.13782
        38         3   3.69816
        38         4   2.13782
        38         5   2.13782
        38         6   4.50394   4.64047
        38         7   3.52532
        38         8
        38         9   4.64047   4.50394
        38        10
        38        11   3.52532
        38        12   4.64047   4.50394
        38        13   4.50394   4.64047
        38        14   4.64047   4.50394
        38        15   3.52532
        38        16   4.57624
        38        17   3.39466
        38        18   1.65219
        38        19   3.39466
        38        20   4.57624
        38        21   3.39466
        38        22   4.57624
        38        23
        39         0   4.50394   4.64047
        39         1   4.50394   4.64047
        39         2   4.64047   4.50394
        39         3   3.52532
        39         4   2.13782
        39         5   4.64047   4.50394
        39         6   2.13782
        39         7   3.52532
        39         8
        39         9
        39        10   4.50394   4.64047
        39        11   3.52532
        39        12   4.50394   4.64047
        39        13   2.13782
        39        14
        39        15   3.69816
        39        16   3.39466
        39        17   1.65219
        39        18   3.39466
        39        19   4.57624
        39        20
        39        21   4.57624
        39        22   3.39466
        39        23   4.57624
        40         0   3.69816
        40         1
        40         2   2.13782
        40         3   4.64047   4.50394
        40         4   3.52532
        40         5   4.64047   4.50394
        40         6
        40         7
        40         8   3.52532
        40         9   2.13782
        40        10   4.64047   4.50394
        40        11   2.13782
        40        12   3.52532
        40        13   4.64047   4.50394
        40        14   4.64047   4.50394
        40        15   4.64047   4.50394
        40        16   3.39466
        40        17   4.57624
        40        18   3.39466
        40        19   4.57624
        40        20   3.39466
        40        21   1.65219
        40        22
        40        23   4.57624
        41         0
        41         1   3.52532
        41         2
        41         3   4.50394   4.64047
        41         4   4.64047   4.50394
        41         5   3.52532
        41         6   4.64047   4.50394
        41         7   4.64047   4.50394
        41         8   2.13782
        41         9   3.69816
        41        10   4.50394   4.64047
        41        11
        41        12   4.64047   4.50394
        41        13   3.52532
        41        14   2.13782
        41        15   2.13782
        41        16   4.57624
        41        17
        41        18   4.57624
        41        19   3.39466
        41        20   4.57624
        41        21   3.39466
        41        22   1.65219
        41        23   3.39466
        42         0
        42         1   3.69816
        42         2   4.50394   4.64047
        42         3   2.13782
        42         4   4.50394   4.64047
        42         5   3.52532
        42         6
        42         7
        42         8   2.13782
        42         9   3.52532
        42        10   2.13782
        42        11   4.50394   4.64047
        42        12   4.50394   4.64047
        42        13   3.52532
        42        14   4.64047   4.50394
        42        15   4.64047   4.50394
        42        16   3.39466
        42        17   4.57624
        42        18
        42        19   4.57624
        42        20   3.39466
        42        21   1.65219
        42        22   3.39466
        42        23   4.57624
        43         0   2.13782
        43         1   4.64047   4.50394
        43         2   3.69816
        43         3
        43         4
        43         5
        43         6   3.52532
        43         7   4.64047   4.50394
        43         8   4.50394   4.64047
        43         9   2.13782
        43        10   3.52532
        43        11   2.13782
        43        12   4.50394   4.64047
        43        13   4.50394   4.64047
        43        14   3.52532
        43        15   4.50394   4.64047
        43        16   3.39466
        43        17   4.57624
        43        18   3.39466
        43        19   4.57624
        43        20   3.39466
        43        21   4.57624
        43        22
        43        23   1.65219
        44         0   4.64047   4.50394
        44         1   4.50394   4.64047
        44         2   3.52532
        44         3   4.50394   4.64047
        44         4   4.64047   4.50394
        44         5
        44         6   3.52532
        44         7
        44         8   2.13782
        44         9   2.13782
        44        10   3.52532
        44        11   4.64047   4.50394
        44        12
        44        13   4.64047   4.50394
        44        14   3.69816
        44        15   2.13782
        44        16   1.65219
        44        17
        44        18   4.57624
        44        19   3.39466
        44        20   4.57624
        44        21   3.39466
        44        22   4.57624
        44        23   3.39466
        45         0   3.52532
        45         1
        45         2   4.50394   4.64047
        45         3
        45         4   3.52532
        45         5   4.50394   4.64047
        45         6   4.50394   4.64047
        45         7   4.50394   4.64047
        45         8   3.69816
        45         9   2.13782
        45        10
        45        11   4.50394   4.64047
        45        12   3.52532
        45        13   4.50394   4.64047
        45        14   2.13782
        45        15   2.13782
        45        16   4.57624
        45        17
        45        18   1.65219
        45        19   3.39466
        45        20   4.57624
        45        21   3.39466
        45        22   4.57624
        45        23   3.39466
        46         0   4.64047   4.50394
        46         1   4.50394   4.64047
        46         2   4.64047   4.50394
        46         3   3.52532
        46         4
        46         5   4.64047   4.50394
        46         6
        46         7   3.52532
        46         8   2.13782
        46         9   2.13782
        46        10   4.50394   4.64047
        46        11   3.52532
        46        12   4.64047   4.50394
        46        13
        46        14   2.13782
        46        15   3.69816
        46        16   4.57624
        46        17
        46        18   4.57624
        46        19   3.39466
        46        20   1.65219
        46        21   3.39466
        46        22   4.57624
        46        23   3.39466
        47         0   4.50394   4.64047
        47         1   2.13782
        47         2
        47         3   3.69816
        47         4
        47         5
        47         6   4.50394   4.64047
        47         7   3.52532
        47         8   2.13782
        47         9   4.64047   4.50394
        47        10   2.13782
        47        11   3.52532
        47        12   4.50394   4.64047
        47        13   4.50394   4.64047
        47        14   4.64047   4.50394
        47        15   3.52532
        47        16   3.39466
        47        17   4.57624
        47        18
        47        19   4.57624
        47        20   3.39466
        47        21   4.57624
        47        22   3.39466
        47        23   1.65219
        48         0   3.52532
        48         1   4.64047   4.50394
        48         2
        48         3
        48         4   3.69816
        48         5
        48         6   2.13782
        48         7   4.64047   4.50394
        48         8   3.52532
        48         9   4.64047   4.50394
        48        10   4.64047   4.50394
        48        11   4.64047   4.50394
        48        12   3.52532
        48        13   2.13782
        48        14   4.64047   4.50394
        48        15   2.13782
        48        16   3.39466
        48        17   4.57624
        48        18   3.39466
        48        19   4.57624
        48        20
        48        21   4.57624
        48        22   3.39466
        48        23   1.65219
        49         0   4.64047   4.50394
        49         1   3.52532
        49         2   4.64047   4.50394
        49         3   4.64047   4.50394
        49         4
        49         5   3.52532
        49         6
        49         7   4.50394   4.64047
        49         8   4.64047   4.50394
        49         9   3.52532
        49        10   2.13782
        49        11   2.13782
        49        12   2.13782
        49        13   3.69816
        49        14   4.50394   4.64047
        49        15
        49        16   4.57624
        49        17   3.39466
        49        18   4.57624
        49        19
        49        20   1.65219
        49        21   3.39466
        49        22   4.57624
        49        23   3.39466
        50         0   4.50394   4.64047
        50         1   3.52532
        50         2
        50         3
        50         4
        50         5   3.69816
        50         6   4.50394   4.64047
        50         7   2.13782
        50         8   4.50394   4.64047
        50         9   3.52532
        50        10   4.64047   4.50394
        50        11   4.64047   4.50394
        50        12   2.13782
        50        13   3.52532
        50        14   2.13782
        50        15   4.50394   4.64047
        50        16
        50        17   4.57624
        50        18   3.39466
        50        19   4.57624
        50        20   3.39466
        50        21   4.57624
        50        22   3.39466
        50        23   1.65219
        51         0
        51         1
        51         2   3.52532
        51         3   4.64047   4.50394
        51         4   2.13782
        51         5   4.64047   4.50394
        51         6   3.69816
        51         7
        51         8   4.50394   4.64047
        51         9   4.50394   4.64047
        51        10   3.52532
        51        11   4.50394   4.64047
        51        12   4.50394   4.64047
        51        13   2.13782
        51        14   3.52532
        51        15   2.13782
        51        16   3.39466
        51        17   4.57624
        51        18   3.39466
        51        19   4.57624
        51        20
        51        21   1.65219
        51        22   3.39466
        51        23   4.57624
        52         0   4.64047   4.50394
        52         1
        52         2   3.52532
        52         3
        52         4   4.64047   4.50394
        52         5   4.50394   4.64047
        52         6   3.52532
        52         7   4.50394   4.64047
        52         8
        52         9   4.64047   4.50394
        52        10   3.69816
        52        11   2.13782
        52        12   2.13782
        52        13   2.13782
        52        14   3.52532
        52        15   4.64047   4.50394
        52        16   4.57624
        52        17   3.39466
        52        18   1.65219
        52        19
        52        20   4.57624
        52        21   3.39466
        52        22   4.57624
        52        23   3.39466
        53         0   3.52532
        53         1   4.50394   4.64047
        53         2   4.50394   4.64047
        53         3   4.50394   4.64047
        53         4   3.52532
        53         5
        53         6   4.50394   4.64047
        53         7
        53         8   3.52532
        53         9   4.50394   4.64047
        53        10   2.13782
        53        11   2.13782
        53        12   3.69816
        53        13   2.13782
        53        14
        53        15   4.50394   4.64047
        53        16   1.65219
        53        17   3.39466
        53        18   4.57624
        53        19
        53        20   4.57624
        53        21   3.39466
        53        22   4.57624
        53        23   3.39466
        54         0
        54         1   4.64047   4.50394
        54         2
        54         3   3.52532
        54         4   4.64047   4.50394
        54         5   4.50394   4.64047
        54         6   4.64047   4.50394
        54         7   3.52532
        54         8   4.64047   4.50394
        54         9
        54        10   2.13782
        54        11   3.69816
        54        12   2.13782
        54        13   2.13782
        54        14   4.50394   4.64047
        54        15   3.52532
        54        16   4.57624
        54        17   3.39466
        54        18   4.57624
        54        19
        54        20   4.57624
        54        21   3.39466
        54        22   1.65219
        54        23   3.39466
        55         0
        55         1
        55         2   4.50394   4.64047
        55         3   3.52532
        55         4   4.50394   4.64047
        55         5   2.13782
        55         6
        55         7   3.69816
        55         8   4.50394   4.64047
        55         9   4.50394   4.64047
        55        10   4.64047   4.50394
        55        11   3.52532
        55        12   2.13782
        55        13   4.64047   4.50394
        55        14   2.13782
        55        15   3.52532
        55        16
        55        17   4.57624
        55        18   3.39466
        55        19   4.57624
        55        20   3.39466
        55        21   1.65219
        55        22   3.39466
        55        23   4.57624
