 8.397  0  0  5.141679586220163e-16  8.397  0  5.141679586220163e-16  0.0  8.397 
5
0 24  1.0907703  1.0907703  1.0907703 
0 25  -1.0084797000000003  -3.1900203000000005  -1.0084797 
0 26  3.1077297  1.0907703  3.1077296999999997 
0 27  1.0907703  -5.2892703  3.1077296999999997 
0 28  1.0084796999999996  -5.206979700000001  -1.0084797 
0 29  1.0084796999999996  -3.1900203000000005  1.0084797 
0 30  -1.0084797000000003  -5.206979700000001  1.0084797 
0 31  3.1077296999999993  -5.2892703  1.0907703 
0 32  1.0907703  -3.1077297000000006  5.2892703 
0 33  -1.0084796999999999  1.0084796999999996  3.1900203 
0 34  3.1077296999999993  -3.1077297000000006  -1.0907703 
0 35  1.0907703  -1.0907703000000009  -1.0907703 
0 36  1.0084797000000005  -1.0084797000000005  3.1900203 
0 37  1.0084797000000005  1.0084796999999996  5.2069797 
0 38  -1.0084796999999999  -1.0084797000000005  5.2069797 
0 39  3.1077297  -1.0907703000000009  5.2892703 
0 40  5.289270300000002  1.0907703  5.2892703 
0 41  3.1900202999999996  -3.1900203000000005  3.1900203 
0 42  -1.0907703  1.0907703  -1.0907703 
0 43  5.2892703  -5.2892703  -1.0907703 
0 44  5.2069797  -5.206979700000001  3.1900203 
0 45  5.206979700000001  -3.1900203000000005  5.2069797 
0 46  3.1900203000000005  -5.206979700000001  5.2069797 
0 47  -1.0907703  -5.2892703  5.2892703 
0 48  5.2892703  -3.1077297000000006  1.0907703 
0 49  3.1900203000000005  1.0084796999999996  -1.0084797 
0 50  -1.0907703  -3.1077297000000006  3.1077296999999997 
0 51  5.2892703  -1.0907703000000009  3.1077296999999997 
0 52  5.2069797  -1.0084797000000005  -1.0084797 
0 53  5.206979700000001  1.0084796999999996  1.0084797 
0 54  3.1900202999999996  -1.0084797000000005  1.0084797 
0 55  -1.0907703  -1.0907703000000009  1.0907703 
1 24  -1.0084796999999996  3.1900203000000005  -1.0084797 
1 25  -3.1077297  -1.0907703  -3.1077297 
1 26  1.0084797000000005  3.1900203000000005  1.0084796999999996 
1 27  -1.0084796999999996  -3.1900203  1.0084796999999996 
1 28  -1.0907703  -3.1077297  -3.1077297 
1 29  -1.0907703  -1.0907703  -1.0907703 
1 30  -3.1077297  -3.1077297  -1.0907703 
1 31  1.0084796999999996  -3.1900203  -1.0084797 
1 32  -1.0084796999999996  -1.0084797  3.1900203000000005 
1 33  -3.1077296999999993  3.1077297  1.0907703 
1 34  1.0084796999999996  -1.0084797  -3.1900203 
1 35  -1.0084796999999996  1.0084796999999996  -3.1900203 
1 36  -1.090770299999999  1.0907703  1.0907703 
1 37  -1.090770299999999  3.1077297  3.1077297 
1 38  -3.1077296999999993  1.0907703  3.1077297 
1 39  1.0084797000000005  1.0084796999999996  3.1900203000000005 
1 40  3.1900203000000023  3.1900203000000005  3.1900203000000005 
1 41  1.0907703  -1.0907703  1.0907703 
1 42  -3.1900202999999996  3.1900203000000005  -3.1900203 
1 43  3.1900203000000005  -3.1900203  -3.1900203 
1 44  3.1077297  -3.1077297  1.0907703 
1 45  3.107729700000001  -1.0907703  3.1077297 
1 46  1.0907703000000009  -3.1077297  3.1077297 
1 47  -3.1900202999999996  -3.1900203  3.1900203000000005 
1 48  3.1900203000000005  -1.0084797  -1.0084797 
1 49  1.0907703000000009  3.1077297  -3.1077297 
1 50  -3.1900202999999996  -1.0084797  1.0084796999999996 
1 51  3.1900203000000005  1.0084796999999996  1.0084796999999996 
1 52  3.1077297  1.0907703  -3.1077297 
1 53  3.107729700000001  3.1077297  -1.0907703 
1 54  1.0907703  1.0907703  -1.0907703 
1 55  -3.1900202999999996  1.0084796999999996  -1.0084797 
2 24  2.1403953000000007  6.338895300000001  2.1403953 
2 25  0.04114530000000016  2.0581047000000003  0.04114529999999994 
2 26  4.157354700000001  6.338895300000001  4.1573547 
2 27  2.1403953000000007  -0.04114529999999994  4.1573547 
2 28  2.0581047000000003  0.04114529999999994  0.04114529999999994 
2 29  2.0581047000000003  2.0581047000000003  2.0581047000000003 
2 30  0.04114530000000016  0.04114529999999994  2.0581047000000003 
2 31  4.1573547  -0.04114529999999994  2.1403953 
2 32  2.1403953000000007  2.1403953  6.338895300000001 
2 33  0.041145300000000606  6.2566047000000005  4.2396453 
2 34  4.1573547  2.1403953  -0.04114529999999994 
2 35  2.1403953000000007  4.1573547  -0.04114529999999994 
2 36  2.0581047000000012  4.2396453  4.2396453 
2 37  2.0581047000000012  6.2566047000000005  6.2566047000000005 
2 38  0.041145300000000606  4.2396453  6.2566047000000005 
2 39  4.157354700000001  4.1573547  6.338895300000001 
2 40  6.338895300000003  6.338895300000001  6.338895300000001 
2 41  4.2396453  2.0581047000000003  4.2396453 
2 42  -0.041145299999999496  6.338895300000001  -0.04114529999999994 
2 43  6.338895300000001  -0.04114529999999994  -0.04114529999999994 
2 44  6.2566047000000005  0.04114529999999994  4.2396453 
2 45  6.256604700000001  2.0581047000000003  6.2566047000000005 
2 46  4.239645300000001  0.04114529999999994  6.2566047000000005 
2 47  -0.041145299999999496  -0.04114529999999994  6.338895300000001 
2 48  6.338895300000001  2.1403953  2.1403953 
2 49  4.239645300000001  6.2566047000000005  0.04114529999999994 
2 50  -0.041145299999999496  2.1403953  4.1573547 
2 51  6.338895300000001  4.1573547  4.1573547 
2 52  6.2566047000000005  4.2396453  0.04114529999999994 
2 53  6.256604700000001  6.2566047000000005  2.0581047000000003 
2 54  4.2396453  4.2396453  2.0581047000000003 
2 55  -0.041145299999999496  4.1573547  2.1403953 
3 24  0.04114530000000016  6.338895300000001  0.04114529999999972 
3 25  -2.0581047000000003  2.0581047000000003  -2.0581047000000003 
3 26  2.0581047000000003  6.338895300000001  2.0581046999999995 
3 27  0.04114530000000016  -0.04114529999999994  2.0581046999999995 
3 28  -0.04114530000000016  0.04114529999999994  -2.0581047000000003 
3 29  -0.04114530000000016  2.0581047000000003  -0.04114530000000016 
3 30  -2.0581047000000003  0.04114529999999994  -0.04114530000000016 
3 31  2.0581046999999995  -0.04114529999999994  0.04114529999999972 
3 32  0.04114530000000016  2.1403953  4.2396453 
3 33  -2.0581046999999995  6.2566047000000005  2.1403953 
3 34  2.0581046999999995  2.1403953  -2.1403953000000002 
3 35  0.04114530000000016  4.1573547  -2.1403953000000002 
3 36  -0.041145299999999274  4.2396453  2.1403953 
3 37  -0.041145299999999274  6.2566047000000005  4.1573547 
3 38  -2.0581046999999995  4.2396453  4.1573547 
3 39  2.0581047000000003  4.1573547  4.2396453 
3 40  4.239645300000002  6.338895300000001  4.2396453 
3 41  2.1403953  2.0581047000000003  2.1403953 
3 42  -2.1403953  6.338895300000001  -2.1403953000000002 
3 43  4.2396453  -0.04114529999999994  -2.1403953000000002 
3 44  4.1573547  0.04114529999999994  2.1403953 
3 45  4.157354700000001  2.0581047000000003  4.1573547 
3 46  2.1403953000000007  0.04114529999999994  4.1573547 
3 47  -2.1403953  -0.04114529999999994  4.2396453 
3 48  4.2396453  2.1403953  0.04114529999999972 
3 49  2.1403953000000007  6.2566047000000005  -2.0581047000000003 
3 50  -2.1403953  2.1403953  2.0581046999999995 
3 51  4.2396453  4.1573547  2.0581046999999995 
3 52  4.1573547  4.2396453  -2.0581047000000003 
3 53  4.157354700000001  6.2566047000000005  -0.04114530000000016 
3 54  2.1403953  4.2396453  -0.04114530000000016 
3 55  -2.1403953  4.1573547  0.04114529999999972 
4 24  2.1403953  4.2396453  0.04114529999999972 
4 25  0.04114529999999972  -0.04114530000000016  -2.0581047000000003 
4 26  4.1573547  4.2396453  2.0581046999999995 
4 27  2.1403953  -2.1403953000000002  2.0581046999999995 
4 28  2.0581046999999995  -2.0581047000000003  -2.0581047000000003 
4 29  2.0581046999999995  -0.04114530000000016  -0.04114530000000016 
4 30  0.04114529999999972  -2.0581047000000003  -0.04114530000000016 
4 31  4.157354699999999  -2.1403953000000002  0.04114529999999972 
4 32  2.1403953  0.04114529999999972  4.2396453 
4 33  0.04114530000000016  4.1573547  2.1403953 
4 34  4.157354699999999  0.04114529999999972  -2.1403953000000002 
4 35  2.1403953  2.0581046999999995  -2.1403953000000002 
4 36  2.0581047000000003  2.1403953  2.1403953 
4 37  2.0581047000000003  4.1573547  4.1573547 
4 38  0.04114530000000016  2.1403953  4.1573547 
4 39  4.1573547  2.0581046999999995  4.2396453 
4 40  6.338895300000002  4.2396453  4.2396453 
4 41  4.239645299999999  -0.04114530000000016  2.1403953 
4 42  -0.04114529999999994  4.2396453  -2.1403953000000002 
4 43  6.3388953  -2.1403953000000002  -2.1403953000000002 
4 44  6.2566047  -2.0581047000000003  2.1403953 
4 45  6.2566047000000005  -0.04114530000000016  4.1573547 
4 46  4.2396453  -2.0581047000000003  4.1573547 
4 47  -0.04114529999999994  -2.1403953000000002  4.2396453 
4 48  6.3388953  0.04114529999999972  0.04114529999999972 
4 49  4.2396453  4.1573547  -2.0581047000000003 
4 50  -0.04114529999999994  0.04114529999999972  2.0581046999999995 
4 51  6.3388953  2.0581046999999995  2.0581046999999995 
4 52  6.2566047  2.1403953  -2.0581047000000003 
4 53  6.2566047000000005  4.1573547  -0.04114530000000016 
4 54  4.239645299999999  2.1403953  -0.04114530000000016 
4 55  -0.04114529999999994  2.0581046999999995  0.04114529999999972 
5 24  0.041145299999999274  0.04114530000000016  -2.0581047 
5 25  -2.0581047000000012  -4.2396453  -4.1573547 
5 26  2.0581046999999995  0.04114530000000016  -0.04114530000000016 
5 27  0.041145299999999274  -6.338895300000001  -0.04114530000000016 
5 28  -0.04114530000000105  -6.2566047000000005  -4.1573547 
5 29  -0.04114530000000105  -4.2396453  -2.1403953 
5 30  -2.0581047000000012  -6.2566047000000005  -2.1403953 
5 31  2.0581046999999986  -6.338895300000001  -2.0581047 
5 32  0.041145299999999274  -4.157354700000001  2.1403953000000007 
5 33  -2.0581047000000003  -0.04114530000000016  0.04114530000000016 
5 34  2.0581046999999986  -4.157354700000001  -4.239645299999999 
5 35  0.041145299999999274  -2.1403953000000007  -4.239645299999999 
5 36  -0.04114530000000016  -2.0581047000000003  0.04114530000000016 
5 37  -0.04114530000000016  -0.04114530000000016  2.0581047000000003 
5 38  -2.0581047000000003  -2.0581047000000003  2.0581047000000003 
5 39  2.0581046999999995  -2.1403953000000007  2.1403953000000007 
5 40  4.239645300000001  0.04114530000000016  2.1403953000000007 
5 41  2.140395299999999  -4.2396453  0.04114530000000016 
5 42  -2.1403953000000007  0.04114530000000016  -4.239645299999999 
5 43  4.239645299999999  -6.338895300000001  -4.239645299999999 
5 44  4.157354699999999  -6.2566047000000005  0.04114530000000016 
5 45  4.1573547  -4.2396453  2.0581047000000003 
5 46  2.1403953  -6.2566047000000005  2.0581047000000003 
5 47  -2.1403953000000007  -6.338895300000001  2.1403953000000007 
5 48  4.239645299999999  -4.157354700000001  -2.0581047 
5 49  2.1403953  -0.04114530000000016  -4.1573547 
5 50  -2.1403953000000007  -4.157354700000001  -0.04114530000000016 
5 51  4.239645299999999  -2.1403953000000007  -0.04114530000000016 
5 52  4.157354699999999  -2.0581047000000003  -4.1573547 
5 53  4.1573547  -0.04114530000000016  -2.1403953 
5 54  2.140395299999999  -2.0581047000000003  -2.1403953 
5 55  -2.1403953000000007  -2.1403953000000007  -2.0581047 
6 24  1.0907703  5.2892703  -3.1077297000000006 
6 25  -1.0084797000000003  1.0084797  -5.206979700000001 
6 26  3.1077297  5.2892703  -1.0907703000000009 
6 27  1.0907703  -1.0907703  -1.0907703000000009 
6 28  1.0084796999999996  -1.0084797  -5.206979700000001 
6 29  1.0084796999999996  1.0084797  -3.1900203000000005 
6 30  -1.0084797000000003  -1.0084797  -3.1900203000000005 
6 31  3.1077296999999993  -1.0907703  -3.1077297000000006 
6 32  1.0907703  1.0907703  1.0907703 
6 33  -1.0084796999999999  5.2069797  -1.0084797000000005 
6 34  3.1077296999999993  1.0907703  -5.2892703 
6 35  1.0907703  3.1077296999999997  -5.2892703 
6 36  1.0084797000000005  3.1900203  -1.0084797000000005 
6 37  1.0084797000000005  5.2069797  1.0084796999999996 
6 38  -1.0084796999999999  3.1900203  1.0084796999999996 
6 39  3.1077297  3.1077296999999997  1.0907703 
6 40  5.289270300000002  5.2892703  1.0907703 
6 41  3.1900202999999996  1.0084797  -1.0084797000000005 
6 42  -1.0907703  5.2892703  -5.2892703 
6 43  5.2892703  -1.0907703  -5.2892703 
6 44  5.2069797  -1.0084797  -1.0084797000000005 
6 45  5.206979700000001  1.0084797  1.0084796999999996 
6 46  3.1900203000000005  -1.0084797  1.0084796999999996 
6 47  -1.0907703  -1.0907703  1.0907703 
6 48  5.2892703  1.0907703  -3.1077297000000006 
6 49  3.1900203000000005  5.2069797  -5.206979700000001 
6 50  -1.0907703  1.0907703  -1.0907703000000009 
6 51  5.2892703  3.1077296999999997  -1.0907703000000009 
6 52  5.2069797  3.1900203  -5.206979700000001 
6 53  5.206979700000001  5.2069797  -3.1900203000000005 
6 54  3.1900202999999996  3.1900203  -3.1900203000000005 
6 55  -1.0907703  3.1077296999999997  -3.1077297000000006 
7 24  -1.0084796999999996  7.388520300000001  3.1900203 
7 25  -3.1077297  3.1077297  1.0907703 
7 26  1.0084797000000005  7.388520300000001  5.2069797 
7 27  -1.0084796999999996  1.0084797  5.2069797 
7 28  -1.0907703  1.0907703  1.0907703 
7 29  -1.0907703  3.1077297  3.1077297 
7 30  -3.1077297  1.0907703  3.1077297 
7 31  1.0084796999999996  1.0084797  3.1900203 
7 32  -1.0084796999999996  3.1900203  7.388520300000001 
7 33  -3.1077296999999993  7.3062297  5.2892703 
7 34  1.0084796999999996  3.1900203  1.0084797 
7 35  -1.0084796999999996  5.2069797  1.0084797 
7 36  -1.090770299999999  5.2892703  5.2892703 
7 37  -1.090770299999999  7.3062297  7.3062297 
7 38  -3.1077296999999993  5.2892703  7.3062297 
7 39  1.0084797000000005  5.2069797  7.388520300000001 
7 40  3.1900203000000023  7.388520300000001  7.388520300000001 
7 41  1.0907703  3.1077297  5.2892703 
7 42  -3.1900202999999996  7.388520300000001  1.0084797 
7 43  3.1900203000000005  1.0084797  1.0084797 
7 44  3.1077297  1.0907703  5.2892703 
7 45  3.107729700000001  3.1077297  7.3062297 
7 46  1.0907703000000009  1.0907703  7.3062297 
7 47  -3.1900202999999996  1.0084797  7.388520300000001 
7 48  3.1900203000000005  3.1900203  3.1900203 
7 49  1.0907703000000009  7.3062297  1.0907703 
7 50  -3.1900202999999996  3.1900203  5.2069797 
7 51  3.1900203000000005  5.2069797  5.2069797 
7 52  3.1077297  5.2892703  1.0907703 
7 53  3.107729700000001  7.3062297  3.1077297 
7 54  1.0907703  5.2892703  3.1077297 
7 55  -3.1900202999999996  5.2069797  3.1900203 
8 24  2.1403953  2.1403953000000007  -2.0581047 
8 25  0.04114529999999972  -2.1403953  -4.1573547 
8 26  4.1573547  2.1403953000000007  -0.04114530000000016 
8 27  2.1403953  -4.239645299999999  -0.04114530000000016 
8 28  2.0581046999999995  -4.1573547  -4.1573547 
8 29  2.0581046999999995  -2.1403953  -2.1403953 
8 30  0.04114529999999972  -4.1573547  -2.1403953 
8 31  4.157354699999999  -4.239645299999999  -2.0581047 
8 32  2.1403953  -2.0581047  2.1403953000000007 
8 33  0.04114530000000016  2.0581047000000003  0.04114530000000016 
8 34  4.157354699999999  -2.0581047  -4.239645299999999 
8 35  2.1403953  -0.04114530000000016  -4.239645299999999 
8 36  2.0581047000000003  0.04114530000000016  0.04114530000000016 
8 37  2.0581047000000003  2.0581047000000003  2.0581047000000003 
8 38  0.04114530000000016  0.04114530000000016  2.0581047000000003 
8 39  4.1573547  -0.04114530000000016  2.1403953000000007 
8 40  6.338895300000002  2.1403953000000007  2.1403953000000007 
8 41  4.239645299999999  -2.1403953  0.04114530000000016 
8 42  -0.04114529999999994  2.1403953000000007  -4.239645299999999 
8 43  6.3388953  -4.239645299999999  -4.239645299999999 
8 44  6.2566047  -4.1573547  0.04114530000000016 
8 45  6.2566047000000005  -2.1403953  2.0581047000000003 
8 46  4.2396453  -4.1573547  2.0581047000000003 
8 47  -0.04114529999999994  -4.239645299999999  2.1403953000000007 
8 48  6.3388953  -2.0581047  -2.0581047 
8 49  4.2396453  2.0581047000000003  -4.1573547 
8 50  -0.04114529999999994  -2.0581047  -0.04114530000000016 
8 51  6.3388953  -0.04114530000000016  -0.04114530000000016 
8 52  6.2566047  0.04114530000000016  -4.1573547 
8 53  6.2566047000000005  2.0581047000000003  -2.1403953 
8 54  4.239645299999999  0.04114530000000016  -2.1403953 
8 55  -0.04114529999999994  -0.04114530000000016  -2.0581047 
9 24  0.041145299999999274  2.1403953000000007  -4.157354700000001 
9 25  -2.0581047000000012  -2.1403953  -6.2566047000000005 
9 26  2.0581046999999995  2.1403953000000007  -2.1403953000000007 
9 27  0.041145299999999274  -4.239645299999999  -2.1403953000000007 
9 28  -0.04114530000000105  -4.1573547  -6.2566047000000005 
9 29  -0.04114530000000105  -2.1403953  -4.2396453 
9 30  -2.0581047000000012  -4.1573547  -4.2396453 
9 31  2.0581046999999986  -4.239645299999999  -4.157354700000001 
9 32  0.041145299999999274  -2.0581047  0.04114530000000016 
9 33  -2.0581047000000003  2.0581047000000003  -2.0581047000000003 
9 34  2.0581046999999986  -2.0581047  -6.338895300000001 
9 35  0.041145299999999274  -0.04114530000000016  -6.338895300000001 
9 36  -0.04114530000000016  0.04114530000000016  -2.0581047000000003 
9 37  -0.04114530000000016  2.0581047000000003  -0.04114530000000016 
9 38  -2.0581047000000003  0.04114530000000016  -0.04114530000000016 
9 39  2.0581046999999995  -0.04114530000000016  0.04114530000000016 
9 40  4.239645300000001  2.1403953000000007  0.04114530000000016 
9 41  2.140395299999999  -2.1403953  -2.0581047000000003 
9 42  -2.1403953000000007  2.1403953000000007  -6.338895300000001 
9 43  4.239645299999999  -4.239645299999999  -6.338895300000001 
9 44  4.157354699999999  -4.1573547  -2.0581047000000003 
9 45  4.1573547  -2.1403953  -0.04114530000000016 
9 46  2.1403953  -4.1573547  -0.04114530000000016 
9 47  -2.1403953000000007  -4.239645299999999  0.04114530000000016 
9 48  4.239645299999999  -2.0581047  -4.157354700000001 
9 49  2.1403953  2.0581047000000003  -6.2566047000000005 
9 50  -2.1403953000000007  -2.0581047  -2.1403953000000007 
9 51  4.239645299999999  -0.04114530000000016  -2.1403953000000007 
9 52  4.157354699999999  0.04114530000000016  -6.2566047000000005 
9 53  4.1573547  2.0581047000000003  -4.2396453 
9 54  2.140395299999999  0.04114530000000016  -4.2396453 
9 55  -2.1403953000000007  -0.04114530000000016  -4.157354700000001 
10 24  2.1403953  0.04114530000000016  -4.157354700000001 
10 25  0.041145299999999274  -4.2396453  -6.2566047000000005 
10 26  4.1573547  0.04114530000000016  -2.1403953000000007 
10 27  2.1403953  -6.338895300000001  -2.1403953000000007 
10 28  2.0581046999999995  -6.2566047000000005  -6.2566047000000005 
10 29  2.0581046999999995  -4.2396453  -4.2396453 
10 30  0.041145299999999274  -6.2566047000000005  -4.2396453 
10 31  4.157354699999999  -6.338895300000001  -4.157354700000001 
10 32  2.1403953  -4.157354700000001  0.04114530000000016 
10 33  0.04114529999999972  -0.04114530000000016  -2.0581047000000003 
10 34  4.157354699999999  -4.157354700000001  -6.338895300000001 
10 35  2.1403953  -2.1403953000000007  -6.338895300000001 
10 36  2.0581047000000003  -2.0581047000000003  -2.0581047000000003 
10 37  2.0581047000000003  -0.04114530000000016  -0.04114530000000016 
10 38  0.04114529999999972  -2.0581047000000003  -0.04114530000000016 
10 39  4.1573547  -2.1403953000000007  0.04114530000000016 
10 40  6.338895300000002  0.04114530000000016  0.04114530000000016 
10 41  4.239645299999999  -4.2396453  -2.0581047000000003 
10 42  -0.041145300000000384  0.04114530000000016  -6.338895300000001 
10 43  6.3388953  -6.338895300000001  -6.338895300000001 
10 44  6.2566047  -6.2566047000000005  -2.0581047000000003 
10 45  6.2566047000000005  -4.2396453  -0.04114530000000016 
10 46  4.2396453  -6.2566047000000005  -0.04114530000000016 
10 47  -0.041145300000000384  -6.338895300000001  0.04114530000000016 
10 48  6.3388953  -4.157354700000001  -4.157354700000001 
10 49  4.2396453  -0.04114530000000016  -6.2566047000000005 
10 50  -0.041145300000000384  -4.157354700000001  -2.1403953000000007 
10 51  6.3388953  -2.1403953000000007  -2.1403953000000007 
10 52  6.2566047  -2.0581047000000003  -6.2566047000000005 
10 53  6.2566047000000005  -0.04114530000000016  -4.2396453 
10 54  4.239645299999999  -2.0581047000000003  -4.2396453 
10 55  -0.041145300000000384  -2.1403953000000007  -4.157354700000001 
11 24  0.04114530000000016  4.2396453  2.1403953 
11 25  -2.0581047000000003  -0.04114530000000016  0.04114529999999994 
11 26  2.0581047000000003  4.2396453  4.1573547 
11 27  0.04114530000000016  -2.1403953000000002  4.1573547 
11 28  -0.04114530000000016  -2.0581047000000003  0.04114529999999994 
11 29  -0.04114530000000016  -0.04114530000000016  2.0581047000000003 
11 30  -2.0581047000000003  -2.0581047000000003  2.0581047000000003 
11 31  2.0581046999999995  -2.1403953000000002  2.1403953 
11 32  0.04114530000000016  0.04114529999999972  6.338895300000001 
11 33  -2.0581046999999995  4.1573547  4.2396453 
11 34  2.0581046999999995  0.04114529999999972  -0.04114529999999994 
11 35  0.04114530000000016  2.0581046999999995  -0.04114529999999994 
11 36  -0.041145299999999274  2.1403953  4.2396453 
11 37  -0.041145299999999274  4.1573547  6.2566047000000005 
11 38  -2.0581046999999995  2.1403953  6.2566047000000005 
11 39  2.0581047000000003  2.0581046999999995  6.338895300000001 
11 40  4.239645300000002  4.2396453  6.338895300000001 
11 41  2.1403953  -0.04114530000000016  4.2396453 
11 42  -2.1403953  4.2396453  -0.04114529999999994 
11 43  4.2396453  -2.1403953000000002  -0.04114529999999994 
11 44  4.1573547  -2.0581047000000003  4.2396453 
11 45  4.157354700000001  -0.04114530000000016  6.2566047000000005 
11 46  2.1403953000000007  -2.0581047000000003  6.2566047000000005 
11 47  -2.1403953  -2.1403953000000002  6.338895300000001 
11 48  4.2396453  0.04114529999999972  2.1403953 
11 49  2.1403953000000007  4.1573547  0.04114529999999994 
11 50  -2.1403953  0.04114529999999972  4.1573547 
11 51  4.2396453  2.0581046999999995  4.1573547 
11 52  4.1573547  2.1403953  0.04114529999999994 
11 53  4.157354700000001  4.1573547  2.0581047000000003 
11 54  2.1403953  2.1403953  2.0581047000000003 
11 55  -2.1403953  2.0581046999999995  2.1403953 
12 24  -3.1077297  1.0907703  -3.1077297000000006 
12 25  -5.206979700000001  -3.1900203000000005  -5.206979700000001 
12 26  -1.0907703  1.0907703  -1.0907703000000009 
12 27  -3.1077297  -5.2892703  -1.0907703000000009 
12 28  -3.1900203000000005  -5.206979700000001  -5.206979700000001 
12 29  -3.1900203000000005  -3.1900203000000005  -3.1900203000000005 
12 30  -5.206979700000001  -5.206979700000001  -3.1900203000000005 
12 31  -1.0907703000000009  -5.2892703  -3.1077297000000006 
12 32  -3.1077297  -3.1077297000000006  1.0907703 
12 33  -5.2069797  1.0084796999999996  -1.0084797000000005 
12 34  -1.0907703000000009  -3.1077297000000006  -5.2892703 
12 35  -3.1077297  -1.0907703000000009  -5.2892703 
12 36  -3.1900202999999996  -1.0084797000000005  -1.0084797000000005 
12 37  -3.1900202999999996  1.0084796999999996  1.0084796999999996 
12 38  -5.2069797  -1.0084797000000005  1.0084796999999996 
12 39  -1.0907703  -1.0907703000000009  1.0907703 
12 40  1.0907703000000017  1.0907703  1.0907703 
12 41  -1.0084797000000005  -3.1900203000000005  -1.0084797000000005 
12 42  -5.2892703  1.0907703  -5.2892703 
12 43  1.0907703  -5.2892703  -5.2892703 
12 44  1.0084796999999996  -5.206979700000001  -1.0084797000000005 
12 45  1.0084797000000005  -3.1900203000000005  1.0084796999999996 
12 46  -1.0084796999999996  -5.206979700000001  1.0084796999999996 
12 47  -5.2892703  -5.2892703  1.0907703 
12 48  1.0907703  -3.1077297000000006  -3.1077297000000006 
12 49  -1.0084796999999996  1.0084796999999996  -5.206979700000001 
12 50  -5.2892703  -3.1077297000000006  -1.0907703000000009 
12 51  1.0907703  -1.0907703000000009  -1.0907703000000009 
12 52  1.0084796999999996  -1.0084797000000005  -5.206979700000001 
12 53  1.0084797000000005  1.0084796999999996  -3.1900203000000005 
12 54  -1.0084797000000005  -1.0084797000000005  -3.1900203000000005 
12 55  -5.2892703  -1.0907703000000009  -3.1077297000000006 
13 24  3.1900203  3.1900203000000005  3.1900203 
13 25  1.0907703  -1.0907703  1.0907703 
13 26  5.206979700000001  3.1900203000000005  5.2069797 
13 27  3.1900203  -3.1900203  5.2069797 
13 28  3.1077296999999997  -3.1077297  1.0907703 
13 29  3.1077296999999997  -1.0907703  3.1077297 
13 30  1.0907703  -3.1077297  3.1077297 
13 31  5.2069797  -3.1900203  3.1900203 
13 32  3.1900203  -1.0084797  7.388520300000001 
13 33  1.0907703000000004  3.1077297  5.2892703 
13 34  5.2069797  -1.0084797  1.0084797 
13 35  3.1900203  1.0084796999999996  1.0084797 
13 36  3.1077297000000006  1.0907703  5.2892703 
13 37  3.1077297000000006  3.1077297  7.3062297 
13 38  1.0907703000000004  1.0907703  7.3062297 
13 39  5.206979700000001  1.0084796999999996  7.388520300000001 
13 40  7.388520300000002  3.1900203000000005  7.388520300000001 
13 41  5.2892703  -1.0907703  5.2892703 
13 42  1.0084797000000003  3.1900203000000005  1.0084797 
13 43  7.388520300000001  -3.1900203  1.0084797 
13 44  7.3062297  -3.1077297  5.2892703 
13 45  7.306229700000001  -1.0907703  7.3062297 
13 46  5.289270300000001  -3.1077297  7.3062297 
13 47  1.0084797000000003  -3.1900203  7.388520300000001 
13 48  7.388520300000001  -1.0084797  3.1900203 
13 49  5.289270300000001  3.1077297  1.0907703 
13 50  1.0084797000000003  -1.0084797  5.2069797 
13 51  7.388520300000001  1.0084796999999996  5.2069797 
13 52  7.3062297  1.0907703  1.0907703 
13 53  7.306229700000001  3.1077297  3.1077297 
13 54  5.2892703  1.0907703  3.1077297 
13 55  1.0084797000000003  1.0084796999999996  3.1900203 
14 24  -2.0581046999999995  6.338895300000001  -2.0581047 
14 25  -4.1573547  2.0581047000000003  -4.1573547 
14 26  -0.041145299999999274  6.338895300000001  -0.04114530000000016 
14 27  -2.0581046999999995  -0.04114529999999994  -0.04114530000000016 
14 28  -2.1403953  0.04114529999999994  -4.1573547 
14 29  -2.1403953  2.0581047000000003  -2.1403953 
14 30  -4.1573547  0.04114529999999994  -2.1403953 
14 31  -0.04114530000000016  -0.04114529999999994  -2.0581047 
14 32  -2.0581046999999995  2.1403953  2.1403953000000007 
14 33  -4.157354699999999  6.2566047000000005  0.04114530000000016 
14 34  -0.04114530000000016  2.1403953  -4.239645299999999 
14 35  -2.0581046999999995  4.1573547  -4.239645299999999 
14 36  -2.140395299999999  4.2396453  0.04114530000000016 
14 37  -2.140395299999999  6.2566047000000005  2.0581047000000003 
14 38  -4.157354699999999  4.2396453  2.0581047000000003 
14 39  -0.041145299999999274  4.1573547  2.1403953000000007 
14 40  2.1403953000000024  6.338895300000001  2.1403953000000007 
14 41  0.04114530000000016  2.0581047000000003  0.04114530000000016 
14 42  -4.239645299999999  6.338895300000001  -4.239645299999999 
14 43  2.1403953000000007  -0.04114529999999994  -4.239645299999999 
14 44  2.0581047000000003  0.04114529999999994  0.04114530000000016 
14 45  2.0581047000000012  2.0581047000000003  2.0581047000000003 
14 46  0.04114530000000105  0.04114529999999994  2.0581047000000003 
14 47  -4.239645299999999  -0.04114529999999994  2.1403953000000007 
14 48  2.1403953000000007  2.1403953  -2.0581047 
14 49  0.04114530000000105  6.2566047000000005  -4.1573547 
14 50  -4.239645299999999  2.1403953  -0.04114530000000016 
14 51  2.1403953000000007  4.1573547  -0.04114530000000016 
14 52  2.0581047000000003  4.2396453  -4.1573547 
14 53  2.0581047000000012  6.2566047000000005  -2.1403953 
14 54  0.04114530000000016  4.2396453  -2.1403953 
14 55  -4.239645299999999  4.1573547  -2.0581047 
15 24  -4.157354700000001  6.338895300000001  -4.157354700000001 
15 25  -6.256604700000001  2.0581047000000003  -6.2566047000000005 
15 26  -2.1403953000000007  6.338895300000001  -2.1403953000000007 
15 27  -4.157354700000001  -0.04114529999999994  -2.1403953000000007 
15 28  -4.239645300000001  0.04114529999999994  -6.2566047000000005 
15 29  -4.239645300000001  2.0581047000000003  -4.2396453 
15 30  -6.256604700000001  0.04114529999999994  -4.2396453 
15 31  -2.1403953000000016  -0.04114529999999994  -4.157354700000001 
15 32  -4.157354700000001  2.1403953  0.04114530000000016 
15 33  -6.2566047000000005  6.2566047000000005  -2.0581047000000003 
15 34  -2.1403953000000016  2.1403953  -6.338895300000001 
15 35  -4.157354700000001  4.1573547  -6.338895300000001 
15 36  -4.2396453  4.2396453  -2.0581047000000003 
15 37  -4.2396453  6.2566047000000005  -0.04114530000000016 
15 38  -6.2566047000000005  4.2396453  -0.04114530000000016 
15 39  -2.1403953000000007  4.1573547  0.04114530000000016 
15 40  0.04114530000000105  6.338895300000001  0.04114530000000016 
15 41  -2.0581047000000012  2.0581047000000003  -2.0581047000000003 
15 42  -6.338895300000001  6.338895300000001  -6.338895300000001 
15 43  0.041145299999999274  -0.04114529999999994  -6.338895300000001 
15 44  -0.04114530000000105  0.04114529999999994  -2.0581047000000003 
15 45  -0.04114530000000016  2.0581047000000003  -0.04114530000000016 
15 46  -2.0581047000000003  0.04114529999999994  -0.04114530000000016 
15 47  -6.338895300000001  -0.04114529999999994  0.04114530000000016 
15 48  0.041145299999999274  2.1403953  -4.157354700000001 
15 49  -2.0581047000000003  6.2566047000000005  -6.2566047000000005 
15 50  -6.338895300000001  2.1403953  -2.1403953000000007 
15 51  0.041145299999999274  4.1573547  -2.1403953000000007 
15 52  -0.04114530000000105  4.2396453  -6.2566047000000005 
15 53  -0.04114530000000016  6.2566047000000005  -4.2396453 
15 54  -2.0581047000000012  4.2396453  -4.2396453 
15 55  -6.338895300000001  4.1573547  -4.157354700000001 
16 24  -2.0581047000000003  4.2396453  -4.157354700000001 
16 25  -4.157354700000001  -0.04114530000000016  -6.2566047000000005 
16 26  -0.04114530000000016  4.2396453  -2.1403953000000007 
16 27  -2.0581047000000003  -2.1403953000000002  -2.1403953000000007 
16 28  -2.1403953000000007  -2.0581047000000003  -6.2566047000000005 
16 29  -2.1403953000000007  -0.04114530000000016  -4.2396453 
16 30  -4.157354700000001  -2.0581047000000003  -4.2396453 
16 31  -0.04114530000000105  -2.1403953000000002  -4.157354700000001 
16 32  -2.0581047000000003  0.04114529999999972  0.04114530000000016 
16 33  -4.1573547  4.1573547  -2.0581047000000003 
16 34  -0.04114530000000105  0.04114529999999972  -6.338895300000001 
16 35  -2.0581047000000003  2.0581046999999995  -6.338895300000001 
16 36  -2.1403953  2.1403953  -2.0581047000000003 
16 37  -2.1403953  4.1573547  -0.04114530000000016 
16 38  -4.1573547  2.1403953  -0.04114530000000016 
16 39  -0.04114530000000016  2.0581046999999995  0.04114530000000016 
16 40  2.1403953000000016  4.2396453  0.04114530000000016 
16 41  0.041145299999999274  -0.04114530000000016  -2.0581047000000003 
16 42  -4.2396453  4.2396453  -6.338895300000001 
16 43  2.1403953  -2.1403953000000002  -6.338895300000001 
16 44  2.0581046999999995  -2.0581047000000003  -2.0581047000000003 
16 45  2.0581047000000003  -0.04114530000000016  -0.04114530000000016 
16 46  0.04114530000000016  -2.0581047000000003  -0.04114530000000016 
16 47  -4.2396453  -2.1403953000000002  0.04114530000000016 
16 48  2.1403953  0.04114529999999972  -4.157354700000001 
16 49  0.04114530000000016  4.1573547  -6.2566047000000005 
16 50  -4.2396453  0.04114529999999972  -2.1403953000000007 
16 51  2.1403953  2.0581046999999995  -2.1403953000000007 
16 52  2.0581046999999995  2.1403953  -6.2566047000000005 
16 53  2.0581047000000003  4.1573547  -4.2396453 
16 54  0.041145299999999274  2.1403953  -4.2396453 
16 55  -4.2396453  2.0581046999999995  -4.157354700000001 
17 24  -4.157354700000001  0.04114530000000016  2.1403953 
17 25  -6.256604700000001  -4.2396453  0.04114529999999994 
17 26  -2.1403953000000007  0.04114530000000016  4.1573547 
17 27  -4.157354700000001  -6.338895300000001  4.1573547 
17 28  -4.239645300000001  -6.2566047000000005  0.04114529999999994 
17 29  -4.239645300000001  -4.2396453  2.0581047000000003 
17 30  -6.256604700000001  -6.2566047000000005  2.0581047000000003 
17 31  -2.1403953000000016  -6.338895300000001  2.1403953 
17 32  -4.157354700000001  -4.157354700000001  6.338895300000001 
17 33  -6.2566047000000005  -0.04114530000000016  4.2396453 
17 34  -2.1403953000000016  -4.157354700000001  -0.04114529999999994 
17 35  -4.157354700000001  -2.1403953000000007  -0.04114529999999994 
17 36  -4.2396453  -2.0581047000000003  4.2396453 
17 37  -4.2396453  -0.04114530000000016  6.2566047000000005 
17 38  -6.2566047000000005  -2.0581047000000003  6.2566047000000005 
17 39  -2.1403953000000007  -2.1403953000000007  6.338895300000001 
17 40  0.04114530000000105  0.04114530000000016  6.338895300000001 
17 41  -2.0581047000000012  -4.2396453  4.2396453 
17 42  -6.338895300000001  0.04114530000000016  -0.04114529999999994 
17 43  0.041145299999999274  -6.338895300000001  -0.04114529999999994 
17 44  -0.04114530000000105  -6.2566047000000005  4.2396453 
17 45  -0.04114530000000016  -4.2396453  6.2566047000000005 
17 46  -2.0581047000000003  -6.2566047000000005  6.2566047000000005 
17 47  -6.338895300000001  -6.338895300000001  6.338895300000001 
17 48  0.041145299999999274  -4.157354700000001  2.1403953 
17 49  -2.0581047000000003  -0.04114530000000016  0.04114529999999994 
17 50  -6.338895300000001  -4.157354700000001  4.1573547 
17 51  0.041145299999999274  -2.1403953000000007  4.1573547 
17 52  -0.04114530000000105  -2.0581047000000003  0.04114529999999994 
17 53  -0.04114530000000016  -0.04114530000000016  2.0581047000000003 
17 54  -2.0581047000000012  -2.0581047000000003  2.0581047000000003 
17 55  -6.338895300000001  -2.1403953000000007  2.1403953 
18 24  -3.1077297  5.2892703  1.0907703 
18 25  -5.206979700000001  1.0084797  -1.0084797 
18 26  -1.0907703  5.2892703  3.1077296999999997 
18 27  -3.1077297  -1.0907703  3.1077296999999997 
18 28  -3.1900203000000005  -1.0084797  -1.0084797 
18 29  -3.1900203000000005  1.0084797  1.0084797 
18 30  -5.206979700000001  -1.0084797  1.0084797 
18 31  -1.0907703000000009  -1.0907703  1.0907703 
18 32  -3.1077297  1.0907703  5.2892703 
18 33  -5.2069797  5.2069797  3.1900203 
18 34  -1.0907703000000009  1.0907703  -1.0907703 
18 35  -3.1077297  3.1077296999999997  -1.0907703 
18 36  -3.1900202999999996  3.1900203  3.1900203 
18 37  -3.1900202999999996  5.2069797  5.2069797 
18 38  -5.2069797  3.1900203  5.2069797 
18 39  -1.0907703  3.1077296999999997  5.2892703 
18 40  1.0907703000000017  5.2892703  5.2892703 
18 41  -1.0084797000000005  1.0084797  3.1900203 
18 42  -5.2892703  5.2892703  -1.0907703 
18 43  1.0907703  -1.0907703  -1.0907703 
18 44  1.0084796999999996  -1.0084797  3.1900203 
18 45  1.0084797000000005  1.0084797  5.2069797 
18 46  -1.0084796999999996  -1.0084797  5.2069797 
18 47  -5.2892703  -1.0907703  5.2892703 
18 48  1.0907703  1.0907703  1.0907703 
18 49  -1.0084796999999996  5.2069797  -1.0084797 
18 50  -5.2892703  1.0907703  3.1077296999999997 
18 51  1.0907703  3.1077296999999997  3.1077296999999997 
18 52  1.0084796999999996  3.1900203  -1.0084797 
18 53  1.0084797000000005  5.2069797  1.0084797 
18 54  -1.0084797000000005  3.1900203  1.0084797 
18 55  -5.2892703  3.1077296999999997  1.0907703 
19 24  3.1900203  7.388520300000001  -1.0084797 
19 25  1.0907703  3.1077297  -3.1077297 
19 26  5.206979700000001  7.388520300000001  1.0084796999999996 
19 27  3.1900203  1.0084797  1.0084796999999996 
19 28  3.1077296999999997  1.0907703  -3.1077297 
19 29  3.1077296999999997  3.1077297  -1.0907703 
19 30  1.0907703  1.0907703  -1.0907703 
19 31  5.2069797  1.0084797  -1.0084797 
19 32  3.1900203  3.1900203  3.1900203000000005 
19 33  1.0907703000000004  7.3062297  1.0907703 
19 34  5.2069797  3.1900203  -3.1900203 
19 35  3.1900203  5.2069797  -3.1900203 
19 36  3.1077297000000006  5.2892703  1.0907703 
19 37  3.1077297000000006  7.3062297  3.1077297 
19 38  1.0907703000000004  5.2892703  3.1077297 
19 39  5.206979700000001  5.2069797  3.1900203000000005 
19 40  7.388520300000002  7.388520300000001  3.1900203000000005 
19 41  5.2892703  3.1077297  1.0907703 
19 42  1.0084797000000003  7.388520300000001  -3.1900203 
19 43  7.388520300000001  1.0084797  -3.1900203 
19 44  7.3062297  1.0907703  1.0907703 
19 45  7.306229700000001  3.1077297  3.1077297 
19 46  5.289270300000001  1.0907703  3.1077297 
19 47  1.0084797000000003  1.0084797  3.1900203000000005 
19 48  7.388520300000001  3.1900203  -1.0084797 
19 49  5.289270300000001  7.3062297  -3.1077297 
19 50  1.0084797000000003  3.1900203  1.0084796999999996 
19 51  7.388520300000001  5.2069797  1.0084796999999996 
19 52  7.3062297  5.2892703  -3.1077297 
19 53  7.306229700000001  7.3062297  -1.0907703 
19 54  5.2892703  5.2892703  -1.0907703 
19 55  1.0084797000000003  5.2069797  -1.0084797 
20 24  -2.0581046999999995  2.1403953000000007  2.1403953 
20 25  -4.1573547  -2.1403953  0.04114529999999994 
20 26  -0.041145299999999274  2.1403953000000007  4.1573547 
20 27  -2.0581046999999995  -4.239645299999999  4.1573547 
20 28  -2.1403953  -4.1573547  0.04114529999999994 
20 29  -2.1403953  -2.1403953  2.0581047000000003 
20 30  -4.1573547  -4.1573547  2.0581047000000003 
20 31  -0.04114530000000016  -4.239645299999999  2.1403953 
20 32  -2.0581046999999995  -2.0581047  6.338895300000001 
20 33  -4.157354699999999  2.0581047000000003  4.2396453 
20 34  -0.04114530000000016  -2.0581047  -0.04114529999999994 
20 35  -2.0581046999999995  -0.04114530000000016  -0.04114529999999994 
20 36  -2.140395299999999  0.04114530000000016  4.2396453 
20 37  -2.140395299999999  2.0581047000000003  6.2566047000000005 
20 38  -4.157354699999999  0.04114530000000016  6.2566047000000005 
20 39  -0.041145299999999274  -0.04114530000000016  6.338895300000001 
20 40  2.1403953000000024  2.1403953000000007  6.338895300000001 
20 41  0.04114530000000016  -2.1403953  4.2396453 
20 42  -4.239645299999999  2.1403953000000007  -0.04114529999999994 
20 43  2.1403953000000007  -4.239645299999999  -0.04114529999999994 
20 44  2.0581047000000003  -4.1573547  4.2396453 
20 45  2.0581047000000012  -2.1403953  6.2566047000000005 
20 46  0.04114530000000105  -4.1573547  6.2566047000000005 
20 47  -4.239645299999999  -4.239645299999999  6.338895300000001 
20 48  2.1403953000000007  -2.0581047  2.1403953 
20 49  0.04114530000000105  2.0581047000000003  0.04114529999999994 
20 50  -4.239645299999999  -2.0581047  4.1573547 
20 51  2.1403953000000007  -0.04114530000000016  4.1573547 
20 52  2.0581047000000003  0.04114530000000016  0.04114529999999994 
20 53  2.0581047000000012  2.0581047000000003  2.0581047000000003 
20 54  0.04114530000000016  0.04114530000000016  2.0581047000000003 
20 55  -4.239645299999999  -0.04114530000000016  2.1403953 
21 24  -4.1573547  2.1403953000000007  0.04114529999999972 
21 25  -6.2566047000000005  -2.1403953  -2.0581047000000003 
21 26  -2.1403953  2.1403953000000007  2.0581046999999995 
21 27  -4.1573547  -4.239645299999999  2.0581046999999995 
21 28  -4.2396453  -4.1573547  -2.0581047000000003 
21 29  -4.2396453  -2.1403953  -0.04114530000000016 
21 30  -6.2566047000000005  -4.1573547  -0.04114530000000016 
21 31  -2.1403953000000007  -4.239645299999999  0.04114529999999972 
21 32  -4.1573547  -2.0581047  4.2396453 
21 33  -6.2566047  2.0581047000000003  2.1403953 
21 34  -2.1403953000000007  -2.0581047  -2.1403953000000002 
21 35  -4.1573547  -0.04114530000000016  -2.1403953000000002 
21 36  -4.239645299999999  0.04114530000000016  2.1403953 
21 37  -4.239645299999999  2.0581047000000003  4.1573547 
21 38  -6.2566047  0.04114530000000016  4.1573547 
21 39  -2.1403953  -0.04114530000000016  4.2396453 
21 40  0.04114530000000194  2.1403953000000007  4.2396453 
21 41  -2.0581047000000003  -2.1403953  2.1403953 
21 42  -6.3388953  2.1403953000000007  -2.1403953000000002 
21 43  0.04114530000000016  -4.239645299999999  -2.1403953000000002 
21 44  -0.04114530000000016  -4.1573547  2.1403953 
21 45  -0.041145299999999274  -2.1403953  4.1573547 
21 46  -2.0581046999999995  -4.1573547  4.1573547 
21 47  -6.3388953  -4.239645299999999  4.2396453 
21 48  0.04114530000000016  -2.0581047  0.04114529999999972 
21 49  -2.0581046999999995  2.0581047000000003  -2.0581047000000003 
21 50  -6.3388953  -2.0581047  2.0581046999999995 
21 51  0.04114530000000016  -0.04114530000000016  2.0581046999999995 
21 52  -0.04114530000000016  0.04114530000000016  -2.0581047000000003 
21 53  -0.041145299999999274  2.0581047000000003  -0.04114530000000016 
21 54  -2.0581047000000003  0.04114530000000016  -0.04114530000000016 
21 55  -6.3388953  -0.04114530000000016  0.04114529999999972 
22 24  -2.0581047000000003  0.04114530000000016  0.04114529999999972 
22 25  -4.157354700000001  -4.2396453  -2.0581047000000003 
22 26  -0.04114530000000016  0.04114530000000016  2.0581046999999995 
22 27  -2.0581047000000003  -6.338895300000001  2.0581046999999995 
22 28  -2.1403953000000007  -6.2566047000000005  -2.0581047000000003 
22 29  -2.1403953000000007  -4.2396453  -0.04114530000000016 
22 30  -4.157354700000001  -6.2566047000000005  -0.04114530000000016 
22 31  -0.04114530000000105  -6.338895300000001  0.04114529999999972 
22 32  -2.0581047000000003  -4.157354700000001  4.2396453 
22 33  -4.1573547  -0.04114530000000016  2.1403953 
22 34  -0.04114530000000105  -4.157354700000001  -2.1403953000000002 
22 35  -2.0581047000000003  -2.1403953000000007  -2.1403953000000002 
22 36  -2.1403953  -2.0581047000000003  2.1403953 
22 37  -2.1403953  -0.04114530000000016  4.1573547 
22 38  -4.1573547  -2.0581047000000003  4.1573547 
22 39  -0.04114530000000016  -2.1403953000000007  4.2396453 
22 40  2.1403953000000016  0.04114530000000016  4.2396453 
22 41  0.041145299999999274  -4.2396453  2.1403953 
22 42  -4.2396453  0.04114530000000016  -2.1403953000000002 
22 43  2.1403953  -6.338895300000001  -2.1403953000000002 
22 44  2.0581046999999995  -6.2566047000000005  2.1403953 
22 45  2.0581047000000003  -4.2396453  4.1573547 
22 46  0.04114530000000016  -6.2566047000000005  4.1573547 
22 47  -4.2396453  -6.338895300000001  4.2396453 
22 48  2.1403953  -4.157354700000001  0.04114529999999972 
22 49  0.04114530000000016  -0.04114530000000016  -2.0581047000000003 
22 50  -4.2396453  -4.157354700000001  2.0581046999999995 
22 51  2.1403953  -2.1403953000000007  2.0581046999999995 
22 52  2.0581046999999995  -2.0581047000000003  -2.0581047000000003 
22 53  2.0581047000000003  -0.04114530000000016  -0.04114530000000016 
22 54  0.041145299999999274  -2.0581047000000003  -0.04114530000000016 
22 55  -4.2396453  -2.1403953000000007  0.04114529999999972 
23 24  -4.1573547  4.2396453  -2.0581047 
23 25  -6.2566047000000005  -0.04114530000000016  -4.1573547 
23 26  -2.1403953  4.2396453  -0.04114530000000016 
23 27  -4.1573547  -2.1403953000000002  -0.04114530000000016 
23 28  -4.2396453  -2.0581047000000003  -4.1573547 
23 29  -4.2396453  -0.04114530000000016  -2.1403953 
23 30  -6.2566047000000005  -2.0581047000000003  -2.1403953 
23 31  -2.1403953000000007  -2.1403953000000002  -2.0581047 
23 32  -4.1573547  0.04114529999999972  2.1403953000000007 
23 33  -6.2566047  4.1573547  0.04114530000000016 
23 34  -2.1403953000000007  0.04114529999999972  -4.239645299999999 
23 35  -4.1573547  2.0581046999999995  -4.239645299999999 
23 36  -4.239645299999999  2.1403953  0.04114530000000016 
23 37  -4.239645299999999  4.1573547  2.0581047000000003 
23 38  -6.2566047  2.1403953  2.0581047000000003 
23 39  -2.1403953  2.0581046999999995  2.1403953000000007 
23 40  0.04114530000000194  4.2396453  2.1403953000000007 
23 41  -2.0581047000000003  -0.04114530000000016  0.04114530000000016 
23 42  -6.3388953  4.2396453  -4.239645299999999 
23 43  0.04114530000000016  -2.1403953000000002  -4.239645299999999 
23 44  -0.04114530000000016  -2.0581047000000003  0.04114530000000016 
23 45  -0.041145299999999274  -0.04114530000000016  2.0581047000000003 
23 46  -2.0581046999999995  -2.0581047000000003  2.0581047000000003 
23 47  -6.3388953  -2.1403953000000002  2.1403953000000007 
23 48  0.04114530000000016  0.04114529999999972  -2.0581047 
23 49  -2.0581046999999995  4.1573547  -4.1573547 
23 50  -6.3388953  0.04114529999999972  -0.04114530000000016 
23 51  0.04114530000000016  2.0581046999999995  -0.04114530000000016 
23 52  -0.04114530000000016  2.1403953  -4.1573547 
23 53  -0.041145299999999274  4.1573547  -2.1403953 
23 54  -2.0581047000000003  2.1403953  -2.1403953 
23 55  -6.3388953  2.0581046999999995  -2.0581047 
24 0  -1.0907703  -1.0907703  -1.0907703 
24 1  1.0084796999999996  -3.1900203000000005  1.0084797 
24 2  -2.1403953000000007  -6.338895300000001  -2.1403953 
24 3  -0.04114530000000016  -6.338895300000001  -0.04114529999999972 
24 4  -2.1403953  -4.2396453  -0.04114529999999972 
24 5  -0.041145299999999274  -0.04114530000000016  2.0581047 
24 6  -1.0907703  -5.2892703  3.1077297000000006 
24 7  1.0084796999999996  -7.388520300000001  -3.1900203 
24 8  -2.1403953  -2.1403953000000007  2.0581047 
24 9  -0.041145299999999274  -2.1403953000000007  4.157354700000001 
24 10  -2.1403953  -0.04114530000000016  4.157354700000001 
24 11  -0.04114530000000016  -4.2396453  -2.1403953 
24 12  3.1077297  -1.0907703  3.1077297000000006 
24 13  -3.1900203  -3.1900203000000005  -3.1900203 
24 14  2.0581046999999995  -6.338895300000001  2.0581047 
24 15  4.157354700000001  -6.338895300000001  4.157354700000001 
24 16  2.0581047000000003  -4.2396453  4.157354700000001 
24 17  4.157354700000001  -0.04114530000000016  -2.1403953 
24 18  3.1077297  -5.2892703  -1.0907703 
24 19  -3.1900203  -7.388520300000001  1.0084797 
24 20  2.0581046999999995  -2.1403953000000007  -2.1403953 
24 21  4.1573547  -2.1403953000000007  -0.04114529999999972 
24 22  2.0581047000000003  -0.04114530000000016  -0.04114529999999972 
24 23  4.1573547  -4.2396453  2.0581047 
25 0  1.0084797000000003  3.1900203000000005  1.0084797 
25 1  3.1077297  1.0907703  3.1077297 
25 2  -0.04114530000000016  -2.0581047000000003  -0.04114529999999994 
25 3  2.0581047000000003  -2.0581047000000003  2.0581047000000003 
25 4  -0.04114529999999972  0.04114530000000016  2.0581047000000003 
25 5  2.0581047000000012  4.2396453  4.1573547 
25 6  1.0084797000000003  -1.0084797  5.206979700000001 
25 7  3.1077297  -3.1077297  -1.0907703 
25 8  -0.04114529999999972  2.1403953  4.1573547 
25 9  2.0581047000000012  2.1403953  6.2566047000000005 
25 10  -0.041145299999999274  4.2396453  6.2566047000000005 
25 11  2.0581047000000003  0.04114530000000016  -0.04114529999999994 
25 12  5.206979700000001  3.1900203000000005  5.206979700000001 
25 13  -1.0907703  1.0907703  -1.0907703 
25 14  4.1573547  -2.0581047000000003  4.1573547 
25 15  6.256604700000001  -2.0581047000000003  6.2566047000000005 
25 16  4.157354700000001  0.04114530000000016  6.2566047000000005 
25 17  6.256604700000001  4.2396453  -0.04114529999999994 
25 18  5.206979700000001  -1.0084797  1.0084797 
25 19  -1.0907703  -3.1077297  3.1077297 
25 20  4.1573547  2.1403953  -0.04114529999999994 
25 21  6.2566047000000005  2.1403953  2.0581047000000003 
25 22  4.157354700000001  4.2396453  2.0581047000000003 
25 23  6.2566047000000005  0.04114530000000016  4.1573547 
26 0  -3.1077297  -1.0907703  -3.1077296999999997 
26 1  -1.0084797000000005  -3.1900203000000005  -1.0084796999999996 
26 2  -4.157354700000001  -6.338895300000001  -4.1573547 
26 3  -2.0581047000000003  -6.338895300000001  -2.0581046999999995 
26 4  -4.1573547  -4.2396453  -2.0581046999999995 
26 5  -2.0581046999999995  -0.04114530000000016  0.04114530000000016 
26 6  -3.1077297  -5.2892703  1.0907703000000009 
26 7  -1.0084797000000005  -7.388520300000001  -5.2069797 
26 8  -4.1573547  -2.1403953000000007  0.04114530000000016 
26 9  -2.0581046999999995  -2.1403953000000007  2.1403953000000007 
26 10  -4.1573547  -0.04114530000000016  2.1403953000000007 
26 11  -2.0581047000000003  -4.2396453  -4.1573547 
26 12  1.0907703  -1.0907703  1.0907703000000009 
26 13  -5.206979700000001  -3.1900203000000005  -5.2069797 
26 14  0.041145299999999274  -6.338895300000001  0.04114530000000016 
26 15  2.1403953000000007  -6.338895300000001  2.1403953000000007 
26 16  0.04114530000000016  -4.2396453  2.1403953000000007 
26 17  2.1403953000000007  -0.04114530000000016  -4.1573547 
26 18  1.0907703  -5.2892703  -3.1077296999999997 
26 19  -5.206979700000001  -7.388520300000001  -1.0084796999999996 
26 20  0.041145299999999274  -2.1403953000000007  -4.1573547 
26 21  2.1403953  -2.1403953000000007  -2.0581046999999995 
26 22  0.04114530000000016  -0.04114530000000016  -2.0581046999999995 
26 23  2.1403953  -4.2396453  0.04114530000000016 
27 0  -1.0907703  5.2892703  -3.1077296999999997 
27 1  1.0084796999999996  3.1900203  -1.0084796999999996 
27 2  -2.1403953000000007  0.04114529999999994  -4.1573547 
27 3  -0.04114530000000016  0.04114529999999994  -2.0581046999999995 
27 4  -2.1403953  2.1403953000000002  -2.0581046999999995 
27 5  -0.041145299999999274  6.338895300000001  0.04114530000000016 
27 6  -1.0907703  1.0907703  1.0907703000000009 
27 7  1.0084796999999996  -1.0084797  -5.2069797 
27 8  -2.1403953  4.239645299999999  0.04114530000000016 
27 9  -0.041145299999999274  4.239645299999999  2.1403953000000007 
27 10  -2.1403953  6.338895300000001  2.1403953000000007 
27 11  -0.04114530000000016  2.1403953000000002  -4.1573547 
27 12  3.1077297  5.2892703  1.0907703000000009 
27 13  -3.1900203  3.1900203  -5.2069797 
27 14  2.0581046999999995  0.04114529999999994  0.04114530000000016 
27 15  4.157354700000001  0.04114529999999994  2.1403953000000007 
27 16  2.0581047000000003  2.1403953000000002  2.1403953000000007 
27 17  4.157354700000001  6.338895300000001  -4.1573547 
27 18  3.1077297  1.0907703  -3.1077296999999997 
27 19  -3.1900203  -1.0084797  -1.0084796999999996 
27 20  2.0581046999999995  4.239645299999999  -4.1573547 
27 21  4.1573547  4.239645299999999  -2.0581046999999995 
27 22  2.0581047000000003  6.338895300000001  -2.0581046999999995 
27 23  4.1573547  2.1403953000000002  0.04114530000000016 
28 0  -1.0084796999999996  5.206979700000001  1.0084797 
28 1  1.0907703  3.1077297  3.1077297 
28 2  -2.0581047000000003  -0.04114529999999994  -0.04114529999999994 
28 3  0.04114530000000016  -0.04114529999999994  2.0581047000000003 
28 4  -2.0581046999999995  2.0581047000000003  2.0581047000000003 
28 5  0.04114530000000105  6.2566047000000005  4.1573547 
28 6  -1.0084796999999996  1.0084797  5.206979700000001 
28 7  1.0907703  -1.0907703  -1.0907703 
28 8  -2.0581046999999995  4.1573547  4.1573547 
28 9  0.04114530000000105  4.1573547  6.2566047000000005 
28 10  -2.0581046999999995  6.2566047000000005  6.2566047000000005 
28 11  0.04114530000000016  2.0581047000000003  -0.04114529999999994 
28 12  3.1900203000000005  5.206979700000001  5.206979700000001 
28 13  -3.1077296999999997  3.1077297  -1.0907703 
28 14  2.1403953  -0.04114529999999994  4.1573547 
28 15  4.239645300000001  -0.04114529999999994  6.2566047000000005 
28 16  2.1403953000000007  2.0581047000000003  6.2566047000000005 
28 17  4.239645300000001  6.2566047000000005  -0.04114529999999994 
28 18  3.1900203000000005  1.0084797  1.0084797 
28 19  -3.1077296999999997  -1.0907703  3.1077297 
28 20  2.1403953  4.1573547  -0.04114529999999994 
28 21  4.2396453  4.1573547  2.0581047000000003 
28 22  2.1403953000000007  6.2566047000000005  2.0581047000000003 
28 23  4.2396453  2.0581047000000003  4.1573547 
29 0  -1.0084796999999996  3.1900203000000005  -1.0084797 
29 1  1.0907703  1.0907703  1.0907703 
29 2  -2.0581047000000003  -2.0581047000000003  -2.0581047000000003 
29 3  0.04114530000000016  -2.0581047000000003  0.04114530000000016 
29 4  -2.0581046999999995  0.04114530000000016  0.04114530000000016 
29 5  0.04114530000000105  4.2396453  2.1403953 
29 6  -1.0084796999999996  -1.0084797  3.1900203000000005 
29 7  1.0907703  -3.1077297  -3.1077297 
29 8  -2.0581046999999995  2.1403953  2.1403953 
29 9  0.04114530000000105  2.1403953  4.2396453 
29 10  -2.0581046999999995  4.2396453  4.2396453 
29 11  0.04114530000000016  0.04114530000000016  -2.0581047000000003 
29 12  3.1900203000000005  3.1900203000000005  3.1900203000000005 
29 13  -3.1077296999999997  1.0907703  -3.1077297 
29 14  2.1403953  -2.0581047000000003  2.1403953 
29 15  4.239645300000001  -2.0581047000000003  4.2396453 
29 16  2.1403953000000007  0.04114530000000016  4.2396453 
29 17  4.239645300000001  4.2396453  -2.0581047000000003 
29 18  3.1900203000000005  -1.0084797  -1.0084797 
29 19  -3.1077296999999997  -3.1077297  1.0907703 
29 20  2.1403953  2.1403953  -2.0581047000000003 
29 21  4.2396453  2.1403953  0.04114530000000016 
29 22  2.1403953000000007  4.2396453  0.04114530000000016 
29 23  4.2396453  0.04114530000000016  2.1403953 
30 0  1.0084797000000003  5.206979700000001  -1.0084797 
30 1  3.1077297  3.1077297  1.0907703 
30 2  -0.04114530000000016  -0.04114529999999994  -2.0581047000000003 
30 3  2.0581047000000003  -0.04114529999999994  0.04114530000000016 
30 4  -0.04114529999999972  2.0581047000000003  0.04114530000000016 
30 5  2.0581047000000012  6.2566047000000005  2.1403953 
30 6  1.0084797000000003  1.0084797  3.1900203000000005 
30 7  3.1077297  -1.0907703  -3.1077297 
30 8  -0.04114529999999972  4.1573547  2.1403953 
30 9  2.0581047000000012  4.1573547  4.2396453 
30 10  -0.041145299999999274  6.2566047000000005  4.2396453 
30 11  2.0581047000000003  2.0581047000000003  -2.0581047000000003 
30 12  5.206979700000001  5.206979700000001  3.1900203000000005 
30 13  -1.0907703  3.1077297  -3.1077297 
30 14  4.1573547  -0.04114529999999994  2.1403953 
30 15  6.256604700000001  -0.04114529999999994  4.2396453 
30 16  4.157354700000001  2.0581047000000003  4.2396453 
30 17  6.256604700000001  6.2566047000000005  -2.0581047000000003 
30 18  5.206979700000001  1.0084797  -1.0084797 
30 19  -1.0907703  -1.0907703  1.0907703 
30 20  4.1573547  4.1573547  -2.0581047000000003 
30 21  6.2566047000000005  4.1573547  0.04114530000000016 
30 22  4.157354700000001  6.2566047000000005  0.04114530000000016 
30 23  6.2566047000000005  2.0581047000000003  2.1403953 
31 0  -3.1077296999999993  5.2892703  -1.0907703 
31 1  -1.0084796999999996  3.1900203  1.0084797 
31 2  -4.1573547  0.04114529999999994  -2.1403953 
31 3  -2.0581046999999995  0.04114529999999994  -0.04114529999999972 
31 4  -4.157354699999999  2.1403953000000002  -0.04114529999999972 
31 5  -2.0581046999999986  6.338895300000001  2.0581047 
31 6  -3.1077296999999993  1.0907703  3.1077297000000006 
31 7  -1.0084796999999996  -1.0084797  -3.1900203 
31 8  -4.157354699999999  4.239645299999999  2.0581047 
31 9  -2.0581046999999986  4.239645299999999  4.157354700000001 
31 10  -4.157354699999999  6.338895300000001  4.157354700000001 
31 11  -2.0581046999999995  2.1403953000000002  -2.1403953 
31 12  1.0907703000000009  5.2892703  3.1077297000000006 
31 13  -5.2069797  3.1900203  -3.1900203 
31 14  0.04114530000000016  0.04114529999999994  2.0581047 
31 15  2.1403953000000016  0.04114529999999994  4.157354700000001 
31 16  0.04114530000000105  2.1403953000000002  4.157354700000001 
31 17  2.1403953000000016  6.338895300000001  -2.1403953 
31 18  1.0907703000000009  1.0907703  -1.0907703 
31 19  -5.2069797  -1.0084797  1.0084797 
31 20  0.04114530000000016  4.239645299999999  -2.1403953 
31 21  2.1403953000000007  4.239645299999999  -0.04114529999999972 
31 22  0.04114530000000105  6.338895300000001  -0.04114529999999972 
31 23  2.1403953000000007  2.1403953000000002  2.0581047 
32 0  -1.0907703  3.1077297000000006  -5.2892703 
32 1  1.0084796999999996  1.0084797  -3.1900203000000005 
32 2  -2.1403953000000007  -2.1403953  -6.338895300000001 
32 3  -0.04114530000000016  -2.1403953  -4.2396453 
32 4  -2.1403953  -0.04114529999999972  -4.2396453 
32 5  -0.041145299999999274  4.157354700000001  -2.1403953000000007 
32 6  -1.0907703  -1.0907703  -1.0907703 
32 7  1.0084796999999996  -3.1900203  -7.388520300000001 
32 8  -2.1403953  2.0581047  -2.1403953000000007 
32 9  -0.041145299999999274  2.0581047  -0.04114530000000016 
32 10  -2.1403953  4.157354700000001  -0.04114530000000016 
32 11  -0.04114530000000016  -0.04114529999999972  -6.338895300000001 
32 12  3.1077297  3.1077297000000006  -1.0907703 
32 13  -3.1900203  1.0084797  -7.388520300000001 
32 14  2.0581046999999995  -2.1403953  -2.1403953000000007 
32 15  4.157354700000001  -2.1403953  -0.04114530000000016 
32 16  2.0581047000000003  -0.04114529999999972  -0.04114530000000016 
32 17  4.157354700000001  4.157354700000001  -6.338895300000001 
32 18  3.1077297  -1.0907703  -5.2892703 
32 19  -3.1900203  -3.1900203  -3.1900203000000005 
32 20  2.0581046999999995  2.0581047  -6.338895300000001 
32 21  4.1573547  2.0581047  -4.2396453 
32 22  2.0581047000000003  4.157354700000001  -4.2396453 
32 23  4.1573547  -0.04114529999999972  -2.1403953000000007 
33 0  1.0084796999999999  -1.0084796999999996  -3.1900203 
33 1  3.1077296999999993  -3.1077297  -1.0907703 
33 2  -0.041145300000000606  -6.2566047000000005  -4.2396453 
33 3  2.0581046999999995  -6.2566047000000005  -2.1403953 
33 4  -0.04114530000000016  -4.1573547  -2.1403953 
33 5  2.0581047000000003  0.04114530000000016  -0.04114530000000016 
33 6  1.0084796999999999  -5.2069797  1.0084797000000005 
33 7  3.1077296999999993  -7.3062297  -5.2892703 
33 8  -0.04114530000000016  -2.0581047000000003  -0.04114530000000016 
33 9  2.0581047000000003  -2.0581047000000003  2.0581047000000003 
33 10  -0.04114529999999972  0.04114530000000016  2.0581047000000003 
33 11  2.0581046999999995  -4.1573547  -4.2396453 
33 12  5.2069797  -1.0084796999999996  1.0084797000000005 
33 13  -1.0907703000000004  -3.1077297  -5.2892703 
33 14  4.157354699999999  -6.2566047000000005  -0.04114530000000016 
33 15  6.2566047000000005  -6.2566047000000005  2.0581047000000003 
33 16  4.1573547  -4.1573547  2.0581047000000003 
33 17  6.2566047000000005  0.04114530000000016  -4.2396453 
33 18  5.2069797  -5.2069797  -3.1900203 
33 19  -1.0907703000000004  -7.3062297  -1.0907703 
33 20  4.157354699999999  -2.0581047000000003  -4.2396453 
33 21  6.2566047  -2.0581047000000003  -2.1403953 
33 22  4.1573547  0.04114530000000016  -2.1403953 
33 23  6.2566047  -4.1573547  -0.04114530000000016 
34 0  -3.1077296999999993  3.1077297000000006  1.0907703 
34 1  -1.0084796999999996  1.0084797  3.1900203 
34 2  -4.1573547  -2.1403953  0.04114529999999994 
34 3  -2.0581046999999995  -2.1403953  2.1403953000000002 
34 4  -4.157354699999999  -0.04114529999999972  2.1403953000000002 
34 5  -2.0581046999999986  4.157354700000001  4.239645299999999 
34 6  -3.1077296999999993  -1.0907703  5.2892703 
34 7  -1.0084796999999996  -3.1900203  -1.0084797 
34 8  -4.157354699999999  2.0581047  4.239645299999999 
34 9  -2.0581046999999986  2.0581047  6.338895300000001 
34 10  -4.157354699999999  4.157354700000001  6.338895300000001 
34 11  -2.0581046999999995  -0.04114529999999972  0.04114529999999994 
34 12  1.0907703000000009  3.1077297000000006  5.2892703 
34 13  -5.2069797  1.0084797  -1.0084797 
34 14  0.04114530000000016  -2.1403953  4.239645299999999 
34 15  2.1403953000000016  -2.1403953  6.338895300000001 
34 16  0.04114530000000105  -0.04114529999999972  6.338895300000001 
34 17  2.1403953000000016  4.157354700000001  0.04114529999999994 
34 18  1.0907703000000009  -1.0907703  1.0907703 
34 19  -5.2069797  -3.1900203  3.1900203 
34 20  0.04114530000000016  2.0581047  0.04114529999999994 
34 21  2.1403953000000007  2.0581047  2.1403953000000002 
34 22  0.04114530000000105  4.157354700000001  2.1403953000000002 
34 23  2.1403953000000007  -0.04114529999999972  4.239645299999999 
35 0  -1.0907703  1.0907703000000009  1.0907703 
35 1  1.0084796999999996  -1.0084796999999996  3.1900203 
35 2  -2.1403953000000007  -4.1573547  0.04114529999999994 
35 3  -0.04114530000000016  -4.1573547  2.1403953000000002 
35 4  -2.1403953  -2.0581046999999995  2.1403953000000002 
35 5  -0.041145299999999274  2.1403953000000007  4.239645299999999 
35 6  -1.0907703  -3.1077296999999997  5.2892703 
35 7  1.0084796999999996  -5.2069797  -1.0084797 
35 8  -2.1403953  0.04114530000000016  4.239645299999999 
35 9  -0.041145299999999274  0.04114530000000016  6.338895300000001 
35 10  -2.1403953  2.1403953000000007  6.338895300000001 
35 11  -0.04114530000000016  -2.0581046999999995  0.04114529999999994 
35 12  3.1077297  1.0907703000000009  5.2892703 
35 13  -3.1900203  -1.0084796999999996  -1.0084797 
35 14  2.0581046999999995  -4.1573547  4.239645299999999 
35 15  4.157354700000001  -4.1573547  6.338895300000001 
35 16  2.0581047000000003  -2.0581046999999995  6.338895300000001 
35 17  4.157354700000001  2.1403953000000007  0.04114529999999994 
35 18  3.1077297  -3.1077296999999997  1.0907703 
35 19  -3.1900203  -5.2069797  3.1900203 
35 20  2.0581046999999995  0.04114530000000016  0.04114529999999994 
35 21  4.1573547  0.04114530000000016  2.1403953000000002 
35 22  2.0581047000000003  2.1403953000000007  2.1403953000000002 
35 23  4.1573547  -2.0581046999999995  4.239645299999999 
36 0  -1.0084797000000005  1.0084797000000005  -3.1900203 
36 1  1.090770299999999  -1.0907703  -1.0907703 
36 2  -2.0581047000000012  -4.2396453  -4.2396453 
36 3  0.041145299999999274  -4.2396453  -2.1403953 
36 4  -2.0581047000000003  -2.1403953  -2.1403953 
36 5  0.04114530000000016  2.0581047000000003  -0.04114530000000016 
36 6  -1.0084797000000005  -3.1900203  1.0084797000000005 
36 7  1.090770299999999  -5.2892703  -5.2892703 
36 8  -2.0581047000000003  -0.04114530000000016  -0.04114530000000016 
36 9  0.04114530000000016  -0.04114530000000016  2.0581047000000003 
36 10  -2.0581047000000003  2.0581047000000003  2.0581047000000003 
36 11  0.041145299999999274  -2.1403953  -4.2396453 
36 12  3.1900202999999996  1.0084797000000005  1.0084797000000005 
36 13  -3.1077297000000006  -1.0907703  -5.2892703 
36 14  2.140395299999999  -4.2396453  -0.04114530000000016 
36 15  4.2396453  -4.2396453  2.0581047000000003 
36 16  2.1403953  -2.1403953  2.0581047000000003 
36 17  4.2396453  2.0581047000000003  -4.2396453 
36 18  3.1900202999999996  -3.1900203  -3.1900203 
36 19  -3.1077297000000006  -5.2892703  -1.0907703 
36 20  2.140395299999999  -0.04114530000000016  -4.2396453 
36 21  4.239645299999999  -0.04114530000000016  -2.1403953 
36 22  2.1403953  2.0581047000000003  -2.1403953 
36 23  4.239645299999999  -2.1403953  -0.04114530000000016 
37 0  -1.0084797000000005  -1.0084796999999996  -5.2069797 
37 1  1.090770299999999  -3.1077297  -3.1077297 
37 2  -2.0581047000000012  -6.2566047000000005  -6.2566047000000005 
37 3  0.041145299999999274  -6.2566047000000005  -4.1573547 
37 4  -2.0581047000000003  -4.1573547  -4.1573547 
37 5  0.04114530000000016  0.04114530000000016  -2.0581047000000003 
37 6  -1.0084797000000005  -5.2069797  -1.0084796999999996 
37 7  1.090770299999999  -7.3062297  -7.3062297 
37 8  -2.0581047000000003  -2.0581047000000003  -2.0581047000000003 
37 9  0.04114530000000016  -2.0581047000000003  0.04114530000000016 
37 10  -2.0581047000000003  0.04114530000000016  0.04114530000000016 
37 11  0.041145299999999274  -4.1573547  -6.2566047000000005 
37 12  3.1900202999999996  -1.0084796999999996  -1.0084796999999996 
37 13  -3.1077297000000006  -3.1077297  -7.3062297 
37 14  2.140395299999999  -6.2566047000000005  -2.0581047000000003 
37 15  4.2396453  -6.2566047000000005  0.04114530000000016 
37 16  2.1403953  -4.1573547  0.04114530000000016 
37 17  4.2396453  0.04114530000000016  -6.2566047000000005 
37 18  3.1900202999999996  -5.2069797  -5.2069797 
37 19  -3.1077297000000006  -7.3062297  -3.1077297 
37 20  2.140395299999999  -2.0581047000000003  -6.2566047000000005 
37 21  4.239645299999999  -2.0581047000000003  -4.1573547 
37 22  2.1403953  0.04114530000000016  -4.1573547 
37 23  4.239645299999999  -4.1573547  -2.0581047000000003 
38 0  1.0084796999999999  1.0084797000000005  -5.2069797 
38 1  3.1077296999999993  -1.0907703  -3.1077297 
38 2  -0.041145300000000606  -4.2396453  -6.2566047000000005 
38 3  2.0581046999999995  -4.2396453  -4.1573547 
38 4  -0.04114530000000016  -2.1403953  -4.1573547 
38 5  2.0581047000000003  2.0581047000000003  -2.0581047000000003 
38 6  1.0084796999999999  -3.1900203  -1.0084796999999996 
38 7  3.1077296999999993  -5.2892703  -7.3062297 
38 8  -0.04114530000000016  -0.04114530000000016  -2.0581047000000003 
38 9  2.0581047000000003  -0.04114530000000016  0.04114530000000016 
38 10  -0.04114529999999972  2.0581047000000003  0.04114530000000016 
38 11  2.0581046999999995  -2.1403953  -6.2566047000000005 
38 12  5.2069797  1.0084797000000005  -1.0084796999999996 
38 13  -1.0907703000000004  -1.0907703  -7.3062297 
38 14  4.157354699999999  -4.2396453  -2.0581047000000003 
38 15  6.2566047000000005  -4.2396453  0.04114530000000016 
38 16  4.1573547  -2.1403953  0.04114530000000016 
38 17  6.2566047000000005  2.0581047000000003  -6.2566047000000005 
38 18  5.2069797  -3.1900203  -5.2069797 
38 19  -1.0907703000000004  -5.2892703  -3.1077297 
38 20  4.157354699999999  -0.04114530000000016  -6.2566047000000005 
38 21  6.2566047  -0.04114530000000016  -4.1573547 
38 22  4.1573547  2.0581047000000003  -4.1573547 
38 23  6.2566047  -2.1403953  -2.0581047000000003 
39 0  -3.1077297  1.0907703000000009  -5.2892703 
39 1  -1.0084797000000005  -1.0084796999999996  -3.1900203000000005 
39 2  -4.157354700000001  -4.1573547  -6.338895300000001 
39 3  -2.0581047000000003  -4.1573547  -4.2396453 
39 4  -4.1573547  -2.0581046999999995  -4.2396453 
39 5  -2.0581046999999995  2.1403953000000007  -2.1403953000000007 
39 6  -3.1077297  -3.1077296999999997  -1.0907703 
39 7  -1.0084797000000005  -5.2069797  -7.388520300000001 
39 8  -4.1573547  0.04114530000000016  -2.1403953000000007 
39 9  -2.0581046999999995  0.04114530000000016  -0.04114530000000016 
39 10  -4.1573547  2.1403953000000007  -0.04114530000000016 
39 11  -2.0581047000000003  -2.0581046999999995  -6.338895300000001 
39 12  1.0907703  1.0907703000000009  -1.0907703 
39 13  -5.206979700000001  -1.0084796999999996  -7.388520300000001 
39 14  0.041145299999999274  -4.1573547  -2.1403953000000007 
39 15  2.1403953000000007  -4.1573547  -0.04114530000000016 
39 16  0.04114530000000016  -2.0581046999999995  -0.04114530000000016 
39 17  2.1403953000000007  2.1403953000000007  -6.338895300000001 
39 18  1.0907703  -3.1077296999999997  -5.2892703 
39 19  -5.206979700000001  -5.2069797  -3.1900203000000005 
39 20  0.041145299999999274  0.04114530000000016  -6.338895300000001 
39 21  2.1403953  0.04114530000000016  -4.2396453 
39 22  0.04114530000000016  2.1403953000000007  -4.2396453 
39 23  2.1403953  -2.0581046999999995  -2.1403953000000007 
40 0  -5.289270300000002  -1.0907703  -5.2892703 
40 1  -3.1900203000000023  -3.1900203000000005  -3.1900203000000005 
40 2  -6.338895300000003  -6.338895300000001  -6.338895300000001 
40 3  -4.239645300000002  -6.338895300000001  -4.2396453 
40 4  -6.338895300000002  -4.2396453  -4.2396453 
40 5  -4.239645300000001  -0.04114530000000016  -2.1403953000000007 
40 6  -5.289270300000002  -5.2892703  -1.0907703 
40 7  -3.1900203000000023  -7.388520300000001  -7.388520300000001 
40 8  -6.338895300000002  -2.1403953000000007  -2.1403953000000007 
40 9  -4.239645300000001  -2.1403953000000007  -0.04114530000000016 
40 10  -6.338895300000002  -0.04114530000000016  -0.04114530000000016 
40 11  -4.239645300000002  -4.2396453  -6.338895300000001 
40 12  -1.0907703000000017  -1.0907703  -1.0907703 
40 13  -7.388520300000002  -3.1900203000000005  -7.388520300000001 
40 14  -2.1403953000000024  -6.338895300000001  -2.1403953000000007 
40 15  -0.04114530000000105  -6.338895300000001  -0.04114530000000016 
40 16  -2.1403953000000016  -4.2396453  -0.04114530000000016 
40 17  -0.04114530000000105  -0.04114530000000016  -6.338895300000001 
40 18  -1.0907703000000017  -5.2892703  -5.2892703 
40 19  -7.388520300000002  -7.388520300000001  -3.1900203000000005 
40 20  -2.1403953000000024  -2.1403953000000007  -6.338895300000001 
40 21  -0.04114530000000194  -2.1403953000000007  -4.2396453 
40 22  -2.1403953000000016  -0.04114530000000016  -4.2396453 
40 23  -0.04114530000000194  -4.2396453  -2.1403953000000007 
41 0  -3.1900202999999996  3.1900203000000005  -3.1900203 
41 1  -1.0907703  1.0907703  -1.0907703 
41 2  -4.2396453  -2.0581047000000003  -4.2396453 
41 3  -2.1403953  -2.0581047000000003  -2.1403953 
41 4  -4.239645299999999  0.04114530000000016  -2.1403953 
41 5  -2.140395299999999  4.2396453  -0.04114530000000016 
41 6  -3.1900202999999996  -1.0084797  1.0084797000000005 
41 7  -1.0907703  -3.1077297  -5.2892703 
41 8  -4.239645299999999  2.1403953  -0.04114530000000016 
41 9  -2.140395299999999  2.1403953  2.0581047000000003 
41 10  -4.239645299999999  4.2396453  2.0581047000000003 
41 11  -2.1403953  0.04114530000000016  -4.2396453 
41 12  1.0084797000000005  3.1900203000000005  1.0084797000000005 
41 13  -5.2892703  1.0907703  -5.2892703 
41 14  -0.04114530000000016  -2.0581047000000003  -0.04114530000000016 
41 15  2.0581047000000012  -2.0581047000000003  2.0581047000000003 
41 16  -0.041145299999999274  0.04114530000000016  2.0581047000000003 
41 17  2.0581047000000012  4.2396453  -4.2396453 
41 18  1.0084797000000005  -1.0084797  -3.1900203 
41 19  -5.2892703  -3.1077297  -1.0907703 
41 20  -0.04114530000000016  2.1403953  -4.2396453 
41 21  2.0581047000000003  2.1403953  -2.1403953 
41 22  -0.041145299999999274  4.2396453  -2.1403953 
41 23  2.0581047000000003  0.04114530000000016  -0.04114530000000016 
42 0  1.0907703  -1.0907703  1.0907703 
42 1  3.1900202999999996  -3.1900203000000005  3.1900203 
42 2  0.041145299999999496  -6.338895300000001  0.04114529999999994 
42 3  2.1403953  -6.338895300000001  2.1403953000000002 
42 4  0.04114529999999994  -4.2396453  2.1403953000000002 
42 5  2.1403953000000007  -0.04114530000000016  4.239645299999999 
42 6  1.0907703  -5.2892703  5.2892703 
42 7  3.1900202999999996  -7.388520300000001  -1.0084797 
42 8  0.04114529999999994  -2.1403953000000007  4.239645299999999 
42 9  2.1403953000000007  -2.1403953000000007  6.338895300000001 
42 10  0.041145300000000384  -0.04114530000000016  6.338895300000001 
42 11  2.1403953  -4.2396453  0.04114529999999994 
42 12  5.2892703  -1.0907703  5.2892703 
42 13  -1.0084797000000003  -3.1900203000000005  -1.0084797 
42 14  4.239645299999999  -6.338895300000001  4.239645299999999 
42 15  6.338895300000001  -6.338895300000001  6.338895300000001 
42 16  4.2396453  -4.2396453  6.338895300000001 
42 17  6.338895300000001  -0.04114530000000016  0.04114529999999994 
42 18  5.2892703  -5.2892703  1.0907703 
42 19  -1.0084797000000003  -7.388520300000001  3.1900203 
42 20  4.239645299999999  -2.1403953000000007  0.04114529999999994 
42 21  6.3388953  -2.1403953000000007  2.1403953000000002 
42 22  4.2396453  -0.04114530000000016  2.1403953000000002 
42 23  6.3388953  -4.2396453  4.239645299999999 
43 0  -5.2892703  5.2892703  1.0907703 
43 1  -3.1900203000000005  3.1900203  3.1900203 
43 2  -6.338895300000001  0.04114529999999994  0.04114529999999994 
43 3  -4.2396453  0.04114529999999994  2.1403953000000002 
43 4  -6.3388953  2.1403953000000002  2.1403953000000002 
43 5  -4.239645299999999  6.338895300000001  4.239645299999999 
43 6  -5.2892703  1.0907703  5.2892703 
43 7  -3.1900203000000005  -1.0084797  -1.0084797 
43 8  -6.3388953  4.239645299999999  4.239645299999999 
43 9  -4.239645299999999  4.239645299999999  6.338895300000001 
43 10  -6.3388953  6.338895300000001  6.338895300000001 
43 11  -4.2396453  2.1403953000000002  0.04114529999999994 
43 12  -1.0907703  5.2892703  5.2892703 
43 13  -7.388520300000001  3.1900203  -1.0084797 
43 14  -2.1403953000000007  0.04114529999999994  4.239645299999999 
43 15  -0.041145299999999274  0.04114529999999994  6.338895300000001 
43 16  -2.1403953  2.1403953000000002  6.338895300000001 
43 17  -0.041145299999999274  6.338895300000001  0.04114529999999994 
43 18  -1.0907703  1.0907703  1.0907703 
43 19  -7.388520300000001  -1.0084797  3.1900203 
43 20  -2.1403953000000007  4.239645299999999  0.04114529999999994 
43 21  -0.04114530000000016  4.239645299999999  2.1403953000000002 
43 22  -2.1403953  6.338895300000001  2.1403953000000002 
43 23  -0.04114530000000016  2.1403953000000002  4.239645299999999 
44 0  -5.2069797  5.206979700000001  -3.1900203 
44 1  -3.1077297  3.1077297  -1.0907703 
44 2  -6.2566047000000005  -0.04114529999999994  -4.2396453 
44 3  -4.1573547  -0.04114529999999994  -2.1403953 
44 4  -6.2566047  2.0581047000000003  -2.1403953 
44 5  -4.157354699999999  6.2566047000000005  -0.04114530000000016 
44 6  -5.2069797  1.0084797  1.0084797000000005 
44 7  -3.1077297  -1.0907703  -5.2892703 
44 8  -6.2566047  4.1573547  -0.04114530000000016 
44 9  -4.157354699999999  4.1573547  2.0581047000000003 
44 10  -6.2566047  6.2566047000000005  2.0581047000000003 
44 11  -4.1573547  2.0581047000000003  -4.2396453 
44 12  -1.0084796999999996  5.206979700000001  1.0084797000000005 
44 13  -7.3062297  3.1077297  -5.2892703 
44 14  -2.0581047000000003  -0.04114529999999994  -0.04114530000000016 
44 15  0.04114530000000105  -0.04114529999999994  2.0581047000000003 
44 16  -2.0581046999999995  2.0581047000000003  2.0581047000000003 
44 17  0.04114530000000105  6.2566047000000005  -4.2396453 
44 18  -1.0084796999999996  1.0084797  -3.1900203 
44 19  -7.3062297  -1.0907703  -1.0907703 
44 20  -2.0581047000000003  4.1573547  -4.2396453 
44 21  0.04114530000000016  4.1573547  -2.1403953 
44 22  -2.0581046999999995  6.2566047000000005  -2.1403953 
44 23  0.04114530000000016  2.0581047000000003  -0.04114530000000016 
45 0  -5.206979700000001  3.1900203000000005  -5.2069797 
45 1  -3.107729700000001  1.0907703  -3.1077297 
45 2  -6.256604700000001  -2.0581047000000003  -6.2566047000000005 
45 3  -4.157354700000001  -2.0581047000000003  -4.1573547 
45 4  -6.2566047000000005  0.04114530000000016  -4.1573547 
45 5  -4.1573547  4.2396453  -2.0581047000000003 
45 6  -5.206979700000001  -1.0084797  -1.0084796999999996 
45 7  -3.107729700000001  -3.1077297  -7.3062297 
45 8  -6.2566047000000005  2.1403953  -2.0581047000000003 
45 9  -4.1573547  2.1403953  0.04114530000000016 
45 10  -6.2566047000000005  4.2396453  0.04114530000000016 
45 11  -4.157354700000001  0.04114530000000016  -6.2566047000000005 
45 12  -1.0084797000000005  3.1900203000000005  -1.0084796999999996 
45 13  -7.306229700000001  1.0907703  -7.3062297 
45 14  -2.0581047000000012  -2.0581047000000003  -2.0581047000000003 
45 15  0.04114530000000016  -2.0581047000000003  0.04114530000000016 
45 16  -2.0581047000000003  0.04114530000000016  0.04114530000000016 
45 17  0.04114530000000016  4.2396453  -6.2566047000000005 
45 18  -1.0084797000000005  -1.0084797  -5.2069797 
45 19  -7.306229700000001  -3.1077297  -3.1077297 
45 20  -2.0581047000000012  2.1403953  -6.2566047000000005 
45 21  0.041145299999999274  2.1403953  -4.1573547 
45 22  -2.0581047000000003  4.2396453  -4.1573547 
45 23  0.041145299999999274  0.04114530000000016  -2.0581047000000003 
46 0  -3.1900203000000005  5.206979700000001  -5.2069797 
46 1  -1.0907703000000009  3.1077297  -3.1077297 
46 2  -4.239645300000001  -0.04114529999999994  -6.2566047000000005 
46 3  -2.1403953000000007  -0.04114529999999994  -4.1573547 
46 4  -4.2396453  2.0581047000000003  -4.1573547 
46 5  -2.1403953  6.2566047000000005  -2.0581047000000003 
46 6  -3.1900203000000005  1.0084797  -1.0084796999999996 
46 7  -1.0907703000000009  -1.0907703  -7.3062297 
46 8  -4.2396453  4.1573547  -2.0581047000000003 
46 9  -2.1403953  4.1573547  0.04114530000000016 
46 10  -4.2396453  6.2566047000000005  0.04114530000000016 
46 11  -2.1403953000000007  2.0581047000000003  -6.2566047000000005 
46 12  1.0084796999999996  5.206979700000001  -1.0084796999999996 
46 13  -5.289270300000001  3.1077297  -7.3062297 
46 14  -0.04114530000000105  -0.04114529999999994  -2.0581047000000003 
46 15  2.0581047000000003  -0.04114529999999994  0.04114530000000016 
46 16  -0.04114530000000016  2.0581047000000003  0.04114530000000016 
46 17  2.0581047000000003  6.2566047000000005  -6.2566047000000005 
46 18  1.0084796999999996  1.0084797  -5.2069797 
46 19  -5.289270300000001  -1.0907703  -3.1077297 
46 20  -0.04114530000000105  4.1573547  -6.2566047000000005 
46 21  2.0581046999999995  4.1573547  -4.1573547 
46 22  -0.04114530000000016  6.2566047000000005  -4.1573547 
46 23  2.0581046999999995  2.0581047000000003  -2.0581047000000003 
47 0  1.0907703  5.2892703  -5.2892703 
47 1  3.1900202999999996  3.1900203  -3.1900203000000005 
47 2  0.041145299999999496  0.04114529999999994  -6.338895300000001 
47 3  2.1403953  0.04114529999999994  -4.2396453 
47 4  0.04114529999999994  2.1403953000000002  -4.2396453 
47 5  2.1403953000000007  6.338895300000001  -2.1403953000000007 
47 6  1.0907703  1.0907703  -1.0907703 
47 7  3.1900202999999996  -1.0084797  -7.388520300000001 
47 8  0.04114529999999994  4.239645299999999  -2.1403953000000007 
47 9  2.1403953000000007  4.239645299999999  -0.04114530000000016 
47 10  0.041145300000000384  6.338895300000001  -0.04114530000000016 
47 11  2.1403953  2.1403953000000002  -6.338895300000001 
47 12  5.2892703  5.2892703  -1.0907703 
47 13  -1.0084797000000003  3.1900203  -7.388520300000001 
47 14  4.239645299999999  0.04114529999999994  -2.1403953000000007 
47 15  6.338895300000001  0.04114529999999994  -0.04114530000000016 
47 16  4.2396453  2.1403953000000002  -0.04114530000000016 
47 17  6.338895300000001  6.338895300000001  -6.338895300000001 
47 18  5.2892703  1.0907703  -5.2892703 
47 19  -1.0084797000000003  -1.0084797  -3.1900203000000005 
47 20  4.239645299999999  4.239645299999999  -6.338895300000001 
47 21  6.3388953  4.239645299999999  -4.2396453 
47 22  4.2396453  6.338895300000001  -4.2396453 
47 23  6.3388953  2.1403953000000002  -2.1403953000000007 
48 0  -5.2892703  3.1077297000000006  -1.0907703 
48 1  -3.1900203000000005  1.0084797  1.0084797 
48 2  -6.338895300000001  -2.1403953  -2.1403953 
48 3  -4.2396453  -2.1403953  -0.04114529999999972 
48 4  -6.3388953  -0.04114529999999972  -0.04114529999999972 
48 5  -4.239645299999999  4.157354700000001  2.0581047 
48 6  -5.2892703  -1.0907703  3.1077297000000006 
48 7  -3.1900203000000005  -3.1900203  -3.1900203 
48 8  -6.3388953  2.0581047  2.0581047 
48 9  -4.239645299999999  2.0581047  4.157354700000001 
48 10  -6.3388953  4.157354700000001  4.157354700000001 
48 11  -4.2396453  -0.04114529999999972  -2.1403953 
48 12  -1.0907703  3.1077297000000006  3.1077297000000006 
48 13  -7.388520300000001  1.0084797  -3.1900203 
48 14  -2.1403953000000007  -2.1403953  2.0581047 
48 15  -0.041145299999999274  -2.1403953  4.157354700000001 
48 16  -2.1403953  -0.04114529999999972  4.157354700000001 
48 17  -0.041145299999999274  4.157354700000001  -2.1403953 
48 18  -1.0907703  -1.0907703  -1.0907703 
48 19  -7.388520300000001  -3.1900203  1.0084797 
48 20  -2.1403953000000007  2.0581047  -2.1403953 
48 21  -0.04114530000000016  2.0581047  -0.04114529999999972 
48 22  -2.1403953  4.157354700000001  -0.04114529999999972 
48 23  -0.04114530000000016  -0.04114529999999972  2.0581047 
49 0  -3.1900203000000005  -1.0084796999999996  1.0084797 
49 1  -1.0907703000000009  -3.1077297  3.1077297 
49 2  -4.239645300000001  -6.2566047000000005  -0.04114529999999994 
49 3  -2.1403953000000007  -6.2566047000000005  2.0581047000000003 
49 4  -4.2396453  -4.1573547  2.0581047000000003 
49 5  -2.1403953  0.04114530000000016  4.1573547 
49 6  -3.1900203000000005  -5.2069797  5.206979700000001 
49 7  -1.0907703000000009  -7.3062297  -1.0907703 
49 8  -4.2396453  -2.0581047000000003  4.1573547 
49 9  -2.1403953  -2.0581047000000003  6.2566047000000005 
49 10  -4.2396453  0.04114530000000016  6.2566047000000005 
49 11  -2.1403953000000007  -4.1573547  -0.04114529999999994 
49 12  1.0084796999999996  -1.0084796999999996  5.206979700000001 
49 13  -5.289270300000001  -3.1077297  -1.0907703 
49 14  -0.04114530000000105  -6.2566047000000005  4.1573547 
49 15  2.0581047000000003  -6.2566047000000005  6.2566047000000005 
49 16  -0.04114530000000016  -4.1573547  6.2566047000000005 
49 17  2.0581047000000003  0.04114530000000016  -0.04114529999999994 
49 18  1.0084796999999996  -5.2069797  1.0084797 
49 19  -5.289270300000001  -7.3062297  3.1077297 
49 20  -0.04114530000000105  -2.0581047000000003  -0.04114529999999994 
49 21  2.0581046999999995  -2.0581047000000003  2.0581047000000003 
49 22  -0.04114530000000016  0.04114530000000016  2.0581047000000003 
49 23  2.0581046999999995  -4.1573547  4.1573547 
50 0  1.0907703  3.1077297000000006  -3.1077296999999997 
50 1  3.1900202999999996  1.0084797  -1.0084796999999996 
50 2  0.041145299999999496  -2.1403953  -4.1573547 
50 3  2.1403953  -2.1403953  -2.0581046999999995 
50 4  0.04114529999999994  -0.04114529999999972  -2.0581046999999995 
50 5  2.1403953000000007  4.157354700000001  0.04114530000000016 
50 6  1.0907703  -1.0907703  1.0907703000000009 
50 7  3.1900202999999996  -3.1900203  -5.2069797 
50 8  0.04114529999999994  2.0581047  0.04114530000000016 
50 9  2.1403953000000007  2.0581047  2.1403953000000007 
50 10  0.041145300000000384  4.157354700000001  2.1403953000000007 
50 11  2.1403953  -0.04114529999999972  -4.1573547 
50 12  5.2892703  3.1077297000000006  1.0907703000000009 
50 13  -1.0084797000000003  1.0084797  -5.2069797 
50 14  4.239645299999999  -2.1403953  0.04114530000000016 
50 15  6.338895300000001  -2.1403953  2.1403953000000007 
50 16  4.2396453  -0.04114529999999972  2.1403953000000007 
50 17  6.338895300000001  4.157354700000001  -4.1573547 
50 18  5.2892703  -1.0907703  -3.1077296999999997 
50 19  -1.0084797000000003  -3.1900203  -1.0084796999999996 
50 20  4.239645299999999  2.0581047  -4.1573547 
50 21  6.3388953  2.0581047  -2.0581046999999995 
50 22  4.2396453  4.157354700000001  -2.0581046999999995 
50 23  6.3388953  -0.04114529999999972  0.04114530000000016 
51 0  -5.2892703  1.0907703000000009  -3.1077296999999997 
51 1  -3.1900203000000005  -1.0084796999999996  -1.0084796999999996 
51 2  -6.338895300000001  -4.1573547  -4.1573547 
51 3  -4.2396453  -4.1573547  -2.0581046999999995 
51 4  -6.3388953  -2.0581046999999995  -2.0581046999999995 
51 5  -4.239645299999999  2.1403953000000007  0.04114530000000016 
51 6  -5.2892703  -3.1077296999999997  1.0907703000000009 
51 7  -3.1900203000000005  -5.2069797  -5.2069797 
51 8  -6.3388953  0.04114530000000016  0.04114530000000016 
51 9  -4.239645299999999  0.04114530000000016  2.1403953000000007 
51 10  -6.3388953  2.1403953000000007  2.1403953000000007 
51 11  -4.2396453  -2.0581046999999995  -4.1573547 
51 12  -1.0907703  1.0907703000000009  1.0907703000000009 
51 13  -7.388520300000001  -1.0084796999999996  -5.2069797 
51 14  -2.1403953000000007  -4.1573547  0.04114530000000016 
51 15  -0.041145299999999274  -4.1573547  2.1403953000000007 
51 16  -2.1403953  -2.0581046999999995  2.1403953000000007 
51 17  -0.041145299999999274  2.1403953000000007  -4.1573547 
51 18  -1.0907703  -3.1077296999999997  -3.1077296999999997 
51 19  -7.388520300000001  -5.2069797  -1.0084796999999996 
51 20  -2.1403953000000007  0.04114530000000016  -4.1573547 
51 21  -0.04114530000000016  0.04114530000000016  -2.0581046999999995 
51 22  -2.1403953  2.1403953000000007  -2.0581046999999995 
51 23  -0.04114530000000016  -2.0581046999999995  0.04114530000000016 
52 0  -5.2069797  1.0084797000000005  1.0084797 
52 1  -3.1077297  -1.0907703  3.1077297 
52 2  -6.2566047000000005  -4.2396453  -0.04114529999999994 
52 3  -4.1573547  -4.2396453  2.0581047000000003 
52 4  -6.2566047  -2.1403953  2.0581047000000003 
52 5  -4.157354699999999  2.0581047000000003  4.1573547 
52 6  -5.2069797  -3.1900203  5.206979700000001 
52 7  -3.1077297  -5.2892703  -1.0907703 
52 8  -6.2566047  -0.04114530000000016  4.1573547 
52 9  -4.157354699999999  -0.04114530000000016  6.2566047000000005 
52 10  -6.2566047  2.0581047000000003  6.2566047000000005 
52 11  -4.1573547  -2.1403953  -0.04114529999999994 
52 12  -1.0084796999999996  1.0084797000000005  5.206979700000001 
52 13  -7.3062297  -1.0907703  -1.0907703 
52 14  -2.0581047000000003  -4.2396453  4.1573547 
52 15  0.04114530000000105  -4.2396453  6.2566047000000005 
52 16  -2.0581046999999995  -2.1403953  6.2566047000000005 
52 17  0.04114530000000105  2.0581047000000003  -0.04114529999999994 
52 18  -1.0084796999999996  -3.1900203  1.0084797 
52 19  -7.3062297  -5.2892703  3.1077297 
52 20  -2.0581047000000003  -0.04114530000000016  -0.04114529999999994 
52 21  0.04114530000000016  -0.04114530000000016  2.0581047000000003 
52 22  -2.0581046999999995  2.0581047000000003  2.0581047000000003 
52 23  0.04114530000000016  -2.1403953  4.1573547 
53 0  -5.206979700000001  -1.0084796999999996  -1.0084797 
53 1  -3.107729700000001  -3.1077297  1.0907703 
53 2  -6.256604700000001  -6.2566047000000005  -2.0581047000000003 
53 3  -4.157354700000001  -6.2566047000000005  0.04114530000000016 
53 4  -6.2566047000000005  -4.1573547  0.04114530000000016 
53 5  -4.1573547  0.04114530000000016  2.1403953 
53 6  -5.206979700000001  -5.2069797  3.1900203000000005 
53 7  -3.107729700000001  -7.3062297  -3.1077297 
53 8  -6.2566047000000005  -2.0581047000000003  2.1403953 
53 9  -4.1573547  -2.0581047000000003  4.2396453 
53 10  -6.2566047000000005  0.04114530000000016  4.2396453 
53 11  -4.157354700000001  -4.1573547  -2.0581047000000003 
53 12  -1.0084797000000005  -1.0084796999999996  3.1900203000000005 
53 13  -7.306229700000001  -3.1077297  -3.1077297 
53 14  -2.0581047000000012  -6.2566047000000005  2.1403953 
53 15  0.04114530000000016  -6.2566047000000005  4.2396453 
53 16  -2.0581047000000003  -4.1573547  4.2396453 
53 17  0.04114530000000016  0.04114530000000016  -2.0581047000000003 
53 18  -1.0084797000000005  -5.2069797  -1.0084797 
53 19  -7.306229700000001  -7.3062297  1.0907703 
53 20  -2.0581047000000012  -2.0581047000000003  -2.0581047000000003 
53 21  0.041145299999999274  -2.0581047000000003  0.04114530000000016 
53 22  -2.0581047000000003  0.04114530000000016  0.04114530000000016 
53 23  0.041145299999999274  -4.1573547  2.1403953 
54 0  -3.1900202999999996  1.0084797000000005  -1.0084797 
54 1  -1.0907703  -1.0907703  1.0907703 
54 2  -4.2396453  -4.2396453  -2.0581047000000003 
54 3  -2.1403953  -4.2396453  0.04114530000000016 
54 4  -4.239645299999999  -2.1403953  0.04114530000000016 
54 5  -2.140395299999999  2.0581047000000003  2.1403953 
54 6  -3.1900202999999996  -3.1900203  3.1900203000000005 
54 7  -1.0907703  -5.2892703  -3.1077297 
54 8  -4.239645299999999  -0.04114530000000016  2.1403953 
54 9  -2.140395299999999  -0.04114530000000016  4.2396453 
54 10  -4.239645299999999  2.0581047000000003  4.2396453 
54 11  -2.1403953  -2.1403953  -2.0581047000000003 
54 12  1.0084797000000005  1.0084797000000005  3.1900203000000005 
54 13  -5.2892703  -1.0907703  -3.1077297 
54 14  -0.04114530000000016  -4.2396453  2.1403953 
54 15  2.0581047000000012  -4.2396453  4.2396453 
54 16  -0.041145299999999274  -2.1403953  4.2396453 
54 17  2.0581047000000012  2.0581047000000003  -2.0581047000000003 
54 18  1.0084797000000005  -3.1900203  -1.0084797 
54 19  -5.2892703  -5.2892703  1.0907703 
54 20  -0.04114530000000016  -0.04114530000000016  -2.0581047000000003 
54 21  2.0581047000000003  -0.04114530000000016  0.04114530000000016 
54 22  -0.041145299999999274  2.0581047000000003  0.04114530000000016 
54 23  2.0581047000000003  -2.1403953  2.1403953 
55 0  1.0907703  1.0907703000000009  -1.0907703 
55 1  3.1900202999999996  -1.0084796999999996  1.0084797 
55 2  0.041145299999999496  -4.1573547  -2.1403953 
55 3  2.1403953  -4.1573547  -0.04114529999999972 
55 4  0.04114529999999994  -2.0581046999999995  -0.04114529999999972 
55 5  2.1403953000000007  2.1403953000000007  2.0581047 
55 6  1.0907703  -3.1077296999999997  3.1077297000000006 
55 7  3.1900202999999996  -5.2069797  -3.1900203 
55 8  0.04114529999999994  0.04114530000000016  2.0581047 
55 9  2.1403953000000007  0.04114530000000016  4.157354700000001 
55 10  0.041145300000000384  2.1403953000000007  4.157354700000001 
55 11  2.1403953  -2.0581046999999995  -2.1403953 
55 12  5.2892703  1.0907703000000009  3.1077297000000006 
55 13  -1.0084797000000003  -1.0084796999999996  -3.1900203 
55 14  4.239645299999999  -4.1573547  2.0581047 
55 15  6.338895300000001  -4.1573547  4.157354700000001 
55 16  4.2396453  -2.0581046999999995  4.157354700000001 
55 17  6.338895300000001  2.1403953000000007  -2.1403953 
55 18  5.2892703  -3.1077296999999997  -1.0907703 
55 19  -1.0084797000000003  -5.2069797  1.0084797 
55 20  4.239645299999999  0.04114530000000016  -2.1403953 
55 21  6.3388953  0.04114530000000016  -0.04114529999999972 
55 22  4.2396453  2.1403953000000007  -0.04114529999999972 
55 23  6.3388953  -2.0581046999999995  2.0581047 