 8.397  0  0  5.141679586220163e-16  8.397  0  5.141679586220163e-16  0.0  8.397 
5
0 24  1.0924497  1.0924496999999995  1.0924497 
0 25  -1.0068003000000003  -3.1916997000000005  -1.0068003 
0 26  3.1060503000000006  1.0924496999999995  3.1060503 
0 27  1.0924497  -5.2909497000000005  3.1060503 
0 28  1.0068002999999996  -5.205300300000001  -1.0068003 
0 29  1.0068002999999996  -3.1916997000000005  1.0068003 
0 30  -1.0068003000000003  -5.205300300000001  1.0068003 
0 31  3.1060502999999997  -5.2909497000000005  1.0924497 
0 32  1.0924497  -3.1060503000000006  5.2909497000000005 
0 33  -1.0068002999999999  1.0068002999999992  3.1916997000000005 
0 34  3.1060502999999997  -3.1060503000000006  -1.0924497 
0 35  1.0924497  -1.0924497000000004  -1.0924497 
0 36  1.0068003000000005  -1.0068003  3.1916997000000005 
0 37  1.0068003000000005  1.0068002999999992  5.205300299999999 
0 38  -1.0068002999999999  -1.0068003  5.205300299999999 
0 39  3.1060503000000006  -1.0924497000000004  5.2909497000000005 
0 40  5.290949700000001  1.0924496999999995  5.2909497000000005 
0 41  3.1916997  -3.1916997000000005  3.1916997000000005 
0 42  -1.0924497  1.0924496999999995  -1.0924497 
0 43  5.2909497  -5.2909497000000005  -1.0924497 
0 44  5.205300299999999  -5.205300300000001  3.1916997000000005 
0 45  5.2053003  -3.1916997000000005  5.205300299999999 
0 46  3.191699700000001  -5.205300300000001  5.205300299999999 
0 47  -1.0924497  -5.2909497000000005  5.2909497000000005 
0 48  5.2909497  -3.1060503000000006  1.0924497 
0 49  3.191699700000001  1.0068002999999992  -1.0068003 
0 50  -1.0924497  -3.1060503000000006  3.1060503 
0 51  5.2909497  -1.0924497000000004  3.1060503 
0 52  5.205300299999999  -1.0068003  -1.0068003 
0 53  5.2053003  1.0068002999999992  1.0068003 
0 54  3.1916997  -1.0068003  1.0068003 
0 55  -1.0924497  -1.0924497000000004  1.0924497 
1 24  -1.0068002999999996  3.1916997  -1.0068003 
1 25  -3.1060502999999997  -1.0924497  -3.1060503 
1 26  1.006800300000001  3.1916997  1.0068003 
1 27  -1.0068002999999996  -3.1916997  1.0068003 
1 28  -1.0924497  -3.1060503  -3.1060503 
1 29  -1.0924497  -1.0924497  -1.0924497 
1 30  -3.1060502999999997  -3.1060503  -1.0924497 
1 31  1.0068003  -3.1916997  -1.0068003 
1 32  -1.0068002999999996  -1.0068003  3.1916997 
1 33  -3.1060502999999997  3.1060502999999997  1.0924497000000004 
1 34  1.0068003  -1.0068003  -3.1916997 
1 35  -1.0068002999999996  1.0068003  -3.1916997 
1 36  -1.092449699999999  1.0924497000000004  1.0924497000000004 
1 37  -1.092449699999999  3.1060502999999997  3.1060502999999997 
1 38  -3.1060502999999997  1.0924497000000004  3.1060502999999997 
1 39  1.006800300000001  1.0068003  3.1916997 
1 40  3.191699700000002  3.1916997  3.1916997 
1 41  1.0924497000000004  -1.0924497  1.0924497000000004 
1 42  -3.1916996999999996  3.1916997  -3.1916997 
1 43  3.1916997  -3.1916997  -3.1916997 
1 44  3.1060502999999997  -3.1060503  1.0924497000000004 
1 45  3.1060503000000006  -1.0924497  3.1060502999999997 
1 46  1.0924497000000013  -3.1060503  3.1060502999999997 
1 47  -3.1916996999999996  -3.1916997  3.1916997 
1 48  3.1916997  -1.0068003  -1.0068003 
1 49  1.0924497000000013  3.1060502999999997  -3.1060503 
1 50  -3.1916996999999996  -1.0068003  1.0068003 
1 51  3.1916997  1.0068003  1.0068003 
1 52  3.1060502999999997  1.0924497000000004  -3.1060503 
1 53  3.1060503000000006  3.1060502999999997  -1.0924497 
1 54  1.0924497000000004  1.0924497000000004  -1.0924497 
1 55  -3.1916996999999996  1.0068003  -1.0068003 
2 24  2.1420747  6.3405747  2.1420747 
2 25  0.04282470000000016  2.0564253  0.04282469999999994 
2 26  4.155675300000001  6.3405747  4.1556753 
2 27  2.1420747  -0.04282469999999994  4.1556753 
2 28  2.0564253  0.04282469999999994  0.04282469999999994 
2 29  2.0564253  2.0564253  2.0564253 
2 30  0.04282470000000016  0.04282469999999994  2.0564253 
2 31  4.1556753  -0.04282469999999994  2.1420747 
2 32  2.1420747  2.1420747  6.3405747 
2 33  0.042824700000000604  6.2549253  4.241324700000001 
2 34  4.1556753  2.1420747  -0.04282469999999994 
2 35  2.1420747  4.1556753  -0.04282469999999994 
2 36  2.056425300000001  4.241324700000001  4.241324700000001 
2 37  2.056425300000001  6.2549253  6.2549253 
2 38  0.042824700000000604  4.241324700000001  6.2549253 
2 39  4.155675300000001  4.1556753  6.3405747 
2 40  6.340574700000002  6.3405747  6.3405747 
2 41  4.241324700000001  2.0564253  4.241324700000001 
2 42  -0.042824699999999494  6.3405747  -0.04282469999999994 
2 43  6.3405747  -0.04282469999999994  -0.04282469999999994 
2 44  6.2549253  0.04282469999999994  4.241324700000001 
2 45  6.254925300000001  2.0564253  6.2549253 
2 46  4.241324700000002  0.04282469999999994  6.2549253 
2 47  -0.042824699999999494  -0.04282469999999994  6.3405747 
2 48  6.3405747  2.1420747  2.1420747 
2 49  4.241324700000002  6.2549253  0.04282469999999994 
2 50  -0.042824699999999494  2.1420747  4.1556753 
2 51  6.3405747  4.1556753  4.1556753 
2 52  6.2549253  4.241324700000001  0.04282469999999994 
2 53  6.254925300000001  6.2549253  2.0564253 
2 54  4.241324700000001  4.241324700000001  2.0564253 
2 55  -0.042824699999999494  4.1556753  2.1420747 
3 24  0.04282470000000016  6.3405747  0.042824699999999716 
3 25  -2.0564253  2.0564253  -2.0564253000000003 
3 26  2.056425300000001  6.3405747  2.0564253 
3 27  0.04282470000000016  -0.04282469999999994  2.0564253 
3 28  -0.04282470000000016  0.04282469999999994  -2.0564253000000003 
3 29  -0.04282470000000016  2.0564253  -0.04282470000000016 
3 30  -2.0564253  0.04282469999999994  -0.04282470000000016 
3 31  2.0564253  -0.04282469999999994  0.042824699999999716 
3 32  0.04282470000000016  2.1420747  4.2413247 
3 33  -2.0564253  6.2549253  2.1420747 
3 34  2.0564253  2.1420747  -2.1420747 
3 35  0.04282470000000016  4.1556753  -2.1420747 
3 36  -0.04282469999999927  4.241324700000001  2.1420747 
3 37  -0.04282469999999927  6.2549253  4.1556752999999995 
3 38  -2.0564253  4.241324700000001  4.1556752999999995 
3 39  2.056425300000001  4.1556753  4.2413247 
3 40  4.241324700000002  6.3405747  4.2413247 
3 41  2.1420747  2.0564253  2.1420747 
3 42  -2.1420746999999998  6.3405747  -2.1420747 
3 43  4.2413247  -0.04282469999999994  -2.1420747 
3 44  4.1556752999999995  0.04282469999999994  2.1420747 
3 45  4.1556753  2.0564253  4.1556752999999995 
3 46  2.142074700000001  0.04282469999999994  4.1556752999999995 
3 47  -2.1420746999999998  -0.04282469999999994  4.2413247 
3 48  4.2413247  2.1420747  0.042824699999999716 
3 49  2.142074700000001  6.2549253  -2.0564253000000003 
3 50  -2.1420746999999998  2.1420747  2.0564253 
3 51  4.2413247  4.1556753  2.0564253 
3 52  4.1556752999999995  4.241324700000001  -2.0564253000000003 
3 53  4.1556753  6.2549253  -0.04282470000000016 
3 54  2.1420747  4.241324700000001  -0.04282470000000016 
3 55  -2.1420746999999998  4.1556753  0.042824699999999716 
4 24  2.1420747  4.2413247  0.042824699999999716 
4 25  0.042824699999999716  -0.04282470000000016  -2.0564253000000003 
4 26  4.1556753  4.2413247  2.0564253 
4 27  2.1420747  -2.1420747  2.0564253 
4 28  2.0564253  -2.0564253000000003  -2.0564253000000003 
4 29  2.0564253  -0.04282470000000016  -0.04282470000000016 
4 30  0.042824699999999716  -2.0564253000000003  -0.04282470000000016 
4 31  4.1556752999999995  -2.1420747  0.042824699999999716 
4 32  2.1420747  0.042824699999999716  4.2413247 
4 33  0.04282470000000016  4.1556752999999995  2.1420747 
4 34  4.1556752999999995  0.042824699999999716  -2.1420747 
4 35  2.1420747  2.0564253  -2.1420747 
4 36  2.056425300000001  2.1420747  2.1420747 
4 37  2.056425300000001  4.1556752999999995  4.1556752999999995 
4 38  0.04282470000000016  2.1420747  4.1556752999999995 
4 39  4.1556753  2.0564253  4.2413247 
4 40  6.340574700000001  4.2413247  4.2413247 
4 41  4.2413247  -0.04282470000000016  2.1420747 
4 42  -0.04282469999999994  4.2413247  -2.1420747 
4 43  6.3405746999999995  -2.1420747  -2.1420747 
4 44  6.254925299999999  -2.0564253000000003  2.1420747 
4 45  6.2549253  -0.04282470000000016  4.1556752999999995 
4 46  4.241324700000001  -2.0564253000000003  4.1556752999999995 
4 47  -0.04282469999999994  -2.1420747  4.2413247 
4 48  6.3405746999999995  0.042824699999999716  0.042824699999999716 
4 49  4.241324700000001  4.1556752999999995  -2.0564253000000003 
4 50  -0.04282469999999994  0.042824699999999716  2.0564253 
4 51  6.3405746999999995  2.0564253  2.0564253 
4 52  6.254925299999999  2.1420747  -2.0564253000000003 
4 53  6.2549253  4.1556752999999995  -0.04282470000000016 
4 54  4.2413247  2.1420747  -0.04282470000000016 
4 55  -0.04282469999999994  2.0564253  0.042824699999999716 
5 24  0.04282469999999927  0.042824699999999716  -2.0564253 
5 25  -2.056425300000001  -4.2413247  -4.1556753 
5 26  2.0564253  0.042824699999999716  -0.042824699999999716 
5 27  0.04282469999999927  -6.3405747  -0.042824699999999716 
5 28  -0.04282470000000105  -6.2549253  -4.1556753 
5 29  -0.04282470000000105  -4.2413247  -2.1420746999999998 
5 30  -2.056425300000001  -6.2549253  -2.1420746999999998 
5 31  2.056425299999999  -6.3405747  -2.0564253 
5 32  0.04282469999999927  -4.1556753  2.1420747 
5 33  -2.056425300000001  -0.042824700000000604  0.042824700000000604 
5 34  2.056425299999999  -4.1556753  -4.2413247 
5 35  0.04282469999999927  -2.1420747  -4.2413247 
5 36  -0.04282470000000016  -2.0564253  0.042824700000000604 
5 37  -0.04282470000000016  -0.042824700000000604  2.0564253 
5 38  -2.056425300000001  -2.0564253  2.0564253 
5 39  2.0564253  -2.1420747  2.1420747 
5 40  4.241324700000001  0.042824699999999716  2.1420747 
5 41  2.1420746999999993  -4.2413247  0.042824700000000604 
5 42  -2.1420747000000007  0.042824699999999716  -4.2413247 
5 43  4.241324699999999  -6.3405747  -4.2413247 
5 44  4.155675299999999  -6.2549253  0.042824700000000604 
5 45  4.1556752999999995  -4.2413247  2.0564253 
5 46  2.1420747  -6.2549253  2.0564253 
5 47  -2.1420747000000007  -6.3405747  2.1420747 
5 48  4.241324699999999  -4.1556753  -2.0564253 
5 49  2.1420747  -0.042824700000000604  -4.1556753 
5 50  -2.1420747000000007  -4.1556753  -0.042824699999999716 
5 51  4.241324699999999  -2.1420747  -0.042824699999999716 
5 52  4.155675299999999  -2.0564253  -4.1556753 
5 53  4.1556752999999995  -0.042824700000000604  -2.1420746999999998 
5 54  2.1420746999999993  -2.0564253  -2.1420746999999998 
5 55  -2.1420747000000007  -2.1420747  -2.0564253 
6 24  1.0924497  5.2909497000000005  -3.1060503000000006 
6 25  -1.0068003000000003  1.0068003  -5.205300300000001 
6 26  3.1060503000000006  5.2909497000000005  -1.0924497000000004 
6 27  1.0924497  -1.0924497  -1.0924497000000004 
6 28  1.0068002999999996  -1.0068003  -5.205300300000001 
6 29  1.0068002999999996  1.0068003  -3.1916997000000005 
6 30  -1.0068003000000003  -1.0068003  -3.1916997000000005 
6 31  3.1060502999999997  -1.0924497  -3.1060503000000006 
6 32  1.0924497  1.0924497  1.0924496999999995 
6 33  -1.0068002999999999  5.205300299999999  -1.0068003 
6 34  3.1060502999999997  1.0924497  -5.2909497000000005 
6 35  1.0924497  3.1060503  -5.2909497000000005 
6 36  1.0068003000000005  3.1916997000000005  -1.0068003 
6 37  1.0068003000000005  5.205300299999999  1.0068002999999992 
6 38  -1.0068002999999999  3.1916997000000005  1.0068002999999992 
6 39  3.1060503000000006  3.1060503  1.0924496999999995 
6 40  5.290949700000001  5.2909497000000005  1.0924496999999995 
6 41  3.1916997  1.0068003  -1.0068003 
6 42  -1.0924497  5.2909497000000005  -5.2909497000000005 
6 43  5.2909497  -1.0924497  -5.2909497000000005 
6 44  5.205300299999999  -1.0068003  -1.0068003 
6 45  5.2053003  1.0068003  1.0068002999999992 
6 46  3.191699700000001  -1.0068003  1.0068002999999992 
6 47  -1.0924497  -1.0924497  1.0924496999999995 
6 48  5.2909497  1.0924497  -3.1060503000000006 
6 49  3.191699700000001  5.205300299999999  -5.205300300000001 
6 50  -1.0924497  1.0924497  -1.0924497000000004 
6 51  5.2909497  3.1060503  -1.0924497000000004 
6 52  5.205300299999999  3.1916997000000005  -5.205300300000001 
6 53  5.2053003  5.205300299999999  -3.1916997000000005 
6 54  3.1916997  3.1916997000000005  -3.1916997000000005 
6 55  -1.0924497  3.1060503  -3.1060503000000006 
7 24  -1.0068002999999996  7.3901997  3.1916997 
7 25  -3.1060502999999997  3.1060503  1.0924497 
7 26  1.006800300000001  7.3901997  5.2053003 
7 27  -1.0068002999999996  1.0068003  5.2053003 
7 28  -1.0924497  1.0924497  1.0924497 
7 29  -1.0924497  3.1060503  3.1060503 
7 30  -3.1060502999999997  1.0924497  3.1060503 
7 31  1.0068003  1.0068003  3.1916997 
7 32  -1.0068002999999996  3.1916997  7.3901997 
7 33  -3.1060502999999997  7.3045503  5.2909497000000005 
7 34  1.0068003  3.1916997  1.0068003 
7 35  -1.0068002999999996  5.2053003  1.0068003 
7 36  -1.092449699999999  5.2909497000000005  5.2909497000000005 
7 37  -1.092449699999999  7.3045503  7.3045503 
7 38  -3.1060502999999997  5.2909497000000005  7.3045503 
7 39  1.006800300000001  5.2053003  7.3901997 
7 40  3.191699700000002  7.3901997  7.3901997 
7 41  1.0924497000000004  3.1060503  5.2909497000000005 
7 42  -3.1916996999999996  7.3901997  1.0068003 
7 43  3.1916997  1.0068003  1.0068003 
7 44  3.1060502999999997  1.0924497  5.2909497000000005 
7 45  3.1060503000000006  3.1060503  7.3045503 
7 46  1.0924497000000013  1.0924497  7.3045503 
7 47  -3.1916996999999996  1.0068003  7.3901997 
7 48  3.1916997  3.1916997  3.1916997 
7 49  1.0924497000000013  7.3045503  1.0924497 
7 50  -3.1916996999999996  3.1916997  5.2053003 
7 51  3.1916997  5.2053003  5.2053003 
7 52  3.1060502999999997  5.2909497000000005  1.0924497 
7 53  3.1060503000000006  7.3045503  3.1060503 
7 54  1.0924497000000004  5.2909497000000005  3.1060503 
7 55  -3.1916996999999996  5.2053003  3.1916997 
8 24  2.1420747  2.1420747  -2.0564253 
8 25  0.042824699999999716  -2.1420746999999998  -4.1556753 
8 26  4.1556753  2.1420747  -0.042824699999999716 
8 27  2.1420747  -4.2413247  -0.042824699999999716 
8 28  2.0564253  -4.1556753  -4.1556753 
8 29  2.0564253  -2.1420746999999998  -2.1420746999999998 
8 30  0.042824699999999716  -4.1556753  -2.1420746999999998 
8 31  4.1556752999999995  -4.2413247  -2.0564253 
8 32  2.1420747  -2.0564253  2.1420747 
8 33  0.04282470000000016  2.0564253  0.042824700000000604 
8 34  4.1556752999999995  -2.0564253  -4.2413247 
8 35  2.1420747  -0.042824699999999716  -4.2413247 
8 36  2.056425300000001  0.042824700000000604  0.042824700000000604 
8 37  2.056425300000001  2.0564253  2.0564253 
8 38  0.04282470000000016  0.042824700000000604  2.0564253 
8 39  4.1556753  -0.042824699999999716  2.1420747 
8 40  6.340574700000001  2.1420747  2.1420747 
8 41  4.2413247  -2.1420746999999998  0.042824700000000604 
8 42  -0.04282469999999994  2.1420747  -4.2413247 
8 43  6.3405746999999995  -4.2413247  -4.2413247 
8 44  6.254925299999999  -4.1556753  0.042824700000000604 
8 45  6.2549253  -2.1420746999999998  2.0564253 
8 46  4.241324700000001  -4.1556753  2.0564253 
8 47  -0.04282469999999994  -4.2413247  2.1420747 
8 48  6.3405746999999995  -2.0564253  -2.0564253 
8 49  4.241324700000001  2.0564253  -4.1556753 
8 50  -0.04282469999999994  -2.0564253  -0.042824699999999716 
8 51  6.3405746999999995  -0.042824699999999716  -0.042824699999999716 
8 52  6.254925299999999  0.042824700000000604  -4.1556753 
8 53  6.2549253  2.0564253  -2.1420746999999998 
8 54  4.2413247  0.042824700000000604  -2.1420746999999998 
8 55  -0.04282469999999994  -0.042824699999999716  -2.0564253 
9 24  0.04282469999999927  2.1420747  -4.1556753 
9 25  -2.056425300000001  -2.1420746999999998  -6.2549253 
9 26  2.0564253  2.1420747  -2.1420747 
9 27  0.04282469999999927  -4.2413247  -2.1420747 
9 28  -0.04282470000000105  -4.1556753  -6.2549253 
9 29  -0.04282470000000105  -2.1420746999999998  -4.2413247 
9 30  -2.056425300000001  -4.1556753  -4.2413247 
9 31  2.056425299999999  -4.2413247  -4.1556753 
9 32  0.04282469999999927  -2.0564253  0.042824699999999716 
9 33  -2.056425300000001  2.0564253  -2.0564253 
9 34  2.056425299999999  -2.0564253  -6.3405747 
9 35  0.04282469999999927  -0.042824699999999716  -6.3405747 
9 36  -0.04282470000000016  0.042824700000000604  -2.0564253 
9 37  -0.04282470000000016  2.0564253  -0.042824700000000604 
9 38  -2.056425300000001  0.042824700000000604  -0.042824700000000604 
9 39  2.0564253  -0.042824699999999716  0.042824699999999716 
9 40  4.241324700000001  2.1420747  0.042824699999999716 
9 41  2.1420746999999993  -2.1420746999999998  -2.0564253 
9 42  -2.1420747000000007  2.1420747  -6.3405747 
9 43  4.241324699999999  -4.2413247  -6.3405747 
9 44  4.155675299999999  -4.1556753  -2.0564253 
9 45  4.1556752999999995  -2.1420746999999998  -0.042824700000000604 
9 46  2.1420747  -4.1556753  -0.042824700000000604 
9 47  -2.1420747000000007  -4.2413247  0.042824699999999716 
9 48  4.241324699999999  -2.0564253  -4.1556753 
9 49  2.1420747  2.0564253  -6.2549253 
9 50  -2.1420747000000007  -2.0564253  -2.1420747 
9 51  4.241324699999999  -0.042824699999999716  -2.1420747 
9 52  4.155675299999999  0.042824700000000604  -6.2549253 
9 53  4.1556752999999995  2.0564253  -4.2413247 
9 54  2.1420746999999993  0.042824700000000604  -4.2413247 
9 55  -2.1420747000000007  -0.042824699999999716  -4.1556753 
10 24  2.1420746999999993  0.042824699999999716  -4.1556753 
10 25  0.04282469999999927  -4.2413247  -6.2549253 
10 26  4.1556753  0.042824699999999716  -2.1420747 
10 27  2.1420746999999993  -6.3405747  -2.1420747 
10 28  2.056425299999999  -6.2549253  -6.2549253 
10 29  2.056425299999999  -4.2413247  -4.2413247 
10 30  0.04282469999999927  -6.2549253  -4.2413247 
10 31  4.1556752999999995  -6.3405747  -4.1556753 
10 32  2.1420746999999993  -4.1556753  0.042824699999999716 
10 33  0.042824699999999716  -0.042824700000000604  -2.0564253 
10 34  4.1556752999999995  -4.1556753  -6.3405747 
10 35  2.1420746999999993  -2.1420747  -6.3405747 
10 36  2.0564253  -2.0564253  -2.0564253 
10 37  2.0564253  -0.042824700000000604  -0.042824700000000604 
10 38  0.042824699999999716  -2.0564253  -0.042824700000000604 
10 39  4.1556753  -2.1420747  0.042824699999999716 
10 40  6.340574700000001  0.042824699999999716  0.042824699999999716 
10 41  4.2413247  -4.2413247  -2.0564253 
10 42  -0.04282470000000038  0.042824699999999716  -6.3405747 
10 43  6.3405746999999995  -6.3405747  -6.3405747 
10 44  6.254925299999999  -6.2549253  -2.0564253 
10 45  6.2549253  -4.2413247  -0.042824700000000604 
10 46  4.241324700000001  -6.2549253  -0.042824700000000604 
10 47  -0.04282470000000038  -6.3405747  0.042824699999999716 
10 48  6.3405746999999995  -4.1556753  -4.1556753 
10 49  4.241324700000001  -0.042824700000000604  -6.2549253 
10 50  -0.04282470000000038  -4.1556753  -2.1420747 
10 51  6.3405746999999995  -2.1420747  -2.1420747 
10 52  6.254925299999999  -2.0564253  -6.2549253 
10 53  6.2549253  -0.042824700000000604  -4.2413247 
10 54  4.2413247  -2.0564253  -4.2413247 
10 55  -0.04282470000000038  -2.1420747  -4.1556753 
11 24  0.04282470000000016  4.2413247  2.1420747 
11 25  -2.0564253  -0.04282470000000016  0.04282469999999994 
11 26  2.056425300000001  4.2413247  4.1556753 
11 27  0.04282470000000016  -2.1420747  4.1556753 
11 28  -0.04282470000000016  -2.0564253000000003  0.04282469999999994 
11 29  -0.04282470000000016  -0.04282470000000016  2.0564253 
11 30  -2.0564253  -2.0564253000000003  2.0564253 
11 31  2.0564253  -2.1420747  2.1420747 
11 32  0.04282470000000016  0.042824699999999716  6.3405747 
11 33  -2.0564253  4.1556752999999995  4.241324700000001 
11 34  2.0564253  0.042824699999999716  -0.04282469999999994 
11 35  0.04282470000000016  2.0564253  -0.04282469999999994 
11 36  -0.04282469999999927  2.1420747  4.241324700000001 
11 37  -0.04282469999999927  4.1556752999999995  6.2549253 
11 38  -2.0564253  2.1420747  6.2549253 
11 39  2.056425300000001  2.0564253  6.3405747 
11 40  4.241324700000002  4.2413247  6.3405747 
11 41  2.1420747  -0.04282470000000016  4.241324700000001 
11 42  -2.1420746999999998  4.2413247  -0.04282469999999994 
11 43  4.2413247  -2.1420747  -0.04282469999999994 
11 44  4.1556752999999995  -2.0564253000000003  4.241324700000001 
11 45  4.1556753  -0.04282470000000016  6.2549253 
11 46  2.142074700000001  -2.0564253000000003  6.2549253 
11 47  -2.1420746999999998  -2.1420747  6.3405747 
11 48  4.2413247  0.042824699999999716  2.1420747 
11 49  2.142074700000001  4.1556752999999995  0.04282469999999994 
11 50  -2.1420746999999998  0.042824699999999716  4.1556753 
11 51  4.2413247  2.0564253  4.1556753 
11 52  4.1556752999999995  2.1420747  0.04282469999999994 
11 53  4.1556753  4.1556752999999995  2.0564253 
11 54  2.1420747  2.1420747  2.0564253 
11 55  -2.1420746999999998  2.0564253  2.1420747 
12 24  -3.1060503  1.0924496999999995  -3.1060503000000006 
12 25  -5.2053003  -3.1916997000000005  -5.205300300000001 
12 26  -1.0924496999999995  1.0924496999999995  -1.0924497000000004 
12 27  -3.1060503  -5.2909497000000005  -1.0924497000000004 
12 28  -3.1916997000000005  -5.205300300000001  -5.205300300000001 
12 29  -3.1916997000000005  -3.1916997000000005  -3.1916997000000005 
12 30  -5.2053003  -5.205300300000001  -3.1916997000000005 
12 31  -1.0924497000000004  -5.2909497000000005  -3.1060503000000006 
12 32  -3.1060503  -3.1060503000000006  1.0924496999999995 
12 33  -5.2053003  1.0068002999999992  -1.0068003 
12 34  -1.0924497000000004  -3.1060503000000006  -5.2909497000000005 
12 35  -3.1060503  -1.0924497000000004  -5.2909497000000005 
12 36  -3.1916996999999996  -1.0068003  -1.0068003 
12 37  -3.1916996999999996  1.0068002999999992  1.0068002999999992 
12 38  -5.2053003  -1.0068003  1.0068002999999992 
12 39  -1.0924496999999995  -1.0924497000000004  1.0924496999999995 
12 40  1.0924497000000013  1.0924496999999995  1.0924496999999995 
12 41  -1.0068003  -3.1916997000000005  -1.0068003 
12 42  -5.2909497000000005  1.0924496999999995  -5.2909497000000005 
12 43  1.0924496999999995  -5.2909497000000005  -5.2909497000000005 
12 44  1.0068002999999992  -5.205300300000001  -1.0068003 
12 45  1.0068003  -3.1916997000000005  1.0068002999999992 
12 46  -1.0068002999999992  -5.205300300000001  1.0068002999999992 
12 47  -5.2909497000000005  -5.2909497000000005  1.0924496999999995 
12 48  1.0924496999999995  -3.1060503000000006  -3.1060503000000006 
12 49  -1.0068002999999992  1.0068002999999992  -5.205300300000001 
12 50  -5.2909497000000005  -3.1060503000000006  -1.0924497000000004 
12 51  1.0924496999999995  -1.0924497000000004  -1.0924497000000004 
12 52  1.0068002999999992  -1.0068003  -5.205300300000001 
12 53  1.0068003  1.0068002999999992  -3.1916997000000005 
12 54  -1.0068003  -1.0068003  -3.1916997000000005 
12 55  -5.2909497000000005  -1.0924497000000004  -3.1060503000000006 
13 24  3.1916997  3.1916997  3.1916997 
13 25  1.0924497  -1.0924497  1.0924497 
13 26  5.205300300000001  3.1916997  5.2053003 
13 27  3.1916997  -3.1916997  5.2053003 
13 28  3.1060502999999997  -3.1060503  1.0924497 
13 29  3.1060502999999997  -1.0924497  3.1060503 
13 30  1.0924497  -3.1060503  3.1060503 
13 31  5.2053003  -3.1916997  3.1916997 
13 32  3.1916997  -1.0068003  7.3901997 
13 33  1.0924497000000004  3.1060502999999997  5.2909497000000005 
13 34  5.2053003  -1.0068003  1.0068003 
13 35  3.1916997  1.0068003  1.0068003 
13 36  3.1060503000000006  1.0924497000000004  5.2909497000000005 
13 37  3.1060503000000006  3.1060502999999997  7.3045503 
13 38  1.0924497000000004  1.0924497000000004  7.3045503 
13 39  5.205300300000001  1.0068003  7.3901997 
13 40  7.390199700000002  3.1916997  7.3901997 
13 41  5.2909497000000005  -1.0924497  5.2909497000000005 
13 42  1.0068003000000003  3.1916997  1.0068003 
13 43  7.3901997  -3.1916997  1.0068003 
13 44  7.3045503  -3.1060503  5.2909497000000005 
13 45  7.304550300000001  -1.0924497  7.3045503 
13 46  5.290949700000001  -3.1060503  7.3045503 
13 47  1.0068003000000003  -3.1916997  7.3901997 
13 48  7.3901997  -1.0068003  3.1916997 
13 49  5.290949700000001  3.1060502999999997  1.0924497 
13 50  1.0068003000000003  -1.0068003  5.2053003 
13 51  7.3901997  1.0068003  5.2053003 
13 52  7.3045503  1.0924497000000004  1.0924497 
13 53  7.304550300000001  3.1060502999999997  3.1060503 
13 54  5.2909497000000005  1.0924497000000004  3.1060503 
13 55  1.0068003000000003  1.0068003  3.1916997 
14 24  -2.0564252999999995  6.3405747  -2.0564253 
14 25  -4.1556752999999995  2.0564253  -4.1556753 
14 26  -0.04282469999999883  6.3405747  -0.042824699999999716 
14 27  -2.0564252999999995  -0.04282469999999994  -0.042824699999999716 
14 28  -2.1420746999999998  0.04282469999999994  -4.1556753 
14 29  -2.1420746999999998  2.0564253  -2.1420746999999998 
14 30  -4.1556752999999995  0.04282469999999994  -2.1420746999999998 
14 31  -0.042824699999999716  -0.04282469999999994  -2.0564253 
14 32  -2.0564252999999995  2.1420747  2.1420747 
14 33  -4.1556752999999995  6.2549253  0.042824700000000604 
14 34  -0.042824699999999716  2.1420747  -4.2413247 
14 35  -2.0564252999999995  4.1556753  -4.2413247 
14 36  -2.142074699999999  4.241324700000001  0.042824700000000604 
14 37  -2.142074699999999  6.2549253  2.0564253 
14 38  -4.1556752999999995  4.241324700000001  2.0564253 
14 39  -0.04282469999999883  4.1556753  2.1420747 
14 40  2.142074700000002  6.3405747  2.1420747 
14 41  0.042824700000000604  2.0564253  0.042824700000000604 
14 42  -4.2413247  6.3405747  -4.2413247 
14 43  2.1420747  -0.04282469999999994  -4.2413247 
14 44  2.0564253  0.04282469999999994  0.042824700000000604 
14 45  2.056425300000001  2.0564253  2.0564253 
14 46  0.04282470000000149  0.04282469999999994  2.0564253 
14 47  -4.2413247  -0.04282469999999994  2.1420747 
14 48  2.1420747  2.1420747  -2.0564253 
14 49  0.04282470000000149  6.2549253  -4.1556753 
14 50  -4.2413247  2.1420747  -0.042824699999999716 
14 51  2.1420747  4.1556753  -0.042824699999999716 
14 52  2.0564253  4.241324700000001  -4.1556753 
14 53  2.056425300000001  6.2549253  -2.1420746999999998 
14 54  0.042824700000000604  4.241324700000001  -2.1420746999999998 
14 55  -4.2413247  4.1556753  -2.0564253 
15 24  -4.1556753  6.3405747  -4.1556753 
15 25  -6.254925300000001  2.0564253  -6.2549253 
15 26  -2.1420747  6.3405747  -2.1420747 
15 27  -4.1556753  -0.04282469999999994  -2.1420747 
15 28  -4.241324700000002  0.04282469999999994  -6.2549253 
15 29  -4.241324700000002  2.0564253  -4.2413247 
15 30  -6.254925300000001  0.04282469999999994  -4.2413247 
15 31  -2.142074700000001  -0.04282469999999994  -4.1556753 
15 32  -4.1556753  2.1420747  0.042824699999999716 
15 33  -6.254925300000001  6.2549253  -2.0564253 
15 34  -2.142074700000001  2.1420747  -6.3405747 
15 35  -4.1556753  4.1556753  -6.3405747 
15 36  -4.2413247  4.241324700000001  -2.0564253 
15 37  -4.2413247  6.2549253  -0.042824700000000604 
15 38  -6.254925300000001  4.241324700000001  -0.042824700000000604 
15 39  -2.1420747  4.1556753  0.042824699999999716 
15 40  0.042824700000000604  6.3405747  0.042824699999999716 
15 41  -2.056425300000001  2.0564253  -2.0564253 
15 42  -6.340574700000001  6.3405747  -6.3405747 
15 43  0.04282469999999883  -0.04282469999999994  -6.3405747 
15 44  -0.04282470000000149  0.04282469999999994  -2.0564253 
15 45  -0.042824700000000604  2.0564253  -0.042824700000000604 
15 46  -2.0564253  0.04282469999999994  -0.042824700000000604 
15 47  -6.340574700000001  -0.04282469999999994  0.042824699999999716 
15 48  0.04282469999999883  2.1420747  -4.1556753 
15 49  -2.0564253  6.2549253  -6.2549253 
15 50  -6.340574700000001  2.1420747  -2.1420747 
15 51  0.04282469999999883  4.1556753  -2.1420747 
15 52  -0.04282470000000149  4.241324700000001  -6.2549253 
15 53  -0.042824700000000604  6.2549253  -4.2413247 
15 54  -2.056425300000001  4.241324700000001  -4.2413247 
15 55  -6.340574700000001  4.1556753  -4.1556753 
16 24  -2.0564253000000003  4.2413247  -4.1556753 
16 25  -4.1556753  -0.04282470000000016  -6.2549253 
16 26  -0.042824699999999716  4.2413247  -2.1420747 
16 27  -2.0564253000000003  -2.1420747  -2.1420747 
16 28  -2.1420747000000007  -2.0564253000000003  -6.2549253 
16 29  -2.1420747000000007  -0.04282470000000016  -4.2413247 
16 30  -4.1556753  -2.0564253000000003  -4.2413247 
16 31  -0.042824700000000604  -2.1420747  -4.1556753 
16 32  -2.0564253000000003  0.042824699999999716  0.042824699999999716 
16 33  -4.1556753  4.1556752999999995  -2.0564253 
16 34  -0.042824700000000604  0.042824699999999716  -6.3405747 
16 35  -2.0564253000000003  2.0564253  -6.3405747 
16 36  -2.1420746999999998  2.1420747  -2.0564253 
16 37  -2.1420746999999998  4.1556752999999995  -0.042824700000000604 
16 38  -4.1556753  2.1420747  -0.042824700000000604 
16 39  -0.042824699999999716  2.0564253  0.042824699999999716 
16 40  2.142074700000001  4.2413247  0.042824699999999716 
16 41  0.042824699999999716  -0.04282470000000016  -2.0564253 
16 42  -4.2413247  4.2413247  -6.3405747 
16 43  2.1420746999999993  -2.1420747  -6.3405747 
16 44  2.056425299999999  -2.0564253000000003  -2.0564253 
16 45  2.0564253  -0.04282470000000016  -0.042824700000000604 
16 46  0.042824700000000604  -2.0564253000000003  -0.042824700000000604 
16 47  -4.2413247  -2.1420747  0.042824699999999716 
16 48  2.1420746999999993  0.042824699999999716  -4.1556753 
16 49  0.042824700000000604  4.1556752999999995  -6.2549253 
16 50  -4.2413247  0.042824699999999716  -2.1420747 
16 51  2.1420746999999993  2.0564253  -2.1420747 
16 52  2.056425299999999  2.1420747  -6.2549253 
16 53  2.0564253  4.1556752999999995  -4.2413247 
16 54  0.042824699999999716  2.1420747  -4.2413247 
16 55  -4.2413247  2.0564253  -4.1556753 
17 24  -4.1556753  0.042824699999999716  2.1420747 
17 25  -6.254925300000001  -4.2413247  0.04282469999999994 
17 26  -2.1420747  0.042824699999999716  4.1556753 
17 27  -4.1556753  -6.3405747  4.1556753 
17 28  -4.241324700000002  -6.2549253  0.04282469999999994 
17 29  -4.241324700000002  -4.2413247  2.0564253 
17 30  -6.254925300000001  -6.2549253  2.0564253 
17 31  -2.142074700000001  -6.3405747  2.1420747 
17 32  -4.1556753  -4.1556753  6.3405747 
17 33  -6.254925300000001  -0.042824700000000604  4.241324700000001 
17 34  -2.142074700000001  -4.1556753  -0.04282469999999994 
17 35  -4.1556753  -2.1420747  -0.04282469999999994 
17 36  -4.2413247  -2.0564253  4.241324700000001 
17 37  -4.2413247  -0.042824700000000604  6.2549253 
17 38  -6.254925300000001  -2.0564253  6.2549253 
17 39  -2.1420747  -2.1420747  6.3405747 
17 40  0.042824700000000604  0.042824699999999716  6.3405747 
17 41  -2.056425300000001  -4.2413247  4.241324700000001 
17 42  -6.340574700000001  0.042824699999999716  -0.04282469999999994 
17 43  0.04282469999999883  -6.3405747  -0.04282469999999994 
17 44  -0.04282470000000149  -6.2549253  4.241324700000001 
17 45  -0.042824700000000604  -4.2413247  6.2549253 
17 46  -2.0564253  -6.2549253  6.2549253 
17 47  -6.340574700000001  -6.3405747  6.3405747 
17 48  0.04282469999999883  -4.1556753  2.1420747 
17 49  -2.0564253  -0.042824700000000604  0.04282469999999994 
17 50  -6.340574700000001  -4.1556753  4.1556753 
17 51  0.04282469999999883  -2.1420747  4.1556753 
17 52  -0.04282470000000149  -2.0564253  0.04282469999999994 
17 53  -0.042824700000000604  -0.042824700000000604  2.0564253 
17 54  -2.056425300000001  -2.0564253  2.0564253 
17 55  -6.340574700000001  -2.1420747  2.1420747 
18 24  -3.1060503  5.2909497000000005  1.0924497 
18 25  -5.2053003  1.0068003  -1.0068003 
18 26  -1.0924496999999995  5.2909497000000005  3.1060503 
18 27  -3.1060503  -1.0924497  3.1060503 
18 28  -3.1916997000000005  -1.0068003  -1.0068003 
18 29  -3.1916997000000005  1.0068003  1.0068003 
18 30  -5.2053003  -1.0068003  1.0068003 
18 31  -1.0924497000000004  -1.0924497  1.0924497 
18 32  -3.1060503  1.0924497  5.2909497000000005 
18 33  -5.2053003  5.205300299999999  3.1916997000000005 
18 34  -1.0924497000000004  1.0924497  -1.0924497 
18 35  -3.1060503  3.1060503  -1.0924497 
18 36  -3.1916996999999996  3.1916997000000005  3.1916997000000005 
18 37  -3.1916996999999996  5.205300299999999  5.205300299999999 
18 38  -5.2053003  3.1916997000000005  5.205300299999999 
18 39  -1.0924496999999995  3.1060503  5.2909497000000005 
18 40  1.0924497000000013  5.2909497000000005  5.2909497000000005 
18 41  -1.0068003  1.0068003  3.1916997000000005 
18 42  -5.2909497000000005  5.2909497000000005  -1.0924497 
18 43  1.0924496999999995  -1.0924497  -1.0924497 
18 44  1.0068002999999992  -1.0068003  3.1916997000000005 
18 45  1.0068003  1.0068003  5.205300299999999 
18 46  -1.0068002999999992  -1.0068003  5.205300299999999 
18 47  -5.2909497000000005  -1.0924497  5.2909497000000005 
18 48  1.0924496999999995  1.0924497  1.0924497 
18 49  -1.0068002999999992  5.205300299999999  -1.0068003 
18 50  -5.2909497000000005  1.0924497  3.1060503 
18 51  1.0924496999999995  3.1060503  3.1060503 
18 52  1.0068002999999992  3.1916997000000005  -1.0068003 
18 53  1.0068003  5.205300299999999  1.0068003 
18 54  -1.0068003  3.1916997000000005  1.0068003 
18 55  -5.2909497000000005  3.1060503  1.0924497 
19 24  3.1916997  7.3901997  -1.0068003 
19 25  1.0924497  3.1060503  -3.1060503 
19 26  5.205300300000001  7.3901997  1.0068003 
19 27  3.1916997  1.0068003  1.0068003 
19 28  3.1060502999999997  1.0924497  -3.1060503 
19 29  3.1060502999999997  3.1060503  -1.0924497 
19 30  1.0924497  1.0924497  -1.0924497 
19 31  5.2053003  1.0068003  -1.0068003 
19 32  3.1916997  3.1916997  3.1916997 
19 33  1.0924497000000004  7.3045503  1.0924497000000004 
19 34  5.2053003  3.1916997  -3.1916997 
19 35  3.1916997  5.2053003  -3.1916997 
19 36  3.1060503000000006  5.2909497000000005  1.0924497000000004 
19 37  3.1060503000000006  7.3045503  3.1060502999999997 
19 38  1.0924497000000004  5.2909497000000005  3.1060502999999997 
19 39  5.205300300000001  5.2053003  3.1916997 
19 40  7.390199700000002  7.3901997  3.1916997 
19 41  5.2909497000000005  3.1060503  1.0924497000000004 
19 42  1.0068003000000003  7.3901997  -3.1916997 
19 43  7.3901997  1.0068003  -3.1916997 
19 44  7.3045503  1.0924497  1.0924497000000004 
19 45  7.304550300000001  3.1060503  3.1060502999999997 
19 46  5.290949700000001  1.0924497  3.1060502999999997 
19 47  1.0068003000000003  1.0068003  3.1916997 
19 48  7.3901997  3.1916997  -1.0068003 
19 49  5.290949700000001  7.3045503  -3.1060503 
19 50  1.0068003000000003  3.1916997  1.0068003 
19 51  7.3901997  5.2053003  1.0068003 
19 52  7.3045503  5.2909497000000005  -3.1060503 
19 53  7.304550300000001  7.3045503  -1.0924497 
19 54  5.2909497000000005  5.2909497000000005  -1.0924497 
19 55  1.0068003000000003  5.2053003  -1.0068003 
20 24  -2.0564252999999995  2.1420747  2.1420747 
20 25  -4.1556752999999995  -2.1420746999999998  0.04282469999999994 
20 26  -0.04282469999999883  2.1420747  4.1556753 
20 27  -2.0564252999999995  -4.2413247  4.1556753 
20 28  -2.1420746999999998  -4.1556753  0.04282469999999994 
20 29  -2.1420746999999998  -2.1420746999999998  2.0564253 
20 30  -4.1556752999999995  -4.1556753  2.0564253 
20 31  -0.042824699999999716  -4.2413247  2.1420747 
20 32  -2.0564252999999995  -2.0564253  6.3405747 
20 33  -4.1556752999999995  2.0564253  4.241324700000001 
20 34  -0.042824699999999716  -2.0564253  -0.04282469999999994 
20 35  -2.0564252999999995  -0.042824699999999716  -0.04282469999999994 
20 36  -2.142074699999999  0.042824700000000604  4.241324700000001 
20 37  -2.142074699999999  2.0564253  6.2549253 
20 38  -4.1556752999999995  0.042824700000000604  6.2549253 
20 39  -0.04282469999999883  -0.042824699999999716  6.3405747 
20 40  2.142074700000002  2.1420747  6.3405747 
20 41  0.042824700000000604  -2.1420746999999998  4.241324700000001 
20 42  -4.2413247  2.1420747  -0.04282469999999994 
20 43  2.1420747  -4.2413247  -0.04282469999999994 
20 44  2.0564253  -4.1556753  4.241324700000001 
20 45  2.056425300000001  -2.1420746999999998  6.2549253 
20 46  0.04282470000000149  -4.1556753  6.2549253 
20 47  -4.2413247  -4.2413247  6.3405747 
20 48  2.1420747  -2.0564253  2.1420747 
20 49  0.04282470000000149  2.0564253  0.04282469999999994 
20 50  -4.2413247  -2.0564253  4.1556753 
20 51  2.1420747  -0.042824699999999716  4.1556753 
20 52  2.0564253  0.042824700000000604  0.04282469999999994 
20 53  2.056425300000001  2.0564253  2.0564253 
20 54  0.042824700000000604  0.042824700000000604  2.0564253 
20 55  -4.2413247  -0.042824699999999716  2.1420747 
21 24  -4.1556753  2.1420747  0.042824699999999716 
21 25  -6.2549253  -2.1420746999999998  -2.0564253000000003 
21 26  -2.1420746999999993  2.1420747  2.0564253 
21 27  -4.1556753  -4.2413247  2.0564253 
21 28  -4.2413247  -4.1556753  -2.0564253000000003 
21 29  -4.2413247  -2.1420746999999998  -0.04282470000000016 
21 30  -6.2549253  -4.1556753  -0.04282470000000016 
21 31  -2.1420747  -4.2413247  0.042824699999999716 
21 32  -4.1556753  -2.0564253  4.2413247 
21 33  -6.2549253  2.0564253  2.1420747 
21 34  -2.1420747  -2.0564253  -2.1420747 
21 35  -4.1556753  -0.042824699999999716  -2.1420747 
21 36  -4.2413247  0.042824700000000604  2.1420747 
21 37  -4.2413247  2.0564253  4.1556752999999995 
21 38  -6.2549253  0.042824700000000604  4.1556752999999995 
21 39  -2.1420746999999993  -0.042824699999999716  4.2413247 
21 40  0.04282470000000149  2.1420747  4.2413247 
21 41  -2.0564253  -2.1420746999999998  2.1420747 
21 42  -6.3405746999999995  2.1420747  -2.1420747 
21 43  0.042824699999999716  -4.2413247  -2.1420747 
21 44  -0.042824700000000604  -4.1556753  2.1420747 
21 45  -0.042824699999999716  -2.1420746999999998  4.1556752999999995 
21 46  -2.056425299999999  -4.1556753  4.1556752999999995 
21 47  -6.3405746999999995  -4.2413247  4.2413247 
21 48  0.042824699999999716  -2.0564253  0.042824699999999716 
21 49  -2.056425299999999  2.0564253  -2.0564253000000003 
21 50  -6.3405746999999995  -2.0564253  2.0564253 
21 51  0.042824699999999716  -0.042824699999999716  2.0564253 
21 52  -0.042824700000000604  0.042824700000000604  -2.0564253000000003 
21 53  -0.042824699999999716  2.0564253  -0.04282470000000016 
21 54  -2.0564253  0.042824700000000604  -0.04282470000000016 
21 55  -6.3405746999999995  -0.042824699999999716  0.042824699999999716 
22 24  -2.0564253000000003  0.042824699999999716  0.042824699999999716 
22 25  -4.1556753  -4.2413247  -2.0564253000000003 
22 26  -0.042824699999999716  0.042824699999999716  2.0564253 
22 27  -2.0564253000000003  -6.3405747  2.0564253 
22 28  -2.1420747000000007  -6.2549253  -2.0564253000000003 
22 29  -2.1420747000000007  -4.2413247  -0.04282470000000016 
22 30  -4.1556753  -6.2549253  -0.04282470000000016 
22 31  -0.042824700000000604  -6.3405747  0.042824699999999716 
22 32  -2.0564253000000003  -4.1556753  4.2413247 
22 33  -4.1556753  -0.042824700000000604  2.1420747 
22 34  -0.042824700000000604  -4.1556753  -2.1420747 
22 35  -2.0564253000000003  -2.1420747  -2.1420747 
22 36  -2.1420746999999998  -2.0564253  2.1420747 
22 37  -2.1420746999999998  -0.042824700000000604  4.1556752999999995 
22 38  -4.1556753  -2.0564253  4.1556752999999995 
22 39  -0.042824699999999716  -2.1420747  4.2413247 
22 40  2.142074700000001  0.042824699999999716  4.2413247 
22 41  0.042824699999999716  -4.2413247  2.1420747 
22 42  -4.2413247  0.042824699999999716  -2.1420747 
22 43  2.1420746999999993  -6.3405747  -2.1420747 
22 44  2.056425299999999  -6.2549253  2.1420747 
22 45  2.0564253  -4.2413247  4.1556752999999995 
22 46  0.042824700000000604  -6.2549253  4.1556752999999995 
22 47  -4.2413247  -6.3405747  4.2413247 
22 48  2.1420746999999993  -4.1556753  0.042824699999999716 
22 49  0.042824700000000604  -0.042824700000000604  -2.0564253000000003 
22 50  -4.2413247  -4.1556753  2.0564253 
22 51  2.1420746999999993  -2.1420747  2.0564253 
22 52  2.056425299999999  -2.0564253  -2.0564253000000003 
22 53  2.0564253  -0.042824700000000604  -0.04282470000000016 
22 54  0.042824699999999716  -2.0564253  -0.04282470000000016 
22 55  -4.2413247  -2.1420747  0.042824699999999716 
23 24  -4.1556753  4.2413247  -2.0564253 
23 25  -6.2549253  -0.04282470000000016  -4.1556753 
23 26  -2.1420746999999993  4.2413247  -0.042824699999999716 
23 27  -4.1556753  -2.1420747  -0.042824699999999716 
23 28  -4.2413247  -2.0564253000000003  -4.1556753 
23 29  -4.2413247  -0.04282470000000016  -2.1420746999999998 
23 30  -6.2549253  -2.0564253000000003  -2.1420746999999998 
23 31  -2.1420747  -2.1420747  -2.0564253 
23 32  -4.1556753  0.042824699999999716  2.1420747 
23 33  -6.2549253  4.1556752999999995  0.042824700000000604 
23 34  -2.1420747  0.042824699999999716  -4.2413247 
23 35  -4.1556753  2.0564253  -4.2413247 
23 36  -4.2413247  2.1420747  0.042824700000000604 
23 37  -4.2413247  4.1556752999999995  2.0564253 
23 38  -6.2549253  2.1420747  2.0564253 
23 39  -2.1420746999999993  2.0564253  2.1420747 
23 40  0.04282470000000149  4.2413247  2.1420747 
23 41  -2.0564253  -0.04282470000000016  0.042824700000000604 
23 42  -6.3405746999999995  4.2413247  -4.2413247 
23 43  0.042824699999999716  -2.1420747  -4.2413247 
23 44  -0.042824700000000604  -2.0564253000000003  0.042824700000000604 
23 45  -0.042824699999999716  -0.04282470000000016  2.0564253 
23 46  -2.056425299999999  -2.0564253000000003  2.0564253 
23 47  -6.3405746999999995  -2.1420747  2.1420747 
23 48  0.042824699999999716  0.042824699999999716  -2.0564253 
23 49  -2.056425299999999  4.1556752999999995  -4.1556753 
23 50  -6.3405746999999995  0.042824699999999716  -0.042824699999999716 
23 51  0.042824699999999716  2.0564253  -0.042824699999999716 
23 52  -0.042824700000000604  2.1420747  -4.1556753 
23 53  -0.042824699999999716  4.1556752999999995  -2.1420746999999998 
23 54  -2.0564253  2.1420747  -2.1420746999999998 
23 55  -6.3405746999999995  2.0564253  -2.0564253 
24 0  -1.0924497  -1.0924496999999995  -1.0924497 
24 1  1.0068002999999996  -3.1916997  1.0068003 
24 2  -2.1420747  -6.3405747  -2.1420747 
24 3  -0.04282470000000016  -6.3405747  -0.042824699999999716 
24 4  -2.1420747  -4.2413247  -0.042824699999999716 
24 5  -0.04282469999999927  -0.042824699999999716  2.0564253 
24 6  -1.0924497  -5.2909497000000005  3.1060503000000006 
24 7  1.0068002999999996  -7.3901997  -3.1916997 
24 8  -2.1420747  -2.1420747  2.0564253 
24 9  -0.04282469999999927  -2.1420747  4.1556753 
24 10  -2.1420746999999993  -0.042824699999999716  4.1556753 
24 11  -0.04282470000000016  -4.2413247  -2.1420747 
24 12  3.1060503  -1.0924496999999995  3.1060503000000006 
24 13  -3.1916997  -3.1916997  -3.1916997 
24 14  2.0564252999999995  -6.3405747  2.0564253 
24 15  4.1556753  -6.3405747  4.1556753 
24 16  2.0564253000000003  -4.2413247  4.1556753 
24 17  4.1556753  -0.042824699999999716  -2.1420747 
24 18  3.1060503  -5.2909497000000005  -1.0924497 
24 19  -3.1916997  -7.3901997  1.0068003 
24 20  2.0564252999999995  -2.1420747  -2.1420747 
24 21  4.1556753  -2.1420747  -0.042824699999999716 
24 22  2.0564253000000003  -0.042824699999999716  -0.042824699999999716 
24 23  4.1556753  -4.2413247  2.0564253 
25 0  1.0068003000000003  3.1916997000000005  1.0068003 
25 1  3.1060502999999997  1.0924497  3.1060503 
25 2  -0.04282470000000016  -2.0564253  -0.04282469999999994 
25 3  2.0564253  -2.0564253  2.0564253000000003 
25 4  -0.042824699999999716  0.04282470000000016  2.0564253000000003 
25 5  2.056425300000001  4.2413247  4.1556753 
25 6  1.0068003000000003  -1.0068003  5.205300300000001 
25 7  3.1060502999999997  -3.1060503  -1.0924497 
25 8  -0.042824699999999716  2.1420746999999998  4.1556753 
25 9  2.056425300000001  2.1420746999999998  6.2549253 
25 10  -0.04282469999999927  4.2413247  6.2549253 
25 11  2.0564253  0.04282470000000016  -0.04282469999999994 
25 12  5.2053003  3.1916997000000005  5.205300300000001 
25 13  -1.0924497  1.0924497  -1.0924497 
25 14  4.1556752999999995  -2.0564253  4.1556753 
25 15  6.254925300000001  -2.0564253  6.2549253 
25 16  4.1556753  0.04282470000000016  6.2549253 
25 17  6.254925300000001  4.2413247  -0.04282469999999994 
25 18  5.2053003  -1.0068003  1.0068003 
25 19  -1.0924497  -3.1060503  3.1060503 
25 20  4.1556752999999995  2.1420746999999998  -0.04282469999999994 
25 21  6.2549253  2.1420746999999998  2.0564253000000003 
25 22  4.1556753  4.2413247  2.0564253000000003 
25 23  6.2549253  0.04282470000000016  4.1556753 
26 0  -3.1060503000000006  -1.0924496999999995  -3.1060503 
26 1  -1.006800300000001  -3.1916997  -1.0068003 
26 2  -4.155675300000001  -6.3405747  -4.1556753 
26 3  -2.056425300000001  -6.3405747  -2.0564253 
26 4  -4.1556753  -4.2413247  -2.0564253 
26 5  -2.0564253  -0.042824699999999716  0.042824699999999716 
26 6  -3.1060503000000006  -5.2909497000000005  1.0924497000000004 
26 7  -1.006800300000001  -7.3901997  -5.2053003 
26 8  -4.1556753  -2.1420747  0.042824699999999716 
26 9  -2.0564253  -2.1420747  2.1420747 
26 10  -4.1556753  -0.042824699999999716  2.1420747 
26 11  -2.056425300000001  -4.2413247  -4.1556753 
26 12  1.0924496999999995  -1.0924496999999995  1.0924497000000004 
26 13  -5.205300300000001  -3.1916997  -5.2053003 
26 14  0.04282469999999883  -6.3405747  0.042824699999999716 
26 15  2.1420747  -6.3405747  2.1420747 
26 16  0.042824699999999716  -4.2413247  2.1420747 
26 17  2.1420747  -0.042824699999999716  -4.1556753 
26 18  1.0924496999999995  -5.2909497000000005  -3.1060503 
26 19  -5.205300300000001  -7.3901997  -1.0068003 
26 20  0.04282469999999883  -2.1420747  -4.1556753 
26 21  2.1420746999999993  -2.1420747  -2.0564253 
26 22  0.042824699999999716  -0.042824699999999716  -2.0564253 
26 23  2.1420746999999993  -4.2413247  0.042824699999999716 
27 0  -1.0924497  5.2909497000000005  -3.1060503 
27 1  1.0068002999999996  3.1916997  -1.0068003 
27 2  -2.1420747  0.04282469999999994  -4.1556753 
27 3  -0.04282470000000016  0.04282469999999994  -2.0564253 
27 4  -2.1420747  2.1420747  -2.0564253 
27 5  -0.04282469999999927  6.3405747  0.042824699999999716 
27 6  -1.0924497  1.0924497  1.0924497000000004 
27 7  1.0068002999999996  -1.0068003  -5.2053003 
27 8  -2.1420747  4.2413247  0.042824699999999716 
27 9  -0.04282469999999927  4.2413247  2.1420747 
27 10  -2.1420746999999993  6.3405747  2.1420747 
27 11  -0.04282470000000016  2.1420747  -4.1556753 
27 12  3.1060503  5.2909497000000005  1.0924497000000004 
27 13  -3.1916997  3.1916997  -5.2053003 
27 14  2.0564252999999995  0.04282469999999994  0.042824699999999716 
27 15  4.1556753  0.04282469999999994  2.1420747 
27 16  2.0564253000000003  2.1420747  2.1420747 
27 17  4.1556753  6.3405747  -4.1556753 
27 18  3.1060503  1.0924497  -3.1060503 
27 19  -3.1916997  -1.0068003  -1.0068003 
27 20  2.0564252999999995  4.2413247  -4.1556753 
27 21  4.1556753  4.2413247  -2.0564253 
27 22  2.0564253000000003  6.3405747  -2.0564253 
27 23  4.1556753  2.1420747  0.042824699999999716 
28 0  -1.0068002999999996  5.205300300000001  1.0068003 
28 1  1.0924497  3.1060503  3.1060503 
28 2  -2.0564253  -0.04282469999999994  -0.04282469999999994 
28 3  0.04282470000000016  -0.04282469999999994  2.0564253000000003 
28 4  -2.0564253  2.0564253000000003  2.0564253000000003 
28 5  0.04282470000000105  6.2549253  4.1556753 
28 6  -1.0068002999999996  1.0068003  5.205300300000001 
28 7  1.0924497  -1.0924497  -1.0924497 
28 8  -2.0564253  4.1556753  4.1556753 
28 9  0.04282470000000105  4.1556753  6.2549253 
28 10  -2.056425299999999  6.2549253  6.2549253 
28 11  0.04282470000000016  2.0564253000000003  -0.04282469999999994 
28 12  3.1916997000000005  5.205300300000001  5.205300300000001 
28 13  -3.1060502999999997  3.1060503  -1.0924497 
28 14  2.1420746999999998  -0.04282469999999994  4.1556753 
28 15  4.241324700000002  -0.04282469999999994  6.2549253 
28 16  2.1420747000000007  2.0564253000000003  6.2549253 
28 17  4.241324700000002  6.2549253  -0.04282469999999994 
28 18  3.1916997000000005  1.0068003  1.0068003 
28 19  -3.1060502999999997  -1.0924497  3.1060503 
28 20  2.1420746999999998  4.1556753  -0.04282469999999994 
28 21  4.2413247  4.1556753  2.0564253000000003 
28 22  2.1420747000000007  6.2549253  2.0564253000000003 
28 23  4.2413247  2.0564253000000003  4.1556753 
29 0  -1.0068002999999996  3.1916997000000005  -1.0068003 
29 1  1.0924497  1.0924497  1.0924497 
29 2  -2.0564253  -2.0564253  -2.0564253 
29 3  0.04282470000000016  -2.0564253  0.04282470000000016 
29 4  -2.0564253  0.04282470000000016  0.04282470000000016 
29 5  0.04282470000000105  4.2413247  2.1420746999999998 
29 6  -1.0068002999999996  -1.0068003  3.1916997000000005 
29 7  1.0924497  -3.1060503  -3.1060503 
29 8  -2.0564253  2.1420746999999998  2.1420746999999998 
29 9  0.04282470000000105  2.1420746999999998  4.2413247 
29 10  -2.056425299999999  4.2413247  4.2413247 
29 11  0.04282470000000016  0.04282470000000016  -2.0564253 
29 12  3.1916997000000005  3.1916997000000005  3.1916997000000005 
29 13  -3.1060502999999997  1.0924497  -3.1060503 
29 14  2.1420746999999998  -2.0564253  2.1420746999999998 
29 15  4.241324700000002  -2.0564253  4.2413247 
29 16  2.1420747000000007  0.04282470000000016  4.2413247 
29 17  4.241324700000002  4.2413247  -2.0564253 
29 18  3.1916997000000005  -1.0068003  -1.0068003 
29 19  -3.1060502999999997  -3.1060503  1.0924497 
29 20  2.1420746999999998  2.1420746999999998  -2.0564253 
29 21  4.2413247  2.1420746999999998  0.04282470000000016 
29 22  2.1420747000000007  4.2413247  0.04282470000000016 
29 23  4.2413247  0.04282470000000016  2.1420746999999998 
30 0  1.0068003000000003  5.205300300000001  -1.0068003 
30 1  3.1060502999999997  3.1060503  1.0924497 
30 2  -0.04282470000000016  -0.04282469999999994  -2.0564253 
30 3  2.0564253  -0.04282469999999994  0.04282470000000016 
30 4  -0.042824699999999716  2.0564253000000003  0.04282470000000016 
30 5  2.056425300000001  6.2549253  2.1420746999999998 
30 6  1.0068003000000003  1.0068003  3.1916997000000005 
30 7  3.1060502999999997  -1.0924497  -3.1060503 
30 8  -0.042824699999999716  4.1556753  2.1420746999999998 
30 9  2.056425300000001  4.1556753  4.2413247 
30 10  -0.04282469999999927  6.2549253  4.2413247 
30 11  2.0564253  2.0564253000000003  -2.0564253 
30 12  5.2053003  5.205300300000001  3.1916997000000005 
30 13  -1.0924497  3.1060503  -3.1060503 
30 14  4.1556752999999995  -0.04282469999999994  2.1420746999999998 
30 15  6.254925300000001  -0.04282469999999994  4.2413247 
30 16  4.1556753  2.0564253000000003  4.2413247 
30 17  6.254925300000001  6.2549253  -2.0564253 
30 18  5.2053003  1.0068003  -1.0068003 
30 19  -1.0924497  -1.0924497  1.0924497 
30 20  4.1556752999999995  4.1556753  -2.0564253 
30 21  6.2549253  4.1556753  0.04282470000000016 
30 22  4.1556753  6.2549253  0.04282470000000016 
30 23  6.2549253  2.0564253000000003  2.1420746999999998 
31 0  -3.1060502999999997  5.2909497000000005  -1.0924497 
31 1  -1.0068003  3.1916997  1.0068003 
31 2  -4.1556753  0.04282469999999994  -2.1420747 
31 3  -2.0564253  0.04282469999999994  -0.042824699999999716 
31 4  -4.1556752999999995  2.1420747  -0.042824699999999716 
31 5  -2.056425299999999  6.3405747  2.0564253 
31 6  -3.1060502999999997  1.0924497  3.1060503000000006 
31 7  -1.0068003  -1.0068003  -3.1916997 
31 8  -4.1556752999999995  4.2413247  2.0564253 
31 9  -2.056425299999999  4.2413247  4.1556753 
31 10  -4.1556752999999995  6.3405747  4.1556753 
31 11  -2.0564253  2.1420747  -2.1420747 
31 12  1.0924497000000004  5.2909497000000005  3.1060503000000006 
31 13  -5.2053003  3.1916997  -3.1916997 
31 14  0.042824699999999716  0.04282469999999994  2.0564253 
31 15  2.142074700000001  0.04282469999999994  4.1556753 
31 16  0.042824700000000604  2.1420747  4.1556753 
31 17  2.142074700000001  6.3405747  -2.1420747 
31 18  1.0924497000000004  1.0924497  -1.0924497 
31 19  -5.2053003  -1.0068003  1.0068003 
31 20  0.042824699999999716  4.2413247  -2.1420747 
31 21  2.1420747  4.2413247  -0.042824699999999716 
31 22  0.042824700000000604  6.3405747  -0.042824699999999716 
31 23  2.1420747  2.1420747  2.0564253 
32 0  -1.0924497  3.1060503000000006  -5.2909497000000005 
32 1  1.0068002999999996  1.0068003  -3.1916997 
32 2  -2.1420747  -2.1420747  -6.3405747 
32 3  -0.04282470000000016  -2.1420747  -4.2413247 
32 4  -2.1420747  -0.042824699999999716  -4.2413247 
32 5  -0.04282469999999927  4.1556753  -2.1420747 
32 6  -1.0924497  -1.0924497  -1.0924496999999995 
32 7  1.0068002999999996  -3.1916997  -7.3901997 
32 8  -2.1420747  2.0564253  -2.1420747 
32 9  -0.04282469999999927  2.0564253  -0.042824699999999716 
32 10  -2.1420746999999993  4.1556753  -0.042824699999999716 
32 11  -0.04282470000000016  -0.042824699999999716  -6.3405747 
32 12  3.1060503  3.1060503000000006  -1.0924496999999995 
32 13  -3.1916997  1.0068003  -7.3901997 
32 14  2.0564252999999995  -2.1420747  -2.1420747 
32 15  4.1556753  -2.1420747  -0.042824699999999716 
32 16  2.0564253000000003  -0.042824699999999716  -0.042824699999999716 
32 17  4.1556753  4.1556753  -6.3405747 
32 18  3.1060503  -1.0924497  -5.2909497000000005 
32 19  -3.1916997  -3.1916997  -3.1916997 
32 20  2.0564252999999995  2.0564253  -6.3405747 
32 21  4.1556753  2.0564253  -4.2413247 
32 22  2.0564253000000003  4.1556753  -4.2413247 
32 23  4.1556753  -0.042824699999999716  -2.1420747 
33 0  1.0068002999999999  -1.0068002999999992  -3.1916997000000005 
33 1  3.1060502999999997  -3.1060502999999997  -1.0924497000000004 
33 2  -0.042824700000000604  -6.2549253  -4.241324700000001 
33 3  2.0564253  -6.2549253  -2.1420747 
33 4  -0.04282470000000016  -4.1556752999999995  -2.1420747 
33 5  2.056425300000001  0.042824700000000604  -0.042824700000000604 
33 6  1.0068002999999999  -5.205300299999999  1.0068003 
33 7  3.1060502999999997  -7.3045503  -5.2909497000000005 
33 8  -0.04282470000000016  -2.0564253  -0.042824700000000604 
33 9  2.056425300000001  -2.0564253  2.0564253 
33 10  -0.042824699999999716  0.042824700000000604  2.0564253 
33 11  2.0564253  -4.1556752999999995  -4.241324700000001 
33 12  5.2053003  -1.0068002999999992  1.0068003 
33 13  -1.0924497000000004  -3.1060502999999997  -5.2909497000000005 
33 14  4.1556752999999995  -6.2549253  -0.042824700000000604 
33 15  6.254925300000001  -6.2549253  2.0564253 
33 16  4.1556753  -4.1556752999999995  2.0564253 
33 17  6.254925300000001  0.042824700000000604  -4.241324700000001 
33 18  5.2053003  -5.205300299999999  -3.1916997000000005 
33 19  -1.0924497000000004  -7.3045503  -1.0924497000000004 
33 20  4.1556752999999995  -2.0564253  -4.241324700000001 
33 21  6.2549253  -2.0564253  -2.1420747 
33 22  4.1556753  0.042824700000000604  -2.1420747 
33 23  6.2549253  -4.1556752999999995  -0.042824700000000604 
34 0  -3.1060502999999997  3.1060503000000006  1.0924497 
34 1  -1.0068003  1.0068003  3.1916997 
34 2  -4.1556753  -2.1420747  0.04282469999999994 
34 3  -2.0564253  -2.1420747  2.1420747 
34 4  -4.1556752999999995  -0.042824699999999716  2.1420747 
34 5  -2.056425299999999  4.1556753  4.2413247 
34 6  -3.1060502999999997  -1.0924497  5.2909497000000005 
34 7  -1.0068003  -3.1916997  -1.0068003 
34 8  -4.1556752999999995  2.0564253  4.2413247 
34 9  -2.056425299999999  2.0564253  6.3405747 
34 10  -4.1556752999999995  4.1556753  6.3405747 
34 11  -2.0564253  -0.042824699999999716  0.04282469999999994 
34 12  1.0924497000000004  3.1060503000000006  5.2909497000000005 
34 13  -5.2053003  1.0068003  -1.0068003 
34 14  0.042824699999999716  -2.1420747  4.2413247 
34 15  2.142074700000001  -2.1420747  6.3405747 
34 16  0.042824700000000604  -0.042824699999999716  6.3405747 
34 17  2.142074700000001  4.1556753  0.04282469999999994 
34 18  1.0924497000000004  -1.0924497  1.0924497 
34 19  -5.2053003  -3.1916997  3.1916997 
34 20  0.042824699999999716  2.0564253  0.04282469999999994 
34 21  2.1420747  2.0564253  2.1420747 
34 22  0.042824700000000604  4.1556753  2.1420747 
34 23  2.1420747  -0.042824699999999716  4.2413247 
35 0  -1.0924497  1.0924497000000004  1.0924497 
35 1  1.0068002999999996  -1.0068003  3.1916997 
35 2  -2.1420747  -4.1556753  0.04282469999999994 
35 3  -0.04282470000000016  -4.1556753  2.1420747 
35 4  -2.1420747  -2.0564253  2.1420747 
35 5  -0.04282469999999927  2.1420747  4.2413247 
35 6  -1.0924497  -3.1060503  5.2909497000000005 
35 7  1.0068002999999996  -5.2053003  -1.0068003 
35 8  -2.1420747  0.042824699999999716  4.2413247 
35 9  -0.04282469999999927  0.042824699999999716  6.3405747 
35 10  -2.1420746999999993  2.1420747  6.3405747 
35 11  -0.04282470000000016  -2.0564253  0.04282469999999994 
35 12  3.1060503  1.0924497000000004  5.2909497000000005 
35 13  -3.1916997  -1.0068003  -1.0068003 
35 14  2.0564252999999995  -4.1556753  4.2413247 
35 15  4.1556753  -4.1556753  6.3405747 
35 16  2.0564253000000003  -2.0564253  6.3405747 
35 17  4.1556753  2.1420747  0.04282469999999994 
35 18  3.1060503  -3.1060503  1.0924497 
35 19  -3.1916997  -5.2053003  3.1916997 
35 20  2.0564252999999995  0.042824699999999716  0.04282469999999994 
35 21  4.1556753  0.042824699999999716  2.1420747 
35 22  2.0564253000000003  2.1420747  2.1420747 
35 23  4.1556753  -2.0564253  4.2413247 
36 0  -1.0068003000000005  1.0068003  -3.1916997000000005 
36 1  1.092449699999999  -1.0924497000000004  -1.0924497000000004 
36 2  -2.056425300000001  -4.241324700000001  -4.241324700000001 
36 3  0.04282469999999927  -4.241324700000001  -2.1420747 
36 4  -2.056425300000001  -2.1420747  -2.1420747 
36 5  0.04282470000000016  2.0564253  -0.042824700000000604 
36 6  -1.0068003000000005  -3.1916997000000005  1.0068003 
36 7  1.092449699999999  -5.2909497000000005  -5.2909497000000005 
36 8  -2.056425300000001  -0.042824700000000604  -0.042824700000000604 
36 9  0.04282470000000016  -0.042824700000000604  2.0564253 
36 10  -2.0564253  2.0564253  2.0564253 
36 11  0.04282469999999927  -2.1420747  -4.241324700000001 
36 12  3.1916996999999996  1.0068003  1.0068003 
36 13  -3.1060503000000006  -1.0924497000000004  -5.2909497000000005 
36 14  2.142074699999999  -4.241324700000001  -0.042824700000000604 
36 15  4.2413247  -4.241324700000001  2.0564253 
36 16  2.1420746999999998  -2.1420747  2.0564253 
36 17  4.2413247  2.0564253  -4.241324700000001 
36 18  3.1916996999999996  -3.1916997000000005  -3.1916997000000005 
36 19  -3.1060503000000006  -5.2909497000000005  -1.0924497000000004 
36 20  2.142074699999999  -0.042824700000000604  -4.241324700000001 
36 21  4.2413247  -0.042824700000000604  -2.1420747 
36 22  2.1420746999999998  2.0564253  -2.1420747 
36 23  4.2413247  -2.1420747  -0.042824700000000604 
37 0  -1.0068003000000005  -1.0068002999999992  -5.205300299999999 
37 1  1.092449699999999  -3.1060502999999997  -3.1060502999999997 
37 2  -2.056425300000001  -6.2549253  -6.2549253 
37 3  0.04282469999999927  -6.2549253  -4.1556752999999995 
37 4  -2.056425300000001  -4.1556752999999995  -4.1556752999999995 
37 5  0.04282470000000016  0.042824700000000604  -2.0564253 
37 6  -1.0068003000000005  -5.205300299999999  -1.0068002999999992 
37 7  1.092449699999999  -7.3045503  -7.3045503 
37 8  -2.056425300000001  -2.0564253  -2.0564253 
37 9  0.04282470000000016  -2.0564253  0.042824700000000604 
37 10  -2.0564253  0.042824700000000604  0.042824700000000604 
37 11  0.04282469999999927  -4.1556752999999995  -6.2549253 
37 12  3.1916996999999996  -1.0068002999999992  -1.0068002999999992 
37 13  -3.1060503000000006  -3.1060502999999997  -7.3045503 
37 14  2.142074699999999  -6.2549253  -2.0564253 
37 15  4.2413247  -6.2549253  0.042824700000000604 
37 16  2.1420746999999998  -4.1556752999999995  0.042824700000000604 
37 17  4.2413247  0.042824700000000604  -6.2549253 
37 18  3.1916996999999996  -5.205300299999999  -5.205300299999999 
37 19  -3.1060503000000006  -7.3045503  -3.1060502999999997 
37 20  2.142074699999999  -2.0564253  -6.2549253 
37 21  4.2413247  -2.0564253  -4.1556752999999995 
37 22  2.1420746999999998  0.042824700000000604  -4.1556752999999995 
37 23  4.2413247  -4.1556752999999995  -2.0564253 
38 0  1.0068002999999999  1.0068003  -5.205300299999999 
38 1  3.1060502999999997  -1.0924497000000004  -3.1060502999999997 
38 2  -0.042824700000000604  -4.241324700000001  -6.2549253 
38 3  2.0564253  -4.241324700000001  -4.1556752999999995 
38 4  -0.04282470000000016  -2.1420747  -4.1556752999999995 
38 5  2.056425300000001  2.0564253  -2.0564253 
38 6  1.0068002999999999  -3.1916997000000005  -1.0068002999999992 
38 7  3.1060502999999997  -5.2909497000000005  -7.3045503 
38 8  -0.04282470000000016  -0.042824700000000604  -2.0564253 
38 9  2.056425300000001  -0.042824700000000604  0.042824700000000604 
38 10  -0.042824699999999716  2.0564253  0.042824700000000604 
38 11  2.0564253  -2.1420747  -6.2549253 
38 12  5.2053003  1.0068003  -1.0068002999999992 
38 13  -1.0924497000000004  -1.0924497000000004  -7.3045503 
38 14  4.1556752999999995  -4.241324700000001  -2.0564253 
38 15  6.254925300000001  -4.241324700000001  0.042824700000000604 
38 16  4.1556753  -2.1420747  0.042824700000000604 
38 17  6.254925300000001  2.0564253  -6.2549253 
38 18  5.2053003  -3.1916997000000005  -5.205300299999999 
38 19  -1.0924497000000004  -5.2909497000000005  -3.1060502999999997 
38 20  4.1556752999999995  -0.042824700000000604  -6.2549253 
38 21  6.2549253  -0.042824700000000604  -4.1556752999999995 
38 22  4.1556753  2.0564253  -4.1556752999999995 
38 23  6.2549253  -2.1420747  -2.0564253 
39 0  -3.1060503000000006  1.0924497000000004  -5.2909497000000005 
39 1  -1.006800300000001  -1.0068003  -3.1916997 
39 2  -4.155675300000001  -4.1556753  -6.3405747 
39 3  -2.056425300000001  -4.1556753  -4.2413247 
39 4  -4.1556753  -2.0564253  -4.2413247 
39 5  -2.0564253  2.1420747  -2.1420747 
39 6  -3.1060503000000006  -3.1060503  -1.0924496999999995 
39 7  -1.006800300000001  -5.2053003  -7.3901997 
39 8  -4.1556753  0.042824699999999716  -2.1420747 
39 9  -2.0564253  0.042824699999999716  -0.042824699999999716 
39 10  -4.1556753  2.1420747  -0.042824699999999716 
39 11  -2.056425300000001  -2.0564253  -6.3405747 
39 12  1.0924496999999995  1.0924497000000004  -1.0924496999999995 
39 13  -5.205300300000001  -1.0068003  -7.3901997 
39 14  0.04282469999999883  -4.1556753  -2.1420747 
39 15  2.1420747  -4.1556753  -0.042824699999999716 
39 16  0.042824699999999716  -2.0564253  -0.042824699999999716 
39 17  2.1420747  2.1420747  -6.3405747 
39 18  1.0924496999999995  -3.1060503  -5.2909497000000005 
39 19  -5.205300300000001  -5.2053003  -3.1916997 
39 20  0.04282469999999883  0.042824699999999716  -6.3405747 
39 21  2.1420746999999993  0.042824699999999716  -4.2413247 
39 22  0.042824699999999716  2.1420747  -4.2413247 
39 23  2.1420746999999993  -2.0564253  -2.1420747 
40 0  -5.290949700000001  -1.0924496999999995  -5.2909497000000005 
40 1  -3.191699700000002  -3.1916997  -3.1916997 
40 2  -6.340574700000002  -6.3405747  -6.3405747 
40 3  -4.241324700000002  -6.3405747  -4.2413247 
40 4  -6.340574700000001  -4.2413247  -4.2413247 
40 5  -4.241324700000001  -0.042824699999999716  -2.1420747 
40 6  -5.290949700000001  -5.2909497000000005  -1.0924496999999995 
40 7  -3.191699700000002  -7.3901997  -7.3901997 
40 8  -6.340574700000001  -2.1420747  -2.1420747 
40 9  -4.241324700000001  -2.1420747  -0.042824699999999716 
40 10  -6.340574700000001  -0.042824699999999716  -0.042824699999999716 
40 11  -4.241324700000002  -4.2413247  -6.3405747 
40 12  -1.0924497000000013  -1.0924496999999995  -1.0924496999999995 
40 13  -7.390199700000002  -3.1916997  -7.3901997 
40 14  -2.142074700000002  -6.3405747  -2.1420747 
40 15  -0.042824700000000604  -6.3405747  -0.042824699999999716 
40 16  -2.142074700000001  -4.2413247  -0.042824699999999716 
40 17  -0.042824700000000604  -0.042824699999999716  -6.3405747 
40 18  -1.0924497000000013  -5.2909497000000005  -5.2909497000000005 
40 19  -7.390199700000002  -7.3901997  -3.1916997 
40 20  -2.142074700000002  -2.1420747  -6.3405747 
40 21  -0.04282470000000149  -2.1420747  -4.2413247 
40 22  -2.142074700000001  -0.042824699999999716  -4.2413247 
40 23  -0.04282470000000149  -4.2413247  -2.1420747 
41 0  -3.1916997  3.1916997000000005  -3.1916997000000005 
41 1  -1.0924497000000004  1.0924497  -1.0924497000000004 
41 2  -4.241324700000001  -2.0564253  -4.241324700000001 
41 3  -2.1420747  -2.0564253  -2.1420747 
41 4  -4.2413247  0.04282470000000016  -2.1420747 
41 5  -2.1420746999999993  4.2413247  -0.042824700000000604 
41 6  -3.1916997  -1.0068003  1.0068003 
41 7  -1.0924497000000004  -3.1060503  -5.2909497000000005 
41 8  -4.2413247  2.1420746999999998  -0.042824700000000604 
41 9  -2.1420746999999993  2.1420746999999998  2.0564253 
41 10  -4.2413247  4.2413247  2.0564253 
41 11  -2.1420747  0.04282470000000016  -4.241324700000001 
41 12  1.0068003  3.1916997000000005  1.0068003 
41 13  -5.2909497000000005  1.0924497  -5.2909497000000005 
41 14  -0.042824700000000604  -2.0564253  -0.042824700000000604 
41 15  2.056425300000001  -2.0564253  2.0564253 
41 16  -0.042824699999999716  0.04282470000000016  2.0564253 
41 17  2.056425300000001  4.2413247  -4.241324700000001 
41 18  1.0068003  -1.0068003  -3.1916997000000005 
41 19  -5.2909497000000005  -3.1060503  -1.0924497000000004 
41 20  -0.042824700000000604  2.1420746999999998  -4.241324700000001 
41 21  2.0564253  2.1420746999999998  -2.1420747 
41 22  -0.042824699999999716  4.2413247  -2.1420747 
41 23  2.0564253  0.04282470000000016  -0.042824700000000604 
42 0  1.0924497  -1.0924496999999995  1.0924497 
42 1  3.1916996999999996  -3.1916997  3.1916997 
42 2  0.042824699999999494  -6.3405747  0.04282469999999994 
42 3  2.1420746999999998  -6.3405747  2.1420747 
42 4  0.04282469999999994  -4.2413247  2.1420747 
42 5  2.1420747000000007  -0.042824699999999716  4.2413247 
42 6  1.0924497  -5.2909497000000005  5.2909497000000005 
42 7  3.1916996999999996  -7.3901997  -1.0068003 
42 8  0.04282469999999994  -2.1420747  4.2413247 
42 9  2.1420747000000007  -2.1420747  6.3405747 
42 10  0.04282470000000038  -0.042824699999999716  6.3405747 
42 11  2.1420746999999998  -4.2413247  0.04282469999999994 
42 12  5.2909497000000005  -1.0924496999999995  5.2909497000000005 
42 13  -1.0068003000000003  -3.1916997  -1.0068003 
42 14  4.2413247  -6.3405747  4.2413247 
42 15  6.340574700000001  -6.3405747  6.3405747 
42 16  4.2413247  -4.2413247  6.3405747 
42 17  6.340574700000001  -0.042824699999999716  0.04282469999999994 
42 18  5.2909497000000005  -5.2909497000000005  1.0924497 
42 19  -1.0068003000000003  -7.3901997  3.1916997 
42 20  4.2413247  -2.1420747  0.04282469999999994 
42 21  6.3405746999999995  -2.1420747  2.1420747 
42 22  4.2413247  -0.042824699999999716  2.1420747 
42 23  6.3405746999999995  -4.2413247  4.2413247 
43 0  -5.2909497  5.2909497000000005  1.0924497 
43 1  -3.1916997  3.1916997  3.1916997 
43 2  -6.3405747  0.04282469999999994  0.04282469999999994 
43 3  -4.2413247  0.04282469999999994  2.1420747 
43 4  -6.3405746999999995  2.1420747  2.1420747 
43 5  -4.241324699999999  6.3405747  4.2413247 
43 6  -5.2909497  1.0924497  5.2909497000000005 
43 7  -3.1916997  -1.0068003  -1.0068003 
43 8  -6.3405746999999995  4.2413247  4.2413247 
43 9  -4.241324699999999  4.2413247  6.3405747 
43 10  -6.3405746999999995  6.3405747  6.3405747 
43 11  -4.2413247  2.1420747  0.04282469999999994 
43 12  -1.0924496999999995  5.2909497000000005  5.2909497000000005 
43 13  -7.3901997  3.1916997  -1.0068003 
43 14  -2.1420747  0.04282469999999994  4.2413247 
43 15  -0.04282469999999883  0.04282469999999994  6.3405747 
43 16  -2.1420746999999993  2.1420747  6.3405747 
43 17  -0.04282469999999883  6.3405747  0.04282469999999994 
43 18  -1.0924496999999995  1.0924497  1.0924497 
43 19  -7.3901997  -1.0068003  3.1916997 
43 20  -2.1420747  4.2413247  0.04282469999999994 
43 21  -0.042824699999999716  4.2413247  2.1420747 
43 22  -2.1420746999999993  6.3405747  2.1420747 
43 23  -0.042824699999999716  2.1420747  4.2413247 
44 0  -5.205300299999999  5.205300300000001  -3.1916997000000005 
44 1  -3.1060502999999997  3.1060503  -1.0924497000000004 
44 2  -6.2549253  -0.04282469999999994  -4.241324700000001 
44 3  -4.1556752999999995  -0.04282469999999994  -2.1420747 
44 4  -6.254925299999999  2.0564253000000003  -2.1420747 
44 5  -4.155675299999999  6.2549253  -0.042824700000000604 
44 6  -5.205300299999999  1.0068003  1.0068003 
44 7  -3.1060502999999997  -1.0924497  -5.2909497000000005 
44 8  -6.254925299999999  4.1556753  -0.042824700000000604 
44 9  -4.155675299999999  4.1556753  2.0564253 
44 10  -6.254925299999999  6.2549253  2.0564253 
44 11  -4.1556752999999995  2.0564253000000003  -4.241324700000001 
44 12  -1.0068002999999992  5.205300300000001  1.0068003 
44 13  -7.3045503  3.1060503  -5.2909497000000005 
44 14  -2.0564253  -0.04282469999999994  -0.042824700000000604 
44 15  0.04282470000000149  -0.04282469999999994  2.0564253 
44 16  -2.056425299999999  2.0564253000000003  2.0564253 
44 17  0.04282470000000149  6.2549253  -4.241324700000001 
44 18  -1.0068002999999992  1.0068003  -3.1916997000000005 
44 19  -7.3045503  -1.0924497  -1.0924497000000004 
44 20  -2.0564253  4.1556753  -4.241324700000001 
44 21  0.042824700000000604  4.1556753  -2.1420747 
44 22  -2.056425299999999  6.2549253  -2.1420747 
44 23  0.042824700000000604  2.0564253000000003  -0.042824700000000604 
45 0  -5.2053003  3.1916997000000005  -5.205300299999999 
45 1  -3.1060503000000006  1.0924497  -3.1060502999999997 
45 2  -6.254925300000001  -2.0564253  -6.2549253 
45 3  -4.1556753  -2.0564253  -4.1556752999999995 
45 4  -6.2549253  0.04282470000000016  -4.1556752999999995 
45 5  -4.1556752999999995  4.2413247  -2.0564253 
45 6  -5.2053003  -1.0068003  -1.0068002999999992 
45 7  -3.1060503000000006  -3.1060503  -7.3045503 
45 8  -6.2549253  2.1420746999999998  -2.0564253 
45 9  -4.1556752999999995  2.1420746999999998  0.042824700000000604 
45 10  -6.2549253  4.2413247  0.042824700000000604 
45 11  -4.1556753  0.04282470000000016  -6.2549253 
45 12  -1.0068003  3.1916997000000005  -1.0068002999999992 
45 13  -7.304550300000001  1.0924497  -7.3045503 
45 14  -2.056425300000001  -2.0564253  -2.0564253 
45 15  0.042824700000000604  -2.0564253  0.042824700000000604 
45 16  -2.0564253  0.04282470000000016  0.042824700000000604 
45 17  0.042824700000000604  4.2413247  -6.2549253 
45 18  -1.0068003  -1.0068003  -5.205300299999999 
45 19  -7.304550300000001  -3.1060503  -3.1060502999999997 
45 20  -2.056425300000001  2.1420746999999998  -6.2549253 
45 21  0.042824699999999716  2.1420746999999998  -4.1556752999999995 
45 22  -2.0564253  4.2413247  -4.1556752999999995 
45 23  0.042824699999999716  0.04282470000000016  -2.0564253 
46 0  -3.191699700000001  5.205300300000001  -5.205300299999999 
46 1  -1.0924497000000013  3.1060503  -3.1060502999999997 
46 2  -4.241324700000002  -0.04282469999999994  -6.2549253 
46 3  -2.142074700000001  -0.04282469999999994  -4.1556752999999995 
46 4  -4.241324700000001  2.0564253000000003  -4.1556752999999995 
46 5  -2.1420747  6.2549253  -2.0564253 
46 6  -3.191699700000001  1.0068003  -1.0068002999999992 
46 7  -1.0924497000000013  -1.0924497  -7.3045503 
46 8  -4.241324700000001  4.1556753  -2.0564253 
46 9  -2.1420747  4.1556753  0.042824700000000604 
46 10  -4.241324700000001  6.2549253  0.042824700000000604 
46 11  -2.142074700000001  2.0564253000000003  -6.2549253 
46 12  1.0068002999999992  5.205300300000001  -1.0068002999999992 
46 13  -5.290949700000001  3.1060503  -7.3045503 
46 14  -0.04282470000000149  -0.04282469999999994  -2.0564253 
46 15  2.0564253  -0.04282469999999994  0.042824700000000604 
46 16  -0.042824700000000604  2.0564253000000003  0.042824700000000604 
46 17  2.0564253  6.2549253  -6.2549253 
46 18  1.0068002999999992  1.0068003  -5.205300299999999 
46 19  -5.290949700000001  -1.0924497  -3.1060502999999997 
46 20  -0.04282470000000149  4.1556753  -6.2549253 
46 21  2.056425299999999  4.1556753  -4.1556752999999995 
46 22  -0.042824700000000604  6.2549253  -4.1556752999999995 
46 23  2.056425299999999  2.0564253000000003  -2.0564253 
47 0  1.0924497  5.2909497000000005  -5.2909497000000005 
47 1  3.1916996999999996  3.1916997  -3.1916997 
47 2  0.042824699999999494  0.04282469999999994  -6.3405747 
47 3  2.1420746999999998  0.04282469999999994  -4.2413247 
47 4  0.04282469999999994  2.1420747  -4.2413247 
47 5  2.1420747000000007  6.3405747  -2.1420747 
47 6  1.0924497  1.0924497  -1.0924496999999995 
47 7  3.1916996999999996  -1.0068003  -7.3901997 
47 8  0.04282469999999994  4.2413247  -2.1420747 
47 9  2.1420747000000007  4.2413247  -0.042824699999999716 
47 10  0.04282470000000038  6.3405747  -0.042824699999999716 
47 11  2.1420746999999998  2.1420747  -6.3405747 
47 12  5.2909497000000005  5.2909497000000005  -1.0924496999999995 
47 13  -1.0068003000000003  3.1916997  -7.3901997 
47 14  4.2413247  0.04282469999999994  -2.1420747 
47 15  6.340574700000001  0.04282469999999994  -0.042824699999999716 
47 16  4.2413247  2.1420747  -0.042824699999999716 
47 17  6.340574700000001  6.3405747  -6.3405747 
47 18  5.2909497000000005  1.0924497  -5.2909497000000005 
47 19  -1.0068003000000003  -1.0068003  -3.1916997 
47 20  4.2413247  4.2413247  -6.3405747 
47 21  6.3405746999999995  4.2413247  -4.2413247 
47 22  4.2413247  6.3405747  -4.2413247 
47 23  6.3405746999999995  2.1420747  -2.1420747 
48 0  -5.2909497  3.1060503000000006  -1.0924497 
48 1  -3.1916997  1.0068003  1.0068003 
48 2  -6.3405747  -2.1420747  -2.1420747 
48 3  -4.2413247  -2.1420747  -0.042824699999999716 
48 4  -6.3405746999999995  -0.042824699999999716  -0.042824699999999716 
48 5  -4.241324699999999  4.1556753  2.0564253 
48 6  -5.2909497  -1.0924497  3.1060503000000006 
48 7  -3.1916997  -3.1916997  -3.1916997 
48 8  -6.3405746999999995  2.0564253  2.0564253 
48 9  -4.241324699999999  2.0564253  4.1556753 
48 10  -6.3405746999999995  4.1556753  4.1556753 
48 11  -4.2413247  -0.042824699999999716  -2.1420747 
48 12  -1.0924496999999995  3.1060503000000006  3.1060503000000006 
48 13  -7.3901997  1.0068003  -3.1916997 
48 14  -2.1420747  -2.1420747  2.0564253 
48 15  -0.04282469999999883  -2.1420747  4.1556753 
48 16  -2.1420746999999993  -0.042824699999999716  4.1556753 
48 17  -0.04282469999999883  4.1556753  -2.1420747 
48 18  -1.0924496999999995  -1.0924497  -1.0924497 
48 19  -7.3901997  -3.1916997  1.0068003 
48 20  -2.1420747  2.0564253  -2.1420747 
48 21  -0.042824699999999716  2.0564253  -0.042824699999999716 
48 22  -2.1420746999999993  4.1556753  -0.042824699999999716 
48 23  -0.042824699999999716  -0.042824699999999716  2.0564253 
49 0  -3.191699700000001  -1.0068002999999992  1.0068003 
49 1  -1.0924497000000013  -3.1060502999999997  3.1060503 
49 2  -4.241324700000002  -6.2549253  -0.04282469999999994 
49 3  -2.142074700000001  -6.2549253  2.0564253000000003 
49 4  -4.241324700000001  -4.1556752999999995  2.0564253000000003 
49 5  -2.1420747  0.042824700000000604  4.1556753 
49 6  -3.191699700000001  -5.205300299999999  5.205300300000001 
49 7  -1.0924497000000013  -7.3045503  -1.0924497 
49 8  -4.241324700000001  -2.0564253  4.1556753 
49 9  -2.1420747  -2.0564253  6.2549253 
49 10  -4.241324700000001  0.042824700000000604  6.2549253 
49 11  -2.142074700000001  -4.1556752999999995  -0.04282469999999994 
49 12  1.0068002999999992  -1.0068002999999992  5.205300300000001 
49 13  -5.290949700000001  -3.1060502999999997  -1.0924497 
49 14  -0.04282470000000149  -6.2549253  4.1556753 
49 15  2.0564253  -6.2549253  6.2549253 
49 16  -0.042824700000000604  -4.1556752999999995  6.2549253 
49 17  2.0564253  0.042824700000000604  -0.04282469999999994 
49 18  1.0068002999999992  -5.205300299999999  1.0068003 
49 19  -5.290949700000001  -7.3045503  3.1060503 
49 20  -0.04282470000000149  -2.0564253  -0.04282469999999994 
49 21  2.056425299999999  -2.0564253  2.0564253000000003 
49 22  -0.042824700000000604  0.042824700000000604  2.0564253000000003 
49 23  2.056425299999999  -4.1556752999999995  4.1556753 
50 0  1.0924497  3.1060503000000006  -3.1060503 
50 1  3.1916996999999996  1.0068003  -1.0068003 
50 2  0.042824699999999494  -2.1420747  -4.1556753 
50 3  2.1420746999999998  -2.1420747  -2.0564253 
50 4  0.04282469999999994  -0.042824699999999716  -2.0564253 
50 5  2.1420747000000007  4.1556753  0.042824699999999716 
50 6  1.0924497  -1.0924497  1.0924497000000004 
50 7  3.1916996999999996  -3.1916997  -5.2053003 
50 8  0.04282469999999994  2.0564253  0.042824699999999716 
50 9  2.1420747000000007  2.0564253  2.1420747 
50 10  0.04282470000000038  4.1556753  2.1420747 
50 11  2.1420746999999998  -0.042824699999999716  -4.1556753 
50 12  5.2909497000000005  3.1060503000000006  1.0924497000000004 
50 13  -1.0068003000000003  1.0068003  -5.2053003 
50 14  4.2413247  -2.1420747  0.042824699999999716 
50 15  6.340574700000001  -2.1420747  2.1420747 
50 16  4.2413247  -0.042824699999999716  2.1420747 
50 17  6.340574700000001  4.1556753  -4.1556753 
50 18  5.2909497000000005  -1.0924497  -3.1060503 
50 19  -1.0068003000000003  -3.1916997  -1.0068003 
50 20  4.2413247  2.0564253  -4.1556753 
50 21  6.3405746999999995  2.0564253  -2.0564253 
50 22  4.2413247  4.1556753  -2.0564253 
50 23  6.3405746999999995  -0.042824699999999716  0.042824699999999716 
51 0  -5.2909497  1.0924497000000004  -3.1060503 
51 1  -3.1916997  -1.0068003  -1.0068003 
51 2  -6.3405747  -4.1556753  -4.1556753 
51 3  -4.2413247  -4.1556753  -2.0564253 
51 4  -6.3405746999999995  -2.0564253  -2.0564253 
51 5  -4.241324699999999  2.1420747  0.042824699999999716 
51 6  -5.2909497  -3.1060503  1.0924497000000004 
51 7  -3.1916997  -5.2053003  -5.2053003 
51 8  -6.3405746999999995  0.042824699999999716  0.042824699999999716 
51 9  -4.241324699999999  0.042824699999999716  2.1420747 
51 10  -6.3405746999999995  2.1420747  2.1420747 
51 11  -4.2413247  -2.0564253  -4.1556753 
51 12  -1.0924496999999995  1.0924497000000004  1.0924497000000004 
51 13  -7.3901997  -1.0068003  -5.2053003 
51 14  -2.1420747  -4.1556753  0.042824699999999716 
51 15  -0.04282469999999883  -4.1556753  2.1420747 
51 16  -2.1420746999999993  -2.0564253  2.1420747 
51 17  -0.04282469999999883  2.1420747  -4.1556753 
51 18  -1.0924496999999995  -3.1060503  -3.1060503 
51 19  -7.3901997  -5.2053003  -1.0068003 
51 20  -2.1420747  0.042824699999999716  -4.1556753 
51 21  -0.042824699999999716  0.042824699999999716  -2.0564253 
51 22  -2.1420746999999993  2.1420747  -2.0564253 
51 23  -0.042824699999999716  -2.0564253  0.042824699999999716 
52 0  -5.205300299999999  1.0068003  1.0068003 
52 1  -3.1060502999999997  -1.0924497000000004  3.1060503 
52 2  -6.2549253  -4.241324700000001  -0.04282469999999994 
52 3  -4.1556752999999995  -4.241324700000001  2.0564253000000003 
52 4  -6.254925299999999  -2.1420747  2.0564253000000003 
52 5  -4.155675299999999  2.0564253  4.1556753 
52 6  -5.205300299999999  -3.1916997000000005  5.205300300000001 
52 7  -3.1060502999999997  -5.2909497000000005  -1.0924497 
52 8  -6.254925299999999  -0.042824700000000604  4.1556753 
52 9  -4.155675299999999  -0.042824700000000604  6.2549253 
52 10  -6.254925299999999  2.0564253  6.2549253 
52 11  -4.1556752999999995  -2.1420747  -0.04282469999999994 
52 12  -1.0068002999999992  1.0068003  5.205300300000001 
52 13  -7.3045503  -1.0924497000000004  -1.0924497 
52 14  -2.0564253  -4.241324700000001  4.1556753 
52 15  0.04282470000000149  -4.241324700000001  6.2549253 
52 16  -2.056425299999999  -2.1420747  6.2549253 
52 17  0.04282470000000149  2.0564253  -0.04282469999999994 
52 18  -1.0068002999999992  -3.1916997000000005  1.0068003 
52 19  -7.3045503  -5.2909497000000005  3.1060503 
52 20  -2.0564253  -0.042824700000000604  -0.04282469999999994 
52 21  0.042824700000000604  -0.042824700000000604  2.0564253000000003 
52 22  -2.056425299999999  2.0564253  2.0564253000000003 
52 23  0.042824700000000604  -2.1420747  4.1556753 
53 0  -5.2053003  -1.0068002999999992  -1.0068003 
53 1  -3.1060503000000006  -3.1060502999999997  1.0924497 
53 2  -6.254925300000001  -6.2549253  -2.0564253 
53 3  -4.1556753  -6.2549253  0.04282470000000016 
53 4  -6.2549253  -4.1556752999999995  0.04282470000000016 
53 5  -4.1556752999999995  0.042824700000000604  2.1420746999999998 
53 6  -5.2053003  -5.205300299999999  3.1916997000000005 
53 7  -3.1060503000000006  -7.3045503  -3.1060503 
53 8  -6.2549253  -2.0564253  2.1420746999999998 
53 9  -4.1556752999999995  -2.0564253  4.2413247 
53 10  -6.2549253  0.042824700000000604  4.2413247 
53 11  -4.1556753  -4.1556752999999995  -2.0564253 
53 12  -1.0068003  -1.0068002999999992  3.1916997000000005 
53 13  -7.304550300000001  -3.1060502999999997  -3.1060503 
53 14  -2.056425300000001  -6.2549253  2.1420746999999998 
53 15  0.042824700000000604  -6.2549253  4.2413247 
53 16  -2.0564253  -4.1556752999999995  4.2413247 
53 17  0.042824700000000604  0.042824700000000604  -2.0564253 
53 18  -1.0068003  -5.205300299999999  -1.0068003 
53 19  -7.304550300000001  -7.3045503  1.0924497 
53 20  -2.056425300000001  -2.0564253  -2.0564253 
53 21  0.042824699999999716  -2.0564253  0.04282470000000016 
53 22  -2.0564253  0.042824700000000604  0.04282470000000016 
53 23  0.042824699999999716  -4.1556752999999995  2.1420746999999998 
54 0  -3.1916997  1.0068003  -1.0068003 
54 1  -1.0924497000000004  -1.0924497000000004  1.0924497 
54 2  -4.241324700000001  -4.241324700000001  -2.0564253 
54 3  -2.1420747  -4.241324700000001  0.04282470000000016 
54 4  -4.2413247  -2.1420747  0.04282470000000016 
54 5  -2.1420746999999993  2.0564253  2.1420746999999998 
54 6  -3.1916997  -3.1916997000000005  3.1916997000000005 
54 7  -1.0924497000000004  -5.2909497000000005  -3.1060503 
54 8  -4.2413247  -0.042824700000000604  2.1420746999999998 
54 9  -2.1420746999999993  -0.042824700000000604  4.2413247 
54 10  -4.2413247  2.0564253  4.2413247 
54 11  -2.1420747  -2.1420747  -2.0564253 
54 12  1.0068003  1.0068003  3.1916997000000005 
54 13  -5.2909497000000005  -1.0924497000000004  -3.1060503 
54 14  -0.042824700000000604  -4.241324700000001  2.1420746999999998 
54 15  2.056425300000001  -4.241324700000001  4.2413247 
54 16  -0.042824699999999716  -2.1420747  4.2413247 
54 17  2.056425300000001  2.0564253  -2.0564253 
54 18  1.0068003  -3.1916997000000005  -1.0068003 
54 19  -5.2909497000000005  -5.2909497000000005  1.0924497 
54 20  -0.042824700000000604  -0.042824700000000604  -2.0564253 
54 21  2.0564253  -0.042824700000000604  0.04282470000000016 
54 22  -0.042824699999999716  2.0564253  0.04282470000000016 
54 23  2.0564253  -2.1420747  2.1420746999999998 
55 0  1.0924497  1.0924497000000004  -1.0924497 
55 1  3.1916996999999996  -1.0068003  1.0068003 
55 2  0.042824699999999494  -4.1556753  -2.1420747 
55 3  2.1420746999999998  -4.1556753  -0.042824699999999716 
55 4  0.04282469999999994  -2.0564253  -0.042824699999999716 
55 5  2.1420747000000007  2.1420747  2.0564253 
55 6  1.0924497  -3.1060503  3.1060503000000006 
55 7  3.1916996999999996  -5.2053003  -3.1916997 
55 8  0.04282469999999994  0.042824699999999716  2.0564253 
55 9  2.1420747000000007  0.042824699999999716  4.1556753 
55 10  0.04282470000000038  2.1420747  4.1556753 
55 11  2.1420746999999998  -2.0564253  -2.1420747 
55 12  5.2909497000000005  1.0924497000000004  3.1060503000000006 
55 13  -1.0068003000000003  -1.0068003  -3.1916997 
55 14  4.2413247  -4.1556753  2.0564253 
55 15  6.340574700000001  -4.1556753  4.1556753 
55 16  4.2413247  -2.0564253  4.1556753 
55 17  6.340574700000001  2.1420747  -2.1420747 
55 18  5.2909497000000005  -3.1060503  -1.0924497 
55 19  -1.0068003000000003  -5.2053003  1.0068003 
55 20  4.2413247  0.042824699999999716  -2.1420747 
55 21  6.3405746999999995  0.042824699999999716  -0.042824699999999716 
55 22  4.2413247  2.1420747  -0.042824699999999716 
55 23  6.3405746999999995  -2.0564253  2.0564253 