 9.664  0  0  5.30272064030804e-16  8.66  0  -1.8267963570097974  0.0  4.967762481239993 
5
0 16  6.136251674608083  2.7867880000000005  -0.4982665768683713 
0 17  5.222853496103184  1.321516  1.9856146637516254 
0 18  3.5277483253919177  2.7867880000000005  0.4982665768683714 
0 19  2.614350146887019  1.321516  2.982147817488367 
0 20  8.233581713952862  4.2918959999999995  0.37357573858924753 
0 21  7.320183535447964  -0.18359199999999998  2.8574569792092444 
0 22  1.430418286047137  4.2918959999999995  -0.3735757385892474 
0 23  0.5170201075422383  -0.18359199999999998  2.110305502030749 
0 24  8.625162050709807  2.0428940000000004  -0.9672233550974267 
0 25  7.7117638722049096  2.06541  1.51665788552257 
0 26  1.0388379492901927  2.0428940000000004  0.9672233550974265 
0 27  0.1254397707852939  2.06541  3.451104595717423 
0 28  1.3042516746080826  -1.543212  -0.4982665768683713 
0 29  0.3908534961031842  5.651516  1.9856146637516254 
0 30  8.359748325391916  -1.543212  0.4982665768683714 
0 31  7.446350146887019  5.651516  2.982147817488367 
0 32  3.4015817139528632  -0.038103999999999694  0.37357573858924753 
0 33  2.4881835354479653  4.146408000000001  2.8574569792092444 
0 34  6.262418286047137  -0.038103999999999694  -0.3735757385892474 
0 35  5.3490201075422386  4.146408000000001  2.110305502030749 
0 36  3.7931620507098076  6.3728940000000005  -0.9672233550974267 
0 37  2.879763872204909  -2.2645899999999997  1.51665788552257 
0 38  5.870837949290193  6.3728940000000005  0.9672233550974265 
0 39  4.957439770785293  -2.2645899999999997  3.451104595717423 
1 16  7.049649853112981  -1.321515999999999  -2.9821478174883675 
1 17  6.136251674608082  -2.7867879999999996  -0.49826657686837095 
1 18  4.441146503896816  -1.321515999999999  -1.985614663751625 
1 19  3.527748325391917  -2.7867879999999996  0.49826657686837095 
1 20  9.146979892457761  0.18359199999999998  -2.110305502030749 
1 21  8.233581713952862  -4.2918959999999995  0.3735757385892482 
1 22  2.3438164645520354  0.18359199999999998  -2.857456979209244 
1 23  1.4304182860471366  -4.2918959999999995  -0.3735757385892473 
1 24  9.538560229214706  -2.065409999999999  -3.451104595717423 
1 25  8.625162050709807  -2.0428939999999995  -0.9672233550974263 
1 26  1.952236127795091  -2.065409999999999  -1.5166578855225699 
1 27  1.0388379492901922  -2.0428939999999995  0.9672233550974267 
1 28  2.217649853112981  -5.651515999999999  -2.9821478174883675 
1 29  1.3042516746080826  1.5432120000000005  -0.49826657686837095 
1 30  9.273146503896815  -5.651515999999999  -1.985614663751625 
1 31  8.359748325391918  1.5432120000000005  0.49826657686837095 
1 32  4.314979892457762  -4.146407999999999  -2.110305502030749 
1 33  3.4015817139528632  0.03810400000000147  0.3735757385892482 
1 34  7.175816464552035  -4.146407999999999  -2.857456979209244 
1 35  6.2624182860471365  0.03810400000000147  -0.3735757385892473 
1 36  4.706560229214706  2.264590000000001  -3.451104595717423 
1 37  3.7931620507098067  -6.372894  -0.9672233550974263 
1 38  6.784236127795091  2.264590000000001  -1.5166578855225699 
1 39  5.870837949290191  -6.372894  0.9672233550974267 
2 16  1.304251674608083  -1.5432120000000005  -0.4982665768683713 
2 17  0.3908534961031842  -3.008484000000001  1.9856146637516254 
2 18  -1.3042516746080821  -1.5432120000000005  0.4982665768683714 
2 19  -2.217649853112981  -3.008484000000001  2.982147817488367 
2 20  3.4015817139528632  -0.03810400000000147  0.37357573858924753 
2 21  2.4881835354479644  -4.513592000000001  2.8574569792092444 
2 22  -3.4015817139528624  -0.03810400000000147  -0.3735757385892474 
2 23  -4.314979892457761  -4.513592000000001  2.110305502030749 
2 24  3.7931620507098076  -2.2871060000000005  -0.9672233550974267 
2 25  2.8797638722049097  -2.264590000000001  1.51665788552257 
2 26  -3.793162050709807  -2.2871060000000005  0.9672233550974265 
2 27  -4.7065602292147055  -2.264590000000001  3.451104595717423 
2 28  -3.527748325391917  -5.8732120000000005  -0.4982665768683713 
2 29  -4.441146503896816  1.321515999999999  1.9856146637516254 
2 30  3.527748325391917  -5.8732120000000005  0.4982665768683714 
2 31  2.614350146887019  1.321515999999999  2.982147817488367 
2 32  -1.4304182860471362  -4.368104000000001  0.37357573858924753 
2 33  -2.3438164645520345  -0.18359199999999998  2.8574569792092444 
2 34  1.4304182860471375  -4.368104000000001  -0.3735757385892474 
2 35  0.5170201075422387  -0.18359199999999998  2.110305502030749 
2 36  -1.0388379492901918  2.0428939999999995  -0.9672233550974267 
2 37  -1.952236127795091  -6.594590000000001  1.51665788552257 
2 38  1.0388379492901931  2.0428939999999995  0.9672233550974265 
2 39  0.12543977078529345  -6.594590000000001  3.451104595717423 
3 16  2.217649853112982  3.008484  -2.9821478174883675 
3 17  1.304251674608083  1.5432119999999996  -0.49826657686837095 
3 18  -0.3908534961031833  3.008484  -1.985614663751625 
3 19  -1.3042516746080821  1.5432119999999996  0.49826657686837095 
3 20  4.314979892457762  4.513591999999999  -2.110305502030749 
3 21  3.4015817139528632  0.038103999999999694  0.3735757385892482 
3 22  -2.4881835354479636  4.513591999999999  -2.857456979209244 
3 23  -3.4015817139528624  0.038103999999999694  -0.3735757385892473 
3 24  4.706560229214706  2.26459  -3.451104595717423 
3 25  3.7931620507098085  2.2871059999999996  -0.9672233550974263 
3 26  -2.8797638722049084  2.26459  -1.5166578855225699 
3 27  -3.7931620507098067  2.2871059999999996  0.9672233550974267 
3 28  -2.614350146887018  -1.3215160000000004  -2.9821478174883675 
3 29  -3.527748325391917  5.873212  -0.49826657686837095 
3 30  4.441146503896816  -1.3215160000000004  -1.985614663751625 
3 31  3.5277483253919177  5.873212  0.49826657686837095 
3 32  -0.5170201075422374  0.18359199999999998  -2.110305502030749 
3 33  -1.4304182860471357  4.368104000000001  0.3735757385892482 
3 34  2.3438164645520363  0.18359199999999998  -2.857456979209244 
3 35  1.4304182860471375  4.368104000000001  -0.3735757385892473 
3 36  -0.125439770785293  6.59459  -3.451104595717423 
3 37  -1.0388379492901922  -2.042894  -0.9672233550974263 
3 38  1.952236127795092  6.59459  -1.5166578855225699 
3 39  1.0388379492901922  -2.042894  0.9672233550974267 
4 16  6.136251674608082  -2.7170749999999995  -0.4982665768683713 
4 17  5.222853496103183  -4.182347  1.9856146637516254 
4 18  3.5277483253919173  -2.7170749999999995  0.4982665768683714 
4 19  2.6143501468870185  -4.182347  2.982147817488367 
4 20  8.233581713952862  -1.2119670000000005  0.37357573858924753 
4 21  7.320183535447963  -5.687455  2.8574569792092444 
4 22  1.4304182860471366  -1.2119670000000005  -0.3735757385892474 
4 23  0.5170201075422379  -5.687455  2.110305502030749 
4 24  8.625162050709807  -3.4609689999999995  -0.9672233550974267 
4 25  7.711763872204909  -3.438453  1.51665788552257 
4 26  1.0388379492901922  -3.4609689999999995  0.9672233550974265 
4 27  0.12543977078529356  -3.438453  3.451104595717423 
4 28  1.3042516746080821  -7.0470749999999995  -0.4982665768683713 
4 29  0.3908534961031839  0.14765300000000003  1.9856146637516254 
4 30  8.359748325391916  -7.0470749999999995  0.4982665768683714 
4 31  7.446350146887018  0.14765300000000003  2.982147817488367 
4 32  3.4015817139528632  -5.541967  0.37357573858924753 
4 33  2.488183535447965  -1.357454999999999  2.8574569792092444 
4 34  6.2624182860471365  -5.541967  -0.3735757385892474 
4 35  5.349020107542238  -1.357454999999999  2.110305502030749 
4 36  3.7931620507098076  0.8690310000000006  -0.9672233550974267 
4 37  2.8797638722049084  -7.768453  1.51665788552257 
4 38  5.870837949290192  0.8690310000000006  0.9672233550974265 
4 39  4.957439770785292  -7.768453  3.451104595717423 
5 16  7.049649853112982  4.182347  -2.9821478174883675 
5 17  6.136251674608083  2.7170749999999995  -0.49826657686837095 
5 18  4.4411465038968165  4.182347  -1.985614663751625 
5 19  3.5277483253919177  2.7170749999999995  0.49826657686837095 
5 20  9.146979892457761  5.687454999999999  -2.110305502030749 
5 21  8.233581713952862  1.2119669999999998  0.3735757385892482 
5 22  2.343816464552036  5.687454999999999  -2.857456979209244 
5 23  1.430418286047137  1.2119669999999998  -0.3735757385892473 
5 24  9.538560229214706  3.438453  -3.451104595717423 
5 25  8.625162050709807  3.4609689999999995  -0.9672233550974263 
5 26  1.9522361277950915  3.438453  -1.5166578855225699 
5 27  1.0388379492901927  3.4609689999999995  0.9672233550974267 
5 28  2.2176498531129814  -0.14765300000000015  -2.9821478174883675 
5 29  1.304251674608083  7.0470749999999995  -0.49826657686837095 
5 30  9.273146503896815  -0.14765300000000015  -1.985614663751625 
5 31  8.359748325391918  7.0470749999999995  0.49826657686837095 
5 32  4.314979892457762  1.357455  -2.110305502030749 
5 33  3.401581713952864  5.5419670000000005  0.3735757385892482 
5 34  7.175816464552036  1.357455  -2.857456979209244 
5 35  6.262418286047137  5.5419670000000005  -0.3735757385892473 
5 36  4.706560229214706  7.768453  -3.451104595717423 
5 37  3.7931620507098076  -0.8690310000000001  -0.9672233550974263 
5 38  6.784236127795092  7.768453  -1.5166578855225699 
5 39  5.870837949290192  -0.8690310000000001  0.9672233550974267 
6 16  1.304251674608083  1.6129250000000006  -0.4982665768683713 
6 17  0.3908534961031842  0.14765300000000003  1.9856146637516254 
6 18  -1.3042516746080821  1.6129250000000006  0.4982665768683714 
6 19  -2.217649853112981  0.14765300000000003  2.982147817488367 
6 20  3.4015817139528632  3.1180329999999996  0.37357573858924753 
6 21  2.4881835354479644  -1.3574549999999999  2.8574569792092444 
6 22  -3.4015817139528624  3.1180329999999996  -0.3735757385892474 
6 23  -4.314979892457761  -1.3574549999999999  2.110305502030749 
6 24  3.7931620507098076  0.8690310000000006  -0.9672233550974267 
6 25  2.8797638722049097  0.8915470000000001  1.51665788552257 
6 26  -3.793162050709807  0.8690310000000006  0.9672233550974265 
6 27  -4.7065602292147055  0.8915470000000001  3.451104595717423 
6 28  -3.527748325391917  -2.717075  -0.4982665768683713 
6 29  -4.441146503896816  4.477653  1.9856146637516254 
6 30  3.527748325391917  -2.717075  0.4982665768683714 
6 31  2.614350146887019  4.477653  2.982147817488367 
6 32  -1.4304182860471362  -1.2119669999999996  0.37357573858924753 
6 33  -2.3438164645520345  2.972545000000001  2.8574569792092444 
6 34  1.4304182860471375  -1.2119669999999996  -0.3735757385892474 
6 35  0.5170201075422387  2.972545000000001  2.110305502030749 
6 36  -1.0388379492901918  5.199031000000001  -0.9672233550974267 
6 37  -1.952236127795091  -3.4384529999999995  1.51665788552257 
6 38  1.0388379492901931  5.199031000000001  0.9672233550974265 
6 39  0.12543977078529345  -3.4384529999999995  3.451104595717423 
7 16  2.217649853112982  -0.14765300000000003  -2.9821478174883675 
7 17  1.304251674608083  -1.6129250000000006  -0.49826657686837095 
7 18  -0.3908534961031833  -0.14765300000000003  -1.985614663751625 
7 19  -1.3042516746080821  -1.6129250000000006  0.49826657686837095 
7 20  4.314979892457762  1.357454999999999  -2.110305502030749 
7 21  3.4015817139528632  -3.1180330000000005  0.3735757385892482 
7 22  -2.4881835354479636  1.357454999999999  -2.857456979209244 
7 23  -3.4015817139528624  -3.1180330000000005  -0.3735757385892473 
7 24  4.706560229214706  -0.8915470000000001  -3.451104595717423 
7 25  3.7931620507098085  -0.8690310000000006  -0.9672233550974263 
7 26  -2.8797638722049084  -0.8915470000000001  -1.5166578855225699 
7 27  -3.7931620507098067  -0.8690310000000006  0.9672233550974267 
7 28  -2.614350146887018  -4.477653  -2.9821478174883675 
7 29  -3.527748325391917  2.7170749999999995  -0.49826657686837095 
7 30  4.441146503896816  -4.477653  -1.985614663751625 
7 31  3.5277483253919177  2.7170749999999995  0.49826657686837095 
7 32  -0.5170201075422374  -2.972545  -2.110305502030749 
7 33  -1.4304182860471357  1.2119670000000005  0.3735757385892482 
7 34  2.3438164645520363  -2.972545  -2.857456979209244 
7 35  1.4304182860471375  1.2119670000000005  -0.3735757385892473 
7 36  -0.125439770785293  3.438453  -3.451104595717423 
7 37  -1.0388379492901922  -5.199031000000001  -0.9672233550974263 
7 38  1.952236127795092  3.438453  -1.5166578855225699 
7 39  1.0388379492901922  -5.199031000000001  0.9672233550974267 
8 16  -1.528491982951162  -0.0423473999999997  -0.5767572240719631 
8 17  -2.441890161456061  -1.5076194000000003  1.9071240165480337 
8 18  -4.136995332167327  -0.0423473999999997  0.4197759296647796 
8 19  -5.050393510672226  -1.5076194000000003  2.9036571702847755 
8 20  0.5688380563936182  1.4627605999999993  0.29508509138565575 
8 21  -0.3445601221112806  -3.0127274  2.778966332005653 
8 22  -6.234325371512107  1.4627605999999993  -0.4520663857928392 
8 23  -7.147723550017006  -3.0127274  2.0318148548271573 
8 24  0.9604183931505625  -0.7862413999999998  -1.0457140023010185 
8 25  0.04702021464566464  -0.7637254000000002  1.4381672383189783 
8 26  -6.625905708269052  -0.7862413999999998  0.8887327078938347 
8 27  -7.539303886773951  -0.7637254000000002  3.3726139485138313 
8 28  -6.360491982951162  -4.3723474  -0.5767572240719631 
8 29  -7.273890161456061  2.8223806  1.9071240165480337 
8 30  0.6950046678326718  -4.3723474  0.4197759296647796 
8 31  -0.21839351067222612  2.8223806  2.9036571702847755 
8 32  -4.263161943606381  -2.8672394  0.29508509138565575 
8 33  -5.17656012211128  1.3172726000000008  2.778966332005653 
8 34  -1.4023253715121076  -2.8672394  -0.4520663857928392 
8 35  -2.3157235500170064  1.3172726000000008  2.0318148548271573 
8 36  -3.871581606849437  3.5437586000000003  -1.0457140023010185 
8 37  -4.784979785354336  -5.0937254  1.4381672383189783 
8 38  -1.793905708269052  3.5437586000000003  0.8887327078938347 
8 39  -2.7073038867739516  -5.0937254  3.3726139485138313 
9 16  -0.6150938044462633  1.5076194000000003  -3.06063846469196 
9 17  -1.528491982951162  0.0423473999999997  -0.5767572240719634 
9 18  -3.2235971536624284  1.5076194000000003  -2.0641053109552177 
9 19  -4.136995332167327  0.0423473999999997  0.4197759296647785 
9 20  1.482236234898517  3.0127273999999993  -2.1887961492343413 
9 21  0.5688380563936182  -1.4627606000000002  0.29508509138565575 
9 22  -5.320927193007209  3.0127273999999993  -2.9359476264128364 
9 23  -6.234325371512107  -1.4627606000000002  -0.45206638579283975 
9 24  1.8738165716554613  0.7637254000000002  -3.5295952429210153 
9 25  0.9604183931505634  0.7862413999999998  -1.0457140023010187 
9 26  -5.712507529764153  0.7637254000000002  -1.5951485327261623 
9 27  -6.625905708269052  0.7862413999999998  0.8887327078938343 
9 28  -5.447093804446263  -2.8223806000000002  -3.06063846469196 
9 29  -6.360491982951162  4.3723474  -0.5767572240719634 
9 30  1.6084028463375706  -2.8223806000000002  -2.0641053109552177 
9 31  0.6950046678326727  4.3723474  0.4197759296647785 
9 32  -3.3497637651014824  -1.3172726  -2.1887961492343413 
9 33  -4.263161943606381  2.8672394000000008  0.29508509138565575 
9 34  -0.48892719300720877  -1.3172726  -2.9359476264128364 
9 35  -1.4023253715121076  2.8672394000000008  -0.45206638579283975 
9 36  -2.958183428344538  5.0937254  -3.5295952429210153 
9 37  -3.8715816068494373  -3.5437586  -1.0457140023010187 
9 38  -0.8805075297641531  5.0937254  -1.5951485327261623 
9 39  -1.7939057082690528  -3.5437586  0.8887327078938343 
10 16  4.136995332167328  -0.0423473999999997  -0.4197759296647793 
10 17  3.2235971536624293  -1.5076194000000003  2.0641053109552177 
10 18  1.5284919829511627  -0.0423473999999997  0.5767572240719634 
10 19  0.6150938044462639  -1.5076194000000003  3.0606384646919595 
10 20  6.234325371512108  1.4627605999999993  0.45206638579283953 
10 21  5.3209271930072095  -3.0127274  2.935947626412837 
10 22  -0.5688380563936177  1.4627605999999993  -0.2950850913856554 
10 23  -1.4822362348985165  -3.0127274  2.1887961492343413 
10 24  6.625905708269053  -0.7862413999999998  -0.8887327078938347 
10 25  5.712507529764155  -0.7637254000000002  1.595148532726162 
10 26  -0.9604183931505622  -0.7862413999999998  1.0457140023010185 
10 27  -1.873816571655461  -0.7637254000000002  3.5295952429210153 
10 28  -0.6950046678326722  -4.3723474  -0.4197759296647793 
10 29  -1.6084028463375706  2.8223806  2.0641053109552177 
10 30  6.360491982951162  -4.3723474  0.5767572240719634 
10 31  5.447093804446264  2.8223806  3.0606384646919595 
10 32  1.4023253715121087  -2.8672394  0.45206638579283953 
10 33  0.4889271930072103  1.3172726000000008  2.935947626412837 
10 34  4.263161943606383  -2.8672394  -0.2950850913856554 
10 35  3.3497637651014838  1.3172726000000008  2.1887961492343413 
10 36  1.793905708269053  3.5437586000000003  -0.8887327078938347 
10 37  0.8805075297641538  -5.0937254  1.595148532726162 
10 38  3.871581606849438  3.5437586000000003  1.0457140023010185 
10 39  2.9581834283445385  -5.0937254  3.5295952429210153 
11 16  5.050393510672227  1.5076194000000003  -2.9036571702847755 
11 17  4.136995332167328  0.0423473999999997  -0.41977592966477895 
11 18  2.4418901614560617  1.5076194000000003  -1.907124016548033 
11 19  1.5284919829511627  0.0423473999999997  0.576757224071963 
11 20  7.147723550017007  3.0127273999999993  -2.031814854827157 
11 21  6.234325371512108  -1.4627606000000002  0.4520663857928402 
11 22  0.34456012211128106  3.0127273999999993  -2.778966332005652 
11 23  -0.5688380563936177  -1.4627606000000002  -0.2950850913856553 
11 24  7.5393038867739515  0.7637254000000002  -3.372613948513831 
11 25  6.625905708269054  0.7862413999999998  -0.8887327078938343 
11 26  -0.047020214645663416  0.7637254000000002  -1.4381672383189779 
11 27  -0.9604183931505621  0.7862413999999998  1.0457140023010187 
11 28  0.21839351067222657  -2.8223806000000002  -2.9036571702847755 
11 29  -0.6950046678326718  4.3723474  -0.41977592966477895 
11 30  7.273890161456061  -2.8223806000000002  -1.907124016548033 
11 31  6.360491982951163  4.3723474  0.576757224071963 
11 32  2.3157235500170072  -1.3172726  -2.031814854827157 
11 33  1.4023253715121091  2.8672394000000008  0.4520663857928402 
11 34  5.176560122111281  -1.3172726  -2.778966332005652 
11 35  4.263161943606383  2.8672394000000008  -0.2950850913856553 
11 36  2.7073038867739516  5.0937254  -3.372613948513831 
11 37  1.7939057082690526  -3.5437586  -0.8887327078938343 
11 38  4.784979785354337  5.0937254  -1.4381672383189779 
11 39  3.8715816068494373  -3.5437586  1.0457140023010187 
12 16  3.303508017048838  4.2876526  -0.5767572240719631 
12 17  2.390109838543939  2.8223806  1.9071240165480337 
12 18  0.6950046678326727  4.2876526  0.4197759296647796 
12 19  -0.21839351067222612  2.8223806  2.9036571702847755 
12 20  5.400838056393618  5.792760599999999  0.29508509138565575 
12 21  4.487439877888719  1.3172726  2.778966332005653 
12 22  -1.4023253715121078  5.792760599999999  -0.4520663857928392 
12 23  -2.3157235500170064  1.3172726  2.0318148548271573 
12 24  5.792418393150562  3.5437586000000003  -1.0457140023010185 
12 25  4.8790202146456645  3.5662746  1.4381672383189783 
12 26  -1.7939057082690524  3.5437586000000003  0.8887327078938347 
12 27  -2.7073038867739507  3.5662746  3.3726139485138313 
12 28  -1.5284919829511623  -0.042347400000000035  -0.5767572240719631 
12 29  -2.441890161456061  7.1523806  1.9071240165480337 
12 30  5.527004667832672  -0.042347400000000035  0.4197759296647796 
12 31  4.613606489327774  7.1523806  2.9036571702847755 
12 32  0.5688380563936186  1.4627606000000002  0.29508509138565575 
12 33  -0.34456012211127973  5.647272600000001  2.778966332005653 
12 34  3.4296746284878923  1.4627606000000002  -0.4520663857928392 
12 35  2.5162764499829935  5.647272600000001  2.0318148548271573 
12 36  0.960418393150563  7.8737586  -1.0457140023010185 
12 37  0.04702021464566375  -0.7637254  1.4381672383189783 
12 38  3.038094291730948  7.8737586  0.8887327078938347 
12 39  2.1246961132260482  -0.7637254  3.3726139485138313 
13 16  4.216906195553737  -2.8223806  -3.06063846469196 
13 17  3.303508017048838  -4.2876526  -0.5767572240719634 
13 18  1.6084028463375712  -2.8223806  -2.0641053109552177 
13 19  0.6950046678326725  -4.2876526  0.4197759296647785 
13 20  6.314236234898517  -1.3172726000000008  -2.1887961492343413 
13 21  5.400838056393618  -5.7927606  0.29508509138565575 
13 22  -0.4889271930072092  -1.3172726000000008  -2.9359476264128364 
13 23  -1.402325371512108  -5.7927606  -0.45206638579283975 
13 24  6.705816571655461  -3.5662746  -3.5295952429210153 
13 25  5.792418393150563  -3.5437586000000003  -1.0457140023010187 
13 26  -0.8805075297641537  -3.5662746  -1.5951485327261623 
13 27  -1.7939057082690524  -3.5437586000000003  0.8887327078938343 
13 28  -0.6150938044462637  -7.1523806  -3.06063846469196 
13 29  -1.528491982951162  0.0423473999999997  -0.5767572240719634 
13 30  6.44040284633757  -7.1523806  -2.0641053109552177 
13 31  5.5270046678326725  0.0423473999999997  0.4197759296647785 
13 32  1.4822362348985172  -5.6472726  -2.1887961492343413 
13 33  0.5688380563936188  -1.4627605999999993  0.29508509138565575 
13 34  4.343072806992791  -5.6472726  -2.9359476264128364 
13 35  3.4296746284878923  -1.4627605999999993  -0.45206638579283975 
13 36  1.8738165716554616  0.7637254000000002  -3.5295952429210153 
13 37  0.9604183931505623  -7.8737586  -1.0457140023010187 
13 38  3.9514924702358467  0.7637254000000002  -1.5951485327261623 
13 39  3.038094291730947  -7.8737586  0.8887327078938343 
14 16  -0.6950046678326718  4.2876526  -0.4197759296647793 
14 17  -1.6084028463375706  2.8223806  2.0641053109552177 
14 18  -3.303508017048837  4.2876526  0.5767572240719634 
14 19  -4.216906195553736  2.8223806  3.0606384646919595 
14 20  1.4023253715121085  5.792760599999999  0.45206638579283953 
14 21  0.48892719300720966  1.3172726  2.935947626412837 
14 22  -5.400838056393617  5.792760599999999  -0.2950850913856554 
14 23  -6.314236234898516  1.3172726  2.1887961492343413 
14 24  1.7939057082690528  3.5437586000000003  -0.8887327078938347 
14 25  0.8805075297641549  3.5662746  1.595148532726162 
14 26  -5.7924183931505615  3.5437586000000003  1.0457140023010185 
14 27  -6.70581657165546  3.5662746  3.5295952429210153 
14 28  -5.527004667832672  -0.042347400000000035  -0.4197759296647793 
14 29  -6.44040284633757  7.1523806  2.0641053109552177 
14 30  1.528491982951162  -0.042347400000000035  0.5767572240719634 
14 31  0.6150938044462642  7.1523806  3.0606384646919595 
14 32  -3.429674628487891  1.4627606000000002  0.45206638579283953 
14 33  -4.343072806992789  5.647272600000001  2.935947626412837 
14 34  -0.5688380563936173  1.4627606000000002  -0.2950850913856554 
14 35  -1.482236234898516  5.647272600000001  2.1887961492343413 
14 36  -3.0380942917309466  7.8737586  -0.8887327078938347 
14 37  -3.951492470235846  -0.7637254  1.595148532726162 
14 38  -0.9604183931505617  7.8737586  1.0457140023010185 
14 39  -1.8738165716554613  -0.7637254  3.5295952429210153 
15 16  0.21839351067222612  -2.8223806  -2.9036571702847755 
15 17  -0.6950046678326727  -4.2876526  -0.41977592966477895 
15 18  -2.390109838543939  -2.8223806  -1.907124016548033 
15 19  -3.303508017048838  -4.2876526  0.576757224071963 
15 20  2.3157235500170064  -1.3172726000000008  -2.031814854827157 
15 21  1.4023253715121076  -5.7927606  0.4520663857928402 
15 22  -4.487439877888719  -1.3172726000000008  -2.778966332005652 
15 23  -5.400838056393618  -5.7927606  -0.2950850913856553 
15 24  2.7073038867739507  -3.5662746  -3.372613948513831 
15 25  1.7939057082690528  -3.5437586000000003  -0.8887327078938343 
15 26  -4.879020214645664  -3.5662746  -1.4381672383189779 
15 27  -5.792418393150562  -3.5437586000000003  1.0457140023010187 
15 28  -4.613606489327774  -7.1523806  -2.9036571702847755 
15 29  -5.5270046678326725  0.0423473999999997  -0.41977592966477895 
15 30  2.44189016145606  -7.1523806  -1.907124016548033 
15 31  1.528491982951162  0.0423473999999997  0.576757224071963 
15 32  -2.516276449982993  -5.6472726  -2.031814854827157 
15 33  -3.4296746284878914  -1.4627605999999993  0.4520663857928402 
15 34  0.3445601221112806  -5.6472726  -2.778966332005652 
15 35  -0.5688380563936182  -1.4627605999999993  -0.2950850913856553 
15 36  -2.1246961132260487  0.7637254000000002  -3.372613948513831 
15 37  -3.038094291730948  -7.8737586  -0.8887327078938343 
15 38  -0.04702021464566375  0.7637254000000002  -1.4381672383189779 
15 39  -0.9604183931505634  -7.8737586  1.0457140023010187 
16 0  -6.136251674608083  -2.7867880000000005  0.4982665768683713 
16 1  -7.049649853112981  1.321515999999999  2.9821478174883675 
16 2  -1.304251674608083  1.5432120000000005  0.4982665768683713 
16 3  -2.217649853112982  -3.008484  2.9821478174883675 
16 4  -6.136251674608082  2.7170749999999995  0.4982665768683713 
16 5  -7.049649853112982  -4.182347  2.9821478174883675 
16 6  -1.304251674608083  -1.6129250000000006  0.4982665768683713 
16 7  -2.217649853112982  0.14765300000000003  2.9821478174883675 
16 8  1.528491982951162  0.0423473999999997  0.5767572240719631 
16 9  0.6150938044462633  -1.5076194000000003  3.06063846469196 
16 10  -4.136995332167328  0.0423473999999997  0.4197759296647793 
16 11  -5.050393510672227  -1.5076194000000003  2.9036571702847755 
16 12  -3.303508017048838  -4.2876526  0.5767572240719631 
16 13  -4.216906195553737  2.8223806  3.06063846469196 
16 14  0.6950046678326718  -4.2876526  0.4197759296647793 
16 15  -0.21839351067222612  2.8223806  2.9036571702847755 
17 0  -5.222853496103184  -1.321516  -1.9856146637516254 
17 1  -6.136251674608082  2.7867879999999996  0.49826657686837095 
17 2  -0.3908534961031842  3.008484000000001  -1.9856146637516254 
17 3  -1.304251674608083  -1.5432119999999996  0.49826657686837095 
17 4  -5.222853496103183  4.182347  -1.9856146637516254 
17 5  -6.136251674608083  -2.7170749999999995  0.49826657686837095 
17 6  -0.3908534961031842  -0.14765300000000003  -1.9856146637516254 
17 7  -1.304251674608083  1.6129250000000006  0.49826657686837095 
17 8  2.441890161456061  1.5076194000000003  -1.9071240165480337 
17 9  1.528491982951162  -0.0423473999999997  0.5767572240719634 
17 10  -3.2235971536624293  1.5076194000000003  -2.0641053109552177 
17 11  -4.136995332167328  -0.0423473999999997  0.41977592966477895 
17 12  -2.390109838543939  -2.8223806  -1.9071240165480337 
17 13  -3.303508017048838  4.2876526  0.5767572240719634 
17 14  1.6084028463375706  -2.8223806  -2.0641053109552177 
17 15  0.6950046678326727  4.2876526  0.41977592966477895 
18 0  -3.5277483253919177  -2.7867880000000005  -0.4982665768683714 
18 1  -4.441146503896816  1.321515999999999  1.985614663751625 
18 2  1.3042516746080821  1.5432120000000005  -0.4982665768683714 
18 3  0.3908534961031833  -3.008484  1.985614663751625 
18 4  -3.5277483253919173  2.7170749999999995  -0.4982665768683714 
18 5  -4.4411465038968165  -4.182347  1.985614663751625 
18 6  1.3042516746080821  -1.6129250000000006  -0.4982665768683714 
18 7  0.3908534961031833  0.14765300000000003  1.985614663751625 
18 8  4.136995332167327  0.0423473999999997  -0.4197759296647796 
18 9  3.2235971536624284  -1.5076194000000003  2.0641053109552177 
18 10  -1.5284919829511627  0.0423473999999997  -0.5767572240719634 
18 11  -2.4418901614560617  -1.5076194000000003  1.907124016548033 
18 12  -0.6950046678326727  -4.2876526  -0.4197759296647796 
18 13  -1.6084028463375712  2.8223806  2.0641053109552177 
18 14  3.303508017048837  -4.2876526  -0.5767572240719634 
18 15  2.390109838543939  2.8223806  1.907124016548033 
19 0  -2.614350146887019  -1.321516  -2.982147817488367 
19 1  -3.527748325391917  2.7867879999999996  -0.49826657686837095 
19 2  2.217649853112981  3.008484000000001  -2.982147817488367 
19 3  1.3042516746080821  -1.5432119999999996  -0.49826657686837095 
19 4  -2.6143501468870185  4.182347  -2.982147817488367 
19 5  -3.5277483253919177  -2.7170749999999995  -0.49826657686837095 
19 6  2.217649853112981  -0.14765300000000003  -2.982147817488367 
19 7  1.3042516746080821  1.6129250000000006  -0.49826657686837095 
19 8  5.050393510672226  1.5076194000000003  -2.9036571702847755 
19 9  4.136995332167327  -0.0423473999999997  -0.4197759296647785 
19 10  -0.6150938044462639  1.5076194000000003  -3.0606384646919595 
19 11  -1.5284919829511627  -0.0423473999999997  -0.576757224071963 
19 12  0.21839351067222612  -2.8223806  -2.9036571702847755 
19 13  -0.6950046678326725  4.2876526  -0.4197759296647785 
19 14  4.216906195553736  -2.8223806  -3.0606384646919595 
19 15  3.303508017048838  4.2876526  -0.576757224071963 
20 0  -8.233581713952862  -4.2918959999999995  -0.37357573858924753 
20 1  -9.146979892457761  -0.18359199999999998  2.110305502030749 
20 2  -3.4015817139528632  0.03810400000000147  -0.37357573858924753 
20 3  -4.314979892457762  -4.513591999999999  2.110305502030749 
20 4  -8.233581713952862  1.2119670000000005  -0.37357573858924753 
20 5  -9.146979892457761  -5.687454999999999  2.110305502030749 
20 6  -3.4015817139528632  -3.1180329999999996  -0.37357573858924753 
20 7  -4.314979892457762  -1.357454999999999  2.110305502030749 
20 8  -0.5688380563936182  -1.4627605999999993  -0.29508509138565575 
20 9  -1.482236234898517  -3.0127273999999993  2.1887961492343413 
20 10  -6.234325371512108  -1.4627605999999993  -0.45206638579283953 
20 11  -7.147723550017007  -3.0127273999999993  2.031814854827157 
20 12  -5.400838056393618  -5.792760599999999  -0.29508509138565575 
20 13  -6.314236234898517  1.3172726000000008  2.1887961492343413 
20 14  -1.4023253715121085  -5.792760599999999  -0.45206638579283953 
20 15  -2.3157235500170064  1.3172726000000008  2.031814854827157 
21 0  -7.320183535447964  0.18359199999999998  -2.8574569792092444 
21 1  -8.233581713952862  4.2918959999999995  -0.3735757385892482 
21 2  -2.4881835354479644  4.513592000000001  -2.8574569792092444 
21 3  -3.4015817139528632  -0.038103999999999694  -0.3735757385892482 
21 4  -7.320183535447963  5.687455  -2.8574569792092444 
21 5  -8.233581713952862  -1.2119669999999998  -0.3735757385892482 
21 6  -2.4881835354479644  1.3574549999999999  -2.8574569792092444 
21 7  -3.4015817139528632  3.1180330000000005  -0.3735757385892482 
21 8  0.3445601221112806  3.0127274  -2.778966332005653 
21 9  -0.5688380563936182  1.4627606000000002  -0.29508509138565575 
21 10  -5.3209271930072095  3.0127274  -2.935947626412837 
21 11  -6.234325371512108  1.4627606000000002  -0.4520663857928402 
21 12  -4.487439877888719  -1.3172726  -2.778966332005653 
21 13  -5.400838056393618  5.7927606  -0.29508509138565575 
21 14  -0.48892719300720966  -1.3172726  -2.935947626412837 
21 15  -1.4023253715121076  5.7927606  -0.4520663857928402 
22 0  -1.430418286047137  -4.2918959999999995  0.3735757385892474 
22 1  -2.3438164645520354  -0.18359199999999998  2.857456979209244 
22 2  3.4015817139528624  0.03810400000000147  0.3735757385892474 
22 3  2.4881835354479636  -4.513591999999999  2.857456979209244 
22 4  -1.4304182860471366  1.2119670000000005  0.3735757385892474 
22 5  -2.343816464552036  -5.687454999999999  2.857456979209244 
22 6  3.4015817139528624  -3.1180329999999996  0.3735757385892474 
22 7  2.4881835354479636  -1.357454999999999  2.857456979209244 
22 8  6.234325371512107  -1.4627605999999993  0.4520663857928392 
22 9  5.320927193007209  -3.0127273999999993  2.9359476264128364 
22 10  0.5688380563936177  -1.4627605999999993  0.2950850913856554 
22 11  -0.34456012211128106  -3.0127273999999993  2.778966332005652 
22 12  1.4023253715121078  -5.792760599999999  0.4520663857928392 
22 13  0.4889271930072092  1.3172726000000008  2.9359476264128364 
22 14  5.400838056393617  -5.792760599999999  0.2950850913856554 
22 15  4.487439877888719  1.3172726000000008  2.778966332005652 
23 0  -0.5170201075422383  0.18359199999999998  -2.110305502030749 
23 1  -1.4304182860471366  4.2918959999999995  0.3735757385892473 
23 2  4.314979892457761  4.513592000000001  -2.110305502030749 
23 3  3.4015817139528624  -0.038103999999999694  0.3735757385892473 
23 4  -0.5170201075422379  5.687455  -2.110305502030749 
23 5  -1.430418286047137  -1.2119669999999998  0.3735757385892473 
23 6  4.314979892457761  1.3574549999999999  -2.110305502030749 
23 7  3.4015817139528624  3.1180330000000005  0.3735757385892473 
23 8  7.147723550017006  3.0127274  -2.0318148548271573 
23 9  6.234325371512107  1.4627606000000002  0.45206638579283975 
23 10  1.4822362348985165  3.0127274  -2.1887961492343413 
23 11  0.5688380563936177  1.4627606000000002  0.2950850913856553 
23 12  2.3157235500170064  -1.3172726  -2.0318148548271573 
23 13  1.402325371512108  5.7927606  0.45206638579283975 
23 14  6.314236234898516  -1.3172726  -2.1887961492343413 
23 15  5.400838056393618  5.7927606  0.2950850913856553 
24 0  -8.625162050709807  -2.0428940000000004  0.9672233550974267 
24 1  -9.538560229214706  2.065409999999999  3.451104595717423 
24 2  -3.7931620507098076  2.2871060000000005  0.9672233550974267 
24 3  -4.706560229214706  -2.26459  3.451104595717423 
24 4  -8.625162050709807  3.4609689999999995  0.9672233550974267 
24 5  -9.538560229214706  -3.438453  3.451104595717423 
24 6  -3.7931620507098076  -0.8690310000000006  0.9672233550974267 
24 7  -4.706560229214706  0.8915470000000001  3.451104595717423 
24 8  -0.9604183931505625  0.7862413999999998  1.0457140023010185 
24 9  -1.8738165716554613  -0.7637254000000002  3.5295952429210153 
24 10  -6.625905708269053  0.7862413999999998  0.8887327078938347 
24 11  -7.5393038867739515  -0.7637254000000002  3.372613948513831 
24 12  -5.792418393150562  -3.5437586000000003  1.0457140023010185 
24 13  -6.705816571655461  3.5662746  3.5295952429210153 
24 14  -1.7939057082690528  -3.5437586000000003  0.8887327078938347 
24 15  -2.7073038867739507  3.5662746  3.372613948513831 
25 0  -7.7117638722049096  -2.06541  -1.51665788552257 
25 1  -8.625162050709807  2.0428939999999995  0.9672233550974263 
25 2  -2.8797638722049097  2.264590000000001  -1.51665788552257 
25 3  -3.7931620507098085  -2.2871059999999996  0.9672233550974263 
25 4  -7.711763872204909  3.438453  -1.51665788552257 
25 5  -8.625162050709807  -3.4609689999999995  0.9672233550974263 
25 6  -2.8797638722049097  -0.8915470000000001  -1.51665788552257 
25 7  -3.7931620507098085  0.8690310000000006  0.9672233550974263 
25 8  -0.04702021464566464  0.7637254000000002  -1.4381672383189783 
25 9  -0.9604183931505634  -0.7862413999999998  1.0457140023010187 
25 10  -5.712507529764155  0.7637254000000002  -1.595148532726162 
25 11  -6.625905708269054  -0.7862413999999998  0.8887327078938343 
25 12  -4.8790202146456645  -3.5662746  -1.4381672383189783 
25 13  -5.792418393150563  3.5437586000000003  1.0457140023010187 
25 14  -0.8805075297641549  -3.5662746  -1.595148532726162 
25 15  -1.7939057082690528  3.5437586000000003  0.8887327078938343 
26 0  -1.0388379492901927  -2.0428940000000004  -0.9672233550974265 
26 1  -1.952236127795091  2.065409999999999  1.5166578855225699 
26 2  3.793162050709807  2.2871060000000005  -0.9672233550974265 
26 3  2.8797638722049084  -2.26459  1.5166578855225699 
26 4  -1.0388379492901922  3.4609689999999995  -0.9672233550974265 
26 5  -1.9522361277950915  -3.438453  1.5166578855225699 
26 6  3.793162050709807  -0.8690310000000006  -0.9672233550974265 
26 7  2.8797638722049084  0.8915470000000001  1.5166578855225699 
26 8  6.625905708269052  0.7862413999999998  -0.8887327078938347 
26 9  5.712507529764153  -0.7637254000000002  1.5951485327261623 
26 10  0.9604183931505622  0.7862413999999998  -1.0457140023010185 
26 11  0.047020214645663416  -0.7637254000000002  1.4381672383189779 
26 12  1.7939057082690524  -3.5437586000000003  -0.8887327078938347 
26 13  0.8805075297641537  3.5662746  1.5951485327261623 
26 14  5.7924183931505615  -3.5437586000000003  -1.0457140023010185 
26 15  4.879020214645664  3.5662746  1.4381672383189779 
27 0  -0.1254397707852939  -2.06541  -3.451104595717423 
27 1  -1.0388379492901922  2.0428939999999995  -0.9672233550974267 
27 2  4.7065602292147055  2.264590000000001  -3.451104595717423 
27 3  3.7931620507098067  -2.2871059999999996  -0.9672233550974267 
27 4  -0.12543977078529356  3.438453  -3.451104595717423 
27 5  -1.0388379492901927  -3.4609689999999995  -0.9672233550974267 
27 6  4.7065602292147055  -0.8915470000000001  -3.451104595717423 
27 7  3.7931620507098067  0.8690310000000006  -0.9672233550974267 
27 8  7.539303886773951  0.7637254000000002  -3.3726139485138313 
27 9  6.625905708269052  -0.7862413999999998  -0.8887327078938343 
27 10  1.873816571655461  0.7637254000000002  -3.5295952429210153 
27 11  0.9604183931505621  -0.7862413999999998  -1.0457140023010187 
27 12  2.7073038867739507  -3.5662746  -3.3726139485138313 
27 13  1.7939057082690524  3.5437586000000003  -0.8887327078938343 
27 14  6.70581657165546  -3.5662746  -3.5295952429210153 
27 15  5.792418393150562  3.5437586000000003  -1.0457140023010187 
28 0  -1.3042516746080826  1.543212  0.4982665768683713 
28 1  -2.217649853112981  5.651515999999999  2.9821478174883675 
28 2  3.527748325391917  5.8732120000000005  0.4982665768683713 
28 3  2.614350146887018  1.3215160000000004  2.9821478174883675 
28 4  -1.3042516746080821  7.0470749999999995  0.4982665768683713 
28 5  -2.2176498531129814  0.14765300000000015  2.9821478174883675 
28 6  3.527748325391917  2.717075  0.4982665768683713 
28 7  2.614350146887018  4.477653  2.9821478174883675 
28 8  6.360491982951162  4.3723474  0.5767572240719631 
28 9  5.447093804446263  2.8223806000000002  3.06063846469196 
28 10  0.6950046678326722  4.3723474  0.4197759296647793 
28 11  -0.21839351067222657  2.8223806000000002  2.9036571702847755 
28 12  1.5284919829511623  0.042347400000000035  0.5767572240719631 
28 13  0.6150938044462637  7.1523806  3.06063846469196 
28 14  5.527004667832672  0.042347400000000035  0.4197759296647793 
28 15  4.613606489327774  7.1523806  2.9036571702847755 
29 0  -0.3908534961031842  -5.651516  -1.9856146637516254 
29 1  -1.3042516746080826  -1.5432120000000005  0.49826657686837095 
29 2  4.441146503896816  -1.321515999999999  -1.9856146637516254 
29 3  3.527748325391917  -5.873212  0.49826657686837095 
29 4  -0.3908534961031839  -0.14765300000000003  -1.9856146637516254 
29 5  -1.304251674608083  -7.0470749999999995  0.49826657686837095 
29 6  4.441146503896816  -4.477653  -1.9856146637516254 
29 7  3.527748325391917  -2.7170749999999995  0.49826657686837095 
29 8  7.273890161456061  -2.8223806  -1.9071240165480337 
29 9  6.360491982951162  -4.3723474  0.5767572240719634 
29 10  1.6084028463375706  -2.8223806  -2.0641053109552177 
29 11  0.6950046678326718  -4.3723474  0.41977592966477895 
29 12  2.441890161456061  -7.1523806  -1.9071240165480337 
29 13  1.528491982951162  -0.0423473999999997  0.5767572240719634 
29 14  6.44040284633757  -7.1523806  -2.0641053109552177 
29 15  5.5270046678326725  -0.0423473999999997  0.41977592966477895 
30 0  -8.359748325391916  1.543212  -0.4982665768683714 
30 1  -9.273146503896815  5.651515999999999  1.985614663751625 
30 2  -3.527748325391917  5.8732120000000005  -0.4982665768683714 
30 3  -4.441146503896816  1.3215160000000004  1.985614663751625 
30 4  -8.359748325391916  7.0470749999999995  -0.4982665768683714 
30 5  -9.273146503896815  0.14765300000000015  1.985614663751625 
30 6  -3.527748325391917  2.717075  -0.4982665768683714 
30 7  -4.441146503896816  4.477653  1.985614663751625 
30 8  -0.6950046678326718  4.3723474  -0.4197759296647796 
30 9  -1.6084028463375706  2.8223806000000002  2.0641053109552177 
30 10  -6.360491982951162  4.3723474  -0.5767572240719634 
30 11  -7.273890161456061  2.8223806000000002  1.907124016548033 
30 12  -5.527004667832672  0.042347400000000035  -0.4197759296647796 
30 13  -6.44040284633757  7.1523806  2.0641053109552177 
30 14  -1.528491982951162  0.042347400000000035  -0.5767572240719634 
30 15  -2.44189016145606  7.1523806  1.907124016548033 
31 0  -7.446350146887019  -5.651516  -2.982147817488367 
31 1  -8.359748325391918  -1.5432120000000005  -0.49826657686837095 
31 2  -2.614350146887019  -1.321515999999999  -2.982147817488367 
31 3  -3.5277483253919177  -5.873212  -0.49826657686837095 
31 4  -7.446350146887018  -0.14765300000000003  -2.982147817488367 
31 5  -8.359748325391918  -7.0470749999999995  -0.49826657686837095 
31 6  -2.614350146887019  -4.477653  -2.982147817488367 
31 7  -3.5277483253919177  -2.7170749999999995  -0.49826657686837095 
31 8  0.21839351067222612  -2.8223806  -2.9036571702847755 
31 9  -0.6950046678326727  -4.3723474  -0.4197759296647785 
31 10  -5.447093804446264  -2.8223806  -3.0606384646919595 
31 11  -6.360491982951163  -4.3723474  -0.576757224071963 
31 12  -4.613606489327774  -7.1523806  -2.9036571702847755 
31 13  -5.5270046678326725  -0.0423473999999997  -0.4197759296647785 
31 14  -0.6150938044462642  -7.1523806  -3.0606384646919595 
31 15  -1.528491982951162  -0.0423473999999997  -0.576757224071963 
32 0  -3.4015817139528632  0.038103999999999694  -0.37357573858924753 
32 1  -4.314979892457762  4.146407999999999  2.110305502030749 
32 2  1.4304182860471362  4.368104000000001  -0.37357573858924753 
32 3  0.5170201075422374  -0.18359199999999998  2.110305502030749 
32 4  -3.4015817139528632  5.541967  -0.37357573858924753 
32 5  -4.314979892457762  -1.357455  2.110305502030749 
32 6  1.4304182860471362  1.2119669999999996  -0.37357573858924753 
32 7  0.5170201075422374  2.972545  2.110305502030749 
32 8  4.263161943606381  2.8672394  -0.29508509138565575 
32 9  3.3497637651014824  1.3172726  2.1887961492343413 
32 10  -1.4023253715121087  2.8672394  -0.45206638579283953 
32 11  -2.3157235500170072  1.3172726  2.031814854827157 
32 12  -0.5688380563936186  -1.4627606000000002  -0.29508509138565575 
32 13  -1.4822362348985172  5.6472726  2.1887961492343413 
32 14  3.429674628487891  -1.4627606000000002  -0.45206638579283953 
32 15  2.516276449982993  5.6472726  2.031814854827157 
33 0  -2.4881835354479653  -4.146408000000001  -2.8574569792092444 
33 1  -3.4015817139528632  -0.03810400000000147  -0.3735757385892482 
33 2  2.3438164645520345  0.18359199999999998  -2.8574569792092444 
33 3  1.4304182860471357  -4.368104000000001  -0.3735757385892482 
33 4  -2.488183535447965  1.357454999999999  -2.8574569792092444 
33 5  -3.401581713952864  -5.5419670000000005  -0.3735757385892482 
33 6  2.3438164645520345  -2.972545000000001  -2.8574569792092444 
33 7  1.4304182860471357  -1.2119670000000005  -0.3735757385892482 
33 8  5.17656012211128  -1.3172726000000008  -2.778966332005653 
33 9  4.263161943606381  -2.8672394000000008  -0.29508509138565575 
33 10  -0.4889271930072103  -1.3172726000000008  -2.935947626412837 
33 11  -1.4023253715121091  -2.8672394000000008  -0.4520663857928402 
33 12  0.34456012211127973  -5.647272600000001  -2.778966332005653 
33 13  -0.5688380563936188  1.4627605999999993  -0.29508509138565575 
33 14  4.343072806992789  -5.647272600000001  -2.935947626412837 
33 15  3.4296746284878914  1.4627605999999993  -0.4520663857928402 
34 0  -6.262418286047137  0.038103999999999694  0.3735757385892474 
34 1  -7.175816464552035  4.146407999999999  2.857456979209244 
34 2  -1.4304182860471375  4.368104000000001  0.3735757385892474 
34 3  -2.3438164645520363  -0.18359199999999998  2.857456979209244 
34 4  -6.2624182860471365  5.541967  0.3735757385892474 
34 5  -7.175816464552036  -1.357455  2.857456979209244 
34 6  -1.4304182860471375  1.2119669999999996  0.3735757385892474 
34 7  -2.3438164645520363  2.972545  2.857456979209244 
34 8  1.4023253715121076  2.8672394  0.4520663857928392 
34 9  0.48892719300720877  1.3172726  2.9359476264128364 
34 10  -4.263161943606383  2.8672394  0.2950850913856554 
34 11  -5.176560122111281  1.3172726  2.778966332005652 
34 12  -3.4296746284878923  -1.4627606000000002  0.4520663857928392 
34 13  -4.343072806992791  5.6472726  2.9359476264128364 
34 14  0.5688380563936173  -1.4627606000000002  0.2950850913856554 
34 15  -0.3445601221112806  5.6472726  2.778966332005652 
35 0  -5.3490201075422386  -4.146408000000001  -2.110305502030749 
35 1  -6.2624182860471365  -0.03810400000000147  0.3735757385892473 
35 2  -0.5170201075422387  0.18359199999999998  -2.110305502030749 
35 3  -1.4304182860471375  -4.368104000000001  0.3735757385892473 
35 4  -5.349020107542238  1.357454999999999  -2.110305502030749 
35 5  -6.262418286047137  -5.5419670000000005  0.3735757385892473 
35 6  -0.5170201075422387  -2.972545000000001  -2.110305502030749 
35 7  -1.4304182860471375  -1.2119670000000005  0.3735757385892473 
35 8  2.3157235500170064  -1.3172726000000008  -2.0318148548271573 
35 9  1.4023253715121076  -2.8672394000000008  0.45206638579283975 
35 10  -3.3497637651014838  -1.3172726000000008  -2.1887961492343413 
35 11  -4.263161943606383  -2.8672394000000008  0.2950850913856553 
35 12  -2.5162764499829935  -5.647272600000001  -2.0318148548271573 
35 13  -3.4296746284878923  1.4627605999999993  0.45206638579283975 
35 14  1.482236234898516  -5.647272600000001  -2.1887961492343413 
35 15  0.5688380563936182  1.4627605999999993  0.2950850913856553 
36 0  -3.7931620507098076  -6.3728940000000005  0.9672233550974267 
36 1  -4.706560229214706  -2.264590000000001  3.451104595717423 
36 2  1.0388379492901918  -2.0428939999999995  0.9672233550974267 
36 3  0.125439770785293  -6.59459  3.451104595717423 
36 4  -3.7931620507098076  -0.8690310000000006  0.9672233550974267 
36 5  -4.706560229214706  -7.768453  3.451104595717423 
36 6  1.0388379492901918  -5.199031000000001  0.9672233550974267 
36 7  0.125439770785293  -3.438453  3.451104595717423 
36 8  3.871581606849437  -3.5437586000000003  1.0457140023010185 
36 9  2.958183428344538  -5.0937254  3.5295952429210153 
36 10  -1.793905708269053  -3.5437586000000003  0.8887327078938347 
36 11  -2.7073038867739516  -5.0937254  3.372613948513831 
36 12  -0.960418393150563  -7.8737586  1.0457140023010185 
36 13  -1.8738165716554616  -0.7637254000000002  3.5295952429210153 
36 14  3.0380942917309466  -7.8737586  0.8887327078938347 
36 15  2.1246961132260487  -0.7637254000000002  3.372613948513831 
37 0  -2.879763872204909  2.2645899999999997  -1.51665788552257 
37 1  -3.7931620507098067  6.372894  0.9672233550974263 
37 2  1.952236127795091  6.594590000000001  -1.51665788552257 
37 3  1.0388379492901922  2.042894  0.9672233550974263 
37 4  -2.8797638722049084  7.768453  -1.51665788552257 
37 5  -3.7931620507098076  0.8690310000000001  0.9672233550974263 
37 6  1.952236127795091  3.4384529999999995  -1.51665788552257 
37 7  1.0388379492901922  5.199031000000001  0.9672233550974263 
37 8  4.784979785354336  5.0937254  -1.4381672383189783 
37 9  3.8715816068494373  3.5437586  1.0457140023010187 
37 10  -0.8805075297641538  5.0937254  -1.595148532726162 
37 11  -1.7939057082690526  3.5437586  0.8887327078938343 
37 12  -0.04702021464566375  0.7637254  -1.4381672383189783 
37 13  -0.9604183931505623  7.8737586  1.0457140023010187 
37 14  3.951492470235846  0.7637254  -1.595148532726162 
37 15  3.038094291730948  7.8737586  0.8887327078938343 
38 0  -5.870837949290193  -6.3728940000000005  -0.9672233550974265 
38 1  -6.784236127795091  -2.264590000000001  1.5166578855225699 
38 2  -1.0388379492901931  -2.0428939999999995  -0.9672233550974265 
38 3  -1.952236127795092  -6.59459  1.5166578855225699 
38 4  -5.870837949290192  -0.8690310000000006  -0.9672233550974265 
38 5  -6.784236127795092  -7.768453  1.5166578855225699 
38 6  -1.0388379492901931  -5.199031000000001  -0.9672233550974265 
38 7  -1.952236127795092  -3.438453  1.5166578855225699 
38 8  1.793905708269052  -3.5437586000000003  -0.8887327078938347 
38 9  0.8805075297641531  -5.0937254  1.5951485327261623 
38 10  -3.871581606849438  -3.5437586000000003  -1.0457140023010185 
38 11  -4.784979785354337  -5.0937254  1.4381672383189779 
38 12  -3.038094291730948  -7.8737586  -0.8887327078938347 
38 13  -3.9514924702358467  -0.7637254000000002  1.5951485327261623 
38 14  0.9604183931505617  -7.8737586  -1.0457140023010185 
38 15  0.04702021464566375  -0.7637254000000002  1.4381672383189779 
39 0  -4.957439770785293  2.2645899999999997  -3.451104595717423 
39 1  -5.870837949290191  6.372894  -0.9672233550974267 
39 2  -0.12543977078529345  6.594590000000001  -3.451104595717423 
39 3  -1.0388379492901922  2.042894  -0.9672233550974267 
39 4  -4.957439770785292  7.768453  -3.451104595717423 
39 5  -5.870837949290192  0.8690310000000001  -0.9672233550974267 
39 6  -0.12543977078529345  3.4384529999999995  -3.451104595717423 
39 7  -1.0388379492901922  5.199031000000001  -0.9672233550974267 
39 8  2.7073038867739516  5.0937254  -3.3726139485138313 
39 9  1.7939057082690528  3.5437586  -0.8887327078938343 
39 10  -2.9581834283445385  5.0937254  -3.5295952429210153 
39 11  -3.8715816068494373  3.5437586  -1.0457140023010187 
39 12  -2.1246961132260482  0.7637254  -3.3726139485138313 
39 13  -3.038094291730947  7.8737586  -0.8887327078938343 
39 14  1.8738165716554613  0.7637254  -3.5295952429210153 
39 15  0.9604183931505634  7.8737586  -1.0457140023010187 