         0        12   4.27617   3.14709   4.51935
         0        13   3.69891   4.58982   3.56160
         0        14   2.34814   4.00308   4.83927   2.93943
         0        15   4.96606   3.76052   1.58086   4.15548
         0        16   2.66897
         0        17   4.77172   3.33570   1.93455   4.17004
         0        18
         0        19
         0        20   4.85862
         0        21   4.71181
         0        22
         0        23   4.77291
         0        24   3.85869   2.05784   3.84122
         0        25   3.10194   4.92508   4.12389   2.52025
         0        26   3.93528   4.87071   4.04221
         0        27   4.97776   3.29578
         0        28   4.47464   1.45523   4.45959
         0        29   4.48929   3.57343   4.91352
         1        12   2.05784   3.84122   3.85869
         1        13   4.45959   4.47464   1.45523
         1        14   4.17004   3.33570   1.93454   4.77172
         1        15   1.58087   4.96607   4.15548   3.76052
         1        16   4.92508   2.52025   3.10194   4.12389
         1        17   4.00309   2.93943   2.34814   4.83926
         1        18
         1        19
         1        20   4.91352   4.48930   3.57342
         1        21   3.29578   4.97775
         1        22
         1        23   4.87072   4.04221   3.93528
         1        24   3.14709   4.51934   4.27616
         1        25   2.66896
         1        26   4.77291
         1        27   4.71181
         1        28   3.56160   3.69892   4.58981
         1        29   4.85862
         2        12   4.15548   1.58087   3.76051   4.96606
         2        13   4.17005   1.93453   3.33570   4.77170
         2        14   2.66895
         2        15   4.51934   3.14709   4.27615
         2        16   2.93943   4.83925   4.00309   2.34813
         2        17   3.56160   4.58980   3.69890
         2        18   3.29580   4.97775
         2        19   4.91354   3.57343   4.48931
         2        20   4.45959   1.45523   4.47464
         2        21   3.84122   2.05784   3.85869
         2        22   4.04222   4.87073   3.93528
         2        23   2.52025   4.12389   4.92508   3.10194
         2        24   4.71181
         2        25   4.77291
         2        26
         2        27
         2        28   4.85862
         2        29
         3        12   3.76052   4.15548   4.96607   1.58087
         3        13   4.83926   2.34814   2.93943   4.00309
         3        14   4.12389   3.10194   2.52025   4.92508
         3        15   3.85869   3.84122   2.05784
         3        16   4.77172   1.93454   3.33570   4.17004
         3        17   1.45523   4.47464   4.45959
         3        18   4.71181
         3        19   4.85862
         3        20   4.58981   3.69890   3.56160
         3        21   4.27615   4.51934   3.14709
         3        22   4.77291
         3        23   2.66895
         3        24   4.97775   3.29579
         3        25   3.93528   4.04222   4.87073
         3        26
         3        27
         3        28   3.57343   4.48930   4.91354
         3        29
         4        12   3.85869   2.05784   3.84122
         4        13   3.10194   4.92508   4.12389   2.52025
         4        14   3.93528   4.87073   4.04222
         4        15   4.97775   3.29580
         4        16   4.47464   1.45523   4.45959
         4        17   4.48931   3.57343   4.91354
         4        18   4.27615   3.14709   4.51934
         4        19   3.69890   4.58980   3.56160
         4        20   2.34813   4.00309   4.83925   2.93943
         4        21   4.96606   3.76051   1.58087   4.15548
         4        22   2.66895
         4        23   4.77170   3.33570   1.93453   4.17005
         4        24
         4        25
         4        26   4.85862
         4        27   4.71181
         4        28
         4        29   4.77291
         5        12   3.14709   4.51934   4.27615
         5        13   2.66895
         5        14   4.77291
         5        15   4.71181
         5        16   3.56160   3.69890   4.58981
         5        17   4.85862
         5        18   2.05784   3.84122   3.85869
         5        19   4.45959   4.47464   1.45523
         5        20   4.17004   3.33570   1.93454   4.77172
         5        21   1.58087   4.96607   4.15548   3.76052
         5        22   4.92508   2.52025   3.10194   4.12389
         5        23   4.00309   2.93943   2.34814   4.83926
         5        24
         5        25
         5        26   4.91354   4.48930   3.57343
         5        27   3.29579   4.97775
         5        28
         5        29   4.87073   4.04222   3.93528
         6        12   4.71181
         6        13   4.77291
         6        14
         6        15
         6        16   4.85862
         6        17
         6        18   4.15548   1.58086   3.76052   4.96606
         6        19   4.17004   1.93455   3.33570   4.77172
         6        20   2.66897
         6        21   4.51935   3.14709   4.27617
         6        22   2.93943   4.83927   4.00308   2.34814
         6        23   3.56160   4.58982   3.69891
         6        24   3.29578   4.97776
         6        25   4.91352   3.57343   4.48929
         6        26   4.45959   1.45523   4.47464
         6        27   3.84122   2.05784   3.85869
         6        28   4.04221   4.87071   3.93528
         6        29   2.52025   4.12389   4.92508   3.10194
         7        12   4.97775   3.29578
         7        13   3.93528   4.04221   4.87072
         7        14
         7        15
         7        16   3.57342   4.48930   4.91352
         7        17
         7        18   3.76052   4.15548   4.96607   1.58087
         7        19   4.83926   2.34814   2.93943   4.00309
         7        20   4.12389   3.10194   2.52025   4.92508
         7        21   3.85869   3.84122   2.05784
         7        22   4.77172   1.93454   3.33570   4.17004
         7        23   1.45523   4.47464   4.45959
         7        24   4.71181
         7        25   4.85862
         7        26   4.58981   3.69892   3.56160
         7        27   4.27616   4.51934   3.14709
         7        28   4.77291
         7        29   2.66896
         8        12
         8        13
         8        14   4.85862
         8        15   4.71181
         8        16
         8        17   4.77291
         8        18   3.85869   2.05784   3.84122
         8        19   3.10194   4.92508   4.12389   2.52025
         8        20   3.93528   4.87073   4.04222
         8        21   4.97775   3.29580
         8        22   4.47464   1.45523   4.45959
         8        23   4.48931   3.57343   4.91354
         8        24   4.27615   3.14709   4.51934
         8        25   3.69890   4.58980   3.56160
         8        26   2.34814   4.00308   4.83927   2.93943
         8        27   4.96606   3.76052   1.58086   4.15548
         8        28   2.66895
         8        29   4.77172   3.33570   1.93455   4.17004
         9        12
         9        13
         9        14   4.91354   4.48930   3.57343
         9        15   3.29579   4.97775
         9        16
         9        17   4.87073   4.04222   3.93528
         9        18   3.14709   4.51934   4.27615
         9        19   2.66895
         9        20   4.77291
         9        21   4.71181
         9        22   3.56160   3.69890   4.58981
         9        23   4.85862
         9        24   2.05784   3.84122   3.85869
         9        25   4.45959   4.47464   1.45523
         9        26   4.17005   3.33569   1.93454   4.77170
         9        27   1.58086   4.96605   4.15549   3.76051
         9        28   4.92508   2.52025   3.10194   4.12389
         9        29   4.00309   2.93944   2.34812   4.83926
        10        12   3.29580   4.97775
        10        13   4.91354   3.57343   4.48931
        10        14   4.45959   1.45523   4.47464
        10        15   3.84122   2.05784   3.85869
        10        16   4.04222   4.87073   3.93528
        10        17   2.52025   4.12389   4.92508   3.10194
        10        18   4.71181
        10        19   4.77291
        10        20
        10        21
        10        22   4.85862
        10        23
        10        24   4.15548   1.58086   3.76052   4.96606
        10        25   4.17004   1.93455   3.33570   4.77172
        10        26   2.66895
        10        27   4.51934   3.14709   4.27615
        10        28   2.93943   4.83927   4.00308   2.34814
        10        29   3.56160   4.58980   3.69890
        11        12   4.71181
        11        13   4.85862
        11        14   4.58981   3.69890   3.56160
        11        15   4.27615   4.51934   3.14709
        11        16   4.77291
        11        17   2.66895
        11        18   4.97775   3.29579
        11        19   3.93528   4.04222   4.87073
        11        20
        11        21
        11        22   3.57343   4.48930   4.91354
        11        23
        11        24   3.76051   4.15549   4.96605   1.58086
        11        25   4.83926   2.34812   2.93944   4.00309
        11        26   4.12389   3.10194   2.52025   4.92508
        11        27   3.85869   3.84122   2.05784
        11        28   4.77170   1.93454   3.33569   4.17005
        11        29   1.45523   4.47464   4.45959
        12         0   4.51935   3.14709   4.27617
        12         1   3.85869   3.84122   2.05784
        12         2   4.96606   3.76051   1.58087   4.15548
        12         3   1.58087   4.96607   4.15548   3.76052
        12         4   3.84122   2.05784   3.85869
        12         5   4.27615   4.51934   3.14709
        12         6   4.71181
        12         7   3.29578   4.97775
        12         8
        12         9
        12        10   4.97775   3.29580
        12        11   4.71181
        13         0   3.56160   4.58982   3.69891
        13         1   1.45523   4.47464   4.45959
        13         2   4.77170   3.33570   1.93453   4.17005
        13         3   4.00309   2.93943   2.34814   4.83926
        13         4   2.52025   4.12389   4.92508   3.10194
        13         5   2.66895
        13         6   4.77291
        13         7   4.87072   4.04221   3.93528
        13         8
        13         9
        13        10   4.48931   3.57343   4.91354
        13        11   4.85862
        14         0   2.93943   4.83927   4.00308   2.34814
        14         1   4.77172   1.93454   3.33570   4.17004
        14         2   2.66895
        14         3   4.92508   2.52025   3.10194   4.12389
        14         4   4.04222   4.87073   3.93528
        14         5   4.77291
        14         6
        14         7
        14         8   4.85862
        14         9   3.57343   4.48930   4.91354
        14        10   4.47464   1.45523   4.45959
        14        11   3.56160   3.69890   4.58981
        15         0   4.15548   1.58086   3.76052   4.96606
        15         1   3.76052   4.15548   4.96607   1.58087
        15         2   4.27615   3.14709   4.51934
        15         3   2.05784   3.84122   3.85869
        15         4   3.29580   4.97775
        15         5   4.71181
        15         6
        15         7
        15         8   4.71181
        15         9   4.97775   3.29579
        15        10   3.85869   2.05784   3.84122
        15        11   3.14709   4.51934   4.27615
        16         0   2.66897
        16         1   4.12389   3.10194   2.52025   4.92508
        16         2   2.34813   4.00309   4.83925   2.93943
        16         3   4.17004   3.33570   1.93454   4.77172
        16         4   4.45959   1.45523   4.47464
        16         5   4.58981   3.69890   3.56160
        16         6   4.85862
        16         7   4.91352   4.48930   3.57342
        16         8
        16         9
        16        10   3.93528   4.87073   4.04222
        16        11   4.77291
        17         0   4.17004   1.93455   3.33570   4.77172
        17         1   4.83926   2.34814   2.93943   4.00309
        17         2   3.69890   4.58980   3.56160
        17         3   4.45959   4.47464   1.45523
        17         4   4.91354   3.57343   4.48931
        17         5   4.85862
        17         6
        17         7
        17         8   4.77291
        17         9   3.93528   4.04222   4.87073
        17        10   3.10194   4.92508   4.12389   2.52025
        17        11   2.66895
        18         0
        18         1
        18         2   4.97775   3.29580
        18         3   4.71181
        18         4   4.51934   3.14709   4.27615
        18         5   3.85869   3.84122   2.05784
        18         6   4.96606   3.76052   1.58086   4.15548
        18         7   1.58087   4.96607   4.15548   3.76052
        18         8   3.84122   2.05784   3.85869
        18         9   4.27615   4.51934   3.14709
        18        10   4.71181
        18        11   3.29579   4.97775
        19         0
        19         1
        19         2   4.48931   3.57343   4.91354
        19         3   4.85862
        19         4   3.56160   4.58980   3.69890
        19         5   1.45523   4.47464   4.45959
        19         6   4.77172   3.33570   1.93455   4.17004
        19         7   4.00309   2.93943   2.34814   4.83926
        19         8   2.52025   4.12389   4.92508   3.10194
        19         9   2.66895
        19        10   4.77291
        19        11   4.87073   4.04222   3.93528
        20         0   4.85862
        20         1   3.57342   4.48930   4.91352
        20         2   4.47464   1.45523   4.45959
        20         3   3.56160   3.69890   4.58981
        20         4   2.93943   4.83925   4.00309   2.34813
        20         5   4.77172   1.93454   3.33570   4.17004
        20         6   2.66897
        20         7   4.92508   2.52025   3.10194   4.12389
        20         8   4.04222   4.87073   3.93528
        20         9   4.77291
        20        10
        20        11
        21         0   4.71181
        21         1   4.97775   3.29578
        21         2   3.85869   2.05784   3.84122
        21         3   3.14709   4.51934   4.27615
        21         4   4.15548   1.58087   3.76051   4.96606
        21         5   3.76052   4.15548   4.96607   1.58087
        21         6   4.27617   3.14709   4.51935
        21         7   2.05784   3.84122   3.85869
        21         8   3.29580   4.97775
        21         9   4.71181
        21        10
        21        11
        22         0
        22         1
        22         2   3.93528   4.87073   4.04222
        22         3   4.77291
        22         4   2.66895
        22         5   4.12389   3.10194   2.52025   4.92508
        22         6   2.34814   4.00308   4.83927   2.93943
        22         7   4.17004   3.33570   1.93454   4.77172
        22         8   4.45959   1.45523   4.47464
        22         9   4.58981   3.69890   3.56160
        22        10   4.85862
        22        11   4.91354   4.48930   3.57343
        23         0   4.77291
        23         1   3.93528   4.04221   4.87072
        23         2   3.10194   4.92508   4.12389   2.52025
        23         3   2.66895
        23         4   4.17005   1.93453   3.33570   4.77170
        23         5   4.83926   2.34814   2.93943   4.00309
        23         6   3.69891   4.58982   3.56160
        23         7   4.45959   4.47464   1.45523
        23         8   4.91354   3.57343   4.48931
        23         9   4.85862
        23        10
        23        11
        24         0   3.84122   2.05784   3.85869
        24         1   4.27616   4.51934   3.14709
        24         2   4.71181
        24         3   3.29579   4.97775
        24         4
        24         5
        24         6   4.97776   3.29578
        24         7   4.71181
        24         8   4.51934   3.14709   4.27615
        24         9   3.85869   3.84122   2.05784
        24        10   4.96606   3.76052   1.58086   4.15548
        24        11   1.58086   4.96605   4.15549   3.76051
        25         0   2.52025   4.12389   4.92508   3.10194
        25         1   2.66896
        25         2   4.77291
        25         3   4.87073   4.04222   3.93528
        25         4
        25         5
        25         6   4.48929   3.57343   4.91352
        25         7   4.85862
        25         8   3.56160   4.58980   3.69890
        25         9   1.45523   4.47464   4.45959
        25        10   4.77172   3.33570   1.93455   4.17004
        25        11   4.00309   2.93944   2.34812   4.83926
        26         0   4.04221   4.87071   3.93528
        26         1   4.77291
        26         2
        26         3
        26         4   4.85862
        26         5   3.57343   4.48930   4.91354
        26         6   4.47464   1.45523   4.45959
        26         7   3.56160   3.69892   4.58981
        26         8   2.93943   4.83927   4.00308   2.34814
        26         9   4.77170   1.93454   3.33569   4.17005
        26        10   2.66895
        26        11   4.92508   2.52025   3.10194   4.12389
        27         0   3.29578   4.97776
        27         1   4.71181
        27         2
        27         3
        27         4   4.71181
        27         5   4.97775   3.29579
        27         6   3.85869   2.05784   3.84122
        27         7   3.14709   4.51934   4.27616
        27         8   4.15548   1.58086   3.76052   4.96606
        27         9   3.76051   4.15549   4.96605   1.58086
        27        10   4.27615   3.14709   4.51934
        27        11   2.05784   3.84122   3.85869
        28         0   4.45959   1.45523   4.47464
        28         1   4.58981   3.69892   3.56160
        28         2   4.85862
        28         3   4.91354   4.48930   3.57343
        28         4
        28         5
        28         6   3.93528   4.87071   4.04221
        28         7   4.77291
        28         8   2.66895
        28         9   4.12389   3.10194   2.52025   4.92508
        28        10   2.34814   4.00308   4.83927   2.93943
        28        11   4.17005   3.33569   1.93454   4.77170
        29         0   4.91352   3.57343   4.48929
        29         1   4.85862
        29         2
        29         3
        29         4   4.77291
        29         5   3.93528   4.04222   4.87073
        29         6   3.10194   4.92508   4.12389   2.52025
        29         7   2.66896
        29         8   4.17004   1.93455   3.33570   4.77172
        29         9   4.83926   2.34812   2.93944   4.00309
        29        10   3.69890   4.58980   3.56160
        29        11   4.45959   4.47464   1.45523
