 5.0881  0  0  -2.5440499999999986  4.406423856995603  0  8.628249023392677e-16  8.135442643151013  11.50525332185259 
5
0 12  -0.6872751074999996  0.5958375822407631  -1.133842714868573 
0 13  0.9900653944499993  -0.8927293562596672  0.6681905971732327 
0 14  -0.8667069540000003  -2.0957383023278613  -1.133842714868573 
0 15  0.6872725634500005  2.012514021134674  0.6681905971732327 
0 16  1.5539820615000002  -0.9053428973604989  -1.133842714868573 
0 17  -1.6773455900499998  0.29766604870769475  0.6681905971732327 
0 18  -3.2313301955999987  4.776468110200635  2.701249395917838 
0 19  -1.5539820614999995  3.287888629833704  4.503271202706322 
0 20  -3.4107620420999996  2.08489222563201  2.701249395917838 
0 21  0.6872751075000001  1.7867081502324424  4.503271202706322 
0 22  -0.9900730265999989  3.2752876305993723  2.701249395917838 
0 23  0.866706954000001  4.478284034801066  4.503271202706322 
0 24  -3.231327651549999  4.550662239298403  6.536330001450929 
0 25  -4.098037149599999  7.468519157793575  8.338363313492735 
0 26  -0.8667094980499985  6.265510211725382  6.536330001450929 
0 27  -1.8567799805999992  5.967338678192314  8.338363313492735 
0 28  -3.5341204825499988  7.455905616692745  6.536330001450929 
0 29  -1.677348134099998  8.658914562760938  8.338363313492735 
1 12  1.8567774365500005  2.3939098358609296  -0.6681905971732329 
1 13  3.5341179384999997  0.9053428973604991  1.1338427148685728 
1 14  1.6773455900499998  -0.29766604870769475  -0.6681905971732329 
1 15  3.231325107500001  3.81058627475484  1.1338427148685728 
1 16  4.0980346055500005  0.8927293562596674  -0.6681905971732329 
1 17  0.8667069540000005  2.0957383023278613  1.1338427148685728 
1 18  -0.6872776515499985  6.574540363820801  3.166901513613178 
1 19  0.9900704825500007  5.08596088345387  4.968923320401662 
1 20  -0.8667094980499992  3.882964479252176  3.166901513613178 
1 21  3.2313276515500005  3.5847804038526085  4.968923320401662 
1 22  1.5539795174500013  5.073359884219538  3.166901513613178 
1 23  3.4107594980500013  6.2763562884212325  4.968923320401662 
1 24  -0.687275107499999  6.348734492918569  7.001982119146269 
1 25  -1.5539846055499984  9.266591411413742  8.804015431188073 
1 26  1.6773430460000016  8.063582465345549  7.001982119146269 
1 27  0.6872725634500011  7.76541093181248  8.804015431188073 
1 28  -0.9900679384999983  9.253977870312912  7.001982119146269 
1 29  0.8667044099500021  10.456986816381104  8.804015431188073 
2 12  1.8567799805999994  -3.584792945719108  -4.9689348256549835 
2 13  3.5341204825499983  -5.073359884219538  -3.166901513613178 
2 14  1.6773481340999987  -6.2763688302877325  -4.9689348256549835 
2 15  3.2313276515499996  -2.1681165068251973  -3.166901513613178 
2 16  4.098037149599999  -5.08597342532037  -4.9689348256549835 
2 17  0.8667094980499993  -3.8829644792521765  -3.166901513613178 
2 18  -0.6872751074999998  0.5958375822407636  -1.1338427148685728 
2 19  0.9900730265999995  -0.8927418981261672  0.6681790919199111 
2 20  -0.8667069540000004  -2.0957383023278613  -1.1338427148685728 
2 21  3.231330195599999  -2.3939223777274288  0.6681790919199111 
2 22  1.5539820615000002  -0.9053428973604989  -1.1338427148685728 
2 23  3.4107620421  0.2976535068411952  0.6681790919199111 
2 24  -0.6872725634500002  0.3700317113385321  2.701237890664518 
2 25  -1.5539820614999995  3.287888629833704  4.5032712027063235 
2 26  1.6773455900500005  2.084879683765511  2.701237890664518 
2 27  0.6872751074999999  1.7867081502324424  4.5032712027063235 
2 28  -0.9900653944499995  3.275275088732874  2.701237890664518 
2 29  0.8667069540000009  4.4782840348010655  4.5032712027063235 
3 12  -0.6872751075000001  -1.786708150232442  -4.503271202706322 
3 13  0.9900653944499989  -3.2752750887328723  -2.7012378906645163 
3 14  -0.8667069540000008  -4.478284034801066  -4.503271202706322 
3 15  0.6872725634500001  -0.3700317113385312  -2.7012378906645163 
3 16  1.5539820614999997  -3.287888629833704  -4.503271202706322 
3 17  -1.6773455900500003  -2.0848796837655104  -2.7012378906645163 
3 18  -3.231330195599999  2.3939223777274297  -0.6681790919199111 
3 19  -1.5539820615  0.9053428973604989  1.1338427148685728 
3 20  -3.4107620421  -0.2976535068411952  -0.6681790919199111 
3 21  0.6872751074999996  -0.5958375822407627  1.1338427148685728 
3 22  -0.9900730265999993  0.8927418981261672  -0.6681790919199111 
3 23  0.8667069540000005  2.0957383023278613  1.1338427148685728 
3 24  -3.2313276515499996  2.168116506825198  3.1669015136131797 
3 25  -4.098037149599999  5.08597342532037  4.968934825654985 
3 26  -0.866709498049999  3.882964479252177  3.1669015136131797 
3 27  -1.8567799805999996  3.5847929457191086  4.968934825654985 
3 28  -3.5341204825499988  5.07335988421954  3.1669015136131797 
3 29  -1.6773481340999985  6.276368830287732  4.968934825654985 
4 12  1.85677743655  -3.3589870748168784  -8.804015431188075 
4 13  3.534117938499999  -4.847554013317309  -7.001982119146269 
4 14  1.6773455900499994  -6.050562959385503  -8.804015431188075 
4 15  3.2313251075  -1.9423106359229676  -7.001982119146269 
4 16  4.09803460555  -4.86016755441814  -8.804015431188075 
4 17  0.8667069539999999  -3.6571586083499468  -7.001982119146269 
4 18  -0.6872776515499992  0.8216434531429933  -4.968923320401664 
4 19  0.9900704825500001  -0.6669360272239375  -3.1669015136131797 
4 20  -0.8667094980499999  -1.8699324314256316  -4.968923320401664 
4 21  3.2313276515499996  -2.168116506825199  -3.1669015136131797 
4 22  1.5539795174500008  -0.6795370264582692  -4.968923320401664 
4 23  3.4107594980500004  0.5234593777434249  -3.1669015136131797 
4 24  -0.6872751074999996  0.5958375822407618  -1.1338427148685728 
4 25  -1.5539846055499988  3.5136945007359337  0.6681905971732327 
4 26  1.6773430460000012  2.3106855546677405  -1.1338427148685728 
4 27  0.6872725634500004  2.012514021134672  0.6681905971732327 
4 28  -0.990067938499999  3.501080959635104  -1.1338427148685728 
4 29  0.8667044099500014  4.704089905703295  0.6681905971732327 
5 12  1.8567799805999992  -5.967338678192315  -8.338363313492733 
5 13  3.534120482549998  -7.455905616692744  -6.536330001450927 
5 14  1.6773481340999985  -8.658914562760938  -8.338363313492733 
5 15  3.231327651549999  -4.550662239298403  -6.536330001450927 
5 16  4.098037149599999  -7.468519157793576  -8.338363313492733 
5 17  0.8667094980499991  -6.265510211725383  -6.536330001450927 
5 18  -0.6872751075  -1.7867081502324424  -4.503271202706322 
5 19  0.9900730265999993  -3.2752876305993732  -2.701249395917838 
5 20  -0.8667069540000006  -4.478284034801067  -4.503271202706322 
5 21  3.2313301955999987  -4.776468110200635  -2.701249395917838 
5 22  1.5539820615  -3.287888629833705  -4.503271202706322 
5 23  3.4107620420999996  -2.084892225632011  -2.701249395917838 
5 24  -0.6872725634500004  -2.012514021134674  -0.6681905971732309 
5 25  -1.5539820614999997  0.905342897360498  1.1338427148685746 
5 26  1.6773455900500003  -0.2976660487076952  -0.6681905971732309 
5 27  0.6872751074999996  -0.5958375822407636  1.1338427148685746 
5 28  -0.9900653944499997  0.8927293562596681  -0.6681905971732309 
5 29  0.8667069540000006  2.0957383023278595  1.1338427148685746 
6 12  1.8567799805999996  -1.8844854333005467  -2.564336881387793 
6 13  3.5341204825499983  -3.373052371800977  -0.762303569345987 
6 14  1.677348134099999  -4.576061317869171  -2.564336881387793 
6 15  3.2313276515499996  -0.4678089944066359  -0.762303569345987 
6 16  4.0980371496  -3.3856659129018087  -2.564336881387793 
6 17  0.8667094980499995  -2.182656966833615  -0.762303569345987 
6 18  -0.6872751074999995  2.296145094659325  1.2707552293986182 
6 19  0.9900730265999997  0.8075656142923942  3.072777036187102 
6 20  -0.8667069540000002  -0.3954307899092999  1.2707552293986182 
6 21  3.231330195599999  -0.6936148653088674  3.072777036187102 
6 22  1.5539820615000004  0.7949646150580625  1.2707552293986182 
6 23  3.4107620421  1.9979610192597566  3.072777036187102 
6 24  -0.68727256345  2.0703392237570934  5.105835834931709 
6 25  -1.5539820614999993  4.988196142252265  6.907869146973514 
6 26  1.6773455900500007  3.785187196184072  5.105835834931709 
6 27  0.6872751075000001  3.487015662651004  6.907869146973514 
6 28  -0.9900653944499993  4.9755826011514355  5.105835834931709 
6 29  0.8667069540000011  6.178591547219627  6.907869146973514 
7 12  1.8567799805999998  0.46779645254013724  0.7622920640926654 
7 13  3.5341204825499988  -1.020770485960293  2.564325376134471 
7 14  1.6773481340999992  -2.223779432028487  0.7622920640926654 
7 15  3.23132765155  1.884472891434048  2.564325376134471 
7 16  4.0980371496  -1.0333840270611248  0.7622920640926654 
7 17  0.8667094980499997  0.1696249190070689  2.564325376134471 
7 18  -0.6872751074999993  4.648426980500009  4.5973841748790765 
7 19  0.9900730266  3.159847500133078  6.39940598166756 
7 20  -0.866706954  1.956851095931384  4.5973841748790765 
7 21  3.2313301955999996  1.6586670205318166  6.39940598166756 
7 22  1.5539820615000006  3.1472465008987465  4.5973841748790765 
7 23  3.4107620421000004  4.3502429051004405  6.39940598166756 
7 24  -0.6872725634499998  4.422621109597777  8.432464780412166 
7 25  -1.553982061499999  7.340478028092949  10.234498092453972 
7 26  1.677345590050001  6.137469082024756  8.432464780412166 
7 27  0.6872751075000003  5.839297548491688  10.234498092453972 
7 28  -0.9900653944499991  7.3278644869921195  8.432464780412166 
7 29  0.8667069540000013  8.53087343306031  10.234498092453972 
8 12  1.85677743655  -1.6586795623983162  -6.399417486920882 
8 13  3.5341179384999992  -3.1472465008987465  -4.5973841748790765 
8 14  1.6773455900499994  -4.3502554469669406  -6.399417486920882 
8 15  3.2313251075000005  -0.24200312350440534  -4.5973841748790765 
8 16  4.09803460555  -3.159860041999578  -6.399417486920882 
8 17  0.8667069540000001  -1.9568510959313845  -4.5973841748790765 
8 18  -0.687277651549999  2.5219509655615555  -2.5643253761344713 
8 19  0.9900704825500003  1.0333714851946247  -0.7623035693459874 
8 20  -0.8667094980499996  -0.16962491900706933  -2.5643253761344713 
8 21  3.23132765155  -0.4678089944066368  -0.7623035693459874 
8 22  1.5539795174500008  1.020770485960293  -2.5643253761344713 
8 23  3.410759498050001  2.223766890161987  -0.7623035693459874 
8 24  -0.6872751074999994  2.296145094659324  1.2707552293986195 
8 25  -1.5539846055499988  5.214002013154496  3.072788541440425 
8 26  1.6773430460000012  4.010993067086303  1.2707552293986195 
8 27  0.6872725634500007  3.7128215335532344  3.072788541440425 
8 28  -0.9900679384999987  5.201388472053666  1.2707552293986195 
8 29  0.8667044099500016  6.4043974181218575  3.072788541440425 
9 12  1.8567774365500005  0.6936023234423674  -3.072788541440424 
9 13  3.5341179384999992  -0.7949646150580629  -1.2707552293986186 
9 14  1.6773455900499998  -1.9979735611262568  -3.072788541440424 
9 15  3.2313251075000005  2.110278762336278  -1.2707552293986186 
9 16  4.0980346055500005  -0.8075781561588946  -3.072788541440424 
9 17  0.8667069540000003  0.39543078990929903  -1.2707552293986186 
9 18  -0.6872776515499988  4.874232851402239  0.7623035693459865 
9 19  0.9900704825500005  3.3856533710353083  2.5643253761344704 
9 20  -0.8667094980499994  2.182656966833614  0.7623035693459865 
9 21  3.23132765155  1.8844728914340467  2.5643253761344704 
9 22  1.5539795174500013  3.3730523718009766  0.7623035693459865 
9 23  3.410759498050001  4.57604877600267  2.5643253761344704 
9 24  -0.6872751074999992  4.648426980500007  4.597384174879077 
9 25  -1.5539846055499984  7.566283898995179  6.399417486920883 
9 26  1.6773430460000016  6.363274952926986  4.597384174879077 
9 27  0.6872725634500009  6.0651034193939175  6.399417486920883 
9 28  -0.9900679384999985  7.553670357894349  4.597384174879077 
9 29  0.8667044099500019  8.75667930396254  6.399417486920883 
10 12  -0.6872751075000005  -5.839297548491688  -10.234498092453972 
10 13  0.9900653944499984  -7.327864486992118  -8.432464780412165 
10 14  -0.8667069540000012  -8.53087343306031  -10.234498092453972 
10 15  0.6872725634499997  -4.4226211095977765  -8.432464780412165 
10 16  1.5539820614999993  -7.340478028092949  -10.234498092453972 
10 17  -1.6773455900500007  -6.137469082024756  -8.432464780412165 
10 18  -3.2313301955999996  -1.6586670205318157  -6.39940598166756 
10 19  -1.5539820615000004  -3.1472465008987465  -4.5973841748790765 
10 20  -3.4107620421000004  -4.3502429051004405  -6.39940598166756 
10 21  0.6872751074999992  -4.648426980500008  -4.5973841748790765 
10 22  -0.9900730265999997  -3.159847500133078  -6.39940598166756 
10 23  0.8667069540000001  -1.956851095931384  -4.5973841748790765 
10 24  -3.23132765155  -1.8844728914340472  -2.5643253761344695 
10 25  -4.0980371496  1.0333840270611248  -0.762292064092664 
10 26  -0.8667094980499994  -0.16962491900706844  -2.5643253761344695 
10 27  -1.8567799806  -0.4677964525401368  -0.762292064092664 
10 28  -3.5341204825499997  1.0207704859602948  -2.5643253761344695 
10 29  -1.677348134099999  2.2237794320284863  -0.762292064092664 
11 12  -0.6872751075000001  -3.4870156626510043  -6.907869146973514 
11 13  0.9900653944499989  -4.975582601151435  -5.105835834931709 
11 14  -0.8667069540000008  -6.178591547219629  -6.907869146973514 
11 15  0.6872725634500001  -2.0703392237570934  -5.105835834931709 
11 16  1.5539820614999997  -4.988196142252266  -6.907869146973514 
11 17  -1.6773455900500003  -3.7851871961840726  -5.105835834931709 
11 18  -3.231330195599999  0.6936148653088674  -3.0727770361871034 
11 19  -1.5539820615  -0.7949646150580634  -1.2707552293986195 
11 20  -3.4107620421  -1.9979610192597574  -3.0727770361871034 
11 21  0.6872751074999996  -2.296145094659325  -1.2707552293986195 
11 22  -0.9900730265999993  -0.807565614292395  -3.0727770361871034 
11 23  0.8667069540000005  0.39543078990929903  -1.2707552293986195 
11 24  -3.2313276515499996  0.4678089944066359  0.7623035693459874 
11 25  -4.098037149599999  3.385665912901808  2.564336881387793 
11 26  -0.866709498049999  2.1826569668336147  0.7623035693459874 
11 27  -1.8567799805999996  1.8844854333005463  2.564336881387793 
11 28  -3.5341204825499988  3.373052371800978  0.7623035693459874 
11 29  -1.6773481340999985  4.576061317869169  2.564336881387793 
12 0  0.6872751074999996  -0.5958375822407631  1.133842714868573 
12 1  -1.8567774365500005  -2.3939098358609296  0.6681905971732329 
12 2  -1.8567799805999994  3.584792945719108  4.9689348256549835 
12 3  0.6872751075000001  1.786708150232442  4.503271202706322 
12 4  -1.85677743655  3.3589870748168784  8.804015431188075 
12 5  -1.8567799805999992  5.967338678192315  8.338363313492733 
12 6  -1.8567799805999996  1.8844854333005467  2.564336881387793 
12 7  -1.8567799805999998  -0.46779645254013724  -0.7622920640926654 
12 8  -1.85677743655  1.6586795623983162  6.399417486920882 
12 9  -1.8567774365500005  -0.6936023234423674  3.072788541440424 
12 10  0.6872751075000005  5.839297548491688  10.234498092453972 
12 11  0.6872751075000001  3.4870156626510043  6.907869146973514 
13 0  -0.9900653944499993  0.8927293562596672  -0.6681905971732327 
13 1  -3.5341179384999997  -0.9053428973604991  -1.1338427148685728 
13 2  -3.5341204825499983  5.073359884219538  3.166901513613178 
13 3  -0.9900653944499989  3.2752750887328723  2.7012378906645163 
13 4  -3.534117938499999  4.847554013317309  7.001982119146269 
13 5  -3.534120482549998  7.455905616692744  6.536330001450927 
13 6  -3.5341204825499983  3.373052371800977  0.762303569345987 
13 7  -3.5341204825499988  1.020770485960293  -2.564325376134471 
13 8  -3.5341179384999992  3.1472465008987465  4.5973841748790765 
13 9  -3.5341179384999992  0.7949646150580629  1.2707552293986186 
13 10  -0.9900653944499984  7.327864486992118  8.432464780412165 
13 11  -0.9900653944499989  4.975582601151435  5.105835834931709 
14 0  0.8667069540000003  2.0957383023278613  1.133842714868573 
14 1  -1.6773455900499998  0.29766604870769475  0.6681905971732329 
14 2  -1.6773481340999987  6.2763688302877325  4.9689348256549835 
14 3  0.8667069540000008  4.478284034801066  4.503271202706322 
14 4  -1.6773455900499994  6.050562959385503  8.804015431188075 
14 5  -1.6773481340999985  8.658914562760938  8.338363313492733 
14 6  -1.677348134099999  4.576061317869171  2.564336881387793 
14 7  -1.6773481340999992  2.223779432028487  -0.7622920640926654 
14 8  -1.6773455900499994  4.3502554469669406  6.399417486920882 
14 9  -1.6773455900499998  1.9979735611262568  3.072788541440424 
14 10  0.8667069540000012  8.53087343306031  10.234498092453972 
14 11  0.8667069540000008  6.178591547219629  6.907869146973514 
15 0  -0.6872725634500005  -2.012514021134674  -0.6681905971732327 
15 1  -3.231325107500001  -3.81058627475484  -1.1338427148685728 
15 2  -3.2313276515499996  2.1681165068251973  3.166901513613178 
15 3  -0.6872725634500001  0.3700317113385312  2.7012378906645163 
15 4  -3.2313251075  1.9423106359229676  7.001982119146269 
15 5  -3.231327651549999  4.550662239298403  6.536330001450927 
15 6  -3.2313276515499996  0.4678089944066359  0.762303569345987 
15 7  -3.23132765155  -1.884472891434048  -2.564325376134471 
15 8  -3.2313251075000005  0.24200312350440534  4.5973841748790765 
15 9  -3.2313251075000005  -2.110278762336278  1.2707552293986186 
15 10  -0.6872725634499997  4.4226211095977765  8.432464780412165 
15 11  -0.6872725634500001  2.0703392237570934  5.105835834931709 
16 0  -1.5539820615000002  0.9053428973604989  1.133842714868573 
16 1  -4.0980346055500005  -0.8927293562596674  0.6681905971732329 
16 2  -4.098037149599999  5.08597342532037  4.9689348256549835 
16 3  -1.5539820614999997  3.287888629833704  4.503271202706322 
16 4  -4.09803460555  4.86016755441814  8.804015431188075 
16 5  -4.098037149599999  7.468519157793576  8.338363313492733 
16 6  -4.0980371496  3.3856659129018087  2.564336881387793 
16 7  -4.0980371496  1.0333840270611248  -0.7622920640926654 
16 8  -4.09803460555  3.159860041999578  6.399417486920882 
16 9  -4.0980346055500005  0.8075781561588946  3.072788541440424 
16 10  -1.5539820614999993  7.340478028092949  10.234498092453972 
16 11  -1.5539820614999997  4.988196142252266  6.907869146973514 
17 0  1.6773455900499998  -0.29766604870769475  -0.6681905971732327 
17 1  -0.8667069540000005  -2.0957383023278613  -1.1338427148685728 
17 2  -0.8667094980499993  3.8829644792521765  3.166901513613178 
17 3  1.6773455900500003  2.0848796837655104  2.7012378906645163 
17 4  -0.8667069539999999  3.6571586083499468  7.001982119146269 
17 5  -0.8667094980499991  6.265510211725383  6.536330001450927 
17 6  -0.8667094980499995  2.182656966833615  0.762303569345987 
17 7  -0.8667094980499997  -0.1696249190070689  -2.564325376134471 
17 8  -0.8667069540000001  1.9568510959313845  4.5973841748790765 
17 9  -0.8667069540000003  -0.39543078990929903  1.2707552293986186 
17 10  1.6773455900500007  6.137469082024756  8.432464780412165 
17 11  1.6773455900500003  3.7851871961840726  5.105835834931709 
18 0  3.2313301955999987  -4.776468110200635  -2.701249395917838 
18 1  0.6872776515499985  -6.574540363820801  -3.166901513613178 
18 2  0.6872751074999998  -0.5958375822407636  1.1338427148685728 
18 3  3.231330195599999  -2.3939223777274297  0.6681790919199111 
18 4  0.6872776515499992  -0.8216434531429933  4.968923320401664 
18 5  0.6872751075  1.7867081502324424  4.503271202706322 
18 6  0.6872751074999995  -2.296145094659325  -1.2707552293986182 
18 7  0.6872751074999993  -4.648426980500009  -4.5973841748790765 
18 8  0.687277651549999  -2.5219509655615555  2.5643253761344713 
18 9  0.6872776515499988  -4.874232851402239  -0.7623035693459865 
18 10  3.2313301955999996  1.6586670205318157  6.39940598166756 
18 11  3.231330195599999  -0.6936148653088674  3.0727770361871034 
19 0  1.5539820614999995  -3.287888629833704  -4.503271202706322 
19 1  -0.9900704825500007  -5.08596088345387  -4.968923320401662 
19 2  -0.9900730265999995  0.8927418981261672  -0.6681790919199111 
19 3  1.5539820615  -0.9053428973604989  -1.1338427148685728 
19 4  -0.9900704825500001  0.6669360272239375  3.1669015136131797 
19 5  -0.9900730265999993  3.2752876305993732  2.701249395917838 
19 6  -0.9900730265999997  -0.8075656142923942  -3.072777036187102 
19 7  -0.9900730266  -3.159847500133078  -6.39940598166756 
19 8  -0.9900704825500003  -1.0333714851946247  0.7623035693459874 
19 9  -0.9900704825500005  -3.3856533710353083  -2.5643253761344704 
19 10  1.5539820615000004  3.1472465008987465  4.5973841748790765 
19 11  1.5539820615  0.7949646150580634  1.2707552293986195 
20 0  3.4107620420999996  -2.08489222563201  -2.701249395917838 
20 1  0.8667094980499992  -3.882964479252176  -3.166901513613178 
20 2  0.8667069540000004  2.0957383023278613  1.1338427148685728 
20 3  3.4107620421  0.2976535068411952  0.6681790919199111 
20 4  0.8667094980499999  1.8699324314256316  4.968923320401664 
20 5  0.8667069540000006  4.478284034801067  4.503271202706322 
20 6  0.8667069540000002  0.3954307899092999  -1.2707552293986182 
20 7  0.866706954  -1.956851095931384  -4.5973841748790765 
20 8  0.8667094980499996  0.16962491900706933  2.5643253761344713 
20 9  0.8667094980499994  -2.182656966833614  -0.7623035693459865 
20 10  3.4107620421000004  4.3502429051004405  6.39940598166756 
20 11  3.4107620421  1.9979610192597574  3.0727770361871034 
21 0  -0.6872751075000001  -1.7867081502324424  -4.503271202706322 
21 1  -3.2313276515500005  -3.5847804038526085  -4.968923320401662 
21 2  -3.231330195599999  2.3939223777274288  -0.6681790919199111 
21 3  -0.6872751074999996  0.5958375822407627  -1.1338427148685728 
21 4  -3.2313276515499996  2.168116506825199  3.1669015136131797 
21 5  -3.2313301955999987  4.776468110200635  2.701249395917838 
21 6  -3.231330195599999  0.6936148653088674  -3.072777036187102 
21 7  -3.2313301955999996  -1.6586670205318166  -6.39940598166756 
21 8  -3.23132765155  0.4678089944066368  0.7623035693459874 
21 9  -3.23132765155  -1.8844728914340467  -2.5643253761344704 
21 10  -0.6872751074999992  4.648426980500008  4.5973841748790765 
21 11  -0.6872751074999996  2.296145094659325  1.2707552293986195 
22 0  0.9900730265999989  -3.2752876305993723  -2.701249395917838 
22 1  -1.5539795174500013  -5.073359884219538  -3.166901513613178 
22 2  -1.5539820615000002  0.9053428973604989  1.1338427148685728 
22 3  0.9900730265999993  -0.8927418981261672  0.6681790919199111 
22 4  -1.5539795174500008  0.6795370264582692  4.968923320401664 
22 5  -1.5539820615  3.287888629833705  4.503271202706322 
22 6  -1.5539820615000004  -0.7949646150580625  -1.2707552293986182 
22 7  -1.5539820615000006  -3.1472465008987465  -4.5973841748790765 
22 8  -1.5539795174500008  -1.020770485960293  2.5643253761344713 
22 9  -1.5539795174500013  -3.3730523718009766  -0.7623035693459865 
22 10  0.9900730265999997  3.159847500133078  6.39940598166756 
22 11  0.9900730265999993  0.807565614292395  3.0727770361871034 
23 0  -0.866706954000001  -4.478284034801066  -4.503271202706322 
23 1  -3.4107594980500013  -6.2763562884212325  -4.968923320401662 
23 2  -3.4107620421  -0.2976535068411952  -0.6681790919199111 
23 3  -0.8667069540000005  -2.0957383023278613  -1.1338427148685728 
23 4  -3.4107594980500004  -0.5234593777434249  3.1669015136131797 
23 5  -3.4107620420999996  2.084892225632011  2.701249395917838 
23 6  -3.4107620421  -1.9979610192597566  -3.072777036187102 
23 7  -3.4107620421000004  -4.3502429051004405  -6.39940598166756 
23 8  -3.410759498050001  -2.223766890161987  0.7623035693459874 
23 9  -3.410759498050001  -4.57604877600267  -2.5643253761344704 
23 10  -0.8667069540000001  1.956851095931384  4.5973841748790765 
23 11  -0.8667069540000005  -0.39543078990929903  1.2707552293986195 
24 0  3.231327651549999  -4.550662239298403  -6.536330001450929 
24 1  0.687275107499999  -6.348734492918569  -7.001982119146269 
24 2  0.6872725634500002  -0.3700317113385321  -2.701237890664518 
24 3  3.2313276515499996  -2.168116506825198  -3.1669015136131797 
24 4  0.6872751074999996  -0.5958375822407618  1.1338427148685728 
24 5  0.6872725634500004  2.012514021134674  0.6681905971732309 
24 6  0.68727256345  -2.0703392237570934  -5.105835834931709 
24 7  0.6872725634499998  -4.422621109597777  -8.432464780412166 
24 8  0.6872751074999994  -2.296145094659324  -1.2707552293986195 
24 9  0.6872751074999992  -4.648426980500007  -4.597384174879077 
24 10  3.23132765155  1.8844728914340472  2.5643253761344695 
24 11  3.2313276515499996  -0.4678089944066359  -0.7623035693459874 
25 0  4.098037149599999  -7.468519157793575  -8.338363313492735 
25 1  1.5539846055499984  -9.266591411413742  -8.804015431188073 
25 2  1.5539820614999995  -3.287888629833704  -4.5032712027063235 
25 3  4.098037149599999  -5.08597342532037  -4.968934825654985 
25 4  1.5539846055499988  -3.5136945007359337  -0.6681905971732327 
25 5  1.5539820614999997  -0.905342897360498  -1.1338427148685746 
25 6  1.5539820614999993  -4.988196142252265  -6.907869146973514 
25 7  1.553982061499999  -7.340478028092949  -10.234498092453972 
25 8  1.5539846055499988  -5.214002013154496  -3.072788541440425 
25 9  1.5539846055499984  -7.566283898995179  -6.399417486920883 
25 10  4.0980371496  -1.0333840270611248  0.762292064092664 
25 11  4.098037149599999  -3.385665912901808  -2.564336881387793 
26 0  0.8667094980499985  -6.265510211725382  -6.536330001450929 
26 1  -1.6773430460000016  -8.063582465345549  -7.001982119146269 
26 2  -1.6773455900500005  -2.084879683765511  -2.701237890664518 
26 3  0.866709498049999  -3.882964479252177  -3.1669015136131797 
26 4  -1.6773430460000012  -2.3106855546677405  1.1338427148685728 
26 5  -1.6773455900500003  0.2976660487076952  0.6681905971732309 
26 6  -1.6773455900500007  -3.785187196184072  -5.105835834931709 
26 7  -1.677345590050001  -6.137469082024756  -8.432464780412166 
26 8  -1.6773430460000012  -4.010993067086303  -1.2707552293986195 
26 9  -1.6773430460000016  -6.363274952926986  -4.597384174879077 
26 10  0.8667094980499994  0.16962491900706844  2.5643253761344695 
26 11  0.866709498049999  -2.1826569668336147  -0.7623035693459874 
27 0  1.8567799805999992  -5.967338678192314  -8.338363313492735 
27 1  -0.6872725634500011  -7.76541093181248  -8.804015431188073 
27 2  -0.6872751074999999  -1.7867081502324424  -4.5032712027063235 
27 3  1.8567799805999996  -3.5847929457191086  -4.968934825654985 
27 4  -0.6872725634500004  -2.012514021134672  -0.6681905971732327 
27 5  -0.6872751074999996  0.5958375822407636  -1.1338427148685746 
27 6  -0.6872751075000001  -3.487015662651004  -6.907869146973514 
27 7  -0.6872751075000003  -5.839297548491688  -10.234498092453972 
27 8  -0.6872725634500007  -3.7128215335532344  -3.072788541440425 
27 9  -0.6872725634500009  -6.0651034193939175  -6.399417486920883 
27 10  1.8567799806  0.4677964525401368  0.762292064092664 
27 11  1.8567799805999996  -1.8844854333005463  -2.564336881387793 
28 0  3.5341204825499988  -7.455905616692745  -6.536330001450929 
28 1  0.9900679384999983  -9.253977870312912  -7.001982119146269 
28 2  0.9900653944499995  -3.275275088732874  -2.701237890664518 
28 3  3.5341204825499988  -5.07335988421954  -3.1669015136131797 
28 4  0.990067938499999  -3.501080959635104  1.1338427148685728 
28 5  0.9900653944499997  -0.8927293562596681  0.6681905971732309 
28 6  0.9900653944499993  -4.9755826011514355  -5.105835834931709 
28 7  0.9900653944499991  -7.3278644869921195  -8.432464780412166 
28 8  0.9900679384999987  -5.201388472053666  -1.2707552293986195 
28 9  0.9900679384999985  -7.553670357894349  -4.597384174879077 
28 10  3.5341204825499997  -1.0207704859602948  2.5643253761344695 
28 11  3.5341204825499988  -3.373052371800978  -0.7623035693459874 
29 0  1.677348134099998  -8.658914562760938  -8.338363313492735 
29 1  -0.8667044099500021  -10.456986816381104  -8.804015431188073 
29 2  -0.8667069540000009  -4.4782840348010655  -4.5032712027063235 
29 3  1.6773481340999985  -6.276368830287732  -4.968934825654985 
29 4  -0.8667044099500014  -4.704089905703295  -0.6681905971732327 
29 5  -0.8667069540000006  -2.0957383023278595  -1.1338427148685746 
29 6  -0.8667069540000011  -6.178591547219627  -6.907869146973514 
29 7  -0.8667069540000013  -8.53087343306031  -10.234498092453972 
29 8  -0.8667044099500016  -6.4043974181218575  -3.072788541440425 
29 9  -0.8667044099500019  -8.75667930396254  -6.399417486920883 
29 10  1.677348134099999  -2.2237794320284863  0.762292064092664 
29 11  1.6773481340999985  -4.576061317869169  -2.564336881387793 