 9.6554  0  0  5.3855067639304e-16  8.7952  0  -1.5828290666174236  0.0  5.052049661857157 
5
0 16  6.109712898367812  2.4591379199999994  -0.5663347670941873 
0 17  5.318298365059102  1.0782915199999996  1.9596900638343915 
0 18  3.545687101632187  2.4591379199999994  0.5663347670941872 
0 19  2.7542725683234752  1.0782915199999996  3.0923595980227656 
0 20  8.211507363069202  4.01852688  0.2601805575856435 
0 21  7.42009282976049  -0.4810974400000001  2.7862053885142215 
0 22  1.4438926369307976  4.01852688  -0.2601805575856435 
0 23  0.6524781036220857  -0.4810974400000001  2.2658442733429345 
0 24  8.60072403169499  1.8399558399999996  -1.197840974826332 
0 25  7.809309498386279  1.6974736  1.3281838561022468 
0 26  1.054675968305009  1.8399558399999996  1.1978409748263317 
0 27  0.2632614349962974  1.6974736  3.72386580575491 
0 28  1.282012898367813  -1.9384620799999999  -0.5663347670941873 
0 29  0.4905983650591015  5.475891519999999  1.9596900638343915 
0 30  8.373387101632186  -1.9384620799999999  0.5663347670941872 
0 31  7.581972568323476  5.475891519999999  3.0923595980227656 
0 32  3.3838073630692027  -0.3790731199999997  0.2601805575856435 
0 33  2.5923928297604912  3.916502559999999  2.7862053885142215 
0 34  6.271592636930798  -0.3790731199999997  -0.2601805575856435 
0 35  5.480178103622086  3.916502559999999  2.2658442733429345 
0 36  3.773024031694991  -2.55764416  -1.197840974826332 
0 37  2.98160949838628  6.095073599999999  1.3281838561022468 
0 38  5.882375968305009  -2.55764416  1.1978409748263317 
0 39  5.090961434996299  6.095073599999999  3.72386580575491 
1 16  6.9011274316765245  -1.0782915199999996  -3.0923595980227656 
1 17  6.109712898367812  -2.4591379199999994  -0.5663347670941867 
1 18  4.337101634940899  -1.0782915199999996  -1.959690063834391 
1 19  3.5456871016321867  -2.4591379199999994  0.5663347670941876 
1 20  9.002921896377913  0.481097440000001  -2.2658442733429345 
1 21  8.211507363069202  -4.01852688  0.2601805575856435 
1 22  2.2353071702395093  0.481097440000001  -2.7862053885142215 
1 23  1.4438926369307972  -4.01852688  -0.2601805575856435 
1 24  9.392138565003702  -1.6974735999999995  -3.72386580575491 
1 25  8.60072403169499  -1.8399558399999991  -1.1978409748263315 
1 26  1.8460905016137206  -1.6974735999999995  -1.3281838561022465 
1 27  1.0546759683050089  -1.8399558399999991  1.197840974826332 
1 28  2.0734274316765244  -5.475891519999999  -3.0923595980227656 
1 29  1.282012898367813  1.9384620800000008  -0.5663347670941867 
1 30  9.164801634940899  -5.475891519999999  -1.959690063834391 
1 31  8.373387101632186  1.9384620800000008  0.5663347670941876 
1 32  4.175221896377915  -3.9165025599999987  -2.2658442733429345 
1 33  3.3838073630692027  0.37907312000000015  0.2601805575856435 
1 34  7.0630071702395085  -3.9165025599999987  -2.7862053885142215 
1 35  6.271592636930796  0.37907312000000015  -0.2601805575856435 
1 36  4.5644385650037025  -6.095073599999999  -3.72386580575491 
1 37  3.7730240316949915  2.5576441600000006  -1.1978409748263315 
1 38  6.67379050161372  -6.095073599999999  -1.3281838561022465 
1 39  5.882375968305009  2.5576441600000006  1.197840974826332 
2 16  1.282012898367813  -1.9384620800000008  -0.5663347670941873 
2 17  0.4905983650591015  -3.3193084800000006  1.9596900638343915 
2 18  -1.2820128983678125  -1.9384620800000008  0.5663347670941872 
2 19  -2.0734274316765244  -3.3193084800000006  3.0923595980227656 
2 20  3.3838073630692023  -0.37907312000000015  0.2601805575856435 
2 21  2.592392829760491  -4.87869744  2.7862053885142215 
2 22  -3.3838073630692023  -0.37907312000000015  -0.2601805575856435 
2 23  -4.175221896377914  -4.87869744  2.2658442733429345 
2 24  3.77302403169499  -2.5576441600000006  -1.197840974826332 
2 25  2.9816094983862786  -2.7001264000000003  1.3281838561022468 
2 26  -3.7730240316949906  -2.5576441600000006  1.1978409748263317 
2 27  -4.5644385650037025  -2.7001264000000003  3.72386580575491 
2 28  -3.5456871016321867  -6.3360620800000005  -0.5663347670941873 
2 29  -4.337101634940899  1.0782915199999996  1.9596900638343915 
2 30  3.545687101632187  -6.3360620800000005  0.5663347670941872 
2 31  2.7542725683234757  1.0782915199999996  3.0923595980227656 
2 32  -1.443892636930797  -4.77667312  0.2601805575856435 
2 33  -2.2353071702395084  -0.481097440000001  2.7862053885142215 
2 34  1.4438926369307978  -4.77667312  -0.2601805575856435 
2 35  0.6524781036220855  -0.481097440000001  2.2658442733429345 
2 36  -1.0546759683050086  -6.95524416  -1.197840974826332 
2 37  -1.8460905016137197  1.6974735999999995  1.3281838561022468 
2 38  1.054675968305009  -6.95524416  1.1978409748263317 
2 39  0.2632614349962985  1.6974735999999995  3.72386580575491 
3 16  2.0734274316765244  3.3193084799999992  -3.0923595980227656 
3 17  1.282012898367813  1.9384620799999996  -0.5663347670941867 
3 18  -0.49059836505910104  3.3193084799999992  -1.959690063834391 
3 19  -1.282012898367813  1.9384620799999996  0.5663347670941876 
3 20  4.175221896377914  4.87869744  -2.2658442733429345 
3 21  3.3838073630692023  0.37907311999999993  0.2601805575856435 
3 22  -2.592392829760491  4.87869744  -2.7862053885142215 
3 23  -3.3838073630692023  0.37907311999999993  -0.2601805575856435 
3 24  4.564438565003702  2.7001263999999994  -3.72386580575491 
3 25  3.77302403169499  2.5576441599999997  -1.1978409748263315 
3 26  -2.981609498386279  2.7001263999999994  -1.3281838561022465 
3 27  -3.773024031694991  2.5576441599999997  1.197840974826332 
3 28  -2.7542725683234752  -1.07829152  -3.0923595980227656 
3 29  -3.5456871016321867  6.33606208  -0.5663347670941867 
3 30  4.337101634940899  -1.07829152  -1.959690063834391 
3 31  3.545687101632187  6.33606208  0.5663347670941876 
3 32  -0.6524781036220855  0.4810974400000003  -2.2658442733429345 
3 33  -1.443892636930797  4.776673119999999  0.2601805575856435 
3 34  2.2353071702395093  0.4810974400000003  -2.7862053885142215 
3 35  1.443892636930797  4.776673119999999  -0.2601805575856435 
3 36  -0.2632614349962972  -1.6974736  -3.72386580575491 
3 37  -1.0546759683050082  6.9552441599999995  -1.1978409748263315 
3 38  1.8460905016137206  -1.6974736  -1.3281838561022465 
3 39  1.05467596830501  6.9552441599999995  1.197840974826332 
4 16  6.109712898367812  -2.81798208  -0.5663347670941873 
4 17  5.318298365059101  -4.1988284799999995  1.9596900638343915 
4 18  3.5456871016321867  -2.81798208  0.5663347670941872 
4 19  2.754272568323475  -4.1988284799999995  3.0923595980227656 
4 20  8.211507363069202  -1.2585931199999996  0.2601805575856435 
4 21  7.42009282976049  -5.758217439999999  2.7862053885142215 
4 22  1.4438926369307974  -1.2585931199999996  -0.2601805575856435 
4 23  0.6524781036220854  -5.758217439999999  2.2658442733429345 
4 24  8.60072403169499  -3.43716416  -1.197840974826332 
4 25  7.809309498386278  -3.5796463999999997  1.3281838561022468 
4 26  1.0546759683050086  -3.43716416  1.1978409748263317 
4 27  0.26326143499629706  -3.5796463999999997  3.72386580575491 
4 28  1.2820128983678125  -7.21558208  -0.5663347670941873 
4 29  0.49059836505910115  0.1987715200000002  1.9596900638343915 
4 30  8.373387101632186  -7.21558208  0.5663347670941872 
4 31  7.581972568323475  0.1987715200000002  3.0923595980227656 
4 32  3.3838073630692023  -5.656193119999999  0.2601805575856435 
4 33  2.592392829760491  -1.3606174400000004  2.7862053885142215 
4 34  6.271592636930797  -5.656193119999999  -0.2601805575856435 
4 35  5.480178103622085  -1.3606174400000004  2.2658442733429345 
4 36  3.7730240316949906  -7.83476416  -1.197840974826332 
4 37  2.9816094983862795  0.8179536000000001  1.3281838561022468 
4 38  5.882375968305008  -7.83476416  1.1978409748263317 
4 39  5.090961434996298  0.8179536000000001  3.72386580575491 
5 16  6.9011274316765245  4.1988284799999995  -3.0923595980227656 
5 17  6.109712898367813  2.8179820799999997  -0.5663347670941867 
5 18  4.337101634940899  4.1988284799999995  -1.959690063834391 
5 19  3.545687101632187  2.8179820799999997  0.5663347670941876 
5 20  9.002921896377913  5.75821744  -2.2658442733429345 
5 21  8.211507363069202  1.25859312  0.2601805575856435 
5 22  2.2353071702395093  5.75821744  -2.7862053885142215 
5 23  1.4438926369307976  1.25859312  -0.2601805575856435 
5 24  9.392138565003702  3.5796463999999997  -3.72386580575491 
5 25  8.600724031694991  3.43716416  -1.1978409748263315 
5 26  1.846090501613721  3.5796463999999997  -1.3281838561022465 
5 27  1.0546759683050093  3.43716416  1.197840974826332 
5 28  2.073427431676525  -0.19877151999999987  -3.0923595980227656 
5 29  1.2820128983678134  7.21558208  -0.5663347670941867 
5 30  9.164801634940899  -0.19877151999999987  -1.959690063834391 
5 31  8.373387101632186  7.21558208  0.5663347670941876 
5 32  4.175221896377915  1.3606174400000004  -2.2658442733429345 
5 33  3.383807363069203  5.656193119999999  0.2601805575856435 
5 34  7.063007170239509  1.3606174400000004  -2.7862053885142215 
5 35  6.271592636930797  5.656193119999999  -0.2601805575856435 
5 36  4.564438565003703  -0.8179535999999998  -3.72386580575491 
5 37  3.773024031694992  7.83476416  -1.1978409748263315 
5 38  6.673790501613721  -0.8179535999999998  -1.3281838561022465 
5 39  5.88237596830501  7.83476416  1.197840974826332 
6 16  1.282012898367813  1.57961792  -0.5663347670941873 
6 17  0.4905983650591015  0.1987715200000002  1.9596900638343915 
6 18  -1.2820128983678125  1.57961792  0.5663347670941872 
6 19  -2.0734274316765244  0.1987715200000002  3.0923595980227656 
6 20  3.3838073630692023  3.1390068800000006  0.2601805575856435 
6 21  2.592392829760491  -1.3606174399999995  2.7862053885142215 
6 22  -3.3838073630692023  3.1390068800000006  -0.2601805575856435 
6 23  -4.175221896377914  -1.3606174399999995  2.2658442733429345 
6 24  3.77302403169499  0.9604358400000002  -1.197840974826332 
6 25  2.9816094983862786  0.8179536000000005  1.3281838561022468 
6 26  -3.7730240316949906  0.9604358400000002  1.1978409748263317 
6 27  -4.5644385650037025  0.8179536000000005  3.72386580575491 
6 28  -3.5456871016321867  -2.8179820799999993  -0.5663347670941873 
6 29  -4.337101634940899  4.59637152  1.9596900638343915 
6 30  3.545687101632187  -2.8179820799999993  0.5663347670941872 
6 31  2.7542725683234757  4.59637152  3.0923595980227656 
6 32  -1.443892636930797  -1.2585931199999991  0.2601805575856435 
6 33  -2.2353071702395084  3.0369825599999998  2.7862053885142215 
6 34  1.4438926369307978  -1.2585931199999991  -0.2601805575856435 
6 35  0.6524781036220855  3.0369825599999998  2.2658442733429345 
6 36  -1.0546759683050086  -3.4371641599999996  -1.197840974826332 
6 37  -1.8460905016137197  5.2155536  1.3281838561022468 
6 38  1.054675968305009  -3.4371641599999996  1.1978409748263317 
6 39  0.2632614349962985  5.2155536  3.72386580575491 
7 16  2.0734274316765244  -0.1987715200000002  -3.0923595980227656 
7 17  1.282012898367813  -1.57961792  -0.5663347670941867 
7 18  -0.49059836505910104  -0.1987715200000002  -1.959690063834391 
7 19  -1.282012898367813  -1.57961792  0.5663347670941876 
7 20  4.175221896377914  1.3606174400000004  -2.2658442733429345 
7 21  3.3838073630692023  -3.1390068799999997  0.2601805575856435 
7 22  -2.592392829760491  1.3606174400000004  -2.7862053885142215 
7 23  -3.3838073630692023  -3.1390068799999997  -0.2601805575856435 
7 24  4.564438565003702  -0.8179536000000001  -3.72386580575491 
7 25  3.77302403169499  -0.9604358399999997  -1.1978409748263315 
7 26  -2.981609498386279  -0.8179536000000001  -1.3281838561022465 
7 27  -3.773024031694991  -0.9604358399999997  1.197840974826332 
7 28  -2.7542725683234752  -4.59637152  -3.0923595980227656 
7 29  -3.5456871016321867  2.81798208  -0.5663347670941867 
7 30  4.337101634940899  -4.59637152  -1.959690063834391 
7 31  3.545687101632187  2.81798208  0.5663347670941876 
7 32  -0.6524781036220855  -3.0369825599999993  -2.2658442733429345 
7 33  -1.443892636930797  1.2585931199999996  0.2601805575856435 
7 34  2.2353071702395093  -3.0369825599999993  -2.7862053885142215 
7 35  1.443892636930797  1.2585931199999996  -0.2601805575856435 
7 36  -0.2632614349962972  -5.2155536  -3.72386580575491 
7 37  -1.0546759683050082  3.43716416  -1.1978409748263315 
7 38  1.8460905016137206  -5.2155536  -1.3281838561022465 
7 39  1.05467596830501  3.43716416  1.197840974826332 
8 16  -1.5472880543781544  -0.09498816000000065  -0.4945956618958157 
8 17  -2.338702587686866  -1.4758345600000005  2.031429169032763 
8 18  -4.1113138511137794  -0.09498816000000065  0.6380738722925587 
8 19  -4.902728384422492  -1.4758345600000005  3.1640987032211374 
8 20  0.5545064103232349  1.4644008  0.3319196627840151 
8 21  -0.2369081229854766  -3.03522352  2.8579444937125933 
8 22  -6.21310831581517  1.4644008  -0.18844145238727195 
8 23  -7.004522849123881  -3.03522352  2.3375833785413063 
8 24  0.9437230789490227  -0.7141702400000005  -1.1261018696279603 
8 25  0.15230854564031127  -0.8566524800000002  1.3999229613006183 
8 26  -6.602324984440958  -0.7141702400000005  1.2695800800247032 
8 27  -7.39373951774967  -0.8566524800000002  3.7956049109532817 
8 28  -6.374988054378154  -4.49258816  -0.4945956618958157 
8 29  -7.166402587686866  2.9217654399999997  2.031429169032763 
8 30  0.7163861488862198  -4.49258816  0.6380738722925587 
8 31  -0.07502838442249171  2.9217654399999997  3.1640987032211374 
8 32  -4.273193589676764  -2.9331992  0.3319196627840151 
8 33  -5.064608122985476  1.3623764799999991  2.8579444937125933 
8 34  -1.3854083158151695  -2.9331992  -0.18844145238727195 
8 35  -2.176822849123882  1.3623764799999991  2.3375833785413063 
8 36  -3.883976921050976  -5.11177024  -1.1261018696279603 
8 37  -4.675391454359687  3.5409475199999996  1.3999229613006183 
8 38  -1.7746249844409583  -5.11177024  1.2695800800247032 
8 39  -2.566039517749669  3.5409475199999996  3.7956049109532817 
9 16  -0.7558735210694421  1.4758345599999996  -3.0206204928243943 
9 17  -1.5472880543781535  0.09498815999999977  -0.4945956618958154 
9 18  -3.3198993178050675  1.4758345599999996  -1.8879509586360197 
9 19  -4.1113138511137794  0.09498815999999977  0.638073872292559 
9 20  1.3459209436319473  3.03522352  -2.1941051681445636 
9 21  0.5545064103232358  -1.4644008  0.33191966278401486 
9 22  -5.421693782506457  3.03522352  -2.7144662833158506 
9 23  -6.213108315815169  -1.4644008  -0.18844145238727217 
9 24  1.735137612257735  0.8566524799999997  -3.652126700556539 
9 25  0.9437230789490236  0.7141702400000001  -1.12610186962796 
9 26  -5.810910451132246  0.8566524799999997  -1.2564447509038752 
9 27  -6.6023249844409575  0.7141702400000001  1.2695800800247032 
9 28  -5.583573521069441  -2.9217654399999997  -3.0206204928243943 
9 29  -6.374988054378154  4.49258816  -0.4945956618958154 
9 30  1.5078006821949321  -2.9217654399999997  -1.8879509586360197 
9 31  0.7163861488862207  4.49258816  0.638073872292559 
9 32  -3.481779056368052  -1.3623764799999996  -2.1941051681445636 
9 33  -4.273193589676763  2.9331991999999993  0.33191966278401486 
9 34  -0.5939937825064572  -1.3623764799999996  -2.7144662833158506 
9 35  -1.3854083158151695  2.9331991999999993  -0.18844145238727217 
9 36  -3.0925623877422637  -3.54094752  -3.652126700556539 
9 37  -3.8839769210509747  5.11177024  -1.12610186962796 
9 38  -0.9832104511322459  -3.54094752  -1.2564447509038752 
9 39  -1.7746249844409565  5.11177024  1.2695800800247032 
10 16  4.1113138511137794  -0.09498816000000065  -0.6380738722925589 
10 17  3.319899317805068  -1.4758345600000005  1.88795095863602 
10 18  1.547288054378154  -0.09498816000000065  0.4945956618958156 
10 19  0.7558735210694421  -1.4758345600000005  3.0206204928243943 
10 20  6.213108315815169  1.4644008  0.18844145238727195 
10 21  5.421693782506457  -3.03522352  2.71446628331585 
10 22  -0.5545064103232356  1.4644008  -0.3319196627840151 
10 23  -1.3459209436319475  -3.03522352  2.194105168144563 
10 24  6.602324984440957  -0.7141702400000005  -1.2695800800247035 
10 25  5.810910451132245  -0.8566524800000002  1.2564447509038752 
10 26  -0.9437230789490241  -0.7141702400000005  1.12610186962796 
10 27  -1.7351376122577358  -0.8566524800000002  3.6521267005565385 
10 28  -0.7163861488862202  -4.49258816  -0.6380738722925589 
10 29  -1.5078006821949317  2.9217654399999997  1.88795095863602 
10 30  6.374988054378154  -4.49258816  0.4945956618958156 
10 31  5.583573521069442  2.9217654399999997  3.0206204928243943 
10 32  1.3854083158151695  -2.9331992  0.18844145238727195 
10 33  0.5939937825064581  1.3623764799999991  2.71446628331585 
10 34  4.273193589676764  -2.9331992  -0.3319196627840151 
10 35  3.481779056368052  1.3623764799999991  2.194105168144563 
10 36  1.7746249844409578  -5.11177024  -1.2695800800247035 
10 37  0.9832104511322468  3.5409475199999996  1.2564447509038752 
10 38  3.8839769210509756  -5.11177024  1.12610186962796 
10 39  3.092562387742265  3.5409475199999996  3.6521267005565385 
11 16  4.902728384422492  1.4758345599999996  -3.1640987032211374 
11 17  4.11131385111378  0.09498815999999977  -0.6380738722925585 
11 18  2.3387025876868663  1.4758345599999996  -2.031429169032763 
11 19  1.5472880543781544  0.09498815999999977  0.49459566189581583 
11 20  7.004522849123881  3.03522352  -2.3375833785413063 
11 21  6.21310831581517  -1.4644008  0.18844145238727172 
11 22  0.2369081229854768  3.03522352  -2.8579444937125933 
11 23  -0.5545064103232351  -1.4644008  -0.3319196627840153 
11 24  7.393739517749669  0.8566524799999997  -3.7956049109532817 
11 25  6.6023249844409575  0.7141702400000001  -1.2695800800247032 
11 26  -0.1523085456403117  0.8566524799999997  -1.3999229613006183 
11 27  -0.9437230789490234  0.7141702400000001  1.12610186962796 
11 28  0.07502838442249216  -2.9217654399999997  -3.1640987032211374 
11 29  -0.7163861488862193  4.49258816  -0.6380738722925585 
11 30  7.166402587686866  -2.9217654399999997  -2.031429169032763 
11 31  6.3749880543781545  4.49258816  0.49459566189581583 
11 32  2.176822849123882  -1.3623764799999996  -2.3375833785413063 
11 33  1.3854083158151704  2.9331991999999993  0.18844145238727172 
11 34  5.064608122985477  -1.3623764799999996  -2.8579444937125933 
11 35  4.273193589676764  2.9331991999999993  -0.3319196627840153 
11 36  2.56603951774967  -3.54094752  -3.7956049109532817 
11 37  1.7746249844409592  5.11177024  -1.2695800800247032 
11 38  4.675391454359688  -3.54094752  -1.3999229613006183 
11 39  3.8839769210509774  5.11177024  1.12610186962796 
12 16  3.280411945621845  4.302611839999999  -0.4945956618958157 
12 17  2.4889974123131333  2.9217654399999997  2.031429169032763 
12 18  0.7163861488862193  4.302611839999999  0.6380738722925587 
12 19  -0.0750283844224926  2.9217654399999997  3.1640987032211374 
12 20  5.382206410323234  5.8620008  0.3319196627840151 
12 21  4.590791877014523  1.36237648  2.8579444937125933 
12 22  -1.3854083158151702  5.8620008  -0.18844145238727195 
12 23  -2.176822849123882  1.36237648  2.3375833785413063 
12 24  5.771423078949022  3.6834297599999997  -1.1261018696279603 
12 25  4.9800085456403105  3.54094752  1.3999229613006183 
12 26  -1.7746249844409587  3.6834297599999997  1.2695800800247032 
12 27  -2.5660395177496707  3.54094752  3.7956049109532817 
12 28  -1.5472880543781549  -0.09498815999999999  -0.4945956618958157 
12 29  -2.3387025876868663  7.3193654399999994  2.031429169032763 
12 30  5.544086148886219  -0.09498815999999999  0.6380738722925587 
12 31  4.7526716155775075  7.3193654399999994  3.1640987032211374 
12 32  0.5545064103232349  1.4644008000000004  0.3319196627840151 
12 33  -0.2369081229854766  5.759976479999999  2.8579444937125933 
12 34  3.4422916841848297  1.4644008000000004  -0.18844145238727195 
12 35  2.6508771508761173  5.759976479999999  2.3375833785413063 
12 36  0.9437230789490232  -0.7141702400000001  -1.1261018696279603 
12 37  0.15230854564031215  7.938547519999999  1.3999229613006183 
12 38  3.053075015559041  -0.7141702400000001  1.2695800800247032 
12 39  2.2616604822503303  7.938547519999999  3.7956049109532817 
13 16  4.071826478930556  -2.921765439999999  -3.0206204928243943 
13 17  3.280411945621845  -4.302611839999999  -0.4945956618958154 
13 18  1.507800682194931  -2.921765439999999  -1.8879509586360197 
13 19  0.7163861488862191  -4.302611839999999  0.638073872292559 
13 20  6.173620943631946  -1.3623764799999982  -2.1941051681445636 
13 21  5.382206410323234  -5.862000799999999  0.33191966278401486 
13 22  -0.5939937825064585  -1.3623764799999982  -2.7144662833158506 
13 23  -1.3854083158151704  -5.862000799999999  -0.18844145238727217 
13 24  6.562837612257733  -3.5409475199999987  -3.652126700556539 
13 25  5.771423078949022  -3.6834297599999983  -1.12610186962796 
13 26  -0.983210451132247  -3.5409475199999987  -1.2564447509038752 
13 27  -1.7746249844409587  -3.6834297599999983  1.2695800800247032 
13 28  -0.7558735210694432  -7.319365439999999  -3.0206204928243943 
13 29  -1.5472880543781546  0.09498816000000154  -0.4945956618958154 
13 30  6.3355006821949305  -7.319365439999999  -1.8879509586360197 
13 31  5.544086148886219  0.09498816000000154  0.638073872292559 
13 32  1.3459209436319466  -5.759976479999998  -2.1941051681445636 
13 33  0.5545064103232351  -1.464400799999999  0.33191966278401486 
13 34  4.233706217493541  -5.759976479999998  -2.7144662833158506 
13 35  3.442291684184829  -1.464400799999999  -0.18844145238727217 
13 36  1.7351376122577349  -7.938547519999998  -3.652126700556539 
13 37  0.9437230789490239  0.7141702400000014  -1.12610186962796 
13 38  3.8444895488677524  -7.938547519999998  -1.2564447509038752 
13 39  3.053075015559042  0.7141702400000014  1.2695800800247032 
14 16  -0.7163861488862207  4.302611839999999  -0.6380738722925589 
14 17  -1.5078006821949321  2.9217654399999997  1.88795095863602 
14 18  -3.280411945621846  4.302611839999999  0.4945956618958156 
14 19  -4.071826478930558  2.9217654399999997  3.0206204928243943 
14 20  1.3854083158151687  5.8620008  0.18844145238727195 
14 21  0.5939937825064572  1.36237648  2.71446628331585 
14 22  -5.382206410323236  5.8620008  -0.3319196627840151 
14 23  -6.173620943631947  1.36237648  2.194105168144563 
14 24  1.7746249844409565  3.6834297599999997  -1.2695800800247035 
14 25  0.983210451132245  3.54094752  1.2564447509038752 
14 26  -5.771423078949024  3.6834297599999997  1.12610186962796 
14 27  -6.562837612257736  3.54094752  3.6521267005565385 
14 28  -5.544086148886221  -0.09498815999999999  -0.6380738722925589 
14 29  -6.335500682194931  7.3193654399999994  1.88795095863602 
14 30  1.5472880543781535  -0.09498815999999999  0.4945956618958156 
14 31  0.7558735210694421  7.3193654399999994  3.0206204928243943 
14 32  -3.4422916841848306  1.4644008000000004  0.18844145238727195 
14 33  -4.233706217493542  5.759976479999999  2.71446628331585 
14 34  -0.5545064103232358  1.4644008000000004  -0.3319196627840151 
14 35  -1.3459209436319481  5.759976479999999  2.194105168144563 
14 36  -3.0530750155590423  -0.7141702400000001  -1.2695800800247035 
14 37  -3.8444895488677533  7.938547519999999  1.2564447509038752 
14 38  -0.9437230789490245  -0.7141702400000001  1.12610186962796 
14 39  -1.735137612257735  7.938547519999999  3.6521267005565385 
15 16  0.07502838442248994  -2.921765439999999  -3.1640987032211374 
15 17  -0.7163861488862215  -4.302611839999999  -0.6380738722925585 
15 18  -2.4889974123131355  -2.921765439999999  -2.031429169032763 
15 19  -3.2804119456218475  -4.302611839999999  0.49459566189581583 
15 20  2.1768228491238792  -1.3623764799999982  -2.3375833785413063 
15 21  1.3854083158151678  -5.862000799999999  0.18844145238727172 
15 22  -4.590791877014525  -1.3623764799999982  -2.8579444937125933 
15 23  -5.382206410323237  -5.862000799999999  -0.3319196627840153 
15 24  2.566039517749667  -3.5409475199999987  -3.7956049109532817 
15 25  1.7746249844409556  -3.6834297599999983  -1.2695800800247032 
15 26  -4.980008545640313  -3.5409475199999987  -1.3999229613006183 
15 27  -5.7714230789490255  -3.6834297599999983  1.12610186962796 
15 28  -4.75267161557751  -7.319365439999999  -3.1640987032211374 
15 29  -5.544086148886221  0.09498816000000154  -0.6380738722925585 
15 30  2.338702587686864  -7.319365439999999  -2.031429169032763 
15 31  1.5472880543781526  0.09498816000000154  0.49459566189581583 
15 32  -2.65087715087612  -5.759976479999998  -2.3375833785413063 
15 33  -3.4422916841848314  -1.464400799999999  0.18844145238727172 
15 34  0.2369081229854748  -5.759976479999998  -2.8579444937125933 
15 35  -0.5545064103232376  -1.464400799999999  -0.3319196627840153 
15 36  -2.2616604822503317  -7.938547519999998  -3.7956049109532817 
15 37  -3.0530750155590427  0.7141702400000014  -1.2695800800247032 
15 38  -0.15230854564031393  -7.938547519999998  -1.3999229613006183 
15 39  -0.9437230789490245  0.7141702400000014  1.12610186962796 
16 0  -6.109712898367812  -2.4591379199999994  0.5663347670941873 
16 1  -6.9011274316765245  1.0782915199999996  3.0923595980227656 
16 2  -1.282012898367813  1.9384620800000008  0.5663347670941873 
16 3  -2.0734274316765244  -3.3193084799999992  3.0923595980227656 
16 4  -6.109712898367812  2.81798208  0.5663347670941873 
16 5  -6.9011274316765245  -4.1988284799999995  3.0923595980227656 
16 6  -1.282012898367813  -1.57961792  0.5663347670941873 
16 7  -2.0734274316765244  0.1987715200000002  3.0923595980227656 
16 8  1.5472880543781544  0.09498816000000065  0.4945956618958157 
16 9  0.7558735210694421  -1.4758345599999996  3.0206204928243943 
16 10  -4.1113138511137794  0.09498816000000065  0.6380738722925589 
16 11  -4.902728384422492  -1.4758345599999996  3.1640987032211374 
16 12  -3.280411945621845  -4.302611839999999  0.4945956618958157 
16 13  -4.071826478930556  2.921765439999999  3.0206204928243943 
16 14  0.7163861488862207  -4.302611839999999  0.6380738722925589 
16 15  -0.07502838442248994  2.921765439999999  3.1640987032211374 
17 0  -5.318298365059102  -1.0782915199999996  -1.9596900638343915 
17 1  -6.109712898367812  2.4591379199999994  0.5663347670941867 
17 2  -0.4905983650591015  3.3193084800000006  -1.9596900638343915 
17 3  -1.282012898367813  -1.9384620799999996  0.5663347670941867 
17 4  -5.318298365059101  4.1988284799999995  -1.9596900638343915 
17 5  -6.109712898367813  -2.8179820799999997  0.5663347670941867 
17 6  -0.4905983650591015  -0.1987715200000002  -1.9596900638343915 
17 7  -1.282012898367813  1.57961792  0.5663347670941867 
17 8  2.338702587686866  1.4758345600000005  -2.031429169032763 
17 9  1.5472880543781535  -0.09498815999999977  0.4945956618958154 
17 10  -3.319899317805068  1.4758345600000005  -1.88795095863602 
17 11  -4.11131385111378  -0.09498815999999977  0.6380738722925585 
17 12  -2.4889974123131333  -2.9217654399999997  -2.031429169032763 
17 13  -3.280411945621845  4.302611839999999  0.4945956618958154 
17 14  1.5078006821949321  -2.9217654399999997  -1.88795095863602 
17 15  0.7163861488862215  4.302611839999999  0.6380738722925585 
18 0  -3.545687101632187  -2.4591379199999994  -0.5663347670941872 
18 1  -4.337101634940899  1.0782915199999996  1.959690063834391 
18 2  1.2820128983678125  1.9384620800000008  -0.5663347670941872 
18 3  0.49059836505910104  -3.3193084799999992  1.959690063834391 
18 4  -3.5456871016321867  2.81798208  -0.5663347670941872 
18 5  -4.337101634940899  -4.1988284799999995  1.959690063834391 
18 6  1.2820128983678125  -1.57961792  -0.5663347670941872 
18 7  0.49059836505910104  0.1987715200000002  1.959690063834391 
18 8  4.1113138511137794  0.09498816000000065  -0.6380738722925587 
18 9  3.3198993178050675  -1.4758345599999996  1.8879509586360197 
18 10  -1.547288054378154  0.09498816000000065  -0.4945956618958156 
18 11  -2.3387025876868663  -1.4758345599999996  2.031429169032763 
18 12  -0.7163861488862193  -4.302611839999999  -0.6380738722925587 
18 13  -1.507800682194931  2.921765439999999  1.8879509586360197 
18 14  3.280411945621846  -4.302611839999999  -0.4945956618958156 
18 15  2.4889974123131355  2.921765439999999  2.031429169032763 
19 0  -2.7542725683234752  -1.0782915199999996  -3.0923595980227656 
19 1  -3.5456871016321867  2.4591379199999994  -0.5663347670941876 
19 2  2.0734274316765244  3.3193084800000006  -3.0923595980227656 
19 3  1.282012898367813  -1.9384620799999996  -0.5663347670941876 
19 4  -2.754272568323475  4.1988284799999995  -3.0923595980227656 
19 5  -3.545687101632187  -2.8179820799999997  -0.5663347670941876 
19 6  2.0734274316765244  -0.1987715200000002  -3.0923595980227656 
19 7  1.282012898367813  1.57961792  -0.5663347670941876 
19 8  4.902728384422492  1.4758345600000005  -3.1640987032211374 
19 9  4.1113138511137794  -0.09498815999999977  -0.638073872292559 
19 10  -0.7558735210694421  1.4758345600000005  -3.0206204928243943 
19 11  -1.5472880543781544  -0.09498815999999977  -0.49459566189581583 
19 12  0.0750283844224926  -2.9217654399999997  -3.1640987032211374 
19 13  -0.7163861488862191  4.302611839999999  -0.638073872292559 
19 14  4.071826478930558  -2.9217654399999997  -3.0206204928243943 
19 15  3.2804119456218475  4.302611839999999  -0.49459566189581583 
20 0  -8.211507363069202  -4.01852688  -0.2601805575856435 
20 1  -9.002921896377913  -0.481097440000001  2.2658442733429345 
20 2  -3.3838073630692023  0.37907312000000015  -0.2601805575856435 
20 3  -4.175221896377914  -4.87869744  2.2658442733429345 
20 4  -8.211507363069202  1.2585931199999996  -0.2601805575856435 
20 5  -9.002921896377913  -5.75821744  2.2658442733429345 
20 6  -3.3838073630692023  -3.1390068800000006  -0.2601805575856435 
20 7  -4.175221896377914  -1.3606174400000004  2.2658442733429345 
20 8  -0.5545064103232349  -1.4644008  -0.3319196627840151 
20 9  -1.3459209436319473  -3.03522352  2.1941051681445636 
20 10  -6.213108315815169  -1.4644008  -0.18844145238727195 
20 11  -7.004522849123881  -3.03522352  2.3375833785413063 
20 12  -5.382206410323234  -5.8620008  -0.3319196627840151 
20 13  -6.173620943631946  1.3623764799999982  2.1941051681445636 
20 14  -1.3854083158151687  -5.8620008  -0.18844145238727195 
20 15  -2.1768228491238792  1.3623764799999982  2.3375833785413063 
21 0  -7.42009282976049  0.4810974400000001  -2.7862053885142215 
21 1  -8.211507363069202  4.01852688  -0.2601805575856435 
21 2  -2.592392829760491  4.87869744  -2.7862053885142215 
21 3  -3.3838073630692023  -0.37907311999999993  -0.2601805575856435 
21 4  -7.42009282976049  5.758217439999999  -2.7862053885142215 
21 5  -8.211507363069202  -1.25859312  -0.2601805575856435 
21 6  -2.592392829760491  1.3606174399999995  -2.7862053885142215 
21 7  -3.3838073630692023  3.1390068799999997  -0.2601805575856435 
21 8  0.2369081229854766  3.03522352  -2.8579444937125933 
21 9  -0.5545064103232358  1.4644008  -0.33191966278401486 
21 10  -5.421693782506457  3.03522352  -2.71446628331585 
21 11  -6.21310831581517  1.4644008  -0.18844145238727172 
21 12  -4.590791877014523  -1.36237648  -2.8579444937125933 
21 13  -5.382206410323234  5.862000799999999  -0.33191966278401486 
21 14  -0.5939937825064572  -1.36237648  -2.71446628331585 
21 15  -1.3854083158151678  5.862000799999999  -0.18844145238727172 
22 0  -1.4438926369307976  -4.01852688  0.2601805575856435 
22 1  -2.2353071702395093  -0.481097440000001  2.7862053885142215 
22 2  3.3838073630692023  0.37907312000000015  0.2601805575856435 
22 3  2.592392829760491  -4.87869744  2.7862053885142215 
22 4  -1.4438926369307974  1.2585931199999996  0.2601805575856435 
22 5  -2.2353071702395093  -5.75821744  2.7862053885142215 
22 6  3.3838073630692023  -3.1390068800000006  0.2601805575856435 
22 7  2.592392829760491  -1.3606174400000004  2.7862053885142215 
22 8  6.21310831581517  -1.4644008  0.18844145238727195 
22 9  5.421693782506457  -3.03522352  2.7144662833158506 
22 10  0.5545064103232356  -1.4644008  0.3319196627840151 
22 11  -0.2369081229854768  -3.03522352  2.8579444937125933 
22 12  1.3854083158151702  -5.8620008  0.18844145238727195 
22 13  0.5939937825064585  1.3623764799999982  2.7144662833158506 
22 14  5.382206410323236  -5.8620008  0.3319196627840151 
22 15  4.590791877014525  1.3623764799999982  2.8579444937125933 
23 0  -0.6524781036220857  0.4810974400000001  -2.2658442733429345 
23 1  -1.4438926369307972  4.01852688  0.2601805575856435 
23 2  4.175221896377914  4.87869744  -2.2658442733429345 
23 3  3.3838073630692023  -0.37907311999999993  0.2601805575856435 
23 4  -0.6524781036220854  5.758217439999999  -2.2658442733429345 
23 5  -1.4438926369307976  -1.25859312  0.2601805575856435 
23 6  4.175221896377914  1.3606174399999995  -2.2658442733429345 
23 7  3.3838073630692023  3.1390068799999997  0.2601805575856435 
23 8  7.004522849123881  3.03522352  -2.3375833785413063 
23 9  6.213108315815169  1.4644008  0.18844145238727217 
23 10  1.3459209436319475  3.03522352  -2.194105168144563 
23 11  0.5545064103232351  1.4644008  0.3319196627840153 
23 12  2.176822849123882  -1.36237648  -2.3375833785413063 
23 13  1.3854083158151704  5.862000799999999  0.18844145238727217 
23 14  6.173620943631947  -1.36237648  -2.194105168144563 
23 15  5.382206410323237  5.862000799999999  0.3319196627840153 
24 0  -8.60072403169499  -1.8399558399999996  1.197840974826332 
24 1  -9.392138565003702  1.6974735999999995  3.72386580575491 
24 2  -3.77302403169499  2.5576441600000006  1.197840974826332 
24 3  -4.564438565003702  -2.7001263999999994  3.72386580575491 
24 4  -8.60072403169499  3.43716416  1.197840974826332 
24 5  -9.392138565003702  -3.5796463999999997  3.72386580575491 
24 6  -3.77302403169499  -0.9604358400000002  1.197840974826332 
24 7  -4.564438565003702  0.8179536000000001  3.72386580575491 
24 8  -0.9437230789490227  0.7141702400000005  1.1261018696279603 
24 9  -1.735137612257735  -0.8566524799999997  3.652126700556539 
24 10  -6.602324984440957  0.7141702400000005  1.2695800800247035 
24 11  -7.393739517749669  -0.8566524799999997  3.7956049109532817 
24 12  -5.771423078949022  -3.6834297599999997  1.1261018696279603 
24 13  -6.562837612257733  3.5409475199999987  3.652126700556539 
24 14  -1.7746249844409565  -3.6834297599999997  1.2695800800247035 
24 15  -2.566039517749667  3.5409475199999987  3.7956049109532817 
25 0  -7.809309498386279  -1.6974736  -1.3281838561022468 
25 1  -8.60072403169499  1.8399558399999991  1.1978409748263315 
25 2  -2.9816094983862786  2.7001264000000003  -1.3281838561022468 
25 3  -3.77302403169499  -2.5576441599999997  1.1978409748263315 
25 4  -7.809309498386278  3.5796463999999997  -1.3281838561022468 
25 5  -8.600724031694991  -3.43716416  1.1978409748263315 
25 6  -2.9816094983862786  -0.8179536000000005  -1.3281838561022468 
25 7  -3.77302403169499  0.9604358399999997  1.1978409748263315 
25 8  -0.15230854564031127  0.8566524800000002  -1.3999229613006183 
25 9  -0.9437230789490236  -0.7141702400000001  1.12610186962796 
25 10  -5.810910451132245  0.8566524800000002  -1.2564447509038752 
25 11  -6.6023249844409575  -0.7141702400000001  1.2695800800247032 
25 12  -4.9800085456403105  -3.54094752  -1.3999229613006183 
25 13  -5.771423078949022  3.6834297599999983  1.12610186962796 
25 14  -0.983210451132245  -3.54094752  -1.2564447509038752 
25 15  -1.7746249844409556  3.6834297599999983  1.2695800800247032 
26 0  -1.054675968305009  -1.8399558399999996  -1.1978409748263317 
26 1  -1.8460905016137206  1.6974735999999995  1.3281838561022465 
26 2  3.7730240316949906  2.5576441600000006  -1.1978409748263317 
26 3  2.981609498386279  -2.7001263999999994  1.3281838561022465 
26 4  -1.0546759683050086  3.43716416  -1.1978409748263317 
26 5  -1.846090501613721  -3.5796463999999997  1.3281838561022465 
26 6  3.7730240316949906  -0.9604358400000002  -1.1978409748263317 
26 7  2.981609498386279  0.8179536000000001  1.3281838561022465 
26 8  6.602324984440958  0.7141702400000005  -1.2695800800247032 
26 9  5.810910451132246  -0.8566524799999997  1.2564447509038752 
26 10  0.9437230789490241  0.7141702400000005  -1.12610186962796 
26 11  0.1523085456403117  -0.8566524799999997  1.3999229613006183 
26 12  1.7746249844409587  -3.6834297599999997  -1.2695800800247032 
26 13  0.983210451132247  3.5409475199999987  1.2564447509038752 
26 14  5.771423078949024  -3.6834297599999997  -1.12610186962796 
26 15  4.980008545640313  3.5409475199999987  1.3999229613006183 
27 0  -0.2632614349962974  -1.6974736  -3.72386580575491 
27 1  -1.0546759683050089  1.8399558399999991  -1.197840974826332 
27 2  4.5644385650037025  2.7001264000000003  -3.72386580575491 
27 3  3.773024031694991  -2.5576441599999997  -1.197840974826332 
27 4  -0.26326143499629706  3.5796463999999997  -3.72386580575491 
27 5  -1.0546759683050093  -3.43716416  -1.197840974826332 
27 6  4.5644385650037025  -0.8179536000000005  -3.72386580575491 
27 7  3.773024031694991  0.9604358399999997  -1.197840974826332 
27 8  7.39373951774967  0.8566524800000002  -3.7956049109532817 
27 9  6.6023249844409575  -0.7141702400000001  -1.2695800800247032 
27 10  1.7351376122577358  0.8566524800000002  -3.6521267005565385 
27 11  0.9437230789490234  -0.7141702400000001  -1.12610186962796 
27 12  2.5660395177496707  -3.54094752  -3.7956049109532817 
27 13  1.7746249844409587  3.6834297599999983  -1.2695800800247032 
27 14  6.562837612257736  -3.54094752  -3.6521267005565385 
27 15  5.7714230789490255  3.6834297599999983  -1.12610186962796 
28 0  -1.282012898367813  1.9384620799999999  0.5663347670941873 
28 1  -2.0734274316765244  5.475891519999999  3.0923595980227656 
28 2  3.5456871016321867  6.3360620800000005  0.5663347670941873 
28 3  2.7542725683234752  1.07829152  3.0923595980227656 
28 4  -1.2820128983678125  7.21558208  0.5663347670941873 
28 5  -2.073427431676525  0.19877151999999987  3.0923595980227656 
28 6  3.5456871016321867  2.8179820799999993  0.5663347670941873 
28 7  2.7542725683234752  4.59637152  3.0923595980227656 
28 8  6.374988054378154  4.49258816  0.4945956618958157 
28 9  5.583573521069441  2.9217654399999997  3.0206204928243943 
28 10  0.7163861488862202  4.49258816  0.6380738722925589 
28 11  -0.07502838442249216  2.9217654399999997  3.1640987032211374 
28 12  1.5472880543781549  0.09498815999999999  0.4945956618958157 
28 13  0.7558735210694432  7.319365439999999  3.0206204928243943 
28 14  5.544086148886221  0.09498815999999999  0.6380738722925589 
28 15  4.75267161557751  7.319365439999999  3.1640987032211374 
29 0  -0.4905983650591015  -5.475891519999999  -1.9596900638343915 
29 1  -1.282012898367813  -1.9384620800000008  0.5663347670941867 
29 2  4.337101634940899  -1.0782915199999996  -1.9596900638343915 
29 3  3.5456871016321867  -6.33606208  0.5663347670941867 
29 4  -0.49059836505910115  -0.1987715200000002  -1.9596900638343915 
29 5  -1.2820128983678134  -7.21558208  0.5663347670941867 
29 6  4.337101634940899  -4.59637152  -1.9596900638343915 
29 7  3.5456871016321867  -2.81798208  0.5663347670941867 
29 8  7.166402587686866  -2.9217654399999997  -2.031429169032763 
29 9  6.374988054378154  -4.49258816  0.4945956618958154 
29 10  1.5078006821949317  -2.9217654399999997  -1.88795095863602 
29 11  0.7163861488862193  -4.49258816  0.6380738722925585 
29 12  2.3387025876868663  -7.3193654399999994  -2.031429169032763 
29 13  1.5472880543781546  -0.09498816000000154  0.4945956618958154 
29 14  6.335500682194931  -7.3193654399999994  -1.88795095863602 
29 15  5.544086148886221  -0.09498816000000154  0.6380738722925585 
30 0  -8.373387101632186  1.9384620799999999  -0.5663347670941872 
30 1  -9.164801634940899  5.475891519999999  1.959690063834391 
30 2  -3.545687101632187  6.3360620800000005  -0.5663347670941872 
30 3  -4.337101634940899  1.07829152  1.959690063834391 
30 4  -8.373387101632186  7.21558208  -0.5663347670941872 
30 5  -9.164801634940899  0.19877151999999987  1.959690063834391 
30 6  -3.545687101632187  2.8179820799999993  -0.5663347670941872 
30 7  -4.337101634940899  4.59637152  1.959690063834391 
30 8  -0.7163861488862198  4.49258816  -0.6380738722925587 
30 9  -1.5078006821949321  2.9217654399999997  1.8879509586360197 
30 10  -6.374988054378154  4.49258816  -0.4945956618958156 
30 11  -7.166402587686866  2.9217654399999997  2.031429169032763 
30 12  -5.544086148886219  0.09498815999999999  -0.6380738722925587 
30 13  -6.3355006821949305  7.319365439999999  1.8879509586360197 
30 14  -1.5472880543781535  0.09498815999999999  -0.4945956618958156 
30 15  -2.338702587686864  7.319365439999999  2.031429169032763 
31 0  -7.581972568323476  -5.475891519999999  -3.0923595980227656 
31 1  -8.373387101632186  -1.9384620800000008  -0.5663347670941876 
31 2  -2.7542725683234757  -1.0782915199999996  -3.0923595980227656 
31 3  -3.545687101632187  -6.33606208  -0.5663347670941876 
31 4  -7.581972568323475  -0.1987715200000002  -3.0923595980227656 
31 5  -8.373387101632186  -7.21558208  -0.5663347670941876 
31 6  -2.7542725683234757  -4.59637152  -3.0923595980227656 
31 7  -3.545687101632187  -2.81798208  -0.5663347670941876 
31 8  0.07502838442249171  -2.9217654399999997  -3.1640987032211374 
31 9  -0.7163861488862207  -4.49258816  -0.638073872292559 
31 10  -5.583573521069442  -2.9217654399999997  -3.0206204928243943 
31 11  -6.3749880543781545  -4.49258816  -0.49459566189581583 
31 12  -4.7526716155775075  -7.3193654399999994  -3.1640987032211374 
31 13  -5.544086148886219  -0.09498816000000154  -0.638073872292559 
31 14  -0.7558735210694421  -7.3193654399999994  -3.0206204928243943 
31 15  -1.5472880543781526  -0.09498816000000154  -0.49459566189581583 
32 0  -3.3838073630692027  0.3790731199999997  -0.2601805575856435 
32 1  -4.175221896377915  3.9165025599999987  2.2658442733429345 
32 2  1.443892636930797  4.77667312  -0.2601805575856435 
32 3  0.6524781036220855  -0.4810974400000003  2.2658442733429345 
32 4  -3.3838073630692023  5.656193119999999  -0.2601805575856435 
32 5  -4.175221896377915  -1.3606174400000004  2.2658442733429345 
32 6  1.443892636930797  1.2585931199999991  -0.2601805575856435 
32 7  0.6524781036220855  3.0369825599999993  2.2658442733429345 
32 8  4.273193589676764  2.9331992  -0.3319196627840151 
32 9  3.481779056368052  1.3623764799999996  2.1941051681445636 
32 10  -1.3854083158151695  2.9331992  -0.18844145238727195 
32 11  -2.176822849123882  1.3623764799999996  2.3375833785413063 
32 12  -0.5545064103232349  -1.4644008000000004  -0.3319196627840151 
32 13  -1.3459209436319466  5.759976479999998  2.1941051681445636 
32 14  3.4422916841848306  -1.4644008000000004  -0.18844145238727195 
32 15  2.65087715087612  5.759976479999998  2.3375833785413063 
33 0  -2.5923928297604912  -3.916502559999999  -2.7862053885142215 
33 1  -3.3838073630692027  -0.37907312000000015  -0.2601805575856435 
33 2  2.2353071702395084  0.481097440000001  -2.7862053885142215 
33 3  1.443892636930797  -4.776673119999999  -0.2601805575856435 
33 4  -2.592392829760491  1.3606174400000004  -2.7862053885142215 
33 5  -3.383807363069203  -5.656193119999999  -0.2601805575856435 
33 6  2.2353071702395084  -3.0369825599999998  -2.7862053885142215 
33 7  1.443892636930797  -1.2585931199999996  -0.2601805575856435 
33 8  5.064608122985476  -1.3623764799999991  -2.8579444937125933 
33 9  4.273193589676763  -2.9331991999999993  -0.33191966278401486 
33 10  -0.5939937825064581  -1.3623764799999991  -2.71446628331585 
33 11  -1.3854083158151704  -2.9331991999999993  -0.18844145238727172 
33 12  0.2369081229854766  -5.759976479999999  -2.8579444937125933 
33 13  -0.5545064103232351  1.464400799999999  -0.33191966278401486 
33 14  4.233706217493542  -5.759976479999999  -2.71446628331585 
33 15  3.4422916841848314  1.464400799999999  -0.18844145238727172 
34 0  -6.271592636930798  0.3790731199999997  0.2601805575856435 
34 1  -7.0630071702395085  3.9165025599999987  2.7862053885142215 
34 2  -1.4438926369307978  4.77667312  0.2601805575856435 
34 3  -2.2353071702395093  -0.4810974400000003  2.7862053885142215 
34 4  -6.271592636930797  5.656193119999999  0.2601805575856435 
34 5  -7.063007170239509  -1.3606174400000004  2.7862053885142215 
34 6  -1.4438926369307978  1.2585931199999991  0.2601805575856435 
34 7  -2.2353071702395093  3.0369825599999993  2.7862053885142215 
34 8  1.3854083158151695  2.9331992  0.18844145238727195 
34 9  0.5939937825064572  1.3623764799999996  2.7144662833158506 
34 10  -4.273193589676764  2.9331992  0.3319196627840151 
34 11  -5.064608122985477  1.3623764799999996  2.8579444937125933 
34 12  -3.4422916841848297  -1.4644008000000004  0.18844145238727195 
34 13  -4.233706217493541  5.759976479999998  2.7144662833158506 
34 14  0.5545064103232358  -1.4644008000000004  0.3319196627840151 
34 15  -0.2369081229854748  5.759976479999998  2.8579444937125933 
35 0  -5.480178103622086  -3.916502559999999  -2.2658442733429345 
35 1  -6.271592636930796  -0.37907312000000015  0.2601805575856435 
35 2  -0.6524781036220855  0.481097440000001  -2.2658442733429345 
35 3  -1.443892636930797  -4.776673119999999  0.2601805575856435 
35 4  -5.480178103622085  1.3606174400000004  -2.2658442733429345 
35 5  -6.271592636930797  -5.656193119999999  0.2601805575856435 
35 6  -0.6524781036220855  -3.0369825599999998  -2.2658442733429345 
35 7  -1.443892636930797  -1.2585931199999996  0.2601805575856435 
35 8  2.176822849123882  -1.3623764799999991  -2.3375833785413063 
35 9  1.3854083158151695  -2.9331991999999993  0.18844145238727217 
35 10  -3.481779056368052  -1.3623764799999991  -2.194105168144563 
35 11  -4.273193589676764  -2.9331991999999993  0.3319196627840153 
35 12  -2.6508771508761173  -5.759976479999999  -2.3375833785413063 
35 13  -3.442291684184829  1.464400799999999  0.18844145238727217 
35 14  1.3459209436319481  -5.759976479999999  -2.194105168144563 
35 15  0.5545064103232376  1.464400799999999  0.3319196627840153 
36 0  -3.773024031694991  2.55764416  1.197840974826332 
36 1  -4.5644385650037025  6.095073599999999  3.72386580575491 
36 2  1.0546759683050086  6.95524416  1.197840974826332 
36 3  0.2632614349962972  1.6974736  3.72386580575491 
36 4  -3.7730240316949906  7.83476416  1.197840974826332 
36 5  -4.564438565003703  0.8179535999999998  3.72386580575491 
36 6  1.0546759683050086  3.4371641599999996  1.197840974826332 
36 7  0.2632614349962972  5.2155536  3.72386580575491 
36 8  3.883976921050976  5.11177024  1.1261018696279603 
36 9  3.0925623877422637  3.54094752  3.652126700556539 
36 10  -1.7746249844409578  5.11177024  1.2695800800247035 
36 11  -2.56603951774967  3.54094752  3.7956049109532817 
36 12  -0.9437230789490232  0.7141702400000001  1.1261018696279603 
36 13  -1.7351376122577349  7.938547519999998  3.652126700556539 
36 14  3.0530750155590423  0.7141702400000001  1.2695800800247035 
36 15  2.2616604822503317  7.938547519999998  3.7956049109532817 
37 0  -2.98160949838628  -6.095073599999999  -1.3281838561022468 
37 1  -3.7730240316949915  -2.5576441600000006  1.1978409748263315 
37 2  1.8460905016137197  -1.6974735999999995  -1.3281838561022468 
37 3  1.0546759683050082  -6.9552441599999995  1.1978409748263315 
37 4  -2.9816094983862795  -0.8179536000000001  -1.3281838561022468 
37 5  -3.773024031694992  -7.83476416  1.1978409748263315 
37 6  1.8460905016137197  -5.2155536  -1.3281838561022468 
37 7  1.0546759683050082  -3.43716416  1.1978409748263315 
37 8  4.675391454359687  -3.5409475199999996  -1.3999229613006183 
37 9  3.8839769210509747  -5.11177024  1.12610186962796 
37 10  -0.9832104511322468  -3.5409475199999996  -1.2564447509038752 
37 11  -1.7746249844409592  -5.11177024  1.2695800800247032 
37 12  -0.15230854564031215  -7.938547519999999  -1.3999229613006183 
37 13  -0.9437230789490239  -0.7141702400000014  1.12610186962796 
37 14  3.8444895488677533  -7.938547519999999  -1.2564447509038752 
37 15  3.0530750155590427  -0.7141702400000014  1.2695800800247032 
38 0  -5.882375968305009  2.55764416  -1.1978409748263317 
38 1  -6.67379050161372  6.095073599999999  1.3281838561022465 
38 2  -1.054675968305009  6.95524416  -1.1978409748263317 
38 3  -1.8460905016137206  1.6974736  1.3281838561022465 
38 4  -5.882375968305008  7.83476416  -1.1978409748263317 
38 5  -6.673790501613721  0.8179535999999998  1.3281838561022465 
38 6  -1.054675968305009  3.4371641599999996  -1.1978409748263317 
38 7  -1.8460905016137206  5.2155536  1.3281838561022465 
38 8  1.7746249844409583  5.11177024  -1.2695800800247032 
38 9  0.9832104511322459  3.54094752  1.2564447509038752 
38 10  -3.8839769210509756  5.11177024  -1.12610186962796 
38 11  -4.675391454359688  3.54094752  1.3999229613006183 
38 12  -3.053075015559041  0.7141702400000001  -1.2695800800247032 
38 13  -3.8444895488677524  7.938547519999998  1.2564447509038752 
38 14  0.9437230789490245  0.7141702400000001  -1.12610186962796 
38 15  0.15230854564031393  7.938547519999998  1.3999229613006183 
39 0  -5.090961434996299  -6.095073599999999  -3.72386580575491 
39 1  -5.882375968305009  -2.5576441600000006  -1.197840974826332 
39 2  -0.2632614349962985  -1.6974735999999995  -3.72386580575491 
39 3  -1.05467596830501  -6.9552441599999995  -1.197840974826332 
39 4  -5.090961434996298  -0.8179536000000001  -3.72386580575491 
39 5  -5.88237596830501  -7.83476416  -1.197840974826332 
39 6  -0.2632614349962985  -5.2155536  -3.72386580575491 
39 7  -1.05467596830501  -3.43716416  -1.197840974826332 
39 8  2.566039517749669  -3.5409475199999996  -3.7956049109532817 
39 9  1.7746249844409565  -5.11177024  -1.2695800800247032 
39 10  -3.092562387742265  -3.5409475199999996  -3.6521267005565385 
39 11  -3.8839769210509774  -5.11177024  -1.12610186962796 
39 12  -2.2616604822503303  -7.938547519999999  -3.7956049109532817 
39 13  -3.053075015559042  -0.7141702400000014  -1.2695800800247032 
39 14  1.735137612257735  -7.938547519999999  -3.6521267005565385 
39 15  0.9437230789490245  -0.7141702400000014  -1.12610186962796 