 5.8309  0  0  3.570396510574151e-16  5.8309  0  5.034400526614854e-16  0.0  8.2218 
5
0 12  0.012536434999999901  2.7231469179999994  -1.9984729259999998 
0 13  4.136790313999999  -1.401106961  -4.167877074 
0 14  -1.3095035220000002  -1.401106961  0.05697707400000063 
0 15  2.8147503569999994  2.7231469179999994  -2.1124270739999993 
0 16  2.8147503569999994  -2.723146918  -6.109372926 
0 17  -1.309503522  1.401106961  -0.05697707399999974 
0 18  4.136790313999999  1.401106961  -4.053922926 
0 19  0.01253643499999968  -2.723146918  1.9984729259999998 
0 20  2.8120681429999994  -0.13854218399999985  -5.999118588 
0 21  1.2751012120000003  1.398424747  -0.16723141199999958 
0 22  1.5521855799999995  1.398424747  -3.9436685879999995 
0 23  0.015218648999999917  -0.13854218399999985  1.8882185880000009 
0 24  0.015218648999999695  0.13854218399999985  -1.888218587999999 
0 25  1.552185579999999  -1.398424747  -4.278131412 
0 26  1.2751012119999998  -1.398424747  0.16723141200000047 
0 27  2.8120681429999994  0.13854218399999985  -2.2226814119999996 
1 12  -1.4011069609999993  4.136790313999999  4.167877074 
1 13  2.7231469179999994  0.012536434999999901  1.998472926 
1 14  -2.7231469179999994  0.012536434999999901  6.223327074 
1 15  1.401106961  4.136790313999999  4.053922926 
1 16  1.401106961  -1.309503522  0.056977074 
1 17  -2.7231469179999994  2.814750357  6.109372926 
1 18  2.7231469179999994  2.814750357  2.1124270739999997 
1 19  -1.4011069609999995  -1.309503522  8.164822926 
1 20  1.398424747  1.275101212  0.167231412 
1 21  -0.13854218399999896  2.812068143  5.999118588 
1 22  0.1385421840000003  2.812068143  2.222681412 
1 23  -1.3984247469999993  1.275101212  8.054568588 
1 24  -1.3984247469999995  1.5521855799999997  4.2781314120000005 
1 25  0.13854218399999985  0.015218648999999917  1.888218588 
1 26  -0.1385421839999994  0.015218648999999917  6.333581412 
1 27  1.398424747  1.5521855799999997  3.943668588 
2 12  -2.8147503569999985  2.7231469179999994  2.1124270739999997 
2 13  1.309503522  -1.401106961  -0.05697707399999996 
2 14  -4.136790313999999  -1.401106961  4.167877074 
2 15  -0.012536434999999457  2.7231469179999994  1.9984729260000003 
2 16  -0.012536434999999457  -2.723146918  -1.998472926 
2 17  -4.136790313999999  1.401106961  4.053922926 
2 18  1.309503522  1.401106961  0.05697707399999974 
2 19  -2.814750356999999  -2.723146918  6.109372925999999 
2 20  -0.015218648999999473  -0.13854218399999985  -1.888218588 
2 21  -1.5521855799999984  1.398424747  3.943668588 
2 22  -1.2751012119999992  1.398424747  0.16723141200000002 
2 23  -2.8120681429999985  -0.13854218399999985  5.999118588 
2 24  -2.812068142999999  0.13854218399999985  2.2226814120000005 
2 25  -1.2751012119999996  -1.398424747  -0.16723141200000002 
2 26  -1.5521855799999988  -1.398424747  4.2781314120000005 
2 27  -0.015218648999999473  0.13854218399999985  1.888218588 
3 12  -1.4011069610000002  1.309503522  0.05697707399999974 
3 13  2.7231469179999985  -2.8147503569999994  -2.112427074 
3 14  -2.7231469180000003  -2.8147503569999994  2.112427074 
3 15  1.401106960999999  1.309503522  -0.05697707399999974 
3 16  1.401106960999999  -4.136790313999999  -4.053922926 
3 17  -2.7231469180000003  -0.012536434999999457  1.9984729259999998 
3 18  2.7231469179999985  -0.012536434999999457  -1.9984729260000003 
3 19  -1.4011069610000004  -4.136790313999999  4.053922925999999 
3 20  1.398424746999999  -1.5521855799999993  -3.943668588 
3 21  -0.13854218399999985  -0.015218648999999473  1.888218588 
3 22  0.1385421839999994  -0.015218648999999473  -1.888218588 
3 23  -1.3984247470000002  -1.5521855799999993  3.9436685880000004 
3 24  -1.3984247470000004  -1.2751012119999996  0.16723141200000047 
3 25  0.13854218399999896  -2.8120681429999994  -2.222681412 
3 26  -0.1385421840000003  -2.8120681429999994  2.222681412 
3 27  1.398424746999999  -1.2751012119999996  -0.16723141200000002 
4 12  -2.815100210999999  5.638596917999999  2.1124270739999997 
4 13  1.3091536679999995  1.514343039  -0.05697707399999996 
4 14  -4.137140167999999  1.514343039  4.167877074 
4 15  -0.012886288999999884  5.638596917999999  1.9984729260000003 
4 16  -0.012886288999999884  0.19230308200000001  -1.998472926 
4 17  -4.137140167999999  4.316556961  4.053922926 
4 18  1.3091536679999995  4.316556961  0.05697707399999974 
4 19  -2.8151002109999994  0.19230308200000001  6.109372925999999 
4 20  -0.0155685029999999  2.776907816  -1.888218588 
4 21  -1.5525354339999988  4.313874747  3.943668588 
4 22  -1.2754510659999996  4.313874747  0.16723141200000002 
4 23  -2.812417996999999  2.776907816  5.999118588 
4 24  -2.8124179969999994  3.0539921839999997  2.2226814120000005 
4 25  -1.275451066  1.517025253  -0.16723141200000002 
4 26  -1.5525354339999993  1.517025253  4.2781314120000005 
4 27  -0.0155685029999999  3.0539921839999997  1.888218588 
5 12  1.5143430390000001  1.3091536679999995  0.05697707399999974 
5 13  5.638596917999998  -2.815100211  -2.112427074 
5 14  0.19230308199999996  -2.815100211  2.112427074 
5 15  4.316556960999999  1.3091536679999995  -0.05697707399999974 
5 16  4.316556960999999  -4.137140168  -4.053922926 
5 17  0.19230308200000013  -0.012886288999999884  1.9984729259999998 
5 18  5.638596917999998  -0.012886288999999884  -1.9984729260000003 
5 19  1.514343039  -4.137140168  4.053922925999999 
5 20  4.313874746999999  -1.5525354339999997  -3.943668588 
5 21  2.7769078160000005  -0.0155685029999999  1.888218588 
5 22  3.0539921839999997  -0.0155685029999999  -1.888218588 
5 23  1.5170252530000001  -1.5525354339999997  3.9436685880000004 
5 24  1.517025253  -1.275451066  0.16723141200000047 
5 25  3.0539921839999993  -2.812417997  -2.222681412 
5 26  2.776907816  -2.812417997  2.222681412 
5 27  4.313874746999999  -1.275451066  -0.16723141200000002 
6 12  0.012886289000000106  5.638596917999999  -1.9984729259999998 
6 13  4.137140167999998  1.514343039  -4.167877074 
6 14  -1.309153668  1.514343039  0.05697707400000063 
6 15  2.8151002109999994  5.638596917999999  -2.1124270739999993 
6 16  2.8151002109999994  0.19230308200000001  -6.109372926 
6 17  -1.3091536679999998  4.316556961  -0.05697707399999974 
6 18  4.137140167999998  4.316556961  -4.053922926 
6 19  0.012886288999999884  0.19230308200000001  1.9984729259999998 
6 20  2.8124179969999994  2.776907816  -5.999118588 
6 21  1.2754510660000005  4.313874747  -0.16723141199999958 
6 22  1.5525354339999997  4.313874747  -3.9436685879999995 
6 23  0.015568503000000122  2.776907816  1.8882185880000009 
6 24  0.0155685029999999  3.0539921839999997  -1.888218587999999 
6 25  1.5525354339999993  1.517025253  -4.278131412 
6 26  1.275451066  1.517025253  0.16723141200000047 
6 27  2.8124179969999994  3.0539921839999997  -2.2226814119999996 
7 12  1.5143430390000006  4.137140167999999  4.167877074 
7 13  5.638596917999999  0.012886288999999884  1.998472926 
7 14  0.1923030820000004  0.012886288999999884  6.223327074 
7 15  4.316556961  4.137140167999999  4.053922926 
7 16  4.316556961  -1.309153668  0.056977074 
7 17  0.19230308200000057  2.815100211  6.109372926 
7 18  5.638596917999999  2.815100211  2.1124270739999997 
7 19  1.5143430390000003  -1.309153668  8.164822926 
7 20  4.313874747  1.275451066  0.167231412 
7 21  2.776907816000001  2.812417997  5.999118588 
7 22  3.053992184  2.812417997  2.222681412 
7 23  1.5170252530000006  1.275451066  8.054568588 
7 24  1.5170252530000004  1.5525354339999997  4.2781314120000005 
7 25  3.0539921839999997  0.0155685029999999  1.888218588 
7 26  2.7769078160000005  0.0155685029999999  6.333581412 
7 27  4.313874747  1.5525354339999997  3.943668588 
8 12  0.038134086000000345  4.162387964999999  1.084702074 
8 13  4.162387964999999  0.0381340859999999  -1.0847020739999997 
8 14  -1.2839058709999998  0.0381340859999999  3.1401520740000004 
8 15  2.8403480079999994  4.162387964999999  0.9707479260000005 
8 16  2.8403480079999994  -1.283905871  -3.0261979259999996 
8 17  -1.2839058709999995  2.840348008  3.026197926 
8 18  4.162387964999999  2.840348008  -0.970747926 
8 19  0.03813408600000012  -1.283905871  5.081647926 
8 20  2.8376657939999994  1.300698863  -2.9159435879999998 
8 21  1.3006988630000007  2.837665794  2.915943588 
8 22  1.577783231  2.837665794  -0.8604935879999998 
8 23  0.04081630000000036  1.300698863  4.971393588000001 
8 24  0.04081630000000014  1.5777832309999997  1.1949564120000007 
8 25  1.5777832309999995  0.04081629999999992  -1.1949564119999998 
8 26  1.3006988630000003  0.04081629999999992  3.2504064120000002 
8 27  2.8376657939999994  1.5777832309999997  0.8604935880000002 
9 12  -2.8403480079999994  4.162387964999999  -0.9707479260000005 
9 13  1.283905870999999  0.0381340859999999  -3.1401520740000004 
9 14  -4.162387965  0.0381340859999999  1.084702074 
9 15  -0.038134086000000345  4.162387964999999  -1.084702074 
9 16  -0.038134086000000345  -1.283905871  -5.0816479260000005 
9 17  -4.162387965  2.840348008  0.9707479259999996 
9 18  1.283905870999999  2.840348008  -3.0261979260000005 
9 19  -2.840348008  -1.283905871  3.026197925999999 
9 20  -0.04081630000000036  1.300698863  -4.971393588000001 
9 21  -1.5777832309999993  2.837665794  0.8604935879999998 
9 22  -1.300698863  2.837665794  -2.915943588 
9 23  -2.8376657939999994  1.300698863  2.915943588 
9 24  -2.837665794  1.5777832309999997  -0.8604935879999998 
9 25  -1.3006988630000005  0.04081629999999992  -3.2504064120000002 
9 26  -1.5777832309999997  0.04081629999999992  1.1949564119999998 
9 27  -0.04081630000000036  1.5777832309999997  -1.1949564120000002 
10 12  -2.8403480079999994  1.283905870999999  -3.026197926 
10 13  1.283905870999999  -2.8403480080000003  -5.195602074 
10 14  -4.162387965  -2.8403480080000003  -0.9707479259999996 
10 15  -0.038134086000000345  1.283905870999999  -3.1401520739999995 
10 16  -0.038134086000000345  -4.162387965000001  -7.137097926 
10 17  -4.162387965  -0.038134086000000345  -1.084702074 
10 18  1.283905870999999  -0.038134086000000345  -5.0816479260000005 
10 19  -2.840348008  -4.162387965000001  0.9707479259999996 
10 20  -0.04081630000000036  -1.5777832310000002  -7.026843588 
10 21  -1.5777832309999993  -0.04081630000000036  -1.1949564119999998 
10 22  -1.300698863  -0.04081630000000036  -4.971393588 
10 23  -2.8376657939999994  -1.5777832310000002  0.8604935880000006 
10 24  -2.837665794  -1.3006988630000005  -2.9159435879999993 
10 25  -1.3006988630000005  -2.8376657940000003  -5.305856412 
10 26  -1.5777832309999997  -2.8376657940000003  -0.8604935879999998 
10 27  -0.04081630000000036  -1.3006988630000005  -3.250406412 
11 12  0.038134086000000345  1.283905870999999  3.1401520739999995 
11 13  4.162387964999999  -2.8403480080000003  0.970747926 
11 14  -1.2839058709999998  -2.8403480080000003  5.195602074 
11 15  2.8403480079999994  1.283905870999999  3.026197926 
11 16  2.8403480079999994  -4.162387965000001  -0.970747926 
11 17  -1.2839058709999995  -0.038134086000000345  5.081647926 
11 18  4.162387964999999  -0.038134086000000345  1.0847020739999997 
11 19  0.03813408600000012  -4.162387965000001  7.137097925999999 
11 20  2.8376657939999994  -1.5777832310000002  -0.860493588 
11 21  1.3006988630000007  -0.04081630000000036  4.971393588 
11 22  1.577783231  -0.04081630000000036  1.194956412 
11 23  0.04081630000000036  -1.5777832310000002  7.026843588 
11 24  0.04081630000000014  -1.3006988630000005  3.2504064120000002 
11 25  1.5777832309999995  -2.8376657940000003  0.860493588 
11 26  1.3006988630000003  -2.8376657940000003  5.305856412 
11 27  2.8376657939999994  -1.3006988630000005  2.915943588 
12 0  -0.012536434999999901  -2.7231469179999994  1.9984729259999998 
12 1  1.4011069609999993  -4.136790313999999  -4.167877074 
12 2  2.8147503569999985  -2.7231469179999994  -2.1124270739999997 
12 3  1.4011069610000002  -1.309503522  -0.05697707399999974 
12 4  2.815100210999999  -5.638596917999999  -2.1124270739999997 
12 5  -1.5143430390000001  -1.3091536679999995  -0.05697707399999974 
12 6  -0.012886289000000106  -5.638596917999999  1.9984729259999998 
12 7  -1.5143430390000006  -4.137140167999999  -4.167877074 
12 8  -0.038134086000000345  -4.162387964999999  -1.084702074 
12 9  2.8403480079999994  -4.162387964999999  0.9707479260000005 
12 10  2.8403480079999994  -1.283905870999999  3.026197926 
12 11  -0.038134086000000345  -1.283905870999999  -3.1401520739999995 
13 0  -4.136790313999999  1.401106961  4.167877074 
13 1  -2.7231469179999994  -0.012536434999999901  -1.998472926 
13 2  -1.309503522  1.401106961  0.05697707399999996 
13 3  -2.7231469179999985  2.8147503569999994  2.112427074 
13 4  -1.3091536679999995  -1.514343039  0.05697707399999996 
13 5  -5.638596917999998  2.815100211  2.112427074 
13 6  -4.137140167999998  -1.514343039  4.167877074 
13 7  -5.638596917999999  -0.012886288999999884  -1.998472926 
13 8  -4.162387964999999  -0.0381340859999999  1.0847020739999997 
13 9  -1.283905870999999  -0.0381340859999999  3.1401520740000004 
13 10  -1.283905870999999  2.8403480080000003  5.195602074 
13 11  -4.162387964999999  2.8403480080000003  -0.970747926 
14 0  1.3095035220000002  1.401106961  -0.05697707400000063 
14 1  2.7231469179999994  -0.012536434999999901  -6.223327074 
14 2  4.136790313999999  1.401106961  -4.167877074 
14 3  2.7231469180000003  2.8147503569999994  -2.112427074 
14 4  4.137140167999999  -1.514343039  -4.167877074 
14 5  -0.19230308199999996  2.815100211  -2.112427074 
14 6  1.309153668  -1.514343039  -0.05697707400000063 
14 7  -0.1923030820000004  -0.012886288999999884  -6.223327074 
14 8  1.2839058709999998  -0.0381340859999999  -3.1401520740000004 
14 9  4.162387965  -0.0381340859999999  -1.084702074 
14 10  4.162387965  2.8403480080000003  0.9707479259999996 
14 11  1.2839058709999998  2.8403480080000003  -5.195602074 
15 0  -2.8147503569999994  -2.7231469179999994  2.1124270739999993 
15 1  -1.401106961  -4.136790313999999  -4.053922926 
15 2  0.012536434999999457  -2.7231469179999994  -1.9984729260000003 
15 3  -1.401106960999999  -1.309503522  0.05697707399999974 
15 4  0.012886288999999884  -5.638596917999999  -1.9984729260000003 
15 5  -4.316556960999999  -1.3091536679999995  0.05697707399999974 
15 6  -2.8151002109999994  -5.638596917999999  2.1124270739999993 
15 7  -4.316556961  -4.137140167999999  -4.053922926 
15 8  -2.8403480079999994  -4.162387964999999  -0.9707479260000005 
15 9  0.038134086000000345  -4.162387964999999  1.084702074 
15 10  0.038134086000000345  -1.283905870999999  3.1401520739999995 
15 11  -2.8403480079999994  -1.283905870999999  -3.026197926 
16 0  -2.8147503569999994  2.723146918  6.109372926 
16 1  -1.401106961  1.309503522  -0.056977074 
16 2  0.012536434999999457  2.723146918  1.998472926 
16 3  -1.401106960999999  4.136790313999999  4.053922926 
16 4  0.012886288999999884  -0.19230308200000001  1.998472926 
16 5  -4.316556960999999  4.137140168  4.053922926 
16 6  -2.8151002109999994  -0.19230308200000001  6.109372926 
16 7  -4.316556961  1.309153668  -0.056977074 
16 8  -2.8403480079999994  1.283905871  3.0261979259999996 
16 9  0.038134086000000345  1.283905871  5.0816479260000005 
16 10  0.038134086000000345  4.162387965000001  7.137097926 
16 11  -2.8403480079999994  4.162387965000001  0.970747926 
17 0  1.309503522  -1.401106961  0.05697707399999974 
17 1  2.7231469179999994  -2.814750357  -6.109372926 
17 2  4.136790313999999  -1.401106961  -4.053922926 
17 3  2.7231469180000003  0.012536434999999457  -1.9984729259999998 
17 4  4.137140167999999  -4.316556961  -4.053922926 
17 5  -0.19230308200000013  0.012886288999999884  -1.9984729259999998 
17 6  1.3091536679999998  -4.316556961  0.05697707399999974 
17 7  -0.19230308200000057  -2.815100211  -6.109372926 
17 8  1.2839058709999995  -2.840348008  -3.026197926 
17 9  4.162387965  -2.840348008  -0.9707479259999996 
17 10  4.162387965  0.038134086000000345  1.084702074 
17 11  1.2839058709999995  0.038134086000000345  -5.081647926 
18 0  -4.136790313999999  -1.401106961  4.053922926 
18 1  -2.7231469179999994  -2.814750357  -2.1124270739999997 
18 2  -1.309503522  -1.401106961  -0.05697707399999974 
18 3  -2.7231469179999985  0.012536434999999457  1.9984729260000003 
18 4  -1.3091536679999995  -4.316556961  -0.05697707399999974 
18 5  -5.638596917999998  0.012886288999999884  1.9984729260000003 
18 6  -4.137140167999998  -4.316556961  4.053922926 
18 7  -5.638596917999999  -2.815100211  -2.1124270739999997 
18 8  -4.162387964999999  -2.840348008  0.970747926 
18 9  -1.283905870999999  -2.840348008  3.0261979260000005 
18 10  -1.283905870999999  0.038134086000000345  5.0816479260000005 
18 11  -4.162387964999999  0.038134086000000345  -1.0847020739999997 
19 0  -0.01253643499999968  2.723146918  -1.9984729259999998 
19 1  1.4011069609999995  1.309503522  -8.164822926 
19 2  2.814750356999999  2.723146918  -6.109372925999999 
19 3  1.4011069610000004  4.136790313999999  -4.053922925999999 
19 4  2.8151002109999994  -0.19230308200000001  -6.109372925999999 
19 5  -1.514343039  4.137140168  -4.053922925999999 
19 6  -0.012886288999999884  -0.19230308200000001  -1.9984729259999998 
19 7  -1.5143430390000003  1.309153668  -8.164822926 
19 8  -0.03813408600000012  1.283905871  -5.081647926 
19 9  2.840348008  1.283905871  -3.026197925999999 
19 10  2.840348008  4.162387965000001  -0.9707479259999996 
19 11  -0.03813408600000012  4.162387965000001  -7.137097925999999 
20 0  -2.8120681429999994  0.13854218399999985  5.999118588 
20 1  -1.398424747  -1.275101212  -0.167231412 
20 2  0.015218648999999473  0.13854218399999985  1.888218588 
20 3  -1.398424746999999  1.5521855799999993  3.943668588 
20 4  0.0155685029999999  -2.776907816  1.888218588 
20 5  -4.313874746999999  1.5525354339999997  3.943668588 
20 6  -2.8124179969999994  -2.776907816  5.999118588 
20 7  -4.313874747  -1.275451066  -0.167231412 
20 8  -2.8376657939999994  -1.300698863  2.9159435879999998 
20 9  0.04081630000000036  -1.300698863  4.971393588000001 
20 10  0.04081630000000036  1.5777832310000002  7.026843588 
20 11  -2.8376657939999994  1.5777832310000002  0.860493588 
21 0  -1.2751012120000003  -1.398424747  0.16723141199999958 
21 1  0.13854218399999896  -2.812068143  -5.999118588 
21 2  1.5521855799999984  -1.398424747  -3.943668588 
21 3  0.13854218399999985  0.015218648999999473  -1.888218588 
21 4  1.5525354339999988  -4.313874747  -3.943668588 
21 5  -2.7769078160000005  0.0155685029999999  -1.888218588 
21 6  -1.2754510660000005  -4.313874747  0.16723141199999958 
21 7  -2.776907816000001  -2.812417997  -5.999118588 
21 8  -1.3006988630000007  -2.837665794  -2.915943588 
21 9  1.5777832309999993  -2.837665794  -0.8604935879999998 
21 10  1.5777832309999993  0.04081630000000036  1.1949564119999998 
21 11  -1.3006988630000007  0.04081630000000036  -4.971393588 
22 0  -1.5521855799999995  -1.398424747  3.9436685879999995 
22 1  -0.1385421840000003  -2.812068143  -2.222681412 
22 2  1.2751012119999992  -1.398424747  -0.16723141200000002 
22 3  -0.1385421839999994  0.015218648999999473  1.888218588 
22 4  1.2754510659999996  -4.313874747  -0.16723141200000002 
22 5  -3.0539921839999997  0.0155685029999999  1.888218588 
22 6  -1.5525354339999997  -4.313874747  3.9436685879999995 
22 7  -3.053992184  -2.812417997  -2.222681412 
22 8  -1.577783231  -2.837665794  0.8604935879999998 
22 9  1.300698863  -2.837665794  2.915943588 
22 10  1.300698863  0.04081630000000036  4.971393588 
22 11  -1.577783231  0.04081630000000036  -1.194956412 
23 0  -0.015218648999999917  0.13854218399999985  -1.8882185880000009 
23 1  1.3984247469999993  -1.275101212  -8.054568588 
23 2  2.8120681429999985  0.13854218399999985  -5.999118588 
23 3  1.3984247470000002  1.5521855799999993  -3.9436685880000004 
23 4  2.812417996999999  -2.776907816  -5.999118588 
23 5  -1.5170252530000001  1.5525354339999997  -3.9436685880000004 
23 6  -0.015568503000000122  -2.776907816  -1.8882185880000009 
23 7  -1.5170252530000006  -1.275451066  -8.054568588 
23 8  -0.04081630000000036  -1.300698863  -4.971393588000001 
23 9  2.8376657939999994  -1.300698863  -2.915943588 
23 10  2.8376657939999994  1.5777832310000002  -0.8604935880000006 
23 11  -0.04081630000000036  1.5777832310000002  -7.026843588 
24 0  -0.015218648999999695  -0.13854218399999985  1.888218587999999 
24 1  1.3984247469999995  -1.5521855799999997  -4.2781314120000005 
24 2  2.812068142999999  -0.13854218399999985  -2.2226814120000005 
24 3  1.3984247470000004  1.2751012119999996  -0.16723141200000047 
24 4  2.8124179969999994  -3.0539921839999997  -2.2226814120000005 
24 5  -1.517025253  1.275451066  -0.16723141200000047 
24 6  -0.0155685029999999  -3.0539921839999997  1.888218587999999 
24 7  -1.5170252530000004  -1.5525354339999997  -4.2781314120000005 
24 8  -0.04081630000000014  -1.5777832309999997  -1.1949564120000007 
24 9  2.837665794  -1.5777832309999997  0.8604935879999998 
24 10  2.837665794  1.3006988630000005  2.9159435879999993 
24 11  -0.04081630000000014  1.3006988630000005  -3.2504064120000002 
25 0  -1.552185579999999  1.398424747  4.278131412 
25 1  -0.13854218399999985  -0.015218648999999917  -1.888218588 
25 2  1.2751012119999996  1.398424747  0.16723141200000002 
25 3  -0.13854218399999896  2.8120681429999994  2.222681412 
25 4  1.275451066  -1.517025253  0.16723141200000002 
25 5  -3.0539921839999993  2.812417997  2.222681412 
25 6  -1.5525354339999993  -1.517025253  4.278131412 
25 7  -3.0539921839999997  -0.0155685029999999  -1.888218588 
25 8  -1.5777832309999995  -0.04081629999999992  1.1949564119999998 
25 9  1.3006988630000005  -0.04081629999999992  3.2504064120000002 
25 10  1.3006988630000005  2.8376657940000003  5.305856412 
25 11  -1.5777832309999995  2.8376657940000003  -0.860493588 
26 0  -1.2751012119999998  1.398424747  -0.16723141200000047 
26 1  0.1385421839999994  -0.015218648999999917  -6.333581412 
26 2  1.5521855799999988  1.398424747  -4.2781314120000005 
26 3  0.1385421840000003  2.8120681429999994  -2.222681412 
26 4  1.5525354339999993  -1.517025253  -4.2781314120000005 
26 5  -2.776907816  2.812417997  -2.222681412 
26 6  -1.275451066  -1.517025253  -0.16723141200000047 
26 7  -2.7769078160000005  -0.0155685029999999  -6.333581412 
26 8  -1.3006988630000003  -0.04081629999999992  -3.2504064120000002 
26 9  1.5777832309999997  -0.04081629999999992  -1.1949564119999998 
26 10  1.5777832309999997  2.8376657940000003  0.8604935879999998 
26 11  -1.3006988630000003  2.8376657940000003  -5.305856412 
27 0  -2.8120681429999994  -0.13854218399999985  2.2226814119999996 
27 1  -1.398424747  -1.5521855799999997  -3.943668588 
27 2  0.015218648999999473  -0.13854218399999985  -1.888218588 
27 3  -1.398424746999999  1.2751012119999996  0.16723141200000002 
27 4  0.0155685029999999  -3.0539921839999997  -1.888218588 
27 5  -4.313874746999999  1.275451066  0.16723141200000002 
27 6  -2.8124179969999994  -3.0539921839999997  2.2226814119999996 
27 7  -4.313874747  -1.5525354339999997  -3.943668588 
27 8  -2.8376657939999994  -1.5777832309999997  -0.8604935880000002 
27 9  0.04081630000000036  -1.5777832309999997  1.1949564120000002 
27 10  0.04081630000000036  1.3006988630000005  3.250406412 
27 11  -2.8376657939999994  1.3006988630000005  -2.915943588 