         0        12   4.80260   2.12051   4.11762
         0        13   4.11762   2.12051   4.80260
         0        14   4.72615
         0        15   4.72615
         0        16
         0        17
         0        18   2.12200   3.77984   4.80326
         0        19   4.80326   3.77984   2.12200
         0        20   3.85080   2.23039
         0        21   3.95854   4.76463   3.58436
         0        22   3.58436   4.76463   3.95854
         0        23   4.61764   4.91375
         0        24   4.91375   4.61764
         0        25   3.66737
         0        26   3.66737
         0        27   2.23039   3.85080
         1        12   2.12051   4.11762   4.80260
         1        13   4.80260   4.11762   2.12051
         1        14   4.72615
         1        15   4.72615
         1        16
         1        17
         1        18   4.80326   2.12200   3.77984
         1        19   3.77984   2.12200   4.80326
         1        20   4.76463   3.58436   3.95854
         1        21   3.85080   2.23039
         1        22   2.23039   3.85080
         1        23   3.66737
         1        24   3.66737
         1        25   4.61764   4.91375
         1        26   4.91375   4.61764
         1        27   3.95854   3.58436   4.76463
         2        12   4.72615
         2        13   4.72615
         2        14   4.80260   2.12051   4.11762
         2        15   4.11762   2.12051   4.80260
         2        16   2.12200   3.77984   4.80326
         2        17   4.80326   3.77984   2.12200
         2        18
         2        19
         2        20   4.61764   4.91375
         2        21   3.66737
         2        22   3.66737
         2        23   3.85080   2.23039
         2        24   2.23039   3.85080
         2        25   3.58436   4.76463   3.95854
         2        26   3.95854   4.76463   3.58436
         2        27   4.91375   4.61764
         3        12   4.72615
         3        13   4.72615
         3        14   2.12051   4.11762   4.80260
         3        15   4.80260   4.11762   2.12051
         3        16   4.80326   2.12200   3.77984
         3        17   3.77984   2.12200   4.80326
         3        18
         3        19
         3        20   3.66737
         3        21   4.91375   4.61764
         3        22   4.61764   4.91375
         3        23   4.76463   3.58436   3.95854
         3        24   3.95854   3.58436   4.76463
         3        25   2.23039   3.85080
         3        26   3.85080   2.23039
         3        27   3.66737
         4        12   2.24024   4.25769
         4        13
         4        14   4.80439   3.59719   4.80439   3.59719
         4        15   3.48790   4.85900
         4        16   4.16097   2.12069
         4        17   4.23634   4.23634
         4        18   4.13386   4.13386
         4        19   4.79310   3.72028
         4        20   3.80217   2.29204
         4        21   3.80217   2.29204
         4        22
         4        23   4.47978   2.07905   4.28615
         4        24   4.37432
         4        25   4.37432
         4        26   2.07905   4.28615   4.47978
         4        27
         5        12
         5        13   4.25769   2.24024
         5        14   4.85900   3.48790
         5        15   3.59719   4.80439   3.59719   4.80439
         5        16   4.23634   4.23634
         5        17   2.12069   4.16097
         5        18   3.72028   4.79310
         5        19   4.13386   4.13386
         5        20
         5        21
         5        22   2.29204   3.80217
         5        23   4.37432
         5        24   4.28615   2.07905   4.47978
         5        25   4.47978   4.28615   2.07905
         5        26   4.37432
         5        27   2.29204   3.80217
         6        12   4.80439   3.59719   4.80439   3.59719
         6        13   3.48790   4.85900
         6        14   2.24024   4.25769
         6        15
         6        16   4.13386   4.13386
         6        17   4.79310   3.72028
         6        18   4.16097   2.12069
         6        19   4.23634   4.23634
         6        20   4.47978   2.07905   4.28615
         6        21   2.07905   4.28615   4.47978
         6        22   4.37432
         6        23   3.80217   2.29204
         6        24
         6        25
         6        26   3.80217   2.29204
         6        27   4.37432
         7        12   4.85900   3.48790
         7        13   3.59719   4.80439   3.59719   4.80439
         7        14
         7        15   4.25769   2.24024
         7        16   3.72028   4.79310
         7        17   4.13386   4.13386
         7        18   4.23634   4.23634
         7        19   2.12069   4.16097
         7        20   4.37432
         7        21   4.37432
         7        22   4.47978   4.28615   2.07905
         7        23
         7        24   2.29204   3.80217
         7        25   2.29204   3.80217
         7        26
         7        27   4.28615   2.07905   4.47978
         8        12   3.19371   1.63001
         8        13   3.75833   3.75833
         8        14   4.53156   4.53156
         8        15
         8        16   3.88818
         8        17
         8        18   4.64969   3.37680   4.64969   3.37680
         8        19   1.64857   4.40860
         8        20   1.62453   4.39173   4.90203
         8        21   4.90203   1.62453   4.39173
         8        22   4.75834   3.53479
         8        23   4.34498   3.50362
         8        24   4.83239
         8        25   4.83239
         8        26   4.34498   3.50362
         8        27   4.75834   3.53479
         9        12   3.75833   3.75833
         9        13   1.63001   3.19371
         9        14
         9        15   4.53156   4.53156
         9        16
         9        17   3.88818
         9        18   4.40860   1.64857
         9        19   3.37680   4.64969   3.37680   4.64969
         9        20   3.53479   4.75834
         9        21   3.53479   4.75834
         9        22   4.39173   1.62453   4.90203
         9        23   4.83239
         9        24   3.50362   4.34498
         9        25   3.50362   4.34498
         9        26   4.83239
         9        27   4.90203   4.39173   1.62453
        10        12   4.53156   4.53156
        10        13
        10        14   3.19371   1.63001
        10        15   3.75833   3.75833
        10        16   4.64969   3.37680   4.64969   3.37680
        10        17   1.64857   4.40860
        10        18   3.88818
        10        19
        10        20   4.34498   3.50362
        10        21   4.34498   3.50362
        10        22   4.83239
        10        23   1.62453   4.39173   4.90203
        10        24   4.75834   3.53479
        10        25   4.75834   3.53479
        10        26   4.90203   1.62453   4.39173
        10        27   4.83239
        11        12
        11        13   4.53156   4.53156
        11        14   3.75833   3.75833
        11        15   1.63001   3.19371
        11        16   4.40860   1.64857
        11        17   3.37680   4.64969   3.37680   4.64969
        11        18
        11        19   3.88818
        11        20   4.83239
        11        21   4.83239
        11        22   3.50362   4.34498
        11        23   3.53479   4.75834
        11        24   4.90203   4.39173   1.62453
        11        25   4.39173   1.62453   4.90203
        11        26   3.53479   4.75834
        11        27   3.50362   4.34498
        12         0   4.11762   2.12051   4.80260
        12         1   4.80260   4.11762   2.12051
        12         2   4.72615
        12         3   4.72615
        12         4   4.25769   2.24024
        12         5
        12         6   3.59719   4.80439   3.59719   4.80439
        12         7   3.48790   4.85900
        12         8   1.63001   3.19371
        12         9   3.75833   3.75833
        12        10   4.53156   4.53156
        12        11
        13         0   4.80260   2.12051   4.11762
        13         1   2.12051   4.11762   4.80260
        13         2   4.72615
        13         3   4.72615
        13         4
        13         5   2.24024   4.25769
        13         6   4.85900   3.48790
        13         7   4.80439   3.59719   4.80439   3.59719
        13         8   3.75833   3.75833
        13         9   3.19371   1.63001
        13        10
        13        11   4.53156   4.53156
        14         0   4.72615
        14         1   4.72615
        14         2   4.11762   2.12051   4.80260
        14         3   4.80260   4.11762   2.12051
        14         4   3.59719   4.80439   3.59719   4.80439
        14         5   3.48790   4.85900
        14         6   4.25769   2.24024
        14         7
        14         8   4.53156   4.53156
        14         9
        14        10   1.63001   3.19371
        14        11   3.75833   3.75833
        15         0   4.72615
        15         1   4.72615
        15         2   4.80260   2.12051   4.11762
        15         3   2.12051   4.11762   4.80260
        15         4   4.85900   3.48790
        15         5   4.80439   3.59719   4.80439   3.59719
        15         6
        15         7   2.24024   4.25769
        15         8
        15         9   4.53156   4.53156
        15        10   3.75833   3.75833
        15        11   3.19371   1.63001
        16         0
        16         1
        16         2   4.80326   3.77984   2.12200
        16         3   3.77984   2.12200   4.80326
        16         4   2.12069   4.16097
        16         5   4.23634   4.23634
        16         6   4.13386   4.13386
        16         7   4.79310   3.72028
        16         8   3.88818
        16         9
        16        10   3.37680   4.64969   3.37680   4.64969
        16        11   1.64857   4.40860
        17         0
        17         1
        17         2   2.12200   3.77984   4.80326
        17         3   4.80326   2.12200   3.77984
        17         4   4.23634   4.23634
        17         5   4.16097   2.12069
        17         6   3.72028   4.79310
        17         7   4.13386   4.13386
        17         8
        17         9   3.88818
        17        10   4.40860   1.64857
        17        11   4.64969   3.37680   4.64969   3.37680
        18         0   4.80326   3.77984   2.12200
        18         1   3.77984   2.12200   4.80326
        18         2
        18         3
        18         4   4.13386   4.13386
        18         5   4.79310   3.72028
        18         6   2.12069   4.16097
        18         7   4.23634   4.23634
        18         8   3.37680   4.64969   3.37680   4.64969
        18         9   1.64857   4.40860
        18        10   3.88818
        18        11
        19         0   2.12200   3.77984   4.80326
        19         1   4.80326   2.12200   3.77984
        19         2
        19         3
        19         4   3.72028   4.79310
        19         5   4.13386   4.13386
        19         6   4.23634   4.23634
        19         7   4.16097   2.12069
        19         8   4.40860   1.64857
        19         9   4.64969   3.37680   4.64969   3.37680
        19        10
        19        11   3.88818
        20         0   2.23039   3.85080
        20         1   3.95854   3.58436   4.76463
        20         2   4.91375   4.61764
        20         3   3.66737
        20         4   2.29204   3.80217
        20         5
        20         6   4.28615   2.07905   4.47978
        20         7   4.37432
        20         8   4.90203   4.39173   1.62453
        20         9   4.75834   3.53479
        20        10   3.50362   4.34498
        20        11   4.83239
        21         0   3.58436   4.76463   3.95854
        21         1   2.23039   3.85080
        21         2   3.66737
        21         3   4.61764   4.91375
        21         4   2.29204   3.80217
        21         5
        21         6   4.47978   4.28615   2.07905
        21         7   4.37432
        21         8   4.39173   1.62453   4.90203
        21         9   4.75834   3.53479
        21        10   3.50362   4.34498
        21        11   4.83239
        22         0   3.95854   4.76463   3.58436
        22         1   3.85080   2.23039
        22         2   3.66737
        22         3   4.91375   4.61764
        22         4
        22         5   3.80217   2.29204
        22         6   4.37432
        22         7   2.07905   4.28615   4.47978
        22         8   3.53479   4.75834
        22         9   4.90203   1.62453   4.39173
        22        10   4.83239
        22        11   4.34498   3.50362
        23         0   4.91375   4.61764
        23         1   3.66737
        23         2   2.23039   3.85080
        23         3   3.95854   3.58436   4.76463
        23         4   4.28615   2.07905   4.47978
        23         5   4.37432
        23         6   2.29204   3.80217
        23         7
        23         8   3.50362   4.34498
        23         9   4.83239
        23        10   4.90203   4.39173   1.62453
        23        11   4.75834   3.53479
        24         0   4.61764   4.91375
        24         1   3.66737
        24         2   3.85080   2.23039
        24         3   4.76463   3.58436   3.95854
        24         4   4.37432
        24         5   4.47978   2.07905   4.28615
        24         6
        24         7   3.80217   2.29204
        24         8   4.83239
        24         9   4.34498   3.50362
        24        10   3.53479   4.75834
        24        11   1.62453   4.39173   4.90203
        25         0   3.66737
        25         1   4.91375   4.61764
        25         2   3.95854   4.76463   3.58436
        25         3   3.85080   2.23039
        25         4   4.37432
        25         5   2.07905   4.28615   4.47978
        25         6
        25         7   3.80217   2.29204
        25         8   4.83239
        25         9   4.34498   3.50362
        25        10   3.53479   4.75834
        25        11   4.90203   1.62453   4.39173
        26         0   3.66737
        26         1   4.61764   4.91375
        26         2   3.58436   4.76463   3.95854
        26         3   2.23039   3.85080
        26         4   4.47978   4.28615   2.07905
        26         5   4.37432
        26         6   2.29204   3.80217
        26         7
        26         8   3.50362   4.34498
        26         9   4.83239
        26        10   4.39173   1.62453   4.90203
        26        11   4.75834   3.53479
        27         0   3.85080   2.23039
        27         1   4.76463   3.58436   3.95854
        27         2   4.61764   4.91375
        27         3   3.66737
        27         4
        27         5   3.80217   2.29204
        27         6   4.37432
        27         7   4.47978   2.07905   4.28615
        27         8   3.53479   4.75834
        27         9   1.62453   4.39173   4.90203
        27        10   4.83239
        27        11   4.34498   3.50362
