         0         4   4.87930   3.82449   4.55373   4.87930
         0         5   4.73583   3.73742   2.01651   3.73742   2.01651   4.73583
         0         6   4.75708   4.75708
         0         7   3.56595   4.88693   1.88018   3.83421   3.56595   4.88693
         0         8   3.66223   4.33221   2.05695   3.66223
         0         9   4.78558   2.13071   3.90956   2.13071   3.90956   4.78558
         0        10   4.56979   4.56979
         0        11   4.46942   4.59546   3.28555   4.46942
         1         4   4.73583   2.01651   3.73742   2.01651   3.73742   4.73583
         1         5   4.87930   4.55373   3.82449   4.87930
         1         6   4.88693   3.56595   3.83421   1.88018   4.88693   3.56595
         1         7   4.75708   4.75708
         1         8   4.78558   3.90956   2.13071   3.90956   2.13071   4.78558
         1         9   3.66223   2.05695   4.33221   3.66223
         1        10   4.46942   3.28555   4.59546   4.46942
         1        11   4.56979   4.56979
         2         4   4.75708   4.75708
         2         5   3.56595   4.88693   1.88018   3.83421   3.56595   4.88693
         2         6   4.87930   3.82449   4.55373   4.87930
         2         7   4.73583   3.73742   2.01651   3.73742   2.01651   4.73583
         2         8   4.56979   4.56979
         2         9   4.46942   4.59546   3.28555   4.46942
         2        10   3.66223   4.33221   2.05695   3.66223
         2        11   4.78558   2.13071   3.90956   2.13071   3.90956   4.78558
         3         4   4.88693   3.56595   3.83421   1.88018   4.88693   3.56595
         3         5   4.75708   4.75708
         3         6   4.73583   2.01651   3.73742   2.01651   3.73742   4.73583
         3         7   4.87930   4.55373   3.82449   4.87930
         3         8   4.46942   3.28555   4.59546   4.46942
         3         9   4.56979   4.56979
         3        10   4.78558   3.90956   2.13071   3.90956   2.13071   4.78558
         3        11   3.66223   2.05695   4.33221   3.66223
         4         0   4.87930   4.55373   3.82449   4.87930
         4         1   4.73583   3.73742   2.01651   3.73742   2.01651   4.73583
         4         2   4.75708   4.75708
         4         3   3.56595   4.88693   1.88018   3.83421   3.56595   4.88693
         5         0   4.73583   2.01651   3.73742   2.01651   3.73742   4.73583
         5         1   4.87930   3.82449   4.55373   4.87930
         5         2   4.88693   3.56595   3.83421   1.88018   4.88693   3.56595
         5         3   4.75708   4.75708
         6         0   4.75708   4.75708
         6         1   3.56595   4.88693   1.88018   3.83421   3.56595   4.88693
         6         2   4.87930   4.55373   3.82449   4.87930
         6         3   4.73583   3.73742   2.01651   3.73742   2.01651   4.73583
         7         0   4.88693   3.56595   3.83421   1.88018   4.88693   3.56595
         7         1   4.75708   4.75708
         7         2   4.73583   2.01651   3.73742   2.01651   3.73742   4.73583
         7         3   4.87930   3.82449   4.55373   4.87930
         8         0   3.66223   2.05695   4.33221   3.66223
         8         1   4.78558   2.13071   3.90956   2.13071   3.90956   4.78558
         8         2   4.56979   4.56979
         8         3   4.46942   4.59546   3.28555   4.46942
         9         0   4.78558   3.90956   2.13071   3.90956   2.13071   4.78558
         9         1   3.66223   4.33221   2.05695   3.66223
         9         2   4.46942   3.28555   4.59546   4.46942
         9         3   4.56979   4.56979
        10         0   4.56979   4.56979
        10         1   4.46942   4.59546   3.28555   4.46942
        10         2   3.66223   2.05695   4.33221   3.66223
        10         3   4.78558   2.13071   3.90956   2.13071   3.90956   4.78558
        11         0   4.46942   3.28555   4.59546   4.46942
        11         1   4.56979   4.56979
        11         2   4.78558   3.90956   2.13071   3.90956   2.13071   4.78558
        11         3   3.66223   4.33221   2.05695   3.66223
