         0        16   4.55661   4.55661   4.85890   2.20947   2.20947   4.85890
         0        17   4.78255   3.67548   4.78255   4.80047   3.69877   4.80047
         0        18   4.83316   2.15227   2.15227   4.83316   4.67707   4.67707
         0        19   3.65734   2.00314   3.65734
         0        20   3.62477   1.94304   3.62477
         0        21   4.76669   4.76669
         0        22   4.64020   3.48825   4.64020   4.69283   3.55796   4.69283
         0        23   4.81072   4.81072
         0        24   4.28738   4.28738
         0        25
         0        26   4.89629   4.89629
         0        27
         0        28
         0        29
         0        30
         0        31
         0        32
         0        33
         0        34
         0        35
         1        16   4.80047   3.69877   4.80047   4.78255   3.67548   4.78255
         1        17   4.85890   2.20947   2.20947   4.85890   4.55661   4.55661
         1        18   3.65734   2.00314   3.65734
         1        19   4.67707   4.67707   4.83316   2.15227   2.15227   4.83316
         1        20   4.76669   4.76669
         1        21   3.62477   1.94304   3.62477
         1        22   4.81072   4.81072
         1        23   4.69283   3.55796   4.69283   4.64020   3.48825   4.64020
         1        24
         1        25   4.28738   4.28738
         1        26
         1        27   4.89629   4.89629
         1        28
         1        29
         1        30
         1        31
         1        32
         1        33
         1        34
         1        35
         2        16   4.82242   2.12804   2.12804   4.82242   4.66164   4.66164
         2        17   3.75917   2.18351   3.75917
         2        18   4.80087   4.80087   4.79090   2.05560   2.05560   4.79090
         2        19   4.66468   3.52075   4.66468   4.67875   3.53936   4.67875
         2        20   4.71125   3.58222   4.71125   4.65915   3.51341   4.65915
         2        21   4.71810   4.71810
         2        22   3.64879   1.98749   3.64879
         2        23   4.75243   4.75243
         2        24   4.40109   4.40109
         2        25
         2        26   4.93599   4.93599
         2        27
         2        28
         2        29
         2        30
         2        31
         2        32
         2        33
         2        34
         2        35
         3        16   3.75917   2.18351   3.75917
         3        17   4.66164   4.66164   4.82242   2.12804   2.12804   4.82242
         3        18   4.67875   3.53936   4.67875   4.66468   3.52075   4.66468
         3        19   4.79090   2.05560   2.05560   4.79090   4.80087   4.80087
         3        20   4.71810   4.71810
         3        21   4.65915   3.51341   4.65915   4.71125   3.58222   4.71125
         3        22   4.75243   4.75243
         3        23   3.64879   1.98749   3.64879
         3        24
         3        25   4.40109   4.40109
         3        26
         3        27   4.93599   4.93599
         3        28
         3        29
         3        30
         3        31
         3        32
         3        33
         3        34
         3        35
         4        16   3.84957   2.33573   3.84957
         4        17   4.90439   4.90439
         4        18   3.96064   4.90974   3.83952   4.90974
         4        19   4.70016   4.70016
         4        20   4.82486   2.13357   2.13357   4.82486   4.68423   4.68423
         4        21
         4        22   4.70881   4.70881   4.81704   2.11581   2.11581   4.81704
         4        23
         4        24   4.46054   3.24543   4.46054   4.59317   3.42544   4.59317
         4        25
         4        26   3.75383   2.17431   3.75383
         4        27
         4        28   4.57264   4.57264
         4        29
         4        30   4.44095   4.44095
         4        31
         4        32
         4        33
         4        34
         4        35
         5        16   4.90439   4.90439
         5        17   3.84957   2.33573   3.84957
         5        18   4.70016   4.70016
         5        19   4.90974   3.83952   4.90974   3.96064
         5        20
         5        21   4.68423   4.68423   4.82486   2.13357   2.13357   4.82486
         5        22
         5        23   4.81704   2.11581   2.11581   4.81704   4.70881   4.70881
         5        24
         5        25   4.59317   3.42544   4.59317   4.46054   3.24543   4.46054
         5        26
         5        27   3.75383   2.17431   3.75383
         5        28
         5        29   4.57264   4.57264
         5        30
         5        31   4.44095   4.44095
         5        32
         5        33
         5        34
         5        35
         6        16
         6        17
         6        18
         6        19
         6        20
         6        21
         6        22
         6        23
         6        24   4.91233   4.91233
         6        25
         6        26   4.39088   4.39088
         6        27
         6        28   3.66052   2.00893   3.66052
         6        29   4.84579   4.84579
         6        30   4.73893   3.61855   4.73893   4.77426   3.66470   4.77426
         6        31
         6        32   4.83200   2.14966   2.14966   4.83200   4.64791   4.64791
         6        33   4.80104   3.69951   4.80104   4.71083   3.58166   4.71083
         6        34   4.73566   4.73566   4.80667   2.09210   2.09210   4.80667
         6        35   3.71389   2.10462   3.71389
         7        16
         7        17
         7        18
         7        19
         7        20
         7        21
         7        22
         7        23
         7        24
         7        25   4.91233   4.91233
         7        26
         7        27   4.39088   4.39088
         7        28   4.84579   4.84579
         7        29   3.66052   2.00893   3.66052
         7        30
         7        31   4.77426   3.66470   4.77426   4.73893   3.61855   4.73893
         7        32   4.71083   3.58166   4.71083   4.80104   3.69951   4.80104
         7        33   4.64791   4.64791   4.83200   2.14966   2.14966   4.83200
         7        34   3.71389   2.10462   3.71389
         7        35   4.80667   2.09210   2.09210   4.80667   4.73566   4.73566
         8        16
         8        17
         8        18
         8        19
         8        20
         8        21
         8        22
         8        23
         8        24
         8        25
         8        26   4.43351   4.43351
         8        27
         8        28   4.72166   3.59589   4.72166   4.71421   3.58611   4.71421
         8        29   4.77535   4.77535
         8        30   3.77279   2.20688   3.77279
         8        31   4.91394   4.91394
         8        32   4.61424   4.61424   4.84044   2.16856   2.16856   4.84044
         8        33   3.70657   2.09166   3.70657
         8        34   4.81729   2.11638   2.11638   4.81729   4.69123   4.69123
         8        35   4.68057   3.54177   4.68057   4.74455   3.62589   4.74455
         9        16
         9        17
         9        18
         9        19
         9        20
         9        21
         9        22
         9        23
         9        24
         9        25
         9        26
         9        27   4.43351   4.43351
         9        28   4.77535   4.77535
         9        29   4.71421   3.58611   4.71421   4.72166   3.59589   4.72166
         9        30   4.91394   4.91394
         9        31   3.77279   2.20688   3.77279
         9        32   3.70657   2.09166   3.70657
         9        33   4.84044   2.16856   2.16856   4.84044   4.61424   4.61424
         9        34   4.74455   3.62589   4.74455   4.68057   3.54177   4.68057
         9        35   4.69123   4.69123   4.81729   2.11638   2.11638   4.81729
        10        16   4.46814   4.46814   4.52530   4.52530
        10        17
        10        18   3.60717   3.60717
        10        19
        10        20   4.50818   3.53706   1.77404   3.53706
        10        21
        10        22   3.54746   1.79468   3.54746   4.48409
        10        23
        10        24   4.67304   1.76354   1.76354   4.67304
        10        25
        10        26   3.63574   3.63574   3.61617   3.61617
        10        27
        10        28   4.72774   3.60387   4.72774
        10        29
        10        30   4.63510   3.48146   4.63510
        10        31
        10        32
        10        33
        10        34
        10        35
        11        16
        11        17   4.52530   4.52530   4.46814   4.46814
        11        18
        11        19   3.60717   3.60717
        11        20
        11        21   3.53706   1.77404   3.53706   4.50818
        11        22
        11        23   4.48409   3.54746   1.79468   3.54746
        11        24
        11        25   4.67304   1.76354   1.76354   4.67304
        11        26
        11        27   3.61617   3.61617   3.63574   3.63574
        11        28
        11        29   4.72774   3.60387   4.72774
        11        30
        11        31   4.63510   3.48146   4.63510
        11        32
        11        33
        11        34
        11        35
        12        16
        12        17
        12        18
        12        19
        12        20   4.52529   4.52529
        12        21
        12        22   4.50189   4.50189
        12        23
        12        24   3.72883   2.13086   3.72883
        12        25
        12        26   4.48628   3.28072   4.48628   4.53281   3.34407   4.53281
        12        27
        12        28   4.69990   4.69990   4.82388   2.13134   2.13134   4.82388
        12        29
        12        30   4.79417   2.06322   2.06322   4.79417   4.76392   4.76392
        12        31
        12        32   3.97493   2.53702   3.97493
        12        33   4.95615   4.95615
        12        34   4.96311   3.90754   4.96311   4.96838   3.91423   4.96838
        12        35   4.92743   4.92743
        13        16
        13        17
        13        18
        13        19
        13        20
        13        21   4.52529   4.52529
        13        22
        13        23   4.50189   4.50189
        13        24
        13        25   3.72883   2.13086   3.72883
        13        26
        13        27   4.53281   3.34407   4.53281   4.48628   3.28072   4.48628
        13        28
        13        29   4.82388   2.13134   2.13134   4.82388   4.69990   4.69990
        13        30
        13        31   4.76392   4.76392   4.79417   2.06322   2.06322   4.79417
        13        32   4.95615   4.95615
        13        33   3.97493   2.53702   3.97493
        13        34   4.92743   4.92743
        13        35   4.96838   3.91423   4.96838   4.96311   3.90754   4.96311
        14        16
        14        17
        14        18
        14        19
        14        20   4.71167   3.58277   4.71167
        14        21
        14        22   4.71947   3.59302   4.71947
        14        23
        14        24   3.50734   3.50734   3.71547   3.71547
        14        25
        14        26   4.66496   1.74203   1.74203   4.66496
        14        27
        14        28   3.56270   1.82461   3.56270   4.48219
        14        29
        14        30   4.42232   3.53795   1.77581   3.53795
        14        31
        14        32   4.61455   4.61455   4.64076   4.64076
        14        33
        14        34   3.61210   3.61210
        14        35
        15        16
        15        17
        15        18
        15        19
        15        20
        15        21   4.71167   3.58277   4.71167
        15        22
        15        23   4.71947   3.59302   4.71947
        15        24
        15        25   3.71547   3.71547   3.50734   3.50734
        15        26
        15        27   4.66496   1.74203   1.74203   4.66496
        15        28
        15        29   4.48219   3.56270   1.82461   3.56270
        15        30
        15        31   3.53795   1.77581   3.53795   4.42232
        15        32
        15        33   4.64076   4.64076   4.61455   4.61455
        15        34
        15        35   3.61210   3.61210
        16         0   4.85890   2.20947   2.20947   4.85890   4.55661   4.55661
        16         1   4.78255   3.67548   4.78255   4.80047   3.69877   4.80047
        16         2   4.66164   4.66164   4.82242   2.12804   2.12804   4.82242
        16         3   3.75917   2.18351   3.75917
        16         4   3.84957   2.33573   3.84957
        16         5   4.90439   4.90439
        16         6
        16         7
        16         8
        16         9
        16        10   4.52530   4.52530   4.46814   4.46814
        16        11
        16        12
        16        13
        16        14
        16        15
        17         0   4.80047   3.69877   4.80047   4.78255   3.67548   4.78255
        17         1   4.55661   4.55661   4.85890   2.20947   2.20947   4.85890
        17         2   3.75917   2.18351   3.75917
        17         3   4.82242   2.12804   2.12804   4.82242   4.66164   4.66164
        17         4   4.90439   4.90439
        17         5   3.84957   2.33573   3.84957
        17         6
        17         7
        17         8
        17         9
        17        10
        17        11   4.46814   4.46814   4.52530   4.52530
        17        12
        17        13
        17        14
        17        15
        18         0   4.67707   4.67707   4.83316   2.15227   2.15227   4.83316
        18         1   3.65734   2.00314   3.65734
        18         2   4.79090   2.05560   2.05560   4.79090   4.80087   4.80087
        18         3   4.66468   3.52075   4.66468   4.67875   3.53936   4.67875
        18         4   4.90974   3.83952   4.90974   3.96064
        18         5   4.70016   4.70016
        18         6
        18         7
        18         8
        18         9
        18        10   3.60717   3.60717
        18        11
        18        12
        18        13
        18        14
        18        15
        19         0   3.65734   2.00314   3.65734
        19         1   4.83316   2.15227   2.15227   4.83316   4.67707   4.67707
        19         2   4.67875   3.53936   4.67875   4.66468   3.52075   4.66468
        19         3   4.80087   4.80087   4.79090   2.05560   2.05560   4.79090
        19         4   4.70016   4.70016
        19         5   3.96064   4.90974   3.83952   4.90974
        19         6
        19         7
        19         8
        19         9
        19        10
        19        11   3.60717   3.60717
        19        12
        19        13
        19        14
        19        15
        20         0   3.62477   1.94304   3.62477
        20         1   4.76669   4.76669
        20         2   4.65915   3.51341   4.65915   4.71125   3.58222   4.71125
        20         3   4.71810   4.71810
        20         4   4.68423   4.68423   4.82486   2.13357   2.13357   4.82486
        20         5
        20         6
        20         7
        20         8
        20         9
        20        10   3.53706   1.77404   3.53706   4.50818
        20        11
        20        12   4.52529   4.52529
        20        13
        20        14   4.71167   3.58277   4.71167
        20        15
        21         0   4.76669   4.76669
        21         1   3.62477   1.94304   3.62477
        21         2   4.71810   4.71810
        21         3   4.71125   3.58222   4.71125   4.65915   3.51341   4.65915
        21         4
        21         5   4.82486   2.13357   2.13357   4.82486   4.68423   4.68423
        21         6
        21         7
        21         8
        21         9
        21        10
        21        11   4.50818   3.53706   1.77404   3.53706
        21        12
        21        13   4.52529   4.52529
        21        14
        21        15   4.71167   3.58277   4.71167
        22         0   4.69283   3.55796   4.69283   4.64020   3.48825   4.64020
        22         1   4.81072   4.81072
        22         2   3.64879   1.98749   3.64879
        22         3   4.75243   4.75243
        22         4   4.81704   2.11581   2.11581   4.81704   4.70881   4.70881
        22         5
        22         6
        22         7
        22         8
        22         9
        22        10   4.48409   3.54746   1.79468   3.54746
        22        11
        22        12   4.50189   4.50189
        22        13
        22        14   4.71947   3.59302   4.71947
        22        15
        23         0   4.81072   4.81072
        23         1   4.64020   3.48825   4.64020   4.69283   3.55796   4.69283
        23         2   4.75243   4.75243
        23         3   3.64879   1.98749   3.64879
        23         4
        23         5   4.70881   4.70881   4.81704   2.11581   2.11581   4.81704
        23         6
        23         7
        23         8
        23         9
        23        10
        23        11   3.54746   1.79468   3.54746   4.48409
        23        12
        23        13   4.50189   4.50189
        23        14
        23        15   4.71947   3.59302   4.71947
        24         0   4.28738   4.28738
        24         1
        24         2   4.40109   4.40109
        24         3
        24         4   4.59317   3.42544   4.59317   4.46054   3.24543   4.46054
        24         5
        24         6   4.91233   4.91233
        24         7
        24         8
        24         9
        24        10   4.67304   1.76354   1.76354   4.67304
        24        11
        24        12   3.72883   2.13086   3.72883
        24        13
        24        14   3.71547   3.71547   3.50734   3.50734
        24        15
        25         0
        25         1   4.28738   4.28738
        25         2
        25         3   4.40109   4.40109
        25         4
        25         5   4.46054   3.24543   4.46054   4.59317   3.42544   4.59317
        25         6
        25         7   4.91233   4.91233
        25         8
        25         9
        25        10
        25        11   4.67304   1.76354   1.76354   4.67304
        25        12
        25        13   3.72883   2.13086   3.72883
        25        14
        25        15   3.50734   3.50734   3.71547   3.71547
        26         0   4.89629   4.89629
        26         1
        26         2   4.93599   4.93599
        26         3
        26         4   3.75383   2.17431   3.75383
        26         5
        26         6   4.39088   4.39088
        26         7
        26         8   4.43351   4.43351
        26         9
        26        10   3.61617   3.61617   3.63574   3.63574
        26        11
        26        12   4.53281   3.34407   4.53281   4.48628   3.28072   4.48628
        26        13
        26        14   4.66496   1.74203   1.74203   4.66496
        26        15
        27         0
        27         1   4.89629   4.89629
        27         2
        27         3   4.93599   4.93599
        27         4
        27         5   3.75383   2.17431   3.75383
        27         6
        27         7   4.39088   4.39088
        27         8
        27         9   4.43351   4.43351
        27        10
        27        11   3.63574   3.63574   3.61617   3.61617
        27        12
        27        13   4.48628   3.28072   4.48628   4.53281   3.34407   4.53281
        27        14
        27        15   4.66496   1.74203   1.74203   4.66496
        28         0
        28         1
        28         2
        28         3
        28         4   4.57264   4.57264
        28         5
        28         6   3.66052   2.00893   3.66052
        28         7   4.84579   4.84579
        28         8   4.71421   3.58611   4.71421   4.72166   3.59589   4.72166
        28         9   4.77535   4.77535
        28        10   4.72774   3.60387   4.72774
        28        11
        28        12   4.82388   2.13134   2.13134   4.82388   4.69990   4.69990
        28        13
        28        14   4.48219   3.56270   1.82461   3.56270
        28        15
        29         0
        29         1
        29         2
        29         3
        29         4
        29         5   4.57264   4.57264
        29         6   4.84579   4.84579
        29         7   3.66052   2.00893   3.66052
        29         8   4.77535   4.77535
        29         9   4.72166   3.59589   4.72166   4.71421   3.58611   4.71421
        29        10
        29        11   4.72774   3.60387   4.72774
        29        12
        29        13   4.69990   4.69990   4.82388   2.13134   2.13134   4.82388
        29        14
        29        15   3.56270   1.82461   3.56270   4.48219
        30         0
        30         1
        30         2
        30         3
        30         4   4.44095   4.44095
        30         5
        30         6   4.77426   3.66470   4.77426   4.73893   3.61855   4.73893
        30         7
        30         8   3.77279   2.20688   3.77279
        30         9   4.91394   4.91394
        30        10   4.63510   3.48146   4.63510
        30        11
        30        12   4.76392   4.76392   4.79417   2.06322   2.06322   4.79417
        30        13
        30        14   3.53795   1.77581   3.53795   4.42232
        30        15
        31         0
        31         1
        31         2
        31         3
        31         4
        31         5   4.44095   4.44095
        31         6
        31         7   4.73893   3.61855   4.73893   4.77426   3.66470   4.77426
        31         8   4.91394   4.91394
        31         9   3.77279   2.20688   3.77279
        31        10
        31        11   4.63510   3.48146   4.63510
        31        12
        31        13   4.79417   2.06322   2.06322   4.79417   4.76392   4.76392
        31        14
        31        15   4.42232   3.53795   1.77581   3.53795
        32         0
        32         1
        32         2
        32         3
        32         4
        32         5
        32         6   4.64791   4.64791   4.83200   2.14966   2.14966   4.83200
        32         7   4.80104   3.69951   4.80104   4.71083   3.58166   4.71083
        32         8   4.84044   2.16856   2.16856   4.84044   4.61424   4.61424
        32         9   3.70657   2.09166   3.70657
        32        10
        32        11
        32        12   3.97493   2.53702   3.97493
        32        13   4.95615   4.95615
        32        14   4.64076   4.64076   4.61455   4.61455
        32        15
        33         0
        33         1
        33         2
        33         3
        33         4
        33         5
        33         6   4.71083   3.58166   4.71083   4.80104   3.69951   4.80104
        33         7   4.83200   2.14966   2.14966   4.83200   4.64791   4.64791
        33         8   3.70657   2.09166   3.70657
        33         9   4.61424   4.61424   4.84044   2.16856   2.16856   4.84044
        33        10
        33        11
        33        12   4.95615   4.95615
        33        13   3.97493   2.53702   3.97493
        33        14
        33        15   4.61455   4.61455   4.64076   4.64076
        34         0
        34         1
        34         2
        34         3
        34         4
        34         5
        34         6   4.80667   2.09210   2.09210   4.80667   4.73566   4.73566
        34         7   3.71389   2.10462   3.71389
        34         8   4.69123   4.69123   4.81729   2.11638   2.11638   4.81729
        34         9   4.68057   3.54177   4.68057   4.74455   3.62589   4.74455
        34        10
        34        11
        34        12   4.96838   3.91423   4.96838   4.96311   3.90754   4.96311
        34        13   4.92743   4.92743
        34        14   3.61210   3.61210
        34        15
        35         0
        35         1
        35         2
        35         3
        35         4
        35         5
        35         6   3.71389   2.10462   3.71389
        35         7   4.73566   4.73566   4.80667   2.09210   2.09210   4.80667
        35         8   4.74455   3.62589   4.74455   4.68057   3.54177   4.68057
        35         9   4.81729   2.11638   2.11638   4.81729   4.69123   4.69123
        35        10
        35        11
        35        12   4.92743   4.92743
        35        13   4.96311   3.90754   4.96311   4.96838   3.91423   4.96838
        35        14
        35        15   3.61210   3.61210
