 5.88  0  0  1.8737096026954504e-16  3.06  0  -2.901695828839966  0.0  21.191736987199086 
5
0 16  -1.5895785033584962  -1.5299999999999998  -0.11867372712831492 
0 17  -5.85630176681177  0.0  18.966604603543182 
0 18  -4.406214357989908  -1.5299999999999998  -0.34542531289134515 
0 19  -3.0396659121803564  0.0  19.19335618930621 
0 20  -0.08527933792174025  0.0  1.9411631080274363 
0 21  -7.360600932248524  -1.5299999999999998  16.90676776838743 
0 22  -2.981767337921741  0.0  1.9411631080274363 
0 23  -4.464112932248524  -1.5299999999999998  16.90676776838743 
0 24  -4.58866138377947  -1.5299999999999998  3.7912017470099166 
0 25  -2.857218886390796  0.0  15.056729129404951 
0 26  -1.533799375735641  -1.5299999999999998  4.3909279037476505 
0 27  -5.912080894434624  0.0  14.457002972667217 
0 28  -5.886065421593369  0.0  6.240966542730131 
0 29  -1.5598148485768961  -1.5299999999999998  12.606964333684736 
0 30  -3.065980059540142  0.0  6.098981904915897 
0 31  -4.379900210630123  -1.5299999999999998  12.74894897149897 
0 32  -4.4814504661242625  -1.5299999999999998  8.453383884193716 
0 33  -2.964429804046003  0.0  10.394546992221152 
0 34  -1.5025658577819425  -1.5299999999999998  8.495767358168115 
0 35  -5.943314412388323  0.0  10.352163518246753 
1 16  5.85630176681177  0.0  -18.966604603543182 
1 17  1.5895785033584962  1.5299999999999998  0.11867372712831781 
1 18  3.0396659121803573  0.0  -19.19335618930621 
1 19  4.406214357989909  1.5299999999999998  0.34542531289134715 
1 20  7.360600932248525  1.5299999999999998  -16.90676776838743 
1 21  0.08527933792174114  0.0  -1.9411631080274354 
1 22  4.464112932248525  1.5299999999999998  -16.90676776838743 
1 23  2.9817673379217413  0.0  -1.9411631080274354 
1 24  2.857218886390796  0.0  -15.05672912940495 
1 25  4.58866138377947  1.5299999999999998  -3.7912017470099144 
1 26  5.912080894434625  0.0  -14.457002972667215 
1 27  1.5337993757356414  1.5299999999999998  -4.390927903747649 
1 28  1.5598148485768961  1.5299999999999998  -12.606964333684735 
1 29  5.886065421593369  0.0  -6.2409665427301295 
1 30  4.379900210630124  1.5299999999999998  -12.748948971498969 
1 31  3.0659800595401423  0.0  -6.098981904915895 
1 32  2.964429804046003  0.0  -10.39454699222115 
1 33  4.4814504661242625  1.5299999999999998  -8.453383884193714 
1 34  5.9433144123883235  0.0  -10.352163518246751 
1 35  1.5025658577819425  1.5299999999999998  -8.495767358168113 
2 16  1.4772159354009395  -1.5299999999999998  -0.07417107945519663 
2 17  -2.7895073280523337  0.0  19.011107251216302 
2 18  -1.3394199192304725  -1.5299999999999998  -0.30092266521822686 
2 19  0.02712852657907927  0.0  19.23785883697933 
2 20  2.9815151008376954  0.0  1.9856657557005546 
2 21  -4.293806493489089  -1.5299999999999998  16.95127041606055 
2 22  0.08502710083769482  0.0  1.9856657557005546 
2 23  -1.3973184934890885  -1.5299999999999998  16.95127041606055 
2 24  -1.521866945020034  -1.5299999999999998  3.835704394683035 
2 25  0.20957555236863978  0.0  15.10123177707807 
2 26  1.5329950630237947  -1.5299999999999998  4.435430551420769 
2 27  -2.8452864556751885  0.0  14.501505620340335 
2 28  -2.8192709828339337  0.0  6.28546919040325 
2 29  1.5069795901825396  -1.5299999999999998  12.651466981357855 
2 30  0.000814379219293837  0.0  6.143484552589015 
2 31  -1.3131057718706878  -1.5299999999999998  12.793451619172089 
2 32  -1.4146560273648265  -1.5299999999999998  8.497886531866834 
2 33  0.1023646347134326  0.0  10.43904963989427 
2 34  1.5642285809774932  -1.5299999999999998  8.540270005841233 
2 35  -2.8765199736288873  0.0  10.396666165919871 
3 16  2.7895073280523333  0.0  -19.011107251216302 
3 17  -1.47721593540094  1.5299999999999998  0.07417107945519774 
3 18  -0.027128526579078716  0.0  -19.23785883697933 
3 19  1.339419919230473  1.5299999999999998  0.3009226652182271 
3 20  4.29380649348909  1.5299999999999998  -16.95127041606055 
3 21  -2.981515100837695  0.0  -1.9856657557005555 
3 22  1.3973184934890885  1.5299999999999998  -16.95127041606055 
3 23  -0.08502710083769482  0.0  -1.9856657557005555 
3 24  -0.20957555236864012  0.0  -15.10123177707807 
3 25  1.5218669450200335  1.5299999999999998  -3.8357043946830345 
3 26  2.8452864556751885  0.0  -14.501505620340335 
3 27  -1.5329950630237947  1.5299999999999998  -4.435430551420769 
3 28  -1.50697959018254  1.5299999999999998  -12.651466981357855 
3 29  2.8192709828339333  0.0  -6.28546919040325 
3 30  1.3131057718706876  1.5299999999999998  -12.793451619172089 
3 31  -0.0008143792192940591  0.0  -6.143484552589015 
3 32  -0.10236463471343282  0.0  -10.43904963989427 
3 33  1.4146560273648263  1.5299999999999998  -8.497886531866834 
3 34  2.876519973628887  0.0  -10.396666165919871 
3 35  -1.5642285809774936  1.5299999999999998  -8.540270005841233 
4 16  -0.0430291196618362  0.0  -2.3353294159893387 
4 17  -4.309752383115109  1.5299999999999998  16.749948914682157 
4 18  -2.8596649742932483  0.0  -2.562081001752369 
4 19  -1.4931165284836965  1.5299999999999998  16.97670050044519 
4 20  1.4612700457749197  1.5299999999999998  -0.27549258083358774 
4 21  -5.8140515485518645  0.0  14.690112079526406 
4 22  -1.435217954225081  1.5299999999999998  -0.27549258083358774 
4 23  -2.9175635485518643  0.0  14.690112079526406 
4 24  -3.0421120000828097  0.0  1.5745460581488926 
4 25  -1.310669502694136  1.5299999999999998  12.840073440543927 
4 26  0.012750007961018994  0.0  2.174272214886627 
4 27  -4.365531510737965  1.5299999999999998  12.240347283806193 
4 28  -4.3395160378967095  1.5299999999999998  4.024310853869107 
4 29  -0.013265464880236166  0.0  10.390308644823712 
4 30  -1.519430675843482  1.5299999999999998  3.8823262160548735 
4 31  -2.8333508269334633  0.0  10.532293282637946 
4 32  -2.9349010824276025  0.0  6.236728195332692 
4 33  -1.4178804203493431  1.5299999999999998  8.177891303360127 
4 34  0.043983525914717436  0.0  6.27911166930709 
4 35  -4.396765028691663  1.5299999999999998  8.135507829385729 
5 16  4.309752383115109  -1.5299999999999998  -16.749948914682157 
5 17  0.04302911966183531  0.0  2.3353294159893423 
5 18  1.4931165284836965  -1.5299999999999998  -16.976700500445187 
5 19  2.8596649742932483  0.0  2.5620810017523716 
5 20  5.8140515485518645  0.0  -14.690112079526404 
5 21  -1.4612700457749197  -1.5299999999999998  0.2754925808335891 
5 22  2.917563548551864  0.0  -14.690112079526404 
5 23  1.4352179542250805  -1.5299999999999998  0.2754925808335891 
5 24  1.310669502694135  -1.5299999999999998  -12.840073440543925 
5 25  3.042112000082809  0.0  -1.57454605814889 
5 26  4.365531510737964  -1.5299999999999998  -12.24034728380619 
5 27  -0.012750007961019438  0.0  -2.1742722148866243 
5 28  0.013265464880235278  0.0  -10.39030864482371 
5 29  4.339516037896709  -1.5299999999999998  -4.024310853869105 
5 30  2.833350826933463  0.0  -10.532293282637944 
5 31  1.5194306758434812  -1.5299999999999998  -3.882326216054871 
5 32  1.4178804203493425  -1.5299999999999998  -8.177891303360125 
5 33  2.9349010824276016  0.0  -6.23672819533269 
5 34  4.396765028691663  -1.5299999999999998  -8.135507829385727 
5 35  -0.04398352591471821  0.0  -6.279111669307088 
6 16  4.387821513226018  -1.5299999999999998  -8.3664977625462 
6 17  0.12109824977274486  0.0  10.718780568125299 
6 18  1.5711856585946062  -1.5299999999999998  -8.59324934830923 
6 19  2.937734104404158  0.0  10.945532153888328 
6 20  5.892120678662774  0.0  -6.306660927390448 
6 21  -1.3832009156640102  -1.5299999999999998  8.658943732969545 
6 22  2.9956326786627736  0.0  -6.306660927390448 
6 23  1.51328708433599  -1.5299999999999998  8.658943732969545 
6 24  1.3887386328050448  -1.5299999999999998  -4.456622288407968 
6 25  3.1201811301937186  0.0  6.808905093987066 
6 26  4.4436006408488735  -1.5299999999999998  -3.8568961316702337 
6 27  0.06531912214989011  0.0  6.209178937249332 
6 28  0.09133459499114482  0.0  -2.006857492687754 
6 29  4.417585168007618  -1.5299999999999998  4.359140298266851 
6 30  2.911419957044372  0.0  -2.148842130501987 
6 31  1.5974998059543908  -1.5299999999999998  4.501124936081085 
6 32  1.495949550460252  -1.5299999999999998  0.205559848775831 
6 33  3.0129702125385114  0.0  2.1467229568032664 
6 34  4.4748341588025715  -1.5299999999999998  0.24794332275022946 
6 35  0.03408560419619133  0.0  2.104339482828868 
7 16  -0.12109824977274508  0.0  -10.718780568125297 
7 17  -4.387821513226019  1.5299999999999998  8.366497762546201 
7 18  -2.937734104404157  0.0  -10.945532153888328 
7 19  -1.5711856585946053  1.5299999999999998  8.59324934830923 
7 20  1.3832009156640108  1.5299999999999998  -8.658943732969545 
7 21  -5.892120678662773  0.0  6.306660927390448 
7 22  -1.5132870843359898  1.5299999999999998  -8.658943732969545 
7 23  -2.995632678662773  0.0  6.306660927390448 
7 24  -3.1201811301937186  0.0  -6.8089050939870654 
7 25  -1.3887386328050448  1.5299999999999998  4.456622288407969 
7 26  -0.06531912214988989  0.0  -6.209178937249331 
7 27  -4.443600640848873  1.5299999999999998  3.8568961316702346 
7 28  -4.417585168007618  1.5299999999999998  -4.359140298266851 
7 29  -0.09133459499114505  0.0  2.006857492687754 
7 30  -1.5974998059543908  1.5299999999999998  -4.5011249360810845 
7 31  -2.911419957044372  0.0  2.148842130501988 
7 32  -3.0129702125385114  0.0  -2.1467229568032664 
7 33  -1.495949550460252  1.5299999999999998  -0.205559848775831 
7 34  -0.034085604196191444  0.0  -2.104339482828868 
7 35  -4.4748341588025715  1.5299999999999998  -0.24794332275022946 
8 16  1.362461922381002  -1.5299999999999998  -8.421596278712917 
8 17  -2.9042613410722713  0.0  10.663682051958581 
8 18  -1.4541739322504101  -1.5299999999999998  -8.648347864475948 
8 19  -0.08762548644085832  0.0  10.89043363772161 
8 20  2.866761087817758  0.0  -6.361759443557165 
8 21  -4.408560506509026  -1.5299999999999998  8.603845216802828 
8 22  -0.02972691218224277  0.0  -6.361759443557165 
8 23  -1.5120725065090261  -1.5299999999999998  8.603845216802828 
8 24  -1.6366209580399715  -1.5299999999999998  -4.5117208045746855 
8 25  0.09482153934870219  0.0  6.753806577820349 
8 26  1.4182410500038571  -1.5299999999999998  -3.911994647836951 
8 27  -2.960040468695126  0.0  6.1540804210826145 
8 28  -2.9340249958538713  0.0  -2.0619560088544713 
8 29  1.392225577162602  -1.5299999999999998  4.304041782100134 
8 30  -0.11393963380064376  0.0  -2.2039406466687046 
8 31  -1.4278597848906254  -1.5299999999999998  4.446026419914368 
8 32  -1.5294100403847641  -1.5299999999999998  0.15046133260911354 
8 33  -0.012389378306504994  0.0  2.091624440636549 
8 34  1.4494745679575556  -1.5299999999999998  0.192844806583512 
8 35  -2.991273986648825  0.0  2.0492409666621505 
9 16  2.9042613410722704  0.0  -10.66368205195858 
9 17  -1.3624619223810028  1.5299999999999998  8.421596278712919 
9 18  0.08762548644085844  0.0  -10.89043363772161 
9 19  1.4541739322504101  1.5299999999999998  8.648347864475948 
9 20  4.408560506509026  1.5299999999999998  -8.603845216802828 
9 21  -2.866761087817758  0.0  6.361759443557165 
9 22  1.5120725065090257  1.5299999999999998  -8.603845216802828 
9 23  0.029726912182242327  0.0  6.361759443557165 
9 24  -0.09482153934870297  0.0  -6.753806577820348 
9 25  1.6366209580399707  1.5299999999999998  4.511720804574686 
9 26  2.9600404686951256  0.0  -6.154080421082614 
9 27  -1.4182410500038576  1.5299999999999998  3.911994647836952 
9 28  -1.3922255771626029  1.5299999999999998  -4.304041782100134 
9 29  2.9340249958538704  0.0  2.0619560088544713 
9 30  1.4278597848906247  1.5299999999999998  -4.446026419914367 
9 31  0.11393963380064309  0.0  2.2039406466687055 
9 32  0.012389378306504328  0.0  -2.091624440636549 
9 33  1.5294100403847635  1.5299999999999998  -0.15046133260911354 
9 34  2.991273986648824  0.0  -2.0492409666621505 
9 35  -1.4494745679575565  1.5299999999999998  -0.192844806583512 
10 16  2.8962871818556506  -1.5299999999999998  -3.0388950839643485 
10 17  -1.3704360815976226  0.0  16.04638324670715 
10 18  0.07965132722423862  -1.5299999999999998  -3.2656466697273787 
10 19  1.4461997730337903  0.0  16.273134832470177 
10 20  4.400586347292407  0.0  -0.9790582488085975 
10 21  -2.8747352470343777  -1.5299999999999998  13.986546411551396 
10 22  1.5040983472924059  0.0  -0.9790582488085975 
10 23  0.021752752965622513  -1.5299999999999998  13.986546411551396 
10 24  -0.10279569856532278  -1.5299999999999998  0.8709803901738828 
10 25  1.6286467988233508  0.0  12.136507772568917 
10 26  2.952066309478506  -1.5299999999999998  1.4707065469116172 
10 27  -1.4262152092204774  0.0  11.536781615831183 
10 28  -1.4001997363792227  0.0  3.320745185894097 
10 29  2.9260508366372506  -1.5299999999999998  9.686742976848702 
10 30  1.419885625674005  0.0  3.1787605480798637 
10 31  0.10596547458402328  -1.5299999999999998  9.828727614662936 
10 32  0.0044152190898845145  -1.5299999999999998  5.533162527357682 
10 33  1.5214358811681437  0.0  7.474325635385117 
10 34  2.9832998274322042  -1.5299999999999998  5.57554600133208 
10 35  -1.4574487271741763  0.0  7.431942161410719 
11 16  1.3704360815976222  0.0  -16.046383246707148 
11 17  -2.896287181855651  1.5299999999999998  3.038895083964352 
11 18  -1.4461997730337899  0.0  -16.273134832470177 
11 19  -0.07965132722423807  1.5299999999999998  3.2656466697273814 
11 20  2.874735247034378  1.5299999999999998  -13.986546411551394 
11 21  -4.400586347292406  0.0  0.9790582488085988 
11 22  -0.021752752965622513  1.5299999999999998  -13.986546411551394 
11 23  -1.5040983472924059  0.0  0.9790582488085988 
11 24  -1.6286467988233513  0.0  -12.136507772568915 
11 25  0.10279569856532245  1.5299999999999998  -0.8709803901738802 
11 26  1.4262152092204774  0.0  -11.536781615831181 
11 27  -2.952066309478506  1.5299999999999998  -1.4707065469116145 
11 28  -2.926050836637251  1.5299999999999998  -9.6867429768487 
11 29  1.4001997363792222  0.0  -3.3207451858940953 
11 30  -0.1059654745840235  1.5299999999999998  -9.828727614662935 
11 31  -1.4198856256740051  0.0  -3.178760548079861 
11 32  -1.5214358811681439  0.0  -7.4743256353851155 
11 33  -0.0044152190898847365  1.5299999999999998  -5.53316252735768 
11 34  1.4574487271741758  0.0  -7.431942161410717 
11 35  -2.9832998274322047  1.5299999999999998  -5.575546001332079 
12 16  2.848534972053622  0.0  -6.035406693954299 
12 17  -1.4181882913996513  1.5299999999999998  13.0498716367172 
12 18  0.031899117422209966  0.0  -6.26215827971733 
12 19  1.3984475632317617  1.5299999999999998  13.276623222480229 
12 20  4.352834137490378  1.5299999999999998  -3.9755698587985484 
12 21  -2.9224874568364063  0.0  10.990034801561446 
12 22  1.4563461374903772  1.5299999999999998  -3.9755698587985484 
12 23  -0.025999456836406143  0.0  10.990034801561446 
12 24  -0.15054790836735144  0.0  -2.125531219816068 
12 25  1.5808945890213222  1.5299999999999998  9.139996162578967 
12 26  2.904314099676477  0.0  -1.5258050630783337 
12 27  -1.473967419022506  1.5299999999999998  8.540270005841233 
12 28  -1.4479519461812513  1.5299999999999998  0.32423357590414614 
12 29  2.878298626835222  0.0  6.690231366858751 
12 30  1.3721334158719762  1.5299999999999998  0.18224893808991283 
12 31  0.05821326478199462  0.0  6.832216004672985 
12 32  -0.04333699071214414  0.0  2.536650917367731 
12 33  1.473683671366115  1.5299999999999998  4.477814025395166 
12 34  2.9355476176301756  0.0  2.5790343913421294 
12 35  -1.505200936976205  1.5299999999999998  4.435430551420768 
13 16  1.4181882913996504  -1.5299999999999998  -13.049871636717196 
13 17  -2.848534972053623  0.0  6.035406693954302 
13 18  -1.3984475632317617  -1.5299999999999998  -13.276623222480227 
13 19  -0.031899117422209855  0.0  6.262158279717331 
13 20  2.9224874568364063  0.0  -10.990034801561444 
13 21  -4.352834137490378  -1.5299999999999998  3.975569858798549 
13 22  0.0259994568364057  0.0  -10.990034801561444 
13 23  -1.4563461374903777  -1.5299999999999998  3.975569858798549 
13 24  -1.580894589021323  -1.5299999999999998  -9.139996162578964 
13 25  0.15054790836735066  0.0  2.12553121981607 
13 26  1.4739674190225056  -1.5299999999999998  -8.54027000584123 
13 27  -2.9043140996764776  0.0  1.5258050630783355 
13 28  -2.878298626835223  0.0  -6.69023136685875 
13 29  1.4479519461812504  -1.5299999999999998  -0.32423357590414525 
13 30  -0.05821326478199529  0.0  -6.832216004672984 
13 31  -1.372133415871977  -1.5299999999999998  -0.18224893808991105 
13 32  -1.4736836713661157  -1.5299999999999998  -4.4778140253951655 
13 33  0.043336990712143475  0.0  -2.53665091736773 
13 34  1.505200936976204  -1.5299999999999998  -4.435430551420767 
13 35  -2.9355476176301765  0.0  -2.5790343913421285 
14 16  -0.06875048154944441  -1.5299999999999998  -5.34243689447289 
14 17  -4.335473745002718  0.0  13.742841436198608 
14 18  -2.8853863361808565  -1.5299999999999998  -5.56918848023592 
14 19  -1.5188378903713047  0.0  13.969593021961638 
14 20  1.4355486838873115  0.0  -3.2826000593171387 
14 21  -5.839772910439473  -1.5299999999999998  11.683004601042855 
14 22  -1.4609393161126891  0.0  -3.2826000593171387 
14 23  -2.9432849104394725  -1.5299999999999998  11.683004601042855 
14 24  -3.067833361970418  -1.5299999999999998  -1.4325614203346584 
14 25  -1.3363908645817442  0.0  9.832965962060376 
14 26  -0.012971353926589213  -1.5299999999999998  -0.8328352635969241 
14 27  -4.391252872625572  0.0  9.233239805322642 
14 28  -4.365237399784318  0.0  1.0172033753855558 
14 29  -0.038986826767844374  -1.5299999999999998  7.383201166340161 
14 30  -1.5451520377310901  0.0  0.8752187375713225 
14 31  -2.859072188821072  -1.5299999999999998  7.525185804154395 
14 32  -2.9606224443152103  -1.5299999999999998  3.2296207168491406 
14 33  -1.4436017822369513  0.0  5.170783824876576 
14 34  0.01826216402710923  -1.5299999999999998  3.272004190823539 
14 35  -4.422486390579271  0.0  5.128400350902178 
15 16  4.335473745002718  0.0  -13.742841436198608 
15 17  0.06875048154944463  1.5299999999999998  5.34243689447289 
15 18  1.518837890371306  0.0  -13.96959302196164 
15 19  2.885386336180858  1.5299999999999998  5.569188480235919 
15 20  5.839772910439474  1.5299999999999998  -11.683004601042857 
15 21  -1.4355486838873104  0.0  3.2826000593171365 
15 22  2.9432849104394734  1.5299999999999998  -11.683004601042857 
15 23  1.4609393161126898  0.0  3.2826000593171365 
15 24  1.3363908645817446  0.0  -9.832965962060378 
15 25  3.0678333619704183  1.5299999999999998  1.4325614203346575 
15 26  4.391252872625573  0.0  -9.233239805322643 
15 27  0.01297135392658988  1.5299999999999998  0.8328352635969232 
15 28  0.038986826767844596  1.5299999999999998  -7.383201166340163 
15 29  4.365237399784318  0.0  -1.0172033753855576 
15 30  2.859072188821072  1.5299999999999998  -7.525185804154396 
15 31  1.5451520377310906  0.0  -0.8752187375713234 
15 32  1.4436017822369518  0.0  -5.170783824876578 
15 33  2.960622444315211  1.5299999999999998  -3.2296207168491424 
15 34  4.422486390579271  0.0  -5.128400350902179 
15 35  -0.018262164027108896  1.5299999999999998  -3.272004190823541 
16 0  1.5895785033584962  1.5299999999999998  0.11867372712831492 
16 1  -5.85630176681177  0.0  18.966604603543182 
16 2  -1.4772159354009395  1.5299999999999998  0.07417107945519663 
16 3  -2.7895073280523333  0.0  19.011107251216302 
16 4  0.0430291196618362  0.0  2.3353294159893387 
16 5  -4.309752383115109  1.5299999999999998  16.749948914682157 
16 6  -4.387821513226018  1.5299999999999998  8.3664977625462 
16 7  0.12109824977274508  0.0  10.718780568125297 
16 8  -1.362461922381002  1.5299999999999998  8.421596278712917 
16 9  -2.9042613410722704  0.0  10.66368205195858 
16 10  -2.8962871818556506  1.5299999999999998  3.0388950839643485 
16 11  -1.3704360815976222  0.0  16.046383246707148 
16 12  -2.848534972053622  0.0  6.035406693954299 
16 13  -1.4181882913996504  1.5299999999999998  13.049871636717196 
16 14  0.06875048154944441  1.5299999999999998  5.34243689447289 
16 15  -4.335473745002718  0.0  13.742841436198608 
17 0  5.85630176681177  0.0  -18.966604603543182 
17 1  -1.5895785033584962  -1.5299999999999998  -0.11867372712831781 
17 2  2.7895073280523337  0.0  -19.011107251216302 
17 3  1.47721593540094  -1.5299999999999998  -0.07417107945519774 
17 4  4.309752383115109  -1.5299999999999998  -16.749948914682157 
17 5  -0.04302911966183531  0.0  -2.3353294159893423 
17 6  -0.12109824977274486  0.0  -10.718780568125299 
17 7  4.387821513226019  -1.5299999999999998  -8.366497762546201 
17 8  2.9042613410722713  0.0  -10.663682051958581 
17 9  1.3624619223810028  -1.5299999999999998  -8.421596278712919 
17 10  1.3704360815976226  0.0  -16.04638324670715 
17 11  2.896287181855651  -1.5299999999999998  -3.038895083964352 
17 12  1.4181882913996513  -1.5299999999999998  -13.0498716367172 
17 13  2.848534972053623  0.0  -6.035406693954302 
17 14  4.335473745002718  0.0  -13.742841436198608 
17 15  -0.06875048154944463  -1.5299999999999998  -5.34243689447289 
18 0  4.406214357989908  1.5299999999999998  0.34542531289134515 
18 1  -3.0396659121803573  0.0  19.19335618930621 
18 2  1.3394199192304725  1.5299999999999998  0.30092266521822686 
18 3  0.027128526579078716  0.0  19.23785883697933 
18 4  2.8596649742932483  0.0  2.562081001752369 
18 5  -1.4931165284836965  1.5299999999999998  16.976700500445187 
18 6  -1.5711856585946062  1.5299999999999998  8.59324934830923 
18 7  2.937734104404157  0.0  10.945532153888328 
18 8  1.4541739322504101  1.5299999999999998  8.648347864475948 
18 9  -0.08762548644085844  0.0  10.89043363772161 
18 10  -0.07965132722423862  1.5299999999999998  3.2656466697273787 
18 11  1.4461997730337899  0.0  16.273134832470177 
18 12  -0.031899117422209966  0.0  6.26215827971733 
18 13  1.3984475632317617  1.5299999999999998  13.276623222480227 
18 14  2.8853863361808565  1.5299999999999998  5.56918848023592 
18 15  -1.518837890371306  0.0  13.96959302196164 
19 0  3.0396659121803564  0.0  -19.19335618930621 
19 1  -4.406214357989909  -1.5299999999999998  -0.34542531289134715 
19 2  -0.02712852657907927  0.0  -19.23785883697933 
19 3  -1.339419919230473  -1.5299999999999998  -0.3009226652182271 
19 4  1.4931165284836965  -1.5299999999999998  -16.97670050044519 
19 5  -2.8596649742932483  0.0  -2.5620810017523716 
19 6  -2.937734104404158  0.0  -10.945532153888328 
19 7  1.5711856585946053  -1.5299999999999998  -8.59324934830923 
19 8  0.08762548644085832  0.0  -10.89043363772161 
19 9  -1.4541739322504101  -1.5299999999999998  -8.648347864475948 
19 10  -1.4461997730337903  0.0  -16.273134832470177 
19 11  0.07965132722423807  -1.5299999999999998  -3.2656466697273814 
19 12  -1.3984475632317617  -1.5299999999999998  -13.276623222480229 
19 13  0.031899117422209855  0.0  -6.262158279717331 
19 14  1.5188378903713047  0.0  -13.969593021961638 
19 15  -2.885386336180858  -1.5299999999999998  -5.569188480235919 
20 0  0.08527933792174025  0.0  -1.9411631080274363 
20 1  -7.360600932248525  -1.5299999999999998  16.90676776838743 
20 2  -2.9815151008376954  0.0  -1.9856657557005546 
20 3  -4.29380649348909  -1.5299999999999998  16.95127041606055 
20 4  -1.4612700457749197  -1.5299999999999998  0.27549258083358774 
20 5  -5.8140515485518645  0.0  14.690112079526404 
20 6  -5.892120678662774  0.0  6.306660927390448 
20 7  -1.3832009156640108  -1.5299999999999998  8.658943732969545 
20 8  -2.866761087817758  0.0  6.361759443557165 
20 9  -4.408560506509026  -1.5299999999999998  8.603845216802828 
20 10  -4.400586347292407  0.0  0.9790582488085975 
20 11  -2.874735247034378  -1.5299999999999998  13.986546411551394 
20 12  -4.352834137490378  -1.5299999999999998  3.9755698587985484 
20 13  -2.9224874568364063  0.0  10.990034801561444 
20 14  -1.4355486838873115  0.0  3.2826000593171387 
20 15  -5.839772910439474  -1.5299999999999998  11.683004601042857 
21 0  7.360600932248524  1.5299999999999998  -16.90676776838743 
21 1  -0.08527933792174114  0.0  1.9411631080274354 
21 2  4.293806493489089  1.5299999999999998  -16.95127041606055 
21 3  2.981515100837695  0.0  1.9856657557005555 
21 4  5.8140515485518645  0.0  -14.690112079526406 
21 5  1.4612700457749197  1.5299999999999998  -0.2754925808335891 
21 6  1.3832009156640102  1.5299999999999998  -8.658943732969545 
21 7  5.892120678662773  0.0  -6.306660927390448 
21 8  4.408560506509026  1.5299999999999998  -8.603845216802828 
21 9  2.866761087817758  0.0  -6.361759443557165 
21 10  2.8747352470343777  1.5299999999999998  -13.986546411551396 
21 11  4.400586347292406  0.0  -0.9790582488085988 
21 12  2.9224874568364063  0.0  -10.990034801561446 
21 13  4.352834137490378  1.5299999999999998  -3.975569858798549 
21 14  5.839772910439473  1.5299999999999998  -11.683004601042855 
21 15  1.4355486838873104  0.0  -3.2826000593171365 
22 0  2.981767337921741  0.0  -1.9411631080274363 
22 1  -4.464112932248525  -1.5299999999999998  16.90676776838743 
22 2  -0.08502710083769482  0.0  -1.9856657557005546 
22 3  -1.3973184934890885  -1.5299999999999998  16.95127041606055 
22 4  1.435217954225081  -1.5299999999999998  0.27549258083358774 
22 5  -2.917563548551864  0.0  14.690112079526404 
22 6  -2.9956326786627736  0.0  6.306660927390448 
22 7  1.5132870843359898  -1.5299999999999998  8.658943732969545 
22 8  0.02972691218224277  0.0  6.361759443557165 
22 9  -1.5120725065090257  -1.5299999999999998  8.603845216802828 
22 10  -1.5040983472924059  0.0  0.9790582488085975 
22 11  0.021752752965622513  -1.5299999999999998  13.986546411551394 
22 12  -1.4563461374903772  -1.5299999999999998  3.9755698587985484 
22 13  -0.0259994568364057  0.0  10.990034801561444 
22 14  1.4609393161126891  0.0  3.2826000593171387 
22 15  -2.9432849104394734  -1.5299999999999998  11.683004601042857 
23 0  4.464112932248524  1.5299999999999998  -16.90676776838743 
23 1  -2.9817673379217413  0.0  1.9411631080274354 
23 2  1.3973184934890885  1.5299999999999998  -16.95127041606055 
23 3  0.08502710083769482  0.0  1.9856657557005555 
23 4  2.9175635485518643  0.0  -14.690112079526406 
23 5  -1.4352179542250805  1.5299999999999998  -0.2754925808335891 
23 6  -1.51328708433599  1.5299999999999998  -8.658943732969545 
23 7  2.995632678662773  0.0  -6.306660927390448 
23 8  1.5120725065090261  1.5299999999999998  -8.603845216802828 
23 9  -0.029726912182242327  0.0  -6.361759443557165 
23 10  -0.021752752965622513  1.5299999999999998  -13.986546411551396 
23 11  1.5040983472924059  0.0  -0.9790582488085988 
23 12  0.025999456836406143  0.0  -10.990034801561446 
23 13  1.4563461374903777  1.5299999999999998  -3.975569858798549 
23 14  2.9432849104394725  1.5299999999999998  -11.683004601042855 
23 15  -1.4609393161126898  0.0  -3.2826000593171365 
24 0  4.58866138377947  1.5299999999999998  -3.7912017470099166 
24 1  -2.857218886390796  0.0  15.05672912940495 
24 2  1.521866945020034  1.5299999999999998  -3.835704394683035 
24 3  0.20957555236864012  0.0  15.10123177707807 
24 4  3.0421120000828097  0.0  -1.5745460581488926 
24 5  -1.310669502694135  1.5299999999999998  12.840073440543925 
24 6  -1.3887386328050448  1.5299999999999998  4.456622288407968 
24 7  3.1201811301937186  0.0  6.8089050939870654 
24 8  1.6366209580399715  1.5299999999999998  4.5117208045746855 
24 9  0.09482153934870297  0.0  6.753806577820348 
24 10  0.10279569856532278  1.5299999999999998  -0.8709803901738828 
24 11  1.6286467988233513  0.0  12.136507772568915 
24 12  0.15054790836735144  0.0  2.125531219816068 
24 13  1.580894589021323  1.5299999999999998  9.139996162578964 
24 14  3.067833361970418  1.5299999999999998  1.4325614203346584 
24 15  -1.3363908645817446  0.0  9.832965962060378 
25 0  2.857218886390796  0.0  -15.056729129404951 
25 1  -4.58866138377947  -1.5299999999999998  3.7912017470099144 
25 2  -0.20957555236863978  0.0  -15.10123177707807 
25 3  -1.5218669450200335  -1.5299999999999998  3.8357043946830345 
25 4  1.310669502694136  -1.5299999999999998  -12.840073440543927 
25 5  -3.042112000082809  0.0  1.57454605814889 
25 6  -3.1201811301937186  0.0  -6.808905093987066 
25 7  1.3887386328050448  -1.5299999999999998  -4.456622288407969 
25 8  -0.09482153934870219  0.0  -6.753806577820349 
25 9  -1.6366209580399707  -1.5299999999999998  -4.511720804574686 
25 10  -1.6286467988233508  0.0  -12.136507772568917 
25 11  -0.10279569856532245  -1.5299999999999998  0.8709803901738802 
25 12  -1.5808945890213222  -1.5299999999999998  -9.139996162578967 
25 13  -0.15054790836735066  0.0  -2.12553121981607 
25 14  1.3363908645817442  0.0  -9.832965962060376 
25 15  -3.0678333619704183  -1.5299999999999998  -1.4325614203346575 
26 0  1.533799375735641  1.5299999999999998  -4.3909279037476505 
26 1  -5.912080894434625  0.0  14.457002972667215 
26 2  -1.5329950630237947  1.5299999999999998  -4.435430551420769 
26 3  -2.8452864556751885  0.0  14.501505620340335 
26 4  -0.012750007961018994  0.0  -2.174272214886627 
26 5  -4.365531510737964  1.5299999999999998  12.24034728380619 
26 6  -4.4436006408488735  1.5299999999999998  3.8568961316702337 
26 7  0.06531912214988989  0.0  6.209178937249331 
26 8  -1.4182410500038571  1.5299999999999998  3.911994647836951 
26 9  -2.9600404686951256  0.0  6.154080421082614 
26 10  -2.952066309478506  1.5299999999999998  -1.4707065469116172 
26 11  -1.4262152092204774  0.0  11.536781615831181 
26 12  -2.904314099676477  0.0  1.5258050630783337 
26 13  -1.4739674190225056  1.5299999999999998  8.54027000584123 
26 14  0.012971353926589213  1.5299999999999998  0.8328352635969241 
26 15  -4.391252872625573  0.0  9.233239805322643 
27 0  5.912080894434624  0.0  -14.457002972667217 
27 1  -1.5337993757356414  -1.5299999999999998  4.390927903747649 
27 2  2.8452864556751885  0.0  -14.501505620340335 
27 3  1.5329950630237947  -1.5299999999999998  4.435430551420769 
27 4  4.365531510737965  -1.5299999999999998  -12.240347283806193 
27 5  0.012750007961019438  0.0  2.1742722148866243 
27 6  -0.06531912214989011  0.0  -6.209178937249332 
27 7  4.443600640848873  -1.5299999999999998  -3.8568961316702346 
27 8  2.960040468695126  0.0  -6.1540804210826145 
27 9  1.4182410500038576  -1.5299999999999998  -3.911994647836952 
27 10  1.4262152092204774  0.0  -11.536781615831183 
27 11  2.952066309478506  -1.5299999999999998  1.4707065469116145 
27 12  1.473967419022506  -1.5299999999999998  -8.540270005841233 
27 13  2.9043140996764776  0.0  -1.5258050630783355 
27 14  4.391252872625572  0.0  -9.233239805322642 
27 15  -0.01297135392658988  -1.5299999999999998  -0.8328352635969232 
28 0  5.886065421593369  0.0  -6.240966542730131 
28 1  -1.5598148485768961  -1.5299999999999998  12.606964333684735 
28 2  2.8192709828339337  0.0  -6.28546919040325 
28 3  1.50697959018254  -1.5299999999999998  12.651466981357855 
28 4  4.3395160378967095  -1.5299999999999998  -4.024310853869107 
28 5  -0.013265464880235278  0.0  10.39030864482371 
28 6  -0.09133459499114482  0.0  2.006857492687754 
28 7  4.417585168007618  -1.5299999999999998  4.359140298266851 
28 8  2.9340249958538713  0.0  2.0619560088544713 
28 9  1.3922255771626029  -1.5299999999999998  4.304041782100134 
28 10  1.4001997363792227  0.0  -3.320745185894097 
28 11  2.926050836637251  -1.5299999999999998  9.6867429768487 
28 12  1.4479519461812513  -1.5299999999999998  -0.32423357590414614 
28 13  2.878298626835223  0.0  6.69023136685875 
28 14  4.365237399784318  0.0  -1.0172033753855558 
28 15  -0.038986826767844596  -1.5299999999999998  7.383201166340163 
29 0  1.5598148485768961  1.5299999999999998  -12.606964333684736 
29 1  -5.886065421593369  0.0  6.2409665427301295 
29 2  -1.5069795901825396  1.5299999999999998  -12.651466981357855 
29 3  -2.8192709828339333  0.0  6.28546919040325 
29 4  0.013265464880236166  0.0  -10.390308644823712 
29 5  -4.339516037896709  1.5299999999999998  4.024310853869105 
29 6  -4.417585168007618  1.5299999999999998  -4.359140298266851 
29 7  0.09133459499114505  0.0  -2.006857492687754 
29 8  -1.392225577162602  1.5299999999999998  -4.304041782100134 
29 9  -2.9340249958538704  0.0  -2.0619560088544713 
29 10  -2.9260508366372506  1.5299999999999998  -9.686742976848702 
29 11  -1.4001997363792222  0.0  3.3207451858940953 
29 12  -2.878298626835222  0.0  -6.690231366858751 
29 13  -1.4479519461812504  1.5299999999999998  0.32423357590414525 
29 14  0.038986826767844374  1.5299999999999998  -7.383201166340161 
29 15  -4.365237399784318  0.0  1.0172033753855576 
30 0  3.065980059540142  0.0  -6.098981904915897 
30 1  -4.379900210630124  -1.5299999999999998  12.748948971498969 
30 2  -0.000814379219293837  0.0  -6.143484552589015 
30 3  -1.3131057718706876  -1.5299999999999998  12.793451619172089 
30 4  1.519430675843482  -1.5299999999999998  -3.8823262160548735 
30 5  -2.833350826933463  0.0  10.532293282637944 
30 6  -2.911419957044372  0.0  2.148842130501987 
30 7  1.5974998059543908  -1.5299999999999998  4.5011249360810845 
30 8  0.11393963380064376  0.0  2.2039406466687046 
30 9  -1.4278597848906247  -1.5299999999999998  4.446026419914367 
30 10  -1.419885625674005  0.0  -3.1787605480798637 
30 11  0.1059654745840235  -1.5299999999999998  9.828727614662935 
30 12  -1.3721334158719762  -1.5299999999999998  -0.18224893808991283 
30 13  0.05821326478199529  0.0  6.832216004672984 
30 14  1.5451520377310901  0.0  -0.8752187375713225 
30 15  -2.859072188821072  -1.5299999999999998  7.525185804154396 
31 0  4.379900210630123  1.5299999999999998  -12.74894897149897 
31 1  -3.0659800595401423  0.0  6.098981904915895 
31 2  1.3131057718706878  1.5299999999999998  -12.793451619172089 
31 3  0.0008143792192940591  0.0  6.143484552589015 
31 4  2.8333508269334633  0.0  -10.532293282637946 
31 5  -1.5194306758434812  1.5299999999999998  3.882326216054871 
31 6  -1.5974998059543908  1.5299999999999998  -4.501124936081085 
31 7  2.911419957044372  0.0  -2.148842130501988 
31 8  1.4278597848906254  1.5299999999999998  -4.446026419914368 
31 9  -0.11393963380064309  0.0  -2.2039406466687055 
31 10  -0.10596547458402328  1.5299999999999998  -9.828727614662936 
31 11  1.4198856256740051  0.0  3.178760548079861 
31 12  -0.05821326478199462  0.0  -6.832216004672985 
31 13  1.372133415871977  1.5299999999999998  0.18224893808991105 
31 14  2.859072188821072  1.5299999999999998  -7.525185804154395 
31 15  -1.5451520377310906  0.0  0.8752187375713234 
32 0  4.4814504661242625  1.5299999999999998  -8.453383884193716 
32 1  -2.964429804046003  0.0  10.39454699222115 
32 2  1.4146560273648265  1.5299999999999998  -8.497886531866834 
32 3  0.10236463471343282  0.0  10.43904963989427 
32 4  2.9349010824276025  0.0  -6.236728195332692 
32 5  -1.4178804203493425  1.5299999999999998  8.177891303360125 
32 6  -1.495949550460252  1.5299999999999998  -0.205559848775831 
32 7  3.0129702125385114  0.0  2.1467229568032664 
32 8  1.5294100403847641  1.5299999999999998  -0.15046133260911354 
32 9  -0.012389378306504328  0.0  2.091624440636549 
32 10  -0.0044152190898845145  1.5299999999999998  -5.533162527357682 
32 11  1.5214358811681439  0.0  7.4743256353851155 
32 12  0.04333699071214414  0.0  -2.536650917367731 
32 13  1.4736836713661157  1.5299999999999998  4.4778140253951655 
32 14  2.9606224443152103  1.5299999999999998  -3.2296207168491406 
32 15  -1.4436017822369518  0.0  5.170783824876578 
33 0  2.964429804046003  0.0  -10.394546992221152 
33 1  -4.4814504661242625  -1.5299999999999998  8.453383884193714 
33 2  -0.1023646347134326  0.0  -10.43904963989427 
33 3  -1.4146560273648263  -1.5299999999999998  8.497886531866834 
33 4  1.4178804203493431  -1.5299999999999998  -8.177891303360127 
33 5  -2.9349010824276016  0.0  6.23672819533269 
33 6  -3.0129702125385114  0.0  -2.1467229568032664 
33 7  1.495949550460252  -1.5299999999999998  0.205559848775831 
33 8  0.012389378306504994  0.0  -2.091624440636549 
33 9  -1.5294100403847635  -1.5299999999999998  0.15046133260911354 
33 10  -1.5214358811681437  0.0  -7.474325635385117 
33 11  0.0044152190898847365  -1.5299999999999998  5.53316252735768 
33 12  -1.473683671366115  -1.5299999999999998  -4.477814025395166 
33 13  -0.043336990712143475  0.0  2.53665091736773 
33 14  1.4436017822369513  0.0  -5.170783824876576 
33 15  -2.960622444315211  -1.5299999999999998  3.2296207168491424 
34 0  1.5025658577819425  1.5299999999999998  -8.495767358168115 
34 1  -5.9433144123883235  0.0  10.352163518246751 
34 2  -1.5642285809774932  1.5299999999999998  -8.540270005841233 
34 3  -2.876519973628887  0.0  10.396666165919871 
34 4  -0.043983525914717436  0.0  -6.27911166930709 
34 5  -4.396765028691663  1.5299999999999998  8.135507829385727 
34 6  -4.4748341588025715  1.5299999999999998  -0.24794332275022946 
34 7  0.034085604196191444  0.0  2.104339482828868 
34 8  -1.4494745679575556  1.5299999999999998  -0.192844806583512 
34 9  -2.991273986648824  0.0  2.0492409666621505 
34 10  -2.9832998274322042  1.5299999999999998  -5.57554600133208 
34 11  -1.4574487271741758  0.0  7.431942161410717 
34 12  -2.9355476176301756  0.0  -2.5790343913421294 
34 13  -1.505200936976204  1.5299999999999998  4.435430551420767 
34 14  -0.01826216402710923  1.5299999999999998  -3.272004190823539 
34 15  -4.422486390579271  0.0  5.128400350902179 
35 0  5.943314412388323  0.0  -10.352163518246753 
35 1  -1.5025658577819425  -1.5299999999999998  8.495767358168113 
35 2  2.8765199736288873  0.0  -10.396666165919871 
35 3  1.5642285809774936  -1.5299999999999998  8.540270005841233 
35 4  4.396765028691663  -1.5299999999999998  -8.135507829385729 
35 5  0.04398352591471821  0.0  6.279111669307088 
35 6  -0.03408560419619133  0.0  -2.104339482828868 
35 7  4.4748341588025715  -1.5299999999999998  0.24794332275022946 
35 8  2.991273986648825  0.0  -2.0492409666621505 
35 9  1.4494745679575565  -1.5299999999999998  0.192844806583512 
35 10  1.4574487271741763  0.0  -7.431942161410719 
35 11  2.9832998274322047  -1.5299999999999998  5.575546001332079 
35 12  1.505200936976205  -1.5299999999999998  -4.435430551420768 
35 13  2.9355476176301765  0.0  2.5790343913421285 
35 14  4.422486390579271  0.0  -5.128400350902178 
35 15  0.018262164027108896  -1.5299999999999998  3.272004190823541 