 6.983  0  0  -3.328517693532755  7.4305540818864495  0  -1.8900709643427074  1.638996972636366  9.613810835755688 
5
0 14  0.2889923037510491  -3.654158057268573  6.746780168316627 
0 15  -2.4432714958935606  0.6825286241105752  2.685906471293424 
0 16  0.42386992410387725  -0.5927484853216853  8.228364556214935 
0 17  -2.578149116246389  -2.378880947836312  1.2043220833951152 
0 18  -1.8606466536625852  -1.9513452520644297  7.542803705517198 
0 19  -0.2936325384799252  -1.0202841810935688  1.889882934092853 
0 20  -0.33485888987822077  -2.003439339846439  5.504291255903562 
0 21  -1.8194203022642919  -0.9681900933115584  3.9283953837064898 
0 22  -3.433808169007805  -2.5626607545807265  5.295094732117518 
0 23  1.2795289768652927  -0.4089686785772715  4.137591907492533 
0 24  -5.026652056640176  0.279601517932174  2.1225371563181405 
0 25  2.8723728644976636  -3.2512309510901716  7.3101494832919105 
0 26  1.807722128579241  -2.6306562536232163  1.5053305006626256 
0 27  -3.9620013207217535  -0.34097317953478257  7.927356138947425 
0 28  3.501310124282037  -4.173891035068819  2.2119455970906685 
0 29  -5.655589316424548  1.2022616019108208  7.220741042519381 
0 30  1.216491918727216  -3.315808859699488  9.15725095916565 
0 31  -3.370771110869728  0.3441794265414888  0.2754356804444005 
0 32  -1.654410786218634  1.5565720827959693  6.8015788900804335 
0 33  -0.49986840592387827  -4.528201515953967  2.6311077495296167 
1 14  2.443271495893561  -0.6825286241105752  -2.685906471293425 
1 15  -0.28899230375104845  3.654158057268573  -6.7467801683166275 
1 16  2.578149116246389  2.378880947836312  -1.204322083395116 
1 17  -0.4238699241038768  0.5927484853216853  -8.228364556214936 
1 18  0.293632538479927  1.0202841810935679  -1.8898829340928538 
1 19  1.860646653662587  1.9513452520644288  -7.542803705517199 
1 20  1.8194203022642914  0.9681900933115584  -3.9283953837064898 
1 21  0.33485888987822043  2.003439339846439  -5.504291255903562 
1 22  -1.2795289768652927  0.40896867857727104  -4.137591907492533 
1 23  3.433808169007805  2.562660754580726  -5.295094732117518 
1 24  -2.872372864497663  3.2512309510901716  -7.3101494832919105 
1 25  5.026652056640176  -0.279601517932174  -2.122537156318141 
1 26  3.962001320721753  0.34097317953478123  -7.927356138947426 
1 27  -1.8077221285792413  2.630656253623215  -1.5053305006626267 
1 28  5.655589316424549  -1.2022616019108214  -7.220741042519383 
1 29  -3.5013101242820364  4.173891035068818  -2.2119455970906703 
1 30  3.370771110869728  -0.3441794265414906  -0.27543568044440114 
1 31  -1.216491918727216  3.3158088596994864  -9.157250959165651 
1 32  0.49986840592387827  4.528201515953967  -2.631107749529618 
1 33  1.654410786218634  -1.5565720827959695  -6.801578890080435 
2 14  -1.2857058447184442  -0.28924566443253363  2.892026575612026 
2 15  -4.017969644363054  4.047441016946614  -1.1688471214111766 
2 16  -1.150828224365616  2.772163907514354  4.373610963510335 
2 17  -4.1528472647158825  0.986031444999727  -2.6504315093094855 
2 18  -3.4353448021320787  1.4135671407716095  3.688050112812597 
2 19  -1.8683306869494185  2.3446282117424704  -1.9648706586117477 
2 20  -1.909557038347714  1.3614730529896  1.6495376631989611 
2 21  -3.394118450733785  2.396722299524481  0.07364179100188917 
2 22  -5.008506317477298  0.8022516382553126  1.4403411394129177 
2 23  -0.29516917160420064  2.9559437142587677  0.28283831478793253 
2 24  -6.601350205109668  3.644513910768213  -1.73221643638646 
2 25  1.2976747160281703  0.11368144174586758  3.45539589058731 
2 26  0.23302398010974779  0.7342561392128228  -2.3494230920419747 
2 27  -5.536699469191246  3.0239392133012566  4.072602546242824 
2 28  1.9266119758125435  -0.8089786422327798  -1.642807995613932 
2 29  -7.230287464894042  4.5671739947468595  3.3659874498147806 
2 30  -0.3582062297422772  0.049103533136551025  5.30249736646105 
2 31  -4.945469259339221  3.709091819377528  -3.5793179122602004 
2 32  -3.229108934688127  4.921484475632008  2.946825297375833 
2 33  -2.0745665543933716  -1.1632891231179279  -1.223645843174984 
3 14  4.017969644363054  -4.047441016946614  1.1688471214111766 
3 15  1.2857058447184442  0.2892456644325341  -2.892026575612026 
3 16  4.1528472647158825  -0.9860314449997265  2.6504315093094855 
3 17  1.1508282243656158  -2.7721639075143534  -4.373610963510335 
3 18  1.8683306869494196  -2.344628211742471  1.9648706586117477 
3 19  3.4353448021320796  -1.41356714077161  -3.688050112812597 
3 20  3.3941184507337843  -2.3967222995244803  -0.07364179100188828 
3 21  1.909557038347713  -1.3614730529895995  -1.6495376631989602 
3 22  0.2951691716042  -2.9559437142587677  -0.28283831478793164 
3 23  5.0085063174772975  -0.8022516382553126  -1.4403411394129169 
3 24  -1.2976747160281703  -0.11368144174586714  -3.4553958905873094 
3 25  6.601350205109668  -3.6445139107682127  1.7322164363864605 
3 26  5.536699469191246  -3.0239392133012575  -4.072602546242824 
3 27  -0.23302398010974867  -0.7342561392128237  2.3494230920419747 
3 28  7.230287464894042  -4.56717399474686  -3.3659874498147815 
3 29  -1.9266119758125435  0.8089786422327796  1.6428079956139312 
3 30  4.945469259339221  -3.7090918193775293  3.5793179122602004 
3 31  0.35820622974227656  -0.04910353313655236  -5.30249736646105 
3 32  2.074566554393371  1.163289123117928  1.2236458431749835 
3 33  3.2291089346881265  -4.921484475632008  -2.9468252973758333 
4 14  2.2631072806853996  -0.5202980006945883  2.9271169851625345 
4 15  -0.4691565189592102  3.8163886806845597  -1.1337567118606682 
4 16  2.3979849010382277  2.541111571252299  4.408701373060843 
4 17  -0.6040341393120385  0.7549791087376723  -2.615341099758977 
4 18  0.11346832327176526  1.1825148045095548  3.7231405223631056 
4 19  1.6804824384544252  2.1135758754804157  -1.9297802490612392 
4 20  1.6392560870561297  1.1304207167275453  1.6846280727494696 
4 21  0.1546946746700587  2.165669963262426  0.10873220055239763 
4 22  -1.4596931920734544  0.571199301993258  1.4754315489634262 
4 23  3.253643953799643  2.724891377996713  0.317928724338441 
4 24  -3.0525370797058247  3.4134615745061585  -1.6971260268359516 
4 25  4.846487841432014  -0.1173708945161871  3.4904863001378184 
4 26  3.7818371055135915  0.5032038029507682  -2.3143326824914663 
4 27  -1.987886343787403  2.792886877039202  4.107692955793333 
4 28  5.475425101216388  -1.0400309784948345  -1.6077175860634236 
4 29  -3.681474339490198  4.336121658484805  3.401077859365289 
4 30  3.1906068956615665  -0.18194880312550366  5.337587776011558 
4 31  -1.3966561339353778  3.4780394831154733  -3.544227502709692 
4 32  0.31970419071571654  4.690432139369953  2.9819157069263413 
4 33  1.4742465710104722  -1.3943414593799826  -1.1885554336244755 
5 14  0.4691565189592104  -3.8163886806845584  1.133756711860669 
5 15  -2.263107280685399  0.5202980006945896  -2.9271169851625336 
5 16  0.6040341393120385  -0.7549791087376709  2.615341099758978 
5 17  -2.3979849010382277  -2.541111571252298  -4.408701373060842 
5 18  -1.680482438454424  -2.1135758754804153  1.9297802490612401 
5 19  -0.11346832327176393  -1.1825148045095544  -3.7231405223631047 
5 20  -0.15469467467005948  -2.165669963262425  -0.10873220055239585 
5 21  -1.6392560870561304  -1.130420716727544  -1.6846280727494678 
5 22  -3.2536439537996436  -2.724891377996712  -0.3179287243384392 
5 23  1.459693192073454  -0.5711993019932571  -1.4754315489634244 
5 24  -4.846487841432014  0.11737089451618843  -3.490486300137817 
5 25  3.052537079705825  -3.413461574506157  1.697126026835953 
5 26  1.9878863437874024  -2.792886877039202  -4.107692955793332 
5 27  -3.781837105513592  -0.5032038029507682  2.314332682491467 
5 28  3.6814743394901983  -4.336121658484805  -3.401077859365289 
5 29  -5.475425101216387  1.0400309784948352  1.6077175860634236 
5 30  1.3966561339353774  -3.4780394831154737  3.544227502709693 
5 31  -3.190606895661567  0.1819488031255032  -5.337587776011557 
5 32  -1.4742465710104726  1.3943414593799837  1.188555433624476 
5 33  -0.319704190715717  -4.690432139369952  -2.981915706926341 
6 14  0.6450724799885619  -1.5900657472602555  -0.18045122938713387 
6 15  -2.087191319656048  2.7466209341188925  -4.2413249264103365 
6 16  0.77995010034139  1.471343824686632  1.301133158511175 
6 17  -2.2220689400088762  -0.31478863782799493  -5.722909314308645 
6 18  -1.5045664774250724  0.11274705794388762  0.6155723078134372 
6 19  0.06244763775758755  1.0438081289147485  -5.037348463610908 
6 20  0.02122128635929199  0.060652970161878095  -1.4229401418001988 
6 21  -1.4633401260267789  1.095902216696759  -2.9988360139972707 
6 22  -3.077727992770292  -0.49856844457240923  -1.6321366655862422 
6 23  1.6356091531028054  1.6551236314310458  -2.7896394902112274 
6 24  -4.670571880402663  2.3436938279404913  -4.80469424138562 
6 25  3.228453040735176  -1.1871386410818543  0.38291808558815 
6 26  2.1638023048167536  -0.566563943614899  -5.421900897041135 
6 27  -3.605921144484241  1.7231191304735347  1.0001247412436642 
6 28  3.8573903005195493  -2.109798725060502  -4.715285800613092 
6 29  -5.299509140187036  3.266353911919138  0.2935096448156207 
6 30  1.5725720949647288  -1.2517165496911709  2.23001956146189 
6 31  -3.0146909346322155  2.408271736549806  -6.65179571725936 
6 32  -1.2983306099811212  3.6206643928042865  -0.12565250762332703 
6 33  -0.1437882296863655  -2.4641092059456495  -4.296123648174143 
7 14  2.0871913196560485  -2.7466209341188925  4.241324926410337 
7 15  -0.6450724799885611  1.5900657472602555  0.18045122938713432 
7 16  2.2220689400088767  0.31478863782799493  5.722909314308646 
7 17  -0.7799501003413895  -1.471343824686632  -1.3011331585111745 
7 18  -0.06244763775758566  -1.0438081289147494  5.037348463610908 
7 19  1.5045664774250742  -0.1127470579438885  -0.6155723078134367 
7 20  1.4633401260267789  -1.095902216696759  2.998836013997272 
7 21  -0.021221286359292213  -0.060652970161878095  1.4229401418002001 
7 22  -1.6356091531028052  -1.6551236314310462  2.7896394902112287 
7 23  3.077727992770292  0.4985684445724088  1.6321366655862435 
7 24  -3.2284530407351757  1.1871386410818543  -0.3829180855881491 
7 25  4.6705718804026635  -2.3436938279404913  4.80469424138562 
7 26  3.6059211444842405  -1.723119130473536  -1.000124741243664 
7 27  -2.163802304816754  0.5665639436148977  5.4219008970411355 
7 28  5.299509140187037  -3.266353911919139  -0.29350964481562114 
7 29  -3.857390300519549  2.109798725060501  4.715285800613092 
7 30  3.0146909346322155  -2.408271736549808  6.651795717259361 
7 31  -1.5725720949647286  1.251716549691169  -2.230019561461889 
7 32  0.14378822968636562  2.4641092059456495  4.296123648174143 
7 33  1.2983306099811212  -3.6206643928042865  0.12565250762332703 
8 14  3.653976404602961  -1.573225858175995  -0.1653575463749979 
8 15  0.9217126049583513  2.763460823203153  -4.2262312433982006 
8 16  3.788854024955789  1.4881837137708924  1.316226841523311 
8 17  0.7868349846055229  -0.29794874874373445  -5.707815631296509 
8 18  1.5043374471893267  0.1295869470281481  0.6306659908255732 
8 19  3.0713515623719867  1.060648017999009  -5.022254780598772 
8 20  3.030125210973691  0.07749285924613858  -1.4078464587880628 
8 21  1.54556379858762  1.1127421057810194  -2.9837423309851347 
8 22  -0.06882406815589293  -0.48172855548814875  -1.6170429825741062 
8 23  4.644513077717205  1.6719635205153063  -2.7745458071990914 
8 24  -1.6616679557882632  2.360533717024752  -4.789600558373484 
8 25  6.2373569653495755  -1.1702987519975938  0.398011768600286 
8 26  5.172706229431153  -0.5497240545306386  -5.406807214028999 
8 27  -0.5970172198698416  1.7399590195577952  1.0152184242558002 
8 28  6.866294225133949  -2.0929588359762414  -4.700192117600956 
8 29  -2.2906052155726364  3.2831938010033985  0.3086033278277567 
8 30  4.581476019579128  -1.2348766606069104  2.245113244474026 
8 31  -0.005787010017816341  2.4251116256340666  -6.636702034247224 
8 32  1.710573314633278  3.637504281888547  -0.11055882461119104 
8 33  2.8651156949280336  -2.447269316861389  -4.281029965162007 
9 14  -0.9217126049583504  -2.763460823203153  4.2262312433982006 
9 15  -3.65397640460296  1.573225858175995  0.1653575463749979 
9 16  -0.7868349846055223  0.29794874874373445  5.707815631296509 
9 17  -3.7888540249557883  -1.4881837137708924  -1.316226841523311 
9 18  -3.0713515623719845  -1.0606480179990099  5.022254780598772 
9 19  -1.5043374471893247  -0.129586947028149  -0.6306659908255732 
9 20  -1.5455637985876203  -1.1127421057810194  2.9837423309851356 
9 21  -3.0301252109736914  -0.07749285924613858  1.4078464587880637 
9 22  -4.644513077717204  -1.6719635205153067  2.7745458071990923 
9 23  0.06882406815589315  0.4817285554881483  1.617042982574107 
9 24  -6.237356965349575  1.1702987519975938  -0.39801176860028553 
9 25  1.661667955788264  -2.360533717024752  4.789600558373484 
9 26  0.5970172198698416  -1.7399590195577965  -1.0152184242558004 
9 27  -5.172706229431153  0.5497240545306372  5.406807214028999 
9 28  2.2906052155726373  -3.2831938010033994  -0.30860332782775757 
9 29  -6.866294225133948  2.0929588359762406  4.700192117600955 
9 30  0.005787010017816563  -2.4251116256340683  6.636702034247224 
9 31  -4.581476019579128  1.2348766606069086  -2.245113244474026 
9 32  -2.8651156949280336  2.447269316861389  4.281029965162007 
9 33  -1.7105733146332778  -3.637504281888547  0.1105588246111906 
10 14  5.678655092269902  -4.216924929521475  -1.5089837487802136 
10 15  2.946391292625292  0.11976175185767346  -5.569857445803416 
10 16  5.81353271262273  -1.1555153575745871  -0.027399360881904755 
10 17  2.811513672272464  -2.941647820089214  -7.051441833701725 
10 18  3.529016134856268  -2.5141121243173314  -0.7129602115796425 
10 19  5.096030250038927  -1.5830510533464706  -6.365880983003987 
10 20  5.054803898640632  -2.566206212099341  -2.7514726611932785 
10 21  3.570242486254561  -1.5309569655644601  -4.32736853339035 
10 22  1.955854619511048  -3.1254276268336283  -2.960669184979322 
10 23  6.669191765384145  -0.9717355508301733  -4.118172009604307 
10 24  0.3630107318786777  -0.28316535432072776  -6.133226760778699 
10 25  8.262035653016516  -3.8139978233430734  -0.9456144338049297 
10 26  7.197384917098094  -3.193423125876118  -6.750433416434214 
10 27  1.4276614677970993  -0.9037400517876844  -0.32840777814941546 
10 28  8.89097291280089  -4.736657907321721  -6.043818320006172 
10 29  -0.2659265279056955  0.639494729657919  -1.035022874577459 
10 30  6.606154707246069  -3.87857573195239  0.9014870420688101 
10 31  2.0188916776491244  -0.21858744571141298  -7.98032823665244 
10 32  3.7352520023002187  0.9938052105430675  -1.4541850270164067 
10 33  4.889794382594975  -5.090968388206869  -5.624656167567224 
11 14  -2.946391292625292  -0.11976175185767346  5.569857445803415 
11 15  -5.678655092269902  4.216924929521475  1.5089837487802125 
11 16  -2.811513672272464  2.941647820089214  7.051441833701724 
11 17  -5.81353271262273  1.1555153575745871  0.027399360881903645 
11 18  -5.096030250038926  1.5830510533464697  6.365880983003986 
11 19  -3.5290161348562665  2.5141121243173306  0.7129602115796414 
11 20  -3.5702424862545623  1.5309569655644601  4.32736853339035 
11 21  -5.054803898640633  2.566206212099341  2.7514726611932785 
11 22  -6.669191765384146  0.9717355508301728  4.118172009604307 
11 23  -1.9558546195110487  3.125427626833628  2.960669184979322 
11 24  -8.262035653016516  3.8139978233430734  0.945614433804929 
11 25  -0.3630107318786777  0.28316535432072776  6.133226760778699 
11 26  -1.4276614677971002  0.903740051787683  0.32840777814941413 
11 27  -7.197384917098095  3.1934231258761168  6.7504334164342135 
11 28  0.2659265279056955  -0.6394947296579196  1.035022874577457 
11 29  -8.89097291280089  4.73665790732172  6.04381832000617 
11 30  -2.0188916776491252  0.2185874457114112  7.980328236652439 
11 31  -6.60615470724607  3.878575731952388  -0.901487042068811 
11 32  -4.8897943825949755  5.090968388206869  5.624656167567222 
11 33  -3.7352520023002196  -0.9938052105430677  1.4541850270164052 
12 14  -1.2460831839584285  0.41039887344871606  -0.7208435364649617 
12 15  -3.9783469836030383  4.747085554827864  -4.781717233488164 
12 16  -1.1112055636056004  3.4718084453956033  0.7607408514333471 
12 17  -4.113224603955866  1.6856759828809766  -6.263301621386473 
12 18  -3.3957221413720626  2.113211678652859  0.07518000073560938 
12 19  -1.8287080261894029  3.04427274962372  -5.577740770688735 
12 20  -1.8699343775876984  2.0611175908708494  -1.9633324488780266 
12 21  -3.3544957899737695  3.0963668374057303  -3.5392283210750985 
12 22  -4.968883656717282  1.5018961761365623  -2.17252897266407 
12 23  -0.255546510844185  3.655588252140017  -3.330031797289055 
12 24  -6.561727544349653  4.344158448649463  -5.345086548463447 
12 25  1.337297376788186  0.8133259796271173  -0.15747422148967782 
12 26  0.2726466408697634  1.4339006770940725  -5.9622932041189625 
12 27  -5.497076808431231  3.723583751182506  0.4597324341658364 
12 28  1.9662346365725591  -0.10933410435153013  -5.25567810769092 
12 29  -7.190664804134026  5.266818532628109  -0.24688266226220712 
12 30  -0.3185835689822616  0.7487480710178007  1.689627254384062 
12 31  -4.905846598579206  4.408736357258777  -7.192188024337188 
12 32  -3.189486273928112  5.621129013513258  -0.6660448147011548 
12 33  -2.034943893633356  -0.4636445852366782  -4.836515955251972 
13 14  3.978346983603039  -4.747085554827864  4.781717233488164 
13 15  1.2460831839584294  -0.41039887344871584  0.7208435364649612 
13 16  4.113224603955867  -1.6856759828809764  6.263301621386473 
13 17  1.111205563605601  -3.4718084453956033  -0.7607408514333476 
13 18  1.8287080261894049  -3.0442727496237207  5.5777407706887345 
13 19  3.395722141372065  -2.11321167865286  -0.07518000073560982 
13 20  3.354495789973769  -3.0963668374057303  3.539228321075099 
13 21  1.8699343775876982  -2.0611175908708494  1.963332448878027 
13 22  0.2555465108441852  -3.6555882521400176  3.3300317972890556 
13 23  4.968883656717283  -1.5018961761365626  2.1725289726640704 
13 24  -1.337297376788185  -0.8133259796271171  0.15747422148967782 
13 25  6.561727544349654  -4.344158448649463  5.345086548463447 
13 26  5.497076808431231  -3.7235837511825074  -0.4597324341658371 
13 27  -0.2726466408697634  -1.4339006770940737  5.9622932041189625 
13 28  7.190664804134027  -5.26681853262811  0.2468826622622058 
13 29  -1.9662346365725583  0.10933410435152968  5.255678107690919 
13 30  4.905846598579206  -4.408736357258779  7.192188024337188 
13 31  0.3185835689822618  -0.7487480710178023  -1.6896272543840622 
13 32  2.034943893633356  0.4636445852366782  4.83651595525197 
13 33  3.189486273928112  -5.621129013513258  0.666044814701154 
14 0  -0.2889923037510491  3.654158057268573  -6.746780168316627 
14 1  -2.443271495893561  0.6825286241105752  2.685906471293425 
14 2  1.2857058447184442  0.28924566443253363  -2.892026575612026 
14 3  -4.017969644363054  4.047441016946614  -1.1688471214111766 
14 4  -2.2631072806853996  0.5202980006945883  -2.9271169851625345 
14 5  -0.4691565189592104  3.8163886806845584  -1.133756711860669 
14 6  -0.6450724799885619  1.5900657472602555  0.18045122938713387 
14 7  -2.0871913196560485  2.7466209341188925  -4.241324926410337 
14 8  -3.653976404602961  1.573225858175995  0.1653575463749979 
14 9  0.9217126049583504  2.763460823203153  -4.2262312433982006 
14 10  -5.678655092269902  4.216924929521475  1.5089837487802136 
14 11  2.946391292625292  0.11976175185767346  -5.569857445803415 
14 12  1.2460831839584285  -0.41039887344871606  0.7208435364649617 
14 13  -3.978346983603039  4.747085554827864  -4.781717233488164 
15 0  2.4432714958935606  -0.6825286241105752  -2.685906471293424 
15 1  0.28899230375104845  -3.654158057268573  6.7467801683166275 
15 2  4.017969644363054  -4.047441016946614  1.1688471214111766 
15 3  -1.2857058447184442  -0.2892456644325341  2.892026575612026 
15 4  0.4691565189592102  -3.8163886806845597  1.1337567118606682 
15 5  2.263107280685399  -0.5202980006945896  2.9271169851625336 
15 6  2.087191319656048  -2.7466209341188925  4.2413249264103365 
15 7  0.6450724799885611  -1.5900657472602555  -0.18045122938713432 
15 8  -0.9217126049583513  -2.763460823203153  4.2262312433982006 
15 9  3.65397640460296  -1.573225858175995  -0.1653575463749979 
15 10  -2.946391292625292  -0.11976175185767346  5.569857445803416 
15 11  5.678655092269902  -4.216924929521475  -1.5089837487802125 
15 12  3.9783469836030383  -4.747085554827864  4.781717233488164 
15 13  -1.2460831839584294  0.41039887344871584  -0.7208435364649612 
16 0  -0.42386992410387725  0.5927484853216853  -8.228364556214935 
16 1  -2.578149116246389  -2.378880947836312  1.204322083395116 
16 2  1.150828224365616  -2.772163907514354  -4.373610963510335 
16 3  -4.1528472647158825  0.9860314449997265  -2.6504315093094855 
16 4  -2.3979849010382277  -2.541111571252299  -4.408701373060843 
16 5  -0.6040341393120385  0.7549791087376709  -2.615341099758978 
16 6  -0.77995010034139  -1.471343824686632  -1.301133158511175 
16 7  -2.2220689400088767  -0.31478863782799493  -5.722909314308646 
16 8  -3.788854024955789  -1.4881837137708924  -1.316226841523311 
16 9  0.7868349846055223  -0.29794874874373445  -5.707815631296509 
16 10  -5.81353271262273  1.1555153575745871  0.027399360881904755 
16 11  2.811513672272464  -2.941647820089214  -7.051441833701724 
16 12  1.1112055636056004  -3.4718084453956033  -0.7607408514333471 
16 13  -4.113224603955867  1.6856759828809764  -6.263301621386473 
17 0  2.578149116246389  2.378880947836312  -1.2043220833951152 
17 1  0.4238699241038768  -0.5927484853216853  8.228364556214936 
17 2  4.1528472647158825  -0.986031444999727  2.6504315093094855 
17 3  -1.1508282243656158  2.7721639075143534  4.373610963510335 
17 4  0.6040341393120385  -0.7549791087376723  2.615341099758977 
17 5  2.3979849010382277  2.541111571252298  4.408701373060842 
17 6  2.2220689400088762  0.31478863782799493  5.722909314308645 
17 7  0.7799501003413895  1.471343824686632  1.3011331585111745 
17 8  -0.7868349846055229  0.29794874874373445  5.707815631296509 
17 9  3.7888540249557883  1.4881837137708924  1.316226841523311 
17 10  -2.811513672272464  2.941647820089214  7.051441833701725 
17 11  5.81353271262273  -1.1555153575745871  -0.027399360881903645 
17 12  4.113224603955866  -1.6856759828809766  6.263301621386473 
17 13  -1.111205563605601  3.4718084453956033  0.7607408514333476 
18 0  1.8606466536625852  1.9513452520644297  -7.542803705517198 
18 1  -0.293632538479927  -1.0202841810935679  1.8898829340928538 
18 2  3.4353448021320787  -1.4135671407716095  -3.688050112812597 
18 3  -1.8683306869494196  2.344628211742471  -1.9648706586117477 
18 4  -0.11346832327176526  -1.1825148045095548  -3.7231405223631056 
18 5  1.680482438454424  2.1135758754804153  -1.9297802490612401 
18 6  1.5045664774250724  -0.11274705794388762  -0.6155723078134372 
18 7  0.06244763775758566  1.0438081289147494  -5.037348463610908 
18 8  -1.5043374471893267  -0.1295869470281481  -0.6306659908255732 
18 9  3.0713515623719845  1.0606480179990099  -5.022254780598772 
18 10  -3.529016134856268  2.5141121243173314  0.7129602115796425 
18 11  5.096030250038926  -1.5830510533464697  -6.365880983003986 
18 12  3.3957221413720626  -2.113211678652859  -0.07518000073560938 
18 13  -1.8287080261894049  3.0442727496237207  -5.5777407706887345 
19 0  0.2936325384799252  1.0202841810935688  -1.889882934092853 
19 1  -1.860646653662587  -1.9513452520644288  7.542803705517199 
19 2  1.8683306869494185  -2.3446282117424704  1.9648706586117477 
19 3  -3.4353448021320796  1.41356714077161  3.688050112812597 
19 4  -1.6804824384544252  -2.1135758754804157  1.9297802490612392 
19 5  0.11346832327176393  1.1825148045095544  3.7231405223631047 
19 6  -0.06244763775758755  -1.0438081289147485  5.037348463610908 
19 7  -1.5045664774250742  0.1127470579438885  0.6155723078134367 
19 8  -3.0713515623719867  -1.060648017999009  5.022254780598772 
19 9  1.5043374471893247  0.129586947028149  0.6306659908255732 
19 10  -5.096030250038927  1.5830510533464706  6.365880983003987 
19 11  3.5290161348562665  -2.5141121243173306  -0.7129602115796414 
19 12  1.8287080261894029  -3.04427274962372  5.577740770688735 
19 13  -3.395722141372065  2.11321167865286  0.07518000073560982 
20 0  0.33485888987822077  2.003439339846439  -5.504291255903562 
20 1  -1.8194203022642914  -0.9681900933115584  3.9283953837064898 
20 2  1.909557038347714  -1.3614730529896  -1.6495376631989611 
20 3  -3.3941184507337843  2.3967222995244803  0.07364179100188828 
20 4  -1.6392560870561297  -1.1304207167275453  -1.6846280727494696 
20 5  0.15469467467005948  2.165669963262425  0.10873220055239585 
20 6  -0.02122128635929199  -0.060652970161878095  1.4229401418001988 
20 7  -1.4633401260267789  1.095902216696759  -2.998836013997272 
20 8  -3.030125210973691  -0.07749285924613858  1.4078464587880628 
20 9  1.5455637985876203  1.1127421057810194  -2.9837423309851356 
20 10  -5.054803898640632  2.566206212099341  2.7514726611932785 
20 11  3.5702424862545623  -1.5309569655644601  -4.32736853339035 
20 12  1.8699343775876984  -2.0611175908708494  1.9633324488780266 
20 13  -3.354495789973769  3.0963668374057303  -3.539228321075099 
21 0  1.8194203022642919  0.9681900933115584  -3.9283953837064898 
21 1  -0.33485888987822043  -2.003439339846439  5.504291255903562 
21 2  3.394118450733785  -2.396722299524481  -0.07364179100188917 
21 3  -1.909557038347713  1.3614730529895995  1.6495376631989602 
21 4  -0.1546946746700587  -2.165669963262426  -0.10873220055239763 
21 5  1.6392560870561304  1.130420716727544  1.6846280727494678 
21 6  1.4633401260267789  -1.095902216696759  2.9988360139972707 
21 7  0.021221286359292213  0.060652970161878095  -1.4229401418002001 
21 8  -1.54556379858762  -1.1127421057810194  2.9837423309851347 
21 9  3.0301252109736914  0.07749285924613858  -1.4078464587880637 
21 10  -3.570242486254561  1.5309569655644601  4.32736853339035 
21 11  5.054803898640633  -2.566206212099341  -2.7514726611932785 
21 12  3.3544957899737695  -3.0963668374057303  3.5392283210750985 
21 13  -1.8699343775876982  2.0611175908708494  -1.963332448878027 
22 0  3.433808169007805  2.5626607545807265  -5.295094732117518 
22 1  1.2795289768652927  -0.40896867857727104  4.137591907492533 
22 2  5.008506317477298  -0.8022516382553126  -1.4403411394129177 
22 3  -0.2951691716042  2.9559437142587677  0.28283831478793164 
22 4  1.4596931920734544  -0.571199301993258  -1.4754315489634262 
22 5  3.2536439537996436  2.724891377996712  0.3179287243384392 
22 6  3.077727992770292  0.49856844457240923  1.6321366655862422 
22 7  1.6356091531028052  1.6551236314310462  -2.7896394902112287 
22 8  0.06882406815589293  0.48172855548814875  1.6170429825741062 
22 9  4.644513077717204  1.6719635205153067  -2.7745458071990923 
22 10  -1.955854619511048  3.1254276268336283  2.960669184979322 
22 11  6.669191765384146  -0.9717355508301728  -4.118172009604307 
22 12  4.968883656717282  -1.5018961761365623  2.17252897266407 
22 13  -0.2555465108441852  3.6555882521400176  -3.3300317972890556 
23 0  -1.2795289768652927  0.4089686785772715  -4.137591907492533 
23 1  -3.433808169007805  -2.562660754580726  5.295094732117518 
23 2  0.29516917160420064  -2.9559437142587677  -0.28283831478793253 
23 3  -5.0085063174772975  0.8022516382553126  1.4403411394129169 
23 4  -3.253643953799643  -2.724891377996713  -0.317928724338441 
23 5  -1.459693192073454  0.5711993019932571  1.4754315489634244 
23 6  -1.6356091531028054  -1.6551236314310458  2.7896394902112274 
23 7  -3.077727992770292  -0.4985684445724088  -1.6321366655862435 
23 8  -4.644513077717205  -1.6719635205153063  2.7745458071990914 
23 9  -0.06882406815589315  -0.4817285554881483  -1.617042982574107 
23 10  -6.669191765384145  0.9717355508301733  4.118172009604307 
23 11  1.9558546195110487  -3.125427626833628  -2.960669184979322 
23 12  0.255546510844185  -3.655588252140017  3.330031797289055 
23 13  -4.968883656717283  1.5018961761365626  -2.1725289726640704 
24 0  5.026652056640176  -0.279601517932174  -2.1225371563181405 
24 1  2.872372864497663  -3.2512309510901716  7.3101494832919105 
24 2  6.601350205109668  -3.644513910768213  1.73221643638646 
24 3  1.2976747160281703  0.11368144174586714  3.4553958905873094 
24 4  3.0525370797058247  -3.4134615745061585  1.6971260268359516 
24 5  4.846487841432014  -0.11737089451618843  3.490486300137817 
24 6  4.670571880402663  -2.3436938279404913  4.80469424138562 
24 7  3.2284530407351757  -1.1871386410818543  0.3829180855881491 
24 8  1.6616679557882632  -2.360533717024752  4.789600558373484 
24 9  6.237356965349575  -1.1702987519975938  0.39801176860028553 
24 10  -0.3630107318786777  0.28316535432072776  6.133226760778699 
24 11  8.262035653016516  -3.8139978233430734  -0.945614433804929 
24 12  6.561727544349653  -4.344158448649463  5.345086548463447 
24 13  1.337297376788185  0.8133259796271171  -0.15747422148967782 
25 0  -2.8723728644976636  3.2512309510901716  -7.3101494832919105 
25 1  -5.026652056640176  0.279601517932174  2.122537156318141 
25 2  -1.2976747160281703  -0.11368144174586758  -3.45539589058731 
25 3  -6.601350205109668  3.6445139107682127  -1.7322164363864605 
25 4  -4.846487841432014  0.1173708945161871  -3.4904863001378184 
25 5  -3.052537079705825  3.413461574506157  -1.697126026835953 
25 6  -3.228453040735176  1.1871386410818543  -0.38291808558815 
25 7  -4.6705718804026635  2.3436938279404913  -4.80469424138562 
25 8  -6.2373569653495755  1.1702987519975938  -0.398011768600286 
25 9  -1.661667955788264  2.360533717024752  -4.789600558373484 
25 10  -8.262035653016516  3.8139978233430734  0.9456144338049297 
25 11  0.3630107318786777  -0.28316535432072776  -6.133226760778699 
25 12  -1.337297376788186  -0.8133259796271173  0.15747422148967782 
25 13  -6.561727544349654  4.344158448649463  -5.345086548463447 
26 0  -1.807722128579241  2.6306562536232163  -1.5053305006626256 
26 1  -3.962001320721753  -0.34097317953478123  7.927356138947426 
26 2  -0.23302398010974779  -0.7342561392128228  2.3494230920419747 
26 3  -5.536699469191246  3.0239392133012575  4.072602546242824 
26 4  -3.7818371055135915  -0.5032038029507682  2.3143326824914663 
26 5  -1.9878863437874024  2.792886877039202  4.107692955793332 
26 6  -2.1638023048167536  0.566563943614899  5.421900897041135 
26 7  -3.6059211444842405  1.723119130473536  1.000124741243664 
26 8  -5.172706229431153  0.5497240545306386  5.406807214028999 
26 9  -0.5970172198698416  1.7399590195577965  1.0152184242558004 
26 10  -7.197384917098094  3.193423125876118  6.750433416434214 
26 11  1.4276614677971002  -0.903740051787683  -0.32840777814941413 
26 12  -0.2726466408697634  -1.4339006770940725  5.9622932041189625 
26 13  -5.497076808431231  3.7235837511825074  0.4597324341658371 
27 0  3.9620013207217535  0.34097317953478257  -7.927356138947425 
27 1  1.8077221285792413  -2.630656253623215  1.5053305006626267 
27 2  5.536699469191246  -3.0239392133012566  -4.072602546242824 
27 3  0.23302398010974867  0.7342561392128237  -2.3494230920419747 
27 4  1.987886343787403  -2.792886877039202  -4.107692955793333 
27 5  3.781837105513592  0.5032038029507682  -2.314332682491467 
27 6  3.605921144484241  -1.7231191304735347  -1.0001247412436642 
27 7  2.163802304816754  -0.5665639436148977  -5.4219008970411355 
27 8  0.5970172198698416  -1.7399590195577952  -1.0152184242558002 
27 9  5.172706229431153  -0.5497240545306372  -5.406807214028999 
27 10  -1.4276614677970993  0.9037400517876844  0.32840777814941546 
27 11  7.197384917098095  -3.1934231258761168  -6.7504334164342135 
27 12  5.497076808431231  -3.723583751182506  -0.4597324341658364 
27 13  0.2726466408697634  1.4339006770940737  -5.9622932041189625 
28 0  -3.501310124282037  4.173891035068819  -2.2119455970906685 
28 1  -5.655589316424549  1.2022616019108214  7.220741042519383 
28 2  -1.9266119758125435  0.8089786422327798  1.642807995613932 
28 3  -7.230287464894042  4.56717399474686  3.3659874498147815 
28 4  -5.475425101216388  1.0400309784948345  1.6077175860634236 
28 5  -3.6814743394901983  4.336121658484805  3.401077859365289 
28 6  -3.8573903005195493  2.109798725060502  4.715285800613092 
28 7  -5.299509140187037  3.266353911919139  0.29350964481562114 
28 8  -6.866294225133949  2.0929588359762414  4.700192117600956 
28 9  -2.2906052155726373  3.2831938010033994  0.30860332782775757 
28 10  -8.89097291280089  4.736657907321721  6.043818320006172 
28 11  -0.2659265279056955  0.6394947296579196  -1.035022874577457 
28 12  -1.9662346365725591  0.10933410435153013  5.25567810769092 
28 13  -7.190664804134027  5.26681853262811  -0.2468826622622058 
29 0  5.655589316424548  -1.2022616019108208  -7.220741042519381 
29 1  3.5013101242820364  -4.173891035068818  2.2119455970906703 
29 2  7.230287464894042  -4.5671739947468595  -3.3659874498147806 
29 3  1.9266119758125435  -0.8089786422327796  -1.6428079956139312 
29 4  3.681474339490198  -4.336121658484805  -3.401077859365289 
29 5  5.475425101216387  -1.0400309784948352  -1.6077175860634236 
29 6  5.299509140187036  -3.266353911919138  -0.2935096448156207 
29 7  3.857390300519549  -2.109798725060501  -4.715285800613092 
29 8  2.2906052155726364  -3.2831938010033985  -0.3086033278277567 
29 9  6.866294225133948  -2.0929588359762406  -4.700192117600955 
29 10  0.2659265279056955  -0.639494729657919  1.035022874577459 
29 11  8.89097291280089  -4.73665790732172  -6.04381832000617 
29 12  7.190664804134026  -5.266818532628109  0.24688266226220712 
29 13  1.9662346365725583  -0.10933410435152968  -5.255678107690919 
30 0  -1.216491918727216  3.315808859699488  -9.15725095916565 
30 1  -3.370771110869728  0.3441794265414906  0.27543568044440114 
30 2  0.3582062297422772  -0.049103533136551025  -5.30249736646105 
30 3  -4.945469259339221  3.7090918193775293  -3.5793179122602004 
30 4  -3.1906068956615665  0.18194880312550366  -5.337587776011558 
30 5  -1.3966561339353774  3.4780394831154737  -3.544227502709693 
30 6  -1.5725720949647288  1.2517165496911709  -2.23001956146189 
30 7  -3.0146909346322155  2.408271736549808  -6.651795717259361 
30 8  -4.581476019579128  1.2348766606069104  -2.245113244474026 
30 9  -0.005787010017816563  2.4251116256340683  -6.636702034247224 
30 10  -6.606154707246069  3.87857573195239  -0.9014870420688101 
30 11  2.0188916776491252  -0.2185874457114112  -7.980328236652439 
30 12  0.3185835689822616  -0.7487480710178007  -1.689627254384062 
30 13  -4.905846598579206  4.408736357258779  -7.192188024337188 
31 0  3.370771110869728  -0.3441794265414888  -0.2754356804444005 
31 1  1.216491918727216  -3.3158088596994864  9.157250959165651 
31 2  4.945469259339221  -3.709091819377528  3.5793179122602004 
31 3  -0.35820622974227656  0.04910353313655236  5.30249736646105 
31 4  1.3966561339353778  -3.4780394831154733  3.544227502709692 
31 5  3.190606895661567  -0.1819488031255032  5.337587776011557 
31 6  3.0146909346322155  -2.408271736549806  6.65179571725936 
31 7  1.5725720949647286  -1.251716549691169  2.230019561461889 
31 8  0.005787010017816341  -2.4251116256340666  6.636702034247224 
31 9  4.581476019579128  -1.2348766606069086  2.245113244474026 
31 10  -2.0188916776491244  0.21858744571141298  7.98032823665244 
31 11  6.60615470724607  -3.878575731952388  0.901487042068811 
31 12  4.905846598579206  -4.408736357258777  7.192188024337188 
31 13  -0.3185835689822618  0.7487480710178023  1.6896272543840622 
32 0  1.654410786218634  -1.5565720827959693  -6.8015788900804335 
32 1  -0.49986840592387827  -4.528201515953967  2.631107749529618 
32 2  3.229108934688127  -4.921484475632008  -2.946825297375833 
32 3  -2.074566554393371  -1.163289123117928  -1.2236458431749835 
32 4  -0.31970419071571654  -4.690432139369953  -2.9819157069263413 
32 5  1.4742465710104726  -1.3943414593799837  -1.188555433624476 
32 6  1.2983306099811212  -3.6206643928042865  0.12565250762332703 
32 7  -0.14378822968636562  -2.4641092059456495  -4.296123648174143 
32 8  -1.710573314633278  -3.637504281888547  0.11055882461119104 
32 9  2.8651156949280336  -2.447269316861389  -4.281029965162007 
32 10  -3.7352520023002187  -0.9938052105430675  1.4541850270164067 
32 11  4.8897943825949755  -5.090968388206869  -5.624656167567222 
32 12  3.189486273928112  -5.621129013513258  0.6660448147011548 
32 13  -2.034943893633356  -0.4636445852366782  -4.83651595525197 
33 0  0.49986840592387827  4.528201515953967  -2.6311077495296167 
33 1  -1.654410786218634  1.5565720827959695  6.801578890080435 
33 2  2.0745665543933716  1.1632891231179279  1.223645843174984 
33 3  -3.2291089346881265  4.921484475632008  2.9468252973758333 
33 4  -1.4742465710104722  1.3943414593799826  1.1885554336244755 
33 5  0.319704190715717  4.690432139369952  2.981915706926341 
33 6  0.1437882296863655  2.4641092059456495  4.296123648174143 
33 7  -1.2983306099811212  3.6206643928042865  -0.12565250762332703 
33 8  -2.8651156949280336  2.447269316861389  4.281029965162007 
33 9  1.7105733146332778  3.637504281888547  -0.1105588246111906 
33 10  -4.889794382594975  5.090968388206869  5.624656167567224 
33 11  3.7352520023002196  0.9938052105430677  -1.4541850270164052 
33 12  2.034943893633356  0.4636445852366782  4.836515955251972 
33 13  -3.189486273928112  5.621129013513258  -0.666044814701154 