 8.416  0  0  5.153313730812063e-16  8.416  0  5.153313730812063e-16  0.0  8.416 
5
0 24  3.198080000000001  7.40608  7.40608 
0 25  1.0940800000000006  3.1139200000000002  5.30208 
0 26  1.0099200000000006  7.40608  5.21792 
0 27  3.19808  1.00992  1.00992 
0 28  3.1139200000000007  1.0940800000000002  5.30208 
0 29  3.1139200000000007  3.1139200000000002  7.32192 
0 30  1.0940800000000006  1.0940800000000002  7.32192 
0 31  1.0099200000000002  1.00992  3.19808 
0 32  3.19808  3.19808  3.19808 
0 33  1.0940800000000006  7.32192  1.0940800000000002 
0 34  1.0099200000000002  3.19808  1.00992 
0 35  3.198080000000001  5.21792  5.21792 
0 36  3.1139200000000007  5.30208  1.0940800000000002 
0 37  3.1139200000000007  7.32192  3.1139200000000002 
0 38  1.0940800000000006  5.30208  3.1139200000000002 
0 39  1.0099200000000006  5.21792  7.40608 
0 40  7.406080000000001  7.40608  3.19808 
0 41  5.30208  3.1139200000000002  1.0940800000000002 
0 42  5.217920000000001  7.40608  1.00992 
0 43  7.40608  1.00992  5.21792 
0 44  7.32192  1.0940800000000002  1.0940800000000002 
0 45  7.32192  3.1139200000000002  3.1139200000000002 
0 46  5.30208  1.0940800000000002  3.1139200000000002 
0 47  5.217920000000001  1.00992  7.40608 
0 48  7.406080000000001  3.19808  7.40608 
0 49  5.302080000000001  7.32192  5.30208 
0 50  5.21792  3.19808  5.21792 
0 51  7.40608  5.21792  1.00992 
0 52  7.32192  5.30208  5.30208 
0 53  7.321920000000002  7.32192  7.32192 
0 54  5.302080000000001  5.30208  7.32192 
0 55  5.21792  5.21792  3.19808 
1 24  1.09408  1.09408  1.09408 
1 25  -1.0099200000000004  -3.19808  -1.0099200000000002 
1 26  -1.0940800000000004  1.09408  -1.09408 
1 27  1.094079999999999  -5.30208  -5.30208 
1 28  1.0099199999999997  -5.21792  -1.0099200000000002 
1 29  1.0099199999999997  -3.19808  1.0099200000000002 
1 30  -1.0099200000000004  -5.21792  1.0099200000000002 
1 31  -1.0940800000000008  -5.30208  -3.1139200000000002 
1 32  1.094079999999999  -3.1139200000000002  -3.1139200000000002 
1 33  -1.0099200000000004  1.0099200000000002  -5.21792 
1 34  -1.0940800000000008  -3.1139200000000002  -5.30208 
1 35  1.09408  -1.09408  -1.09408 
1 36  1.0099199999999997  -1.0099200000000002  -5.21792 
1 37  1.0099199999999997  1.0099200000000002  -3.19808 
1 38  -1.0099200000000004  -1.0099200000000002  -3.19808 
1 39  -1.0940800000000004  -1.09408  1.09408 
1 40  5.30208  1.09408  -3.1139200000000002 
1 41  3.198079999999999  -3.19808  -5.21792 
1 42  3.1139200000000002  1.09408  -5.30208 
1 43  5.302079999999999  -5.30208  -1.09408 
1 44  5.2179199999999994  -5.21792  -5.21792 
1 45  5.2179199999999994  -3.19808  -3.19808 
1 46  3.198079999999999  -5.21792  -3.19808 
1 47  3.1139200000000002  -5.30208  1.09408 
1 48  5.30208  -3.1139200000000002  1.09408 
1 49  3.19808  1.0099200000000002  -1.0099200000000002 
1 50  3.1139199999999994  -3.1139200000000002  -1.09408 
1 51  5.302079999999999  -1.09408  -5.30208 
1 52  5.2179199999999994  -1.0099200000000002  -1.0099200000000002 
1 53  5.217920000000001  1.0099200000000002  1.0099200000000002 
1 54  3.19808  -1.0099200000000002  1.0099200000000002 
1 55  3.1139199999999994  -1.09408  -3.1139200000000002 
2 24  3.1980800000000005  3.19808  3.19808 
2 25  1.0940800000000002  -1.09408  1.09408 
2 26  1.0099200000000002  3.19808  1.0099200000000002 
2 27  3.1980799999999996  -3.19808  -3.19808 
2 28  3.1139200000000002  -3.1139200000000002  1.09408 
2 29  3.1139200000000002  -1.09408  3.1139200000000002 
2 30  1.0940800000000002  -3.1139200000000002  3.1139200000000002 
2 31  1.0099199999999997  -3.19808  -1.0099200000000002 
2 32  3.1980799999999996  -1.0099200000000002  -1.0099200000000002 
2 33  1.0940800000000002  3.1139200000000002  -3.1139200000000002 
2 34  1.0099199999999997  -1.0099200000000002  -3.19808 
2 35  3.1980800000000005  1.0099200000000002  1.0099200000000002 
2 36  3.1139200000000002  1.09408  -3.1139200000000002 
2 37  3.1139200000000002  3.1139200000000002  -1.09408 
2 38  1.0940800000000002  1.09408  -1.09408 
2 39  1.0099200000000002  1.0099200000000002  3.19808 
2 40  7.40608  3.19808  -1.0099200000000002 
2 41  5.302079999999999  -1.09408  -3.1139200000000002 
2 42  5.21792  3.19808  -3.19808 
2 43  7.406079999999999  -3.19808  1.0099200000000002 
2 44  7.3219199999999995  -3.1139200000000002  -3.1139200000000002 
2 45  7.3219199999999995  -1.09408  -1.09408 
2 46  5.302079999999999  -3.1139200000000002  -1.09408 
2 47  5.21792  -3.19808  3.19808 
2 48  7.40608  -1.0099200000000002  3.19808 
2 49  5.30208  3.1139200000000002  1.09408 
2 50  5.2179199999999994  -1.0099200000000002  1.0099200000000002 
2 51  7.406079999999999  1.0099200000000002  -3.19808 
2 52  7.3219199999999995  1.09408  1.09408 
2 53  7.321920000000001  3.1139200000000002  3.1139200000000002 
2 54  5.30208  1.09408  3.1139200000000002 
2 55  5.2179199999999994  1.0099200000000002  -1.0099200000000002 
3 24  1.0940800000000008  5.30208  5.30208 
3 25  -1.0099199999999995  1.0099200000000002  3.19808 
3 26  -1.0940799999999995  5.30208  3.1139200000000002 
3 27  1.09408  -1.0940800000000002  -1.0940800000000002 
3 28  1.0099200000000006  -1.00992  3.19808 
3 29  1.0099200000000006  1.0099200000000002  5.21792 
3 30  -1.0099199999999995  -1.00992  5.21792 
3 31  -1.09408  -1.0940800000000002  1.09408 
3 32  1.09408  1.09408  1.09408 
3 33  -1.0099199999999995  5.21792  -1.00992 
3 34  -1.09408  1.09408  -1.0940800000000002 
3 35  1.0940800000000008  3.1139200000000002  3.1139200000000002 
3 36  1.0099200000000006  3.19808  -1.00992 
3 37  1.0099200000000006  5.21792  1.0099200000000002 
3 38  -1.0099199999999995  3.19808  1.0099200000000002 
3 39  -1.0940799999999995  3.1139200000000002  5.30208 
3 40  5.302080000000001  5.30208  1.09408 
3 41  3.19808  1.0099200000000002  -1.00992 
3 42  3.113920000000001  5.30208  -1.0940800000000002 
3 43  5.30208  -1.0940800000000002  3.1139200000000002 
3 44  5.21792  -1.00992  -1.00992 
3 45  5.21792  1.0099200000000002  1.0099200000000002 
3 46  3.19808  -1.00992  1.0099200000000002 
3 47  3.113920000000001  -1.0940800000000002  5.30208 
3 48  5.302080000000001  1.09408  5.30208 
3 49  3.198080000000001  5.21792  3.19808 
3 50  3.1139200000000002  1.09408  3.1139200000000002 
3 51  5.30208  3.1139200000000002  -1.0940800000000002 
3 52  5.21792  3.19808  3.19808 
3 53  5.217920000000002  5.21792  5.21792 
3 54  3.198080000000001  3.19808  5.21792 
3 55  3.1139200000000002  3.1139200000000002  1.09408 
4 24  -1.0099199999999993  7.40608  3.19808 
4 25  -3.1139199999999994  3.1139200000000002  1.09408 
4 26  -3.1980799999999996  7.40608  1.0099200000000002 
4 27  -1.0099200000000002  1.00992  -3.19808 
4 28  -1.0940799999999995  1.0940800000000002  1.09408 
4 29  -1.0940799999999995  3.1139200000000002  3.1139200000000002 
4 30  -3.1139199999999994  1.0940800000000002  3.1139200000000002 
4 31  -3.19808  1.00992  -1.0099200000000002 
4 32  -1.0099200000000002  3.19808  -1.0099200000000002 
4 33  -3.1139199999999994  7.32192  -3.1139200000000002 
4 34  -3.19808  3.19808  -3.19808 
4 35  -1.0099199999999993  5.21792  1.0099200000000002 
4 36  -1.0940799999999995  5.30208  -3.1139200000000002 
4 37  -1.0940799999999995  7.32192  -1.09408 
4 38  -3.1139199999999994  5.30208  -1.09408 
4 39  -3.1980799999999996  5.21792  3.19808 
4 40  3.198080000000001  7.40608  -1.0099200000000002 
4 41  1.09408  3.1139200000000002  -3.1139200000000002 
4 42  1.009920000000001  7.40608  -3.19808 
4 43  3.19808  1.00992  1.0099200000000002 
4 44  3.1139200000000002  1.0940800000000002  -3.1139200000000002 
4 45  3.1139200000000002  3.1139200000000002  -1.09408 
4 46  1.09408  1.0940800000000002  -1.09408 
4 47  1.009920000000001  1.00992  3.19808 
4 48  3.198080000000001  3.19808  3.19808 
4 49  1.0940800000000008  7.32192  1.09408 
4 50  1.0099200000000002  3.19808  1.0099200000000002 
4 51  3.19808  5.21792  -3.19808 
4 52  3.1139200000000002  5.30208  1.09408 
4 53  3.113920000000002  7.32192  3.1139200000000002 
4 54  1.0940800000000008  5.30208  3.1139200000000002 
4 55  1.0099200000000002  5.21792  -1.0099200000000002 
5 24  -3.1139199999999994  1.09408  5.30208 
5 25  -5.2179199999999994  -3.19808  3.19808 
5 26  -5.30208  1.09408  3.1139200000000002 
5 27  -3.1139200000000002  -5.30208  -1.0940800000000002 
5 28  -3.1980799999999996  -5.21792  3.19808 
5 29  -3.1980799999999996  -3.19808  5.21792 
5 30  -5.2179199999999994  -5.21792  5.21792 
5 31  -5.30208  -5.30208  1.09408 
5 32  -3.1139200000000002  -3.1139200000000002  1.09408 
5 33  -5.2179199999999994  1.0099200000000002  -1.00992 
5 34  -5.30208  -3.1139200000000002  -1.0940800000000002 
5 35  -3.1139199999999994  -1.09408  3.1139200000000002 
5 36  -3.1980799999999996  -1.0099200000000002  -1.00992 
5 37  -3.1980799999999996  1.0099200000000002  1.0099200000000002 
5 38  -5.2179199999999994  -1.0099200000000002  1.0099200000000002 
5 39  -5.30208  -1.09408  5.30208 
5 40  1.0940800000000008  1.09408  1.09408 
5 41  -1.0099200000000002  -3.19808  -1.00992 
5 42  -1.094079999999999  1.09408  -1.0940800000000002 
5 43  1.09408  -5.30208  3.1139200000000002 
5 44  1.0099200000000002  -5.21792  -1.00992 
5 45  1.0099200000000002  -3.19808  1.0099200000000002 
5 46  -1.0099200000000002  -5.21792  1.0099200000000002 
5 47  -1.094079999999999  -5.30208  5.30208 
5 48  1.0940800000000008  -3.1139200000000002  5.30208 
5 49  -1.0099199999999993  1.0099200000000002  3.19808 
5 50  -1.09408  -3.1139200000000002  3.1139200000000002 
5 51  1.09408  -1.09408  -1.0940800000000002 
5 52  1.0099200000000002  -1.0099200000000002  3.19808 
5 53  1.009920000000002  1.0099200000000002  5.21792 
5 54  -1.0099199999999993  -1.0099200000000002  5.21792 
5 55  -1.09408  -1.09408  1.09408 
6 24  -1.0099199999999993  3.19808  7.40608 
6 25  -3.1139199999999994  -1.09408  5.30208 
6 26  -3.1980799999999996  3.19808  5.21792 
6 27  -1.0099200000000002  -3.19808  1.00992 
6 28  -1.0940799999999995  -3.1139200000000002  5.30208 
6 29  -1.0940799999999995  -1.09408  7.32192 
6 30  -3.1139199999999994  -3.1139200000000002  7.32192 
6 31  -3.19808  -3.19808  3.19808 
6 32  -1.0099200000000002  -1.0099200000000002  3.19808 
6 33  -3.1139199999999994  3.1139200000000002  1.0940800000000002 
6 34  -3.19808  -1.0099200000000002  1.00992 
6 35  -1.0099199999999993  1.0099200000000002  5.21792 
6 36  -1.0940799999999995  1.09408  1.0940800000000002 
6 37  -1.0940799999999995  3.1139200000000002  3.1139200000000002 
6 38  -3.1139199999999994  1.09408  3.1139200000000002 
6 39  -3.1980799999999996  1.0099200000000002  7.40608 
6 40  3.198080000000001  3.19808  3.19808 
6 41  1.09408  -1.09408  1.0940800000000002 
6 42  1.009920000000001  3.19808  1.00992 
6 43  3.19808  -3.19808  5.21792 
6 44  3.1139200000000002  -3.1139200000000002  1.0940800000000002 
6 45  3.1139200000000002  -1.09408  3.1139200000000002 
6 46  1.09408  -3.1139200000000002  3.1139200000000002 
6 47  1.009920000000001  -3.19808  7.40608 
6 48  3.198080000000001  -1.0099200000000002  7.40608 
6 49  1.0940800000000008  3.1139200000000002  5.30208 
6 50  1.0099200000000002  -1.0099200000000002  5.21792 
6 51  3.19808  1.0099200000000002  1.00992 
6 52  3.1139200000000002  1.09408  5.30208 
6 53  3.113920000000002  3.1139200000000002  7.32192 
6 54  1.0940800000000008  1.09408  7.32192 
6 55  1.0099200000000002  1.0099200000000002  3.19808 
7 24  -3.1139199999999994  5.30208  1.09408 
7 25  -5.2179199999999994  1.0099200000000002  -1.0099200000000002 
7 26  -5.30208  5.30208  -1.09408 
7 27  -3.1139200000000002  -1.0940800000000002  -5.30208 
7 28  -3.1980799999999996  -1.00992  -1.0099200000000002 
7 29  -3.1980799999999996  1.0099200000000002  1.0099200000000002 
7 30  -5.2179199999999994  -1.00992  1.0099200000000002 
7 31  -5.30208  -1.0940800000000002  -3.1139200000000002 
7 32  -3.1139200000000002  1.09408  -3.1139200000000002 
7 33  -5.2179199999999994  5.21792  -5.21792 
7 34  -5.30208  1.09408  -5.30208 
7 35  -3.1139199999999994  3.1139200000000002  -1.09408 
7 36  -3.1980799999999996  3.19808  -5.21792 
7 37  -3.1980799999999996  5.21792  -3.19808 
7 38  -5.2179199999999994  3.19808  -3.19808 
7 39  -5.30208  3.1139200000000002  1.09408 
7 40  1.0940800000000008  5.30208  -3.1139200000000002 
7 41  -1.0099200000000002  1.0099200000000002  -5.21792 
7 42  -1.094079999999999  5.30208  -5.30208 
7 43  1.09408  -1.0940800000000002  -1.09408 
7 44  1.0099200000000002  -1.00992  -5.21792 
7 45  1.0099200000000002  1.0099200000000002  -3.19808 
7 46  -1.0099200000000002  -1.00992  -3.19808 
7 47  -1.094079999999999  -1.0940800000000002  1.09408 
7 48  1.0940800000000008  1.09408  1.09408 
7 49  -1.0099199999999993  5.21792  -1.0099200000000002 
7 50  -1.09408  1.09408  -1.09408 
7 51  1.09408  3.1139200000000002  -5.30208 
7 52  1.0099200000000002  3.19808  -1.0099200000000002 
7 53  1.009920000000002  5.21792  1.0099200000000002 
7 54  -1.0099199999999993  3.19808  1.0099200000000002 
7 55  -1.09408  3.1139200000000002  -3.1139200000000002 
8 24  2.1460800000000004  6.35408  2.1460800000000004 
8 25  0.04208000000000034  2.06192  0.04208000000000034 
8 26  -0.04207999999999967  6.35408  -0.04207999999999945 
8 27  2.1460799999999995  -0.04208000000000012  -4.25008 
8 28  2.0619200000000006  0.04208000000000012  0.04208000000000034 
8 29  2.0619200000000006  2.06192  2.0619200000000006 
8 30  0.04208000000000034  0.04208000000000012  2.0619200000000006 
8 31  -0.04208000000000012  -0.04208000000000012  -2.0619199999999998 
8 32  2.1460799999999995  2.14608  -2.0619199999999998 
8 33  0.04208000000000034  6.269920000000001  -4.16592 
8 34  -0.04208000000000012  2.14608  -4.25008 
8 35  2.1460800000000004  4.16592  -0.04207999999999945 
8 36  2.0619200000000006  4.2500800000000005  -4.16592 
8 37  2.0619200000000006  6.269920000000001  -2.1460799999999995 
8 38  0.04208000000000034  4.2500800000000005  -2.1460799999999995 
8 39  -0.04207999999999967  4.16592  2.1460800000000004 
8 40  6.354080000000001  6.35408  -2.0619199999999998 
8 41  4.25008  2.06192  -4.16592 
8 42  4.165920000000001  6.35408  -4.25008 
8 43  6.35408  -0.04208000000000012  -0.04207999999999945 
8 44  6.26992  0.04208000000000012  -4.16592 
8 45  6.26992  2.06192  -2.1460799999999995 
8 46  4.25008  0.04208000000000012  -2.1460799999999995 
8 47  4.165920000000001  -0.04208000000000012  2.1460800000000004 
8 48  6.354080000000001  2.14608  2.1460800000000004 
8 49  4.2500800000000005  6.269920000000001  0.04208000000000034 
8 50  4.16592  2.14608  -0.04207999999999945 
8 51  6.35408  4.16592  -4.25008 
8 52  6.26992  4.2500800000000005  0.04208000000000034 
8 53  6.269920000000002  6.269920000000001  2.0619200000000006 
8 54  4.2500800000000005  4.2500800000000005  2.0619200000000006 
8 55  4.16592  4.16592  -2.0619199999999998 
9 24  0.04208000000000034  6.35408  0.04207999999999945 
9 25  -2.0619199999999998  2.06192  -2.0619200000000006 
9 26  -2.14608  6.35408  -2.1460800000000004 
9 27  0.04207999999999945  -0.04208000000000012  -6.354080000000001 
9 28  -0.042079999999999895  0.04208000000000012  -2.0619200000000006 
9 29  -0.042079999999999895  2.06192  -0.04208000000000034 
9 30  -2.0619199999999998  0.04208000000000012  -0.04208000000000034 
9 31  -2.1460800000000004  -0.04208000000000012  -4.165920000000001 
9 32  0.04207999999999945  2.14608  -4.165920000000001 
9 33  -2.0619199999999998  6.269920000000001  -6.269920000000001 
9 34  -2.1460800000000004  2.14608  -6.354080000000001 
9 35  0.04208000000000034  4.16592  -2.1460800000000004 
9 36  -0.042079999999999895  4.2500800000000005  -6.269920000000001 
9 37  -0.042079999999999895  6.269920000000001  -4.2500800000000005 
9 38  -2.0619199999999998  4.2500800000000005  -4.2500800000000005 
9 39  -2.14608  4.16592  0.04207999999999945 
9 40  4.2500800000000005  6.35408  -4.165920000000001 
9 41  2.1460799999999995  2.06192  -6.269920000000001 
9 42  2.0619200000000006  6.35408  -6.354080000000001 
9 43  4.25008  -0.04208000000000012  -2.1460800000000004 
9 44  4.16592  0.04208000000000012  -6.269920000000001 
9 45  4.16592  2.06192  -4.2500800000000005 
9 46  2.1460799999999995  0.04208000000000012  -4.2500800000000005 
9 47  2.0619200000000006  -0.04208000000000012  0.04207999999999945 
9 48  4.2500800000000005  2.14608  0.04207999999999945 
9 49  2.1460800000000004  6.269920000000001  -2.0619200000000006 
9 50  2.0619199999999998  2.14608  -2.1460800000000004 
9 51  4.25008  4.16592  -6.354080000000001 
9 52  4.16592  4.2500800000000005  -2.0619200000000006 
9 53  4.165920000000002  6.269920000000001  -0.04208000000000034 
9 54  2.1460800000000004  4.2500800000000005  -0.04208000000000034 
9 55  2.0619199999999998  4.16592  -4.165920000000001 
10 24  2.1460800000000004  0.04207999999999945  4.2500800000000005 
10 25  0.042079999999999895  -4.2500800000000005  2.14608 
10 26  -0.04208000000000012  0.04207999999999945  2.06192 
10 27  2.1460799999999995  -6.354080000000001  -2.1460800000000004 
10 28  2.0619199999999998  -6.269920000000001  2.14608 
10 29  2.0619199999999998  -4.2500800000000005  4.16592 
10 30  0.042079999999999895  -6.269920000000001  4.16592 
10 31  -0.04208000000000056  -6.354080000000001  0.042079999999999895 
10 32  2.1460799999999995  -4.165920000000001  0.042079999999999895 
10 33  0.042079999999999895  -0.04208000000000034  -2.0619199999999998 
10 34  -0.04208000000000056  -4.165920000000001  -2.1460800000000004 
10 35  2.1460800000000004  -2.1460800000000004  2.06192 
10 36  2.0619199999999998  -2.0619200000000006  -2.0619199999999998 
10 37  2.0619199999999998  -0.04208000000000034  -0.042079999999999895 
10 38  0.042079999999999895  -2.0619200000000006  -0.042079999999999895 
10 39  -0.04208000000000012  -2.1460800000000004  4.2500800000000005 
10 40  6.354080000000001  0.04207999999999945  0.042079999999999895 
10 41  4.25008  -4.2500800000000005  -2.0619199999999998 
10 42  4.165920000000001  0.04207999999999945  -2.1460800000000004 
10 43  6.35408  -6.354080000000001  2.06192 
10 44  6.26992  -6.269920000000001  -2.0619199999999998 
10 45  6.26992  -4.2500800000000005  -0.042079999999999895 
10 46  4.25008  -6.269920000000001  -0.042079999999999895 
10 47  4.165920000000001  -6.354080000000001  4.2500800000000005 
10 48  6.354080000000001  -4.165920000000001  4.2500800000000005 
10 49  4.2500800000000005  -0.04208000000000034  2.14608 
10 50  4.16592  -4.165920000000001  2.06192 
10 51  6.35408  -2.1460800000000004  -2.1460800000000004 
10 52  6.26992  -2.0619200000000006  2.14608 
10 53  6.269920000000002  -0.04208000000000034  4.16592 
10 54  4.2500800000000005  -2.0619200000000006  4.16592 
10 55  4.16592  -2.1460800000000004  0.042079999999999895 
11 24  0.04208000000000034  0.04207999999999945  6.35408 
11 25  -2.0619199999999998  -4.2500800000000005  4.2500800000000005 
11 26  -2.14608  0.04207999999999945  4.16592 
11 27  0.04207999999999945  -6.354080000000001  -0.04208000000000012 
11 28  -0.042079999999999895  -6.269920000000001  4.2500800000000005 
11 29  -0.042079999999999895  -4.2500800000000005  6.269920000000001 
11 30  -2.0619199999999998  -6.269920000000001  6.269920000000001 
11 31  -2.1460800000000004  -6.354080000000001  2.14608 
11 32  0.04207999999999945  -4.165920000000001  2.14608 
11 33  -2.0619199999999998  -0.04208000000000034  0.04208000000000012 
11 34  -2.1460800000000004  -4.165920000000001  -0.04208000000000012 
11 35  0.04208000000000034  -2.1460800000000004  4.16592 
11 36  -0.042079999999999895  -2.0619200000000006  0.04208000000000012 
11 37  -0.042079999999999895  -0.04208000000000034  2.06192 
11 38  -2.0619199999999998  -2.0619200000000006  2.06192 
11 39  -2.14608  -2.1460800000000004  6.35408 
11 40  4.2500800000000005  0.04207999999999945  2.14608 
11 41  2.1460799999999995  -4.2500800000000005  0.04208000000000012 
11 42  2.0619200000000006  0.04207999999999945  -0.04208000000000012 
11 43  4.25008  -6.354080000000001  4.16592 
11 44  4.16592  -6.269920000000001  0.04208000000000012 
11 45  4.16592  -4.2500800000000005  2.06192 
11 46  2.1460799999999995  -6.269920000000001  2.06192 
11 47  2.0619200000000006  -6.354080000000001  6.35408 
11 48  4.2500800000000005  -4.165920000000001  6.35408 
11 49  2.1460800000000004  -0.04208000000000034  4.2500800000000005 
11 50  2.0619199999999998  -4.165920000000001  4.16592 
11 51  4.25008  -2.1460800000000004  -0.04208000000000012 
11 52  4.16592  -2.0619200000000006  4.2500800000000005 
11 53  4.165920000000002  -0.04208000000000034  6.269920000000001 
11 54  2.1460800000000004  -2.0619200000000006  6.269920000000001 
11 55  2.0619199999999998  -2.1460800000000004  2.14608 
12 24  2.1460800000000004  2.1460800000000004  6.35408 
12 25  0.04208000000000034  -2.1460799999999995  4.2500800000000005 
12 26  -0.04207999999999967  2.1460800000000004  4.16592 
12 27  2.1460799999999995  -4.25008  -0.04208000000000012 
12 28  2.0619200000000006  -4.16592  4.2500800000000005 
12 29  2.0619200000000006  -2.1460799999999995  6.269920000000001 
12 30  0.04208000000000034  -4.16592  6.269920000000001 
12 31  -0.04208000000000012  -4.25008  2.14608 
12 32  2.1460799999999995  -2.0619199999999998  2.14608 
12 33  0.04208000000000034  2.0619200000000006  0.04208000000000012 
12 34  -0.04208000000000012  -2.0619199999999998  -0.04208000000000012 
12 35  2.1460800000000004  -0.04207999999999945  4.16592 
12 36  2.0619200000000006  0.04208000000000034  0.04208000000000012 
12 37  2.0619200000000006  2.0619200000000006  2.06192 
12 38  0.04208000000000034  0.04208000000000034  2.06192 
12 39  -0.04207999999999967  -0.04207999999999945  6.35408 
12 40  6.354080000000001  2.1460800000000004  2.14608 
12 41  4.25008  -2.1460799999999995  0.04208000000000012 
12 42  4.165920000000001  2.1460800000000004  -0.04208000000000012 
12 43  6.35408  -4.25008  4.16592 
12 44  6.26992  -4.16592  0.04208000000000012 
12 45  6.26992  -2.1460799999999995  2.06192 
12 46  4.25008  -4.16592  2.06192 
12 47  4.165920000000001  -4.25008  6.35408 
12 48  6.354080000000001  -2.0619199999999998  6.35408 
12 49  4.2500800000000005  2.0619200000000006  4.2500800000000005 
12 50  4.16592  -2.0619199999999998  4.16592 
12 51  6.35408  -0.04207999999999945  -0.04208000000000012 
12 52  6.26992  0.04208000000000034  4.2500800000000005 
12 53  6.269920000000002  2.0619200000000006  6.269920000000001 
12 54  4.2500800000000005  0.04208000000000034  6.269920000000001 
12 55  4.16592  -0.04207999999999945  2.14608 
13 24  0.04208000000000034  2.1460800000000004  4.2500800000000005 
13 25  -2.0619199999999998  -2.1460799999999995  2.14608 
13 26  -2.14608  2.1460800000000004  2.06192 
13 27  0.04207999999999945  -4.25008  -2.1460800000000004 
13 28  -0.042079999999999895  -4.16592  2.14608 
13 29  -0.042079999999999895  -2.1460799999999995  4.16592 
13 30  -2.0619199999999998  -4.16592  4.16592 
13 31  -2.1460800000000004  -4.25008  0.042079999999999895 
13 32  0.04207999999999945  -2.0619199999999998  0.042079999999999895 
13 33  -2.0619199999999998  2.0619200000000006  -2.0619199999999998 
13 34  -2.1460800000000004  -2.0619199999999998  -2.1460800000000004 
13 35  0.04208000000000034  -0.04207999999999945  2.06192 
13 36  -0.042079999999999895  0.04208000000000034  -2.0619199999999998 
13 37  -0.042079999999999895  2.0619200000000006  -0.042079999999999895 
13 38  -2.0619199999999998  0.04208000000000034  -0.042079999999999895 
13 39  -2.14608  -0.04207999999999945  4.2500800000000005 
13 40  4.2500800000000005  2.1460800000000004  0.042079999999999895 
13 41  2.1460799999999995  -2.1460799999999995  -2.0619199999999998 
13 42  2.0619200000000006  2.1460800000000004  -2.1460800000000004 
13 43  4.25008  -4.25008  2.06192 
13 44  4.16592  -4.16592  -2.0619199999999998 
13 45  4.16592  -2.1460799999999995  -0.042079999999999895 
13 46  2.1460799999999995  -4.16592  -0.042079999999999895 
13 47  2.0619200000000006  -4.25008  4.2500800000000005 
13 48  4.2500800000000005  -2.0619199999999998  4.2500800000000005 
13 49  2.1460800000000004  2.0619200000000006  2.14608 
13 50  2.0619199999999998  -2.0619199999999998  2.06192 
13 51  4.25008  -0.04207999999999945  -2.1460800000000004 
13 52  4.16592  0.04208000000000034  2.14608 
13 53  4.165920000000002  2.0619200000000006  4.16592 
13 54  2.1460800000000004  0.04208000000000034  4.16592 
13 55  2.0619199999999998  -0.04207999999999945  0.042079999999999895 
14 24  2.1460800000000004  4.2500800000000005  0.04207999999999945 
14 25  0.042079999999999895  -0.042079999999999895  -2.0619200000000006 
14 26  -0.04208000000000012  4.2500800000000005  -2.1460800000000004 
14 27  2.1460799999999995  -2.1460800000000004  -6.354080000000001 
14 28  2.0619199999999998  -2.0619199999999998  -2.0619200000000006 
14 29  2.0619199999999998  -0.042079999999999895  -0.04208000000000034 
14 30  0.042079999999999895  -2.0619199999999998  -0.04208000000000034 
14 31  -0.04208000000000056  -2.1460800000000004  -4.165920000000001 
14 32  2.1460799999999995  0.042079999999999895  -4.165920000000001 
14 33  0.042079999999999895  4.16592  -6.269920000000001 
14 34  -0.04208000000000056  0.042079999999999895  -6.354080000000001 
14 35  2.1460800000000004  2.06192  -2.1460800000000004 
14 36  2.0619199999999998  2.14608  -6.269920000000001 
14 37  2.0619199999999998  4.16592  -4.2500800000000005 
14 38  0.042079999999999895  2.14608  -4.2500800000000005 
14 39  -0.04208000000000012  2.06192  0.04207999999999945 
14 40  6.354080000000001  4.2500800000000005  -4.165920000000001 
14 41  4.25008  -0.042079999999999895  -6.269920000000001 
14 42  4.165920000000001  4.2500800000000005  -6.354080000000001 
14 43  6.35408  -2.1460800000000004  -2.1460800000000004 
14 44  6.26992  -2.0619199999999998  -6.269920000000001 
14 45  6.26992  -0.042079999999999895  -4.2500800000000005 
14 46  4.25008  -2.0619199999999998  -4.2500800000000005 
14 47  4.165920000000001  -2.1460800000000004  0.04207999999999945 
14 48  6.354080000000001  0.042079999999999895  0.04207999999999945 
14 49  4.2500800000000005  4.16592  -2.0619200000000006 
14 50  4.16592  0.042079999999999895  -2.1460800000000004 
14 51  6.35408  2.06192  -6.354080000000001 
14 52  6.26992  2.14608  -2.0619200000000006 
14 53  6.269920000000002  4.16592  -0.04208000000000034 
14 54  4.2500800000000005  2.14608  -0.04208000000000034 
14 55  4.16592  2.06192  -4.165920000000001 
15 24  0.04208000000000034  4.2500800000000005  2.1460800000000004 
15 25  -2.0619199999999998  -0.042079999999999895  0.04208000000000034 
15 26  -2.14608  4.2500800000000005  -0.04207999999999945 
15 27  0.04207999999999945  -2.1460800000000004  -4.25008 
15 28  -0.042079999999999895  -2.0619199999999998  0.04208000000000034 
15 29  -0.042079999999999895  -0.042079999999999895  2.0619200000000006 
15 30  -2.0619199999999998  -2.0619199999999998  2.0619200000000006 
15 31  -2.1460800000000004  -2.1460800000000004  -2.0619199999999998 
15 32  0.04207999999999945  0.042079999999999895  -2.0619199999999998 
15 33  -2.0619199999999998  4.16592  -4.16592 
15 34  -2.1460800000000004  0.042079999999999895  -4.25008 
15 35  0.04208000000000034  2.06192  -0.04207999999999945 
15 36  -0.042079999999999895  2.14608  -4.16592 
15 37  -0.042079999999999895  4.16592  -2.1460799999999995 
15 38  -2.0619199999999998  2.14608  -2.1460799999999995 
15 39  -2.14608  2.06192  2.1460800000000004 
15 40  4.2500800000000005  4.2500800000000005  -2.0619199999999998 
15 41  2.1460799999999995  -0.042079999999999895  -4.16592 
15 42  2.0619200000000006  4.2500800000000005  -4.25008 
15 43  4.25008  -2.1460800000000004  -0.04207999999999945 
15 44  4.16592  -2.0619199999999998  -4.16592 
15 45  4.16592  -0.042079999999999895  -2.1460799999999995 
15 46  2.1460799999999995  -2.0619199999999998  -2.1460799999999995 
15 47  2.0619200000000006  -2.1460800000000004  2.1460800000000004 
15 48  4.2500800000000005  0.042079999999999895  2.1460800000000004 
15 49  2.1460800000000004  4.16592  0.04208000000000034 
15 50  2.0619199999999998  0.042079999999999895  -0.04207999999999945 
15 51  4.25008  2.06192  -4.25008 
15 52  4.16592  2.14608  0.04208000000000034 
15 53  4.165920000000002  4.16592  2.0619200000000006 
15 54  2.1460800000000004  2.14608  2.0619200000000006 
15 55  2.0619199999999998  2.06192  -2.0619199999999998 
16 24  -2.061919999999999  6.35408  6.35408 
16 25  -4.165919999999999  2.06192  4.2500800000000005 
16 26  -4.250079999999999  6.35408  4.16592 
16 27  -2.0619199999999998  -0.04208000000000012  -0.04208000000000012 
16 28  -2.146079999999999  0.04208000000000012  4.2500800000000005 
16 29  -2.146079999999999  2.06192  6.269920000000001 
16 30  -4.165919999999999  0.04208000000000012  6.269920000000001 
16 31  -4.25008  -0.04208000000000012  2.14608 
16 32  -2.0619199999999998  2.14608  2.14608 
16 33  -4.165919999999999  6.269920000000001  0.04208000000000012 
16 34  -4.25008  2.14608  -0.04208000000000012 
16 35  -2.061919999999999  4.16592  4.16592 
16 36  -2.146079999999999  4.2500800000000005  0.04208000000000012 
16 37  -2.146079999999999  6.269920000000001  2.06192 
16 38  -4.165919999999999  4.2500800000000005  2.06192 
16 39  -4.250079999999999  4.16592  6.35408 
16 40  2.1460800000000013  6.35408  2.14608 
16 41  0.04208000000000034  2.06192  0.04208000000000012 
16 42  -0.04207999999999856  6.35408  -0.04208000000000012 
16 43  2.1460800000000004  -0.04208000000000012  4.16592 
16 44  2.0619200000000006  0.04208000000000012  0.04208000000000012 
16 45  2.0619200000000006  2.06192  2.06192 
16 46  0.04208000000000034  0.04208000000000012  2.06192 
16 47  -0.04207999999999856  -0.04208000000000012  6.35408 
16 48  2.1460800000000013  2.14608  6.35408 
16 49  0.04208000000000123  6.269920000000001  4.2500800000000005 
16 50  -0.04207999999999945  2.14608  4.16592 
16 51  2.1460800000000004  4.16592  -0.04208000000000012 
16 52  2.0619200000000006  4.2500800000000005  4.2500800000000005 
16 53  2.0619200000000024  6.269920000000001  6.269920000000001 
16 54  0.04208000000000123  4.2500800000000005  6.269920000000001 
16 55  -0.04207999999999945  4.16592  2.14608 
17 24  -4.16592  6.35408  4.2500800000000005 
17 25  -6.26992  2.06192  2.14608 
17 26  -6.35408  6.35408  2.06192 
17 27  -4.165920000000001  -0.04208000000000012  -2.1460800000000004 
17 28  -4.2500800000000005  0.04208000000000012  2.14608 
17 29  -4.2500800000000005  2.06192  4.16592 
17 30  -6.26992  0.04208000000000012  4.16592 
17 31  -6.354080000000001  -0.04208000000000012  0.042079999999999895 
17 32  -4.165920000000001  2.14608  0.042079999999999895 
17 33  -6.26992  6.269920000000001  -2.0619199999999998 
17 34  -6.354080000000001  2.14608  -2.1460800000000004 
17 35  -4.16592  4.16592  2.06192 
17 36  -4.2500800000000005  4.2500800000000005  -2.0619199999999998 
17 37  -4.2500800000000005  6.269920000000001  -0.042079999999999895 
17 38  -6.26992  4.2500800000000005  -0.042079999999999895 
17 39  -6.35408  4.16592  4.2500800000000005 
17 40  0.04208000000000034  6.35408  0.042079999999999895 
17 41  -2.0619200000000006  2.06192  -2.0619199999999998 
17 42  -2.1460799999999995  6.35408  -2.1460800000000004 
17 43  0.04207999999999945  -0.04208000000000012  2.06192 
17 44  -0.04208000000000034  0.04208000000000012  -2.0619199999999998 
17 45  -0.04208000000000034  2.06192  -0.042079999999999895 
17 46  -2.0619200000000006  0.04208000000000012  -0.042079999999999895 
17 47  -2.1460799999999995  -0.04208000000000012  4.2500800000000005 
17 48  0.04208000000000034  2.14608  4.2500800000000005 
17 49  -2.0619199999999998  6.269920000000001  2.14608 
17 50  -2.1460800000000004  2.14608  2.06192 
17 51  0.04207999999999945  4.16592  -2.1460800000000004 
17 52  -0.04208000000000034  4.2500800000000005  2.14608 
17 53  -0.04207999999999856  6.269920000000001  4.16592 
17 54  -2.0619199999999998  4.2500800000000005  4.16592 
17 55  -2.1460800000000004  4.16592  0.042079999999999895 
18 24  -2.0619200000000006  0.04207999999999945  0.04207999999999945 
18 25  -4.165920000000001  -4.2500800000000005  -2.0619200000000006 
18 26  -4.2500800000000005  0.04207999999999945  -2.1460800000000004 
18 27  -2.0619200000000015  -6.354080000000001  -6.354080000000001 
18 28  -2.146080000000001  -6.269920000000001  -2.0619200000000006 
18 29  -2.146080000000001  -4.2500800000000005  -0.04208000000000034 
18 30  -4.165920000000001  -6.269920000000001  -0.04208000000000034 
18 31  -4.250080000000001  -6.354080000000001  -4.165920000000001 
18 32  -2.0619200000000015  -4.165920000000001  -4.165920000000001 
18 33  -4.165920000000001  -0.04208000000000034  -6.269920000000001 
18 34  -4.250080000000001  -4.165920000000001  -6.354080000000001 
18 35  -2.0619200000000006  -2.1460800000000004  -2.1460800000000004 
18 36  -2.146080000000001  -2.0619200000000006  -6.269920000000001 
18 37  -2.146080000000001  -0.04208000000000034  -4.2500800000000005 
18 38  -4.165920000000001  -2.0619200000000006  -4.2500800000000005 
18 39  -4.2500800000000005  -2.1460800000000004  0.04207999999999945 
18 40  2.1460799999999995  0.04207999999999945  -4.165920000000001 
18 41  0.04207999999999856  -4.2500800000000005  -6.269920000000001 
18 42  -0.04208000000000034  0.04207999999999945  -6.354080000000001 
18 43  2.1460799999999987  -6.354080000000001  -2.1460800000000004 
18 44  2.061919999999999  -6.269920000000001  -6.269920000000001 
18 45  2.061919999999999  -4.2500800000000005  -4.2500800000000005 
18 46  0.04207999999999856  -6.269920000000001  -4.2500800000000005 
18 47  -0.04208000000000034  -6.354080000000001  0.04207999999999945 
18 48  2.1460799999999995  -4.165920000000001  0.04207999999999945 
18 49  0.04207999999999945  -0.04208000000000034  -2.0619200000000006 
18 50  -0.04208000000000123  -4.165920000000001  -2.1460800000000004 
18 51  2.1460799999999987  -2.1460800000000004  -6.354080000000001 
18 52  2.061919999999999  -2.0619200000000006  -2.0619200000000006 
18 53  2.0619200000000006  -0.04208000000000034  -0.04208000000000034 
18 54  0.04207999999999945  -2.0619200000000006  -0.04208000000000034 
18 55  -0.04208000000000123  -2.1460800000000004  -4.165920000000001 
19 24  -4.165920000000001  0.04207999999999945  2.1460800000000004 
19 25  -6.269920000000001  -4.2500800000000005  0.04208000000000034 
19 26  -6.3540800000000015  0.04207999999999945  -0.04207999999999945 
19 27  -4.165920000000002  -6.354080000000001  -4.25008 
19 28  -4.2500800000000005  -6.269920000000001  0.04208000000000034 
19 29  -4.2500800000000005  -4.2500800000000005  2.0619200000000006 
19 30  -6.269920000000001  -6.269920000000001  2.0619200000000006 
19 31  -6.3540800000000015  -6.354080000000001  -2.0619199999999998 
19 32  -4.165920000000002  -4.165920000000001  -2.0619199999999998 
19 33  -6.269920000000001  -0.04208000000000034  -4.16592 
19 34  -6.3540800000000015  -4.165920000000001  -4.25008 
19 35  -4.165920000000001  -2.1460800000000004  -0.04207999999999945 
19 36  -4.2500800000000005  -2.0619200000000006  -4.16592 
19 37  -4.2500800000000005  -0.04208000000000034  -2.1460799999999995 
19 38  -6.269920000000001  -2.0619200000000006  -2.1460799999999995 
19 39  -6.3540800000000015  -2.1460800000000004  2.1460800000000004 
19 40  0.04207999999999945  0.04207999999999945  -2.0619199999999998 
19 41  -2.0619200000000015  -4.2500800000000005  -4.16592 
19 42  -2.1460800000000004  0.04207999999999945  -4.25008 
19 43  0.04207999999999856  -6.354080000000001  -0.04207999999999945 
19 44  -0.04208000000000123  -6.269920000000001  -4.16592 
19 45  -0.04208000000000123  -4.2500800000000005  -2.1460799999999995 
19 46  -2.0619200000000015  -6.269920000000001  -2.1460799999999995 
19 47  -2.1460800000000004  -6.354080000000001  2.1460800000000004 
19 48  0.04207999999999945  -4.165920000000001  2.1460800000000004 
19 49  -2.0619200000000006  -0.04208000000000034  0.04208000000000034 
19 50  -2.1460800000000013  -4.165920000000001  -0.04207999999999945 
19 51  0.04207999999999856  -2.1460800000000004  -4.25008 
19 52  -0.04208000000000123  -2.0619200000000006  0.04208000000000034 
19 53  -0.04207999999999945  -0.04208000000000034  2.0619200000000006 
19 54  -2.0619200000000006  -2.0619200000000006  2.0619200000000006 
19 55  -2.1460800000000013  -2.1460800000000004  -2.0619199999999998 
20 24  -2.061919999999999  2.1460800000000004  2.1460800000000004 
20 25  -4.165919999999999  -2.1460799999999995  0.04208000000000034 
20 26  -4.250079999999999  2.1460800000000004  -0.04207999999999945 
20 27  -2.0619199999999998  -4.25008  -4.25008 
20 28  -2.146079999999999  -4.16592  0.04208000000000034 
20 29  -2.146079999999999  -2.1460799999999995  2.0619200000000006 
20 30  -4.165919999999999  -4.16592  2.0619200000000006 
20 31  -4.25008  -4.25008  -2.0619199999999998 
20 32  -2.0619199999999998  -2.0619199999999998  -2.0619199999999998 
20 33  -4.165919999999999  2.0619200000000006  -4.16592 
20 34  -4.25008  -2.0619199999999998  -4.25008 
20 35  -2.061919999999999  -0.04207999999999945  -0.04207999999999945 
20 36  -2.146079999999999  0.04208000000000034  -4.16592 
20 37  -2.146079999999999  2.0619200000000006  -2.1460799999999995 
20 38  -4.165919999999999  0.04208000000000034  -2.1460799999999995 
20 39  -4.250079999999999  -0.04207999999999945  2.1460800000000004 
20 40  2.1460800000000013  2.1460800000000004  -2.0619199999999998 
20 41  0.04208000000000034  -2.1460799999999995  -4.16592 
20 42  -0.04207999999999856  2.1460800000000004  -4.25008 
20 43  2.1460800000000004  -4.25008  -0.04207999999999945 
20 44  2.0619200000000006  -4.16592  -4.16592 
20 45  2.0619200000000006  -2.1460799999999995  -2.1460799999999995 
20 46  0.04208000000000034  -4.16592  -2.1460799999999995 
20 47  -0.04207999999999856  -4.25008  2.1460800000000004 
20 48  2.1460800000000013  -2.0619199999999998  2.1460800000000004 
20 49  0.04208000000000123  2.0619200000000006  0.04208000000000034 
20 50  -0.04207999999999945  -2.0619199999999998  -0.04207999999999945 
20 51  2.1460800000000004  -0.04207999999999945  -4.25008 
20 52  2.0619200000000006  0.04208000000000034  0.04208000000000034 
20 53  2.0619200000000024  2.0619200000000006  2.0619200000000006 
20 54  0.04208000000000123  0.04208000000000034  2.0619200000000006 
20 55  -0.04207999999999945  -0.04207999999999945  -2.0619199999999998 
21 24  -4.165920000000001  2.1460800000000004  0.04207999999999945 
21 25  -6.269920000000001  -2.1460799999999995  -2.0619200000000006 
21 26  -6.3540800000000015  2.1460800000000004  -2.1460800000000004 
21 27  -4.165920000000002  -4.25008  -6.354080000000001 
21 28  -4.2500800000000005  -4.16592  -2.0619200000000006 
21 29  -4.2500800000000005  -2.1460799999999995  -0.04208000000000034 
21 30  -6.269920000000001  -4.16592  -0.04208000000000034 
21 31  -6.3540800000000015  -4.25008  -4.165920000000001 
21 32  -4.165920000000002  -2.0619199999999998  -4.165920000000001 
21 33  -6.269920000000001  2.0619200000000006  -6.269920000000001 
21 34  -6.3540800000000015  -2.0619199999999998  -6.354080000000001 
21 35  -4.165920000000001  -0.04207999999999945  -2.1460800000000004 
21 36  -4.2500800000000005  0.04208000000000034  -6.269920000000001 
21 37  -4.2500800000000005  2.0619200000000006  -4.2500800000000005 
21 38  -6.269920000000001  0.04208000000000034  -4.2500800000000005 
21 39  -6.3540800000000015  -0.04207999999999945  0.04207999999999945 
21 40  0.04207999999999945  2.1460800000000004  -4.165920000000001 
21 41  -2.0619200000000015  -2.1460799999999995  -6.269920000000001 
21 42  -2.1460800000000004  2.1460800000000004  -6.354080000000001 
21 43  0.04207999999999856  -4.25008  -2.1460800000000004 
21 44  -0.04208000000000123  -4.16592  -6.269920000000001 
21 45  -0.04208000000000123  -2.1460799999999995  -4.2500800000000005 
21 46  -2.0619200000000015  -4.16592  -4.2500800000000005 
21 47  -2.1460800000000004  -4.25008  0.04207999999999945 
21 48  0.04207999999999945  -2.0619199999999998  0.04207999999999945 
21 49  -2.0619200000000006  2.0619200000000006  -2.0619200000000006 
21 50  -2.1460800000000013  -2.0619199999999998  -2.1460800000000004 
21 51  0.04207999999999856  -0.04207999999999945  -6.354080000000001 
21 52  -0.04208000000000123  0.04208000000000034  -2.0619200000000006 
21 53  -0.04207999999999945  2.0619200000000006  -0.04208000000000034 
21 54  -2.0619200000000006  0.04208000000000034  -0.04208000000000034 
21 55  -2.1460800000000013  -0.04207999999999945  -4.165920000000001 
22 24  -2.061919999999999  4.2500800000000005  4.2500800000000005 
22 25  -4.165919999999999  -0.042079999999999895  2.14608 
22 26  -4.250079999999999  4.2500800000000005  2.06192 
22 27  -2.0619199999999998  -2.1460800000000004  -2.1460800000000004 
22 28  -2.146079999999999  -2.0619199999999998  2.14608 
22 29  -2.146079999999999  -0.042079999999999895  4.16592 
22 30  -4.165919999999999  -2.0619199999999998  4.16592 
22 31  -4.25008  -2.1460800000000004  0.042079999999999895 
22 32  -2.0619199999999998  0.042079999999999895  0.042079999999999895 
22 33  -4.165919999999999  4.16592  -2.0619199999999998 
22 34  -4.25008  0.042079999999999895  -2.1460800000000004 
22 35  -2.061919999999999  2.06192  2.06192 
22 36  -2.146079999999999  2.14608  -2.0619199999999998 
22 37  -2.146079999999999  4.16592  -0.042079999999999895 
22 38  -4.165919999999999  2.14608  -0.042079999999999895 
22 39  -4.250079999999999  2.06192  4.2500800000000005 
22 40  2.1460800000000013  4.2500800000000005  0.042079999999999895 
22 41  0.04208000000000034  -0.042079999999999895  -2.0619199999999998 
22 42  -0.04207999999999856  4.2500800000000005  -2.1460800000000004 
22 43  2.1460800000000004  -2.1460800000000004  2.06192 
22 44  2.0619200000000006  -2.0619199999999998  -2.0619199999999998 
22 45  2.0619200000000006  -0.042079999999999895  -0.042079999999999895 
22 46  0.04208000000000034  -2.0619199999999998  -0.042079999999999895 
22 47  -0.04207999999999856  -2.1460800000000004  4.2500800000000005 
22 48  2.1460800000000013  0.042079999999999895  4.2500800000000005 
22 49  0.04208000000000123  4.16592  2.14608 
22 50  -0.04207999999999945  0.042079999999999895  2.06192 
22 51  2.1460800000000004  2.06192  -2.1460800000000004 
22 52  2.0619200000000006  2.14608  2.14608 
22 53  2.0619200000000024  4.16592  4.16592 
22 54  0.04208000000000123  2.14608  4.16592 
22 55  -0.04207999999999945  2.06192  0.042079999999999895 
23 24  -4.16592  4.2500800000000005  6.35408 
23 25  -6.26992  -0.042079999999999895  4.2500800000000005 
23 26  -6.35408  4.2500800000000005  4.16592 
23 27  -4.165920000000001  -2.1460800000000004  -0.04208000000000012 
23 28  -4.2500800000000005  -2.0619199999999998  4.2500800000000005 
23 29  -4.2500800000000005  -0.042079999999999895  6.269920000000001 
23 30  -6.26992  -2.0619199999999998  6.269920000000001 
23 31  -6.354080000000001  -2.1460800000000004  2.14608 
23 32  -4.165920000000001  0.042079999999999895  2.14608 
23 33  -6.26992  4.16592  0.04208000000000012 
23 34  -6.354080000000001  0.042079999999999895  -0.04208000000000012 
23 35  -4.16592  2.06192  4.16592 
23 36  -4.2500800000000005  2.14608  0.04208000000000012 
23 37  -4.2500800000000005  4.16592  2.06192 
23 38  -6.26992  2.14608  2.06192 
23 39  -6.35408  2.06192  6.35408 
23 40  0.04208000000000034  4.2500800000000005  2.14608 
23 41  -2.0619200000000006  -0.042079999999999895  0.04208000000000012 
23 42  -2.1460799999999995  4.2500800000000005  -0.04208000000000012 
23 43  0.04207999999999945  -2.1460800000000004  4.16592 
23 44  -0.04208000000000034  -2.0619199999999998  0.04208000000000012 
23 45  -0.04208000000000034  -0.042079999999999895  2.06192 
23 46  -2.0619200000000006  -2.0619199999999998  2.06192 
23 47  -2.1460799999999995  -2.1460800000000004  6.35408 
23 48  0.04208000000000034  0.042079999999999895  6.35408 
23 49  -2.0619199999999998  4.16592  4.2500800000000005 
23 50  -2.1460800000000004  0.042079999999999895  4.16592 
23 51  0.04207999999999945  2.06192  -0.04208000000000012 
23 52  -0.04208000000000034  2.14608  4.2500800000000005 
23 53  -0.04207999999999856  4.16592  6.269920000000001 
23 54  -2.0619199999999998  2.14608  6.269920000000001 
23 55  -2.1460800000000004  2.06192  2.14608 
24 0  -3.198080000000001  -7.40608  -7.40608 
24 1  -1.09408  -1.09408  -1.09408 
24 2  -3.1980800000000005  -3.19808  -3.19808 
24 3  -1.0940800000000008  -5.30208  -5.30208 
24 4  1.0099199999999993  -7.40608  -3.19808 
24 5  3.1139199999999994  -1.09408  -5.30208 
24 6  1.0099199999999993  -3.19808  -7.40608 
24 7  3.1139199999999994  -5.30208  -1.09408 
24 8  -2.1460800000000004  -6.35408  -2.1460800000000004 
24 9  -0.04208000000000034  -6.35408  -0.04207999999999945 
24 10  -2.1460800000000004  -0.04207999999999945  -4.2500800000000005 
24 11  -0.04208000000000034  -0.04207999999999945  -6.35408 
24 12  -2.1460800000000004  -2.1460800000000004  -6.35408 
24 13  -0.04208000000000034  -2.1460800000000004  -4.2500800000000005 
24 14  -2.1460800000000004  -4.2500800000000005  -0.04207999999999945 
24 15  -0.04208000000000034  -4.2500800000000005  -2.1460800000000004 
24 16  2.061919999999999  -6.35408  -6.35408 
24 17  4.16592  -6.35408  -4.2500800000000005 
24 18  2.0619200000000006  -0.04207999999999945  -0.04207999999999945 
24 19  4.165920000000001  -0.04207999999999945  -2.1460800000000004 
24 20  2.061919999999999  -2.1460800000000004  -2.1460800000000004 
24 21  4.165920000000001  -2.1460800000000004  -0.04207999999999945 
24 22  2.061919999999999  -4.2500800000000005  -4.2500800000000005 
24 23  4.16592  -4.2500800000000005  -6.35408 
25 0  -1.0940800000000006  -3.1139200000000002  -5.30208 
25 1  1.0099200000000004  3.19808  1.0099200000000002 
25 2  -1.0940800000000002  1.09408  -1.09408 
25 3  1.0099199999999995  -1.0099200000000002  -3.19808 
25 4  3.1139199999999994  -3.1139200000000002  -1.09408 
25 5  5.2179199999999994  3.19808  -3.19808 
25 6  3.1139199999999994  1.09408  -5.30208 
25 7  5.2179199999999994  -1.0099200000000002  1.0099200000000002 
25 8  -0.04208000000000034  -2.06192  -0.04208000000000034 
25 9  2.0619199999999998  -2.06192  2.0619200000000006 
25 10  -0.042079999999999895  4.2500800000000005  -2.14608 
25 11  2.0619199999999998  4.2500800000000005  -4.2500800000000005 
25 12  -0.04208000000000034  2.1460799999999995  -4.2500800000000005 
25 13  2.0619199999999998  2.1460799999999995  -2.14608 
25 14  -0.042079999999999895  0.042079999999999895  2.0619200000000006 
25 15  2.0619199999999998  0.042079999999999895  -0.04208000000000034 
25 16  4.165919999999999  -2.06192  -4.2500800000000005 
25 17  6.26992  -2.06192  -2.14608 
25 18  4.165920000000001  4.2500800000000005  2.0619200000000006 
25 19  6.269920000000001  4.2500800000000005  -0.04208000000000034 
25 20  4.165919999999999  2.1460799999999995  -0.04208000000000034 
25 21  6.269920000000001  2.1460799999999995  2.0619200000000006 
25 22  4.165919999999999  0.042079999999999895  -2.14608 
25 23  6.26992  0.042079999999999895  -4.2500800000000005 
26 0  -1.0099200000000006  -7.40608  -5.21792 
26 1  1.0940800000000004  -1.09408  1.09408 
26 2  -1.0099200000000002  -3.19808  -1.0099200000000002 
26 3  1.0940799999999995  -5.30208  -3.1139200000000002 
26 4  3.1980799999999996  -7.40608  -1.0099200000000002 
26 5  5.30208  -1.09408  -3.1139200000000002 
26 6  3.1980799999999996  -3.19808  -5.21792 
26 7  5.30208  -5.30208  1.09408 
26 8  0.04207999999999967  -6.35408  0.04207999999999945 
26 9  2.14608  -6.35408  2.1460800000000004 
26 10  0.04208000000000012  -0.04207999999999945  -2.06192 
26 11  2.14608  -0.04207999999999945  -4.16592 
26 12  0.04207999999999967  -2.1460800000000004  -4.16592 
26 13  2.14608  -2.1460800000000004  -2.06192 
26 14  0.04208000000000012  -4.2500800000000005  2.1460800000000004 
26 15  2.14608  -4.2500800000000005  0.04207999999999945 
26 16  4.250079999999999  -6.35408  -4.16592 
26 17  6.35408  -6.35408  -2.06192 
26 18  4.2500800000000005  -0.04207999999999945  2.1460800000000004 
26 19  6.3540800000000015  -0.04207999999999945  0.04207999999999945 
26 20  4.250079999999999  -2.1460800000000004  0.04207999999999945 
26 21  6.3540800000000015  -2.1460800000000004  2.1460800000000004 
26 22  4.250079999999999  -4.2500800000000005  -2.06192 
26 23  6.35408  -4.2500800000000005  -4.16592 
27 0  -3.19808  -1.00992  -1.00992 
27 1  -1.094079999999999  5.30208  5.30208 
27 2  -3.1980799999999996  3.19808  3.19808 
27 3  -1.09408  1.0940800000000002  1.0940800000000002 
27 4  1.0099200000000002  -1.00992  3.19808 
27 5  3.1139200000000002  5.30208  1.0940800000000002 
27 6  1.0099200000000002  3.19808  -1.00992 
27 7  3.1139200000000002  1.0940800000000002  5.30208 
27 8  -2.1460799999999995  0.04208000000000012  4.25008 
27 9  -0.04207999999999945  0.04208000000000012  6.354080000000001 
27 10  -2.1460799999999995  6.354080000000001  2.1460800000000004 
27 11  -0.04207999999999945  6.354080000000001  0.04208000000000012 
27 12  -2.1460799999999995  4.25008  0.04208000000000012 
27 13  -0.04207999999999945  4.25008  2.1460800000000004 
27 14  -2.1460799999999995  2.1460800000000004  6.354080000000001 
27 15  -0.04207999999999945  2.1460800000000004  4.25008 
27 16  2.0619199999999998  0.04208000000000012  0.04208000000000012 
27 17  4.165920000000001  0.04208000000000012  2.1460800000000004 
27 18  2.0619200000000015  6.354080000000001  6.354080000000001 
27 19  4.165920000000002  6.354080000000001  4.25008 
27 20  2.0619199999999998  4.25008  4.25008 
27 21  4.165920000000002  4.25008  6.354080000000001 
27 22  2.0619199999999998  2.1460800000000004  2.1460800000000004 
27 23  4.165920000000001  2.1460800000000004  0.04208000000000012 
28 0  -3.1139200000000007  -1.0940800000000002  -5.30208 
28 1  -1.0099199999999997  5.21792  1.0099200000000002 
28 2  -3.1139200000000002  3.1139200000000002  -1.09408 
28 3  -1.0099200000000006  1.00992  -3.19808 
28 4  1.0940799999999995  -1.0940800000000002  -1.09408 
28 5  3.1980799999999996  5.21792  -3.19808 
28 6  1.0940799999999995  3.1139200000000002  -5.30208 
28 7  3.1980799999999996  1.00992  1.0099200000000002 
28 8  -2.0619200000000006  -0.04208000000000012  -0.04208000000000034 
28 9  0.042079999999999895  -0.04208000000000012  2.0619200000000006 
28 10  -2.0619199999999998  6.269920000000001  -2.14608 
28 11  0.042079999999999895  6.269920000000001  -4.2500800000000005 
28 12  -2.0619200000000006  4.16592  -4.2500800000000005 
28 13  0.042079999999999895  4.16592  -2.14608 
28 14  -2.0619199999999998  2.0619199999999998  2.0619200000000006 
28 15  0.042079999999999895  2.0619199999999998  -0.04208000000000034 
28 16  2.146079999999999  -0.04208000000000012  -4.2500800000000005 
28 17  4.2500800000000005  -0.04208000000000012  -2.14608 
28 18  2.146080000000001  6.269920000000001  2.0619200000000006 
28 19  4.2500800000000005  6.269920000000001  -0.04208000000000034 
28 20  2.146079999999999  4.16592  -0.04208000000000034 
28 21  4.2500800000000005  4.16592  2.0619200000000006 
28 22  2.146079999999999  2.0619199999999998  -2.14608 
28 23  4.2500800000000005  2.0619199999999998  -4.2500800000000005 
29 0  -3.1139200000000007  -3.1139200000000002  -7.32192 
29 1  -1.0099199999999997  3.19808  -1.0099200000000002 
29 2  -3.1139200000000002  1.09408  -3.1139200000000002 
29 3  -1.0099200000000006  -1.0099200000000002  -5.21792 
29 4  1.0940799999999995  -3.1139200000000002  -3.1139200000000002 
29 5  3.1980799999999996  3.19808  -5.21792 
29 6  1.0940799999999995  1.09408  -7.32192 
29 7  3.1980799999999996  -1.0099200000000002  -1.0099200000000002 
29 8  -2.0619200000000006  -2.06192  -2.0619200000000006 
29 9  0.042079999999999895  -2.06192  0.04208000000000034 
29 10  -2.0619199999999998  4.2500800000000005  -4.16592 
29 11  0.042079999999999895  4.2500800000000005  -6.269920000000001 
29 12  -2.0619200000000006  2.1460799999999995  -6.269920000000001 
29 13  0.042079999999999895  2.1460799999999995  -4.16592 
29 14  -2.0619199999999998  0.042079999999999895  0.04208000000000034 
29 15  0.042079999999999895  0.042079999999999895  -2.0619200000000006 
29 16  2.146079999999999  -2.06192  -6.269920000000001 
29 17  4.2500800000000005  -2.06192  -4.16592 
29 18  2.146080000000001  4.2500800000000005  0.04208000000000034 
29 19  4.2500800000000005  4.2500800000000005  -2.0619200000000006 
29 20  2.146079999999999  2.1460799999999995  -2.0619200000000006 
29 21  4.2500800000000005  2.1460799999999995  0.04208000000000034 
29 22  2.146079999999999  0.042079999999999895  -4.16592 
29 23  4.2500800000000005  0.042079999999999895  -6.269920000000001 
30 0  -1.0940800000000006  -1.0940800000000002  -7.32192 
30 1  1.0099200000000004  5.21792  -1.0099200000000002 
30 2  -1.0940800000000002  3.1139200000000002  -3.1139200000000002 
30 3  1.0099199999999995  1.00992  -5.21792 
30 4  3.1139199999999994  -1.0940800000000002  -3.1139200000000002 
30 5  5.2179199999999994  5.21792  -5.21792 
30 6  3.1139199999999994  3.1139200000000002  -7.32192 
30 7  5.2179199999999994  1.00992  -1.0099200000000002 
30 8  -0.04208000000000034  -0.04208000000000012  -2.0619200000000006 
30 9  2.0619199999999998  -0.04208000000000012  0.04208000000000034 
30 10  -0.042079999999999895  6.269920000000001  -4.16592 
30 11  2.0619199999999998  6.269920000000001  -6.269920000000001 
30 12  -0.04208000000000034  4.16592  -6.269920000000001 
30 13  2.0619199999999998  4.16592  -4.16592 
30 14  -0.042079999999999895  2.0619199999999998  0.04208000000000034 
30 15  2.0619199999999998  2.0619199999999998  -2.0619200000000006 
30 16  4.165919999999999  -0.04208000000000012  -6.269920000000001 
30 17  6.26992  -0.04208000000000012  -4.16592 
30 18  4.165920000000001  6.269920000000001  0.04208000000000034 
30 19  6.269920000000001  6.269920000000001  -2.0619200000000006 
30 20  4.165919999999999  4.16592  -2.0619200000000006 
30 21  6.269920000000001  4.16592  0.04208000000000034 
30 22  4.165919999999999  2.0619199999999998  -4.16592 
30 23  6.26992  2.0619199999999998  -6.269920000000001 
31 0  -1.0099200000000002  -1.00992  -3.19808 
31 1  1.0940800000000008  5.30208  3.1139200000000002 
31 2  -1.0099199999999997  3.19808  1.0099200000000002 
31 3  1.09408  1.0940800000000002  -1.09408 
31 4  3.19808  -1.00992  1.0099200000000002 
31 5  5.30208  5.30208  -1.09408 
31 6  3.19808  3.19808  -3.19808 
31 7  5.30208  1.0940800000000002  3.1139200000000002 
31 8  0.04208000000000012  0.04208000000000012  2.0619199999999998 
31 9  2.1460800000000004  0.04208000000000012  4.165920000000001 
31 10  0.04208000000000056  6.354080000000001  -0.042079999999999895 
31 11  2.1460800000000004  6.354080000000001  -2.14608 
31 12  0.04208000000000012  4.25008  -2.14608 
31 13  2.1460800000000004  4.25008  -0.042079999999999895 
31 14  0.04208000000000056  2.1460800000000004  4.165920000000001 
31 15  2.1460800000000004  2.1460800000000004  2.0619199999999998 
31 16  4.25008  0.04208000000000012  -2.14608 
31 17  6.354080000000001  0.04208000000000012  -0.042079999999999895 
31 18  4.250080000000001  6.354080000000001  4.165920000000001 
31 19  6.3540800000000015  6.354080000000001  2.0619199999999998 
31 20  4.25008  4.25008  2.0619199999999998 
31 21  6.3540800000000015  4.25008  4.165920000000001 
31 22  4.25008  2.1460800000000004  -0.042079999999999895 
31 23  6.354080000000001  2.1460800000000004  -2.14608 
32 0  -3.19808  -3.19808  -3.19808 
32 1  -1.094079999999999  3.1139200000000002  3.1139200000000002 
32 2  -3.1980799999999996  1.0099200000000002  1.0099200000000002 
32 3  -1.09408  -1.09408  -1.09408 
32 4  1.0099200000000002  -3.19808  1.0099200000000002 
32 5  3.1139200000000002  3.1139200000000002  -1.09408 
32 6  1.0099200000000002  1.0099200000000002  -3.19808 
32 7  3.1139200000000002  -1.09408  3.1139200000000002 
32 8  -2.1460799999999995  -2.14608  2.0619199999999998 
32 9  -0.04207999999999945  -2.14608  4.165920000000001 
32 10  -2.1460799999999995  4.165920000000001  -0.042079999999999895 
32 11  -0.04207999999999945  4.165920000000001  -2.14608 
32 12  -2.1460799999999995  2.0619199999999998  -2.14608 
32 13  -0.04207999999999945  2.0619199999999998  -0.042079999999999895 
32 14  -2.1460799999999995  -0.042079999999999895  4.165920000000001 
32 15  -0.04207999999999945  -0.042079999999999895  2.0619199999999998 
32 16  2.0619199999999998  -2.14608  -2.14608 
32 17  4.165920000000001  -2.14608  -0.042079999999999895 
32 18  2.0619200000000015  4.165920000000001  4.165920000000001 
32 19  4.165920000000002  4.165920000000001  2.0619199999999998 
32 20  2.0619199999999998  2.0619199999999998  2.0619199999999998 
32 21  4.165920000000002  2.0619199999999998  4.165920000000001 
32 22  2.0619199999999998  -0.042079999999999895  -0.042079999999999895 
32 23  4.165920000000001  -0.042079999999999895  -2.14608 
33 0  -1.0940800000000006  -7.32192  -1.0940800000000002 
33 1  1.0099200000000004  -1.0099200000000002  5.21792 
33 2  -1.0940800000000002  -3.1139200000000002  3.1139200000000002 
33 3  1.0099199999999995  -5.21792  1.00992 
33 4  3.1139199999999994  -7.32192  3.1139200000000002 
33 5  5.2179199999999994  -1.0099200000000002  1.00992 
33 6  3.1139199999999994  -3.1139200000000002  -1.0940800000000002 
33 7  5.2179199999999994  -5.21792  5.21792 
33 8  -0.04208000000000034  -6.269920000000001  4.16592 
33 9  2.0619199999999998  -6.269920000000001  6.269920000000001 
33 10  -0.042079999999999895  0.04208000000000034  2.0619199999999998 
33 11  2.0619199999999998  0.04208000000000034  -0.04208000000000012 
33 12  -0.04208000000000034  -2.0619200000000006  -0.04208000000000012 
33 13  2.0619199999999998  -2.0619200000000006  2.0619199999999998 
33 14  -0.042079999999999895  -4.16592  6.269920000000001 
33 15  2.0619199999999998  -4.16592  4.16592 
33 16  4.165919999999999  -6.269920000000001  -0.04208000000000012 
33 17  6.26992  -6.269920000000001  2.0619199999999998 
33 18  4.165920000000001  0.04208000000000034  6.269920000000001 
33 19  6.269920000000001  0.04208000000000034  4.16592 
33 20  4.165919999999999  -2.0619200000000006  4.16592 
33 21  6.269920000000001  -2.0619200000000006  6.269920000000001 
33 22  4.165919999999999  -4.16592  2.0619199999999998 
33 23  6.26992  -4.16592  -0.04208000000000012 
34 0  -1.0099200000000002  -3.19808  -1.00992 
34 1  1.0940800000000008  3.1139200000000002  5.30208 
34 2  -1.0099199999999997  1.0099200000000002  3.19808 
34 3  1.09408  -1.09408  1.0940800000000002 
34 4  3.19808  -3.19808  3.19808 
34 5  5.30208  3.1139200000000002  1.0940800000000002 
34 6  3.19808  1.0099200000000002  -1.00992 
34 7  5.30208  -1.09408  5.30208 
34 8  0.04208000000000012  -2.14608  4.25008 
34 9  2.1460800000000004  -2.14608  6.354080000000001 
34 10  0.04208000000000056  4.165920000000001  2.1460800000000004 
34 11  2.1460800000000004  4.165920000000001  0.04208000000000012 
34 12  0.04208000000000012  2.0619199999999998  0.04208000000000012 
34 13  2.1460800000000004  2.0619199999999998  2.1460800000000004 
34 14  0.04208000000000056  -0.042079999999999895  6.354080000000001 
34 15  2.1460800000000004  -0.042079999999999895  4.25008 
34 16  4.25008  -2.14608  0.04208000000000012 
34 17  6.354080000000001  -2.14608  2.1460800000000004 
34 18  4.250080000000001  4.165920000000001  6.354080000000001 
34 19  6.3540800000000015  4.165920000000001  4.25008 
34 20  4.25008  2.0619199999999998  4.25008 
34 21  6.3540800000000015  2.0619199999999998  6.354080000000001 
34 22  4.25008  -0.042079999999999895  2.1460800000000004 
34 23  6.354080000000001  -0.042079999999999895  0.04208000000000012 
35 0  -3.198080000000001  -5.21792  -5.21792 
35 1  -1.09408  1.09408  1.09408 
35 2  -3.1980800000000005  -1.0099200000000002  -1.0099200000000002 
35 3  -1.0940800000000008  -3.1139200000000002  -3.1139200000000002 
35 4  1.0099199999999993  -5.21792  -1.0099200000000002 
35 5  3.1139199999999994  1.09408  -3.1139200000000002 
35 6  1.0099199999999993  -1.0099200000000002  -5.21792 
35 7  3.1139199999999994  -3.1139200000000002  1.09408 
35 8  -2.1460800000000004  -4.16592  0.04207999999999945 
35 9  -0.04208000000000034  -4.16592  2.1460800000000004 
35 10  -2.1460800000000004  2.1460800000000004  -2.06192 
35 11  -0.04208000000000034  2.1460800000000004  -4.16592 
35 12  -2.1460800000000004  0.04207999999999945  -4.16592 
35 13  -0.04208000000000034  0.04207999999999945  -2.06192 
35 14  -2.1460800000000004  -2.06192  2.1460800000000004 
35 15  -0.04208000000000034  -2.06192  0.04207999999999945 
35 16  2.061919999999999  -4.16592  -4.16592 
35 17  4.16592  -4.16592  -2.06192 
35 18  2.0619200000000006  2.1460800000000004  2.1460800000000004 
35 19  4.165920000000001  2.1460800000000004  0.04207999999999945 
35 20  2.061919999999999  0.04207999999999945  0.04207999999999945 
35 21  4.165920000000001  0.04207999999999945  2.1460800000000004 
35 22  2.061919999999999  -2.06192  -2.06192 
35 23  4.16592  -2.06192  -4.16592 
36 0  -3.1139200000000007  -5.30208  -1.0940800000000002 
36 1  -1.0099199999999997  1.0099200000000002  5.21792 
36 2  -3.1139200000000002  -1.09408  3.1139200000000002 
36 3  -1.0099200000000006  -3.19808  1.00992 
36 4  1.0940799999999995  -5.30208  3.1139200000000002 
36 5  3.1980799999999996  1.0099200000000002  1.00992 
36 6  1.0940799999999995  -1.09408  -1.0940800000000002 
36 7  3.1980799999999996  -3.19808  5.21792 
36 8  -2.0619200000000006  -4.2500800000000005  4.16592 
36 9  0.042079999999999895  -4.2500800000000005  6.269920000000001 
36 10  -2.0619199999999998  2.0619200000000006  2.0619199999999998 
36 11  0.042079999999999895  2.0619200000000006  -0.04208000000000012 
36 12  -2.0619200000000006  -0.04208000000000034  -0.04208000000000012 
36 13  0.042079999999999895  -0.04208000000000034  2.0619199999999998 
36 14  -2.0619199999999998  -2.14608  6.269920000000001 
36 15  0.042079999999999895  -2.14608  4.16592 
36 16  2.146079999999999  -4.2500800000000005  -0.04208000000000012 
36 17  4.2500800000000005  -4.2500800000000005  2.0619199999999998 
36 18  2.146080000000001  2.0619200000000006  6.269920000000001 
36 19  4.2500800000000005  2.0619200000000006  4.16592 
36 20  2.146079999999999  -0.04208000000000034  4.16592 
36 21  4.2500800000000005  -0.04208000000000034  6.269920000000001 
36 22  2.146079999999999  -2.14608  2.0619199999999998 
36 23  4.2500800000000005  -2.14608  -0.04208000000000012 
37 0  -3.1139200000000007  -7.32192  -3.1139200000000002 
37 1  -1.0099199999999997  -1.0099200000000002  3.19808 
37 2  -3.1139200000000002  -3.1139200000000002  1.09408 
37 3  -1.0099200000000006  -5.21792  -1.0099200000000002 
37 4  1.0940799999999995  -7.32192  1.09408 
37 5  3.1980799999999996  -1.0099200000000002  -1.0099200000000002 
37 6  1.0940799999999995  -3.1139200000000002  -3.1139200000000002 
37 7  3.1980799999999996  -5.21792  3.19808 
37 8  -2.0619200000000006  -6.269920000000001  2.1460799999999995 
37 9  0.042079999999999895  -6.269920000000001  4.2500800000000005 
37 10  -2.0619199999999998  0.04208000000000034  0.042079999999999895 
37 11  0.042079999999999895  0.04208000000000034  -2.06192 
37 12  -2.0619200000000006  -2.0619200000000006  -2.06192 
37 13  0.042079999999999895  -2.0619200000000006  0.042079999999999895 
37 14  -2.0619199999999998  -4.16592  4.2500800000000005 
37 15  0.042079999999999895  -4.16592  2.1460799999999995 
37 16  2.146079999999999  -6.269920000000001  -2.06192 
37 17  4.2500800000000005  -6.269920000000001  0.042079999999999895 
37 18  2.146080000000001  0.04208000000000034  4.2500800000000005 
37 19  4.2500800000000005  0.04208000000000034  2.1460799999999995 
37 20  2.146079999999999  -2.0619200000000006  2.1460799999999995 
37 21  4.2500800000000005  -2.0619200000000006  4.2500800000000005 
37 22  2.146079999999999  -4.16592  0.042079999999999895 
37 23  4.2500800000000005  -4.16592  -2.06192 
38 0  -1.0940800000000006  -5.30208  -3.1139200000000002 
38 1  1.0099200000000004  1.0099200000000002  3.19808 
38 2  -1.0940800000000002  -1.09408  1.09408 
38 3  1.0099199999999995  -3.19808  -1.0099200000000002 
38 4  3.1139199999999994  -5.30208  1.09408 
38 5  5.2179199999999994  1.0099200000000002  -1.0099200000000002 
38 6  3.1139199999999994  -1.09408  -3.1139200000000002 
38 7  5.2179199999999994  -3.19808  3.19808 
38 8  -0.04208000000000034  -4.2500800000000005  2.1460799999999995 
38 9  2.0619199999999998  -4.2500800000000005  4.2500800000000005 
38 10  -0.042079999999999895  2.0619200000000006  0.042079999999999895 
38 11  2.0619199999999998  2.0619200000000006  -2.06192 
38 12  -0.04208000000000034  -0.04208000000000034  -2.06192 
38 13  2.0619199999999998  -0.04208000000000034  0.042079999999999895 
38 14  -0.042079999999999895  -2.14608  4.2500800000000005 
38 15  2.0619199999999998  -2.14608  2.1460799999999995 
38 16  4.165919999999999  -4.2500800000000005  -2.06192 
38 17  6.26992  -4.2500800000000005  0.042079999999999895 
38 18  4.165920000000001  2.0619200000000006  4.2500800000000005 
38 19  6.269920000000001  2.0619200000000006  2.1460799999999995 
38 20  4.165919999999999  -0.04208000000000034  2.1460799999999995 
38 21  6.269920000000001  -0.04208000000000034  4.2500800000000005 
38 22  4.165919999999999  -2.14608  0.042079999999999895 
38 23  6.26992  -2.14608  -2.06192 
39 0  -1.0099200000000006  -5.21792  -7.40608 
39 1  1.0940800000000004  1.09408  -1.09408 
39 2  -1.0099200000000002  -1.0099200000000002  -3.19808 
39 3  1.0940799999999995  -3.1139200000000002  -5.30208 
39 4  3.1980799999999996  -5.21792  -3.19808 
39 5  5.30208  1.09408  -5.30208 
39 6  3.1980799999999996  -1.0099200000000002  -7.40608 
39 7  5.30208  -3.1139200000000002  -1.09408 
39 8  0.04207999999999967  -4.16592  -2.1460800000000004 
39 9  2.14608  -4.16592  -0.04207999999999945 
39 10  0.04208000000000012  2.1460800000000004  -4.2500800000000005 
39 11  2.14608  2.1460800000000004  -6.35408 
39 12  0.04207999999999967  0.04207999999999945  -6.35408 
39 13  2.14608  0.04207999999999945  -4.2500800000000005 
39 14  0.04208000000000012  -2.06192  -0.04207999999999945 
39 15  2.14608  -2.06192  -2.1460800000000004 
39 16  4.250079999999999  -4.16592  -6.35408 
39 17  6.35408  -4.16592  -4.2500800000000005 
39 18  4.2500800000000005  2.1460800000000004  -0.04207999999999945 
39 19  6.3540800000000015  2.1460800000000004  -2.1460800000000004 
39 20  4.250079999999999  0.04207999999999945  -2.1460800000000004 
39 21  6.3540800000000015  0.04207999999999945  -0.04207999999999945 
39 22  4.250079999999999  -2.06192  -4.2500800000000005 
39 23  6.35408  -2.06192  -6.35408 
40 0  -7.406080000000001  -7.40608  -3.19808 
40 1  -5.30208  -1.09408  3.1139200000000002 
40 2  -7.40608  -3.19808  1.0099200000000002 
40 3  -5.302080000000001  -5.30208  -1.09408 
40 4  -3.198080000000001  -7.40608  1.0099200000000002 
40 5  -1.0940800000000008  -1.09408  -1.09408 
40 6  -3.198080000000001  -3.19808  -3.19808 
40 7  -1.0940800000000008  -5.30208  3.1139200000000002 
40 8  -6.354080000000001  -6.35408  2.0619199999999998 
40 9  -4.2500800000000005  -6.35408  4.165920000000001 
40 10  -6.354080000000001  -0.04207999999999945  -0.042079999999999895 
40 11  -4.2500800000000005  -0.04207999999999945  -2.14608 
40 12  -6.354080000000001  -2.1460800000000004  -2.14608 
40 13  -4.2500800000000005  -2.1460800000000004  -0.042079999999999895 
40 14  -6.354080000000001  -4.2500800000000005  4.165920000000001 
40 15  -4.2500800000000005  -4.2500800000000005  2.0619199999999998 
40 16  -2.1460800000000013  -6.35408  -2.14608 
40 17  -0.04208000000000034  -6.35408  -0.042079999999999895 
40 18  -2.1460799999999995  -0.04207999999999945  4.165920000000001 
40 19  -0.04207999999999945  -0.04207999999999945  2.0619199999999998 
40 20  -2.1460800000000013  -2.1460800000000004  2.0619199999999998 
40 21  -0.04207999999999945  -2.1460800000000004  4.165920000000001 
40 22  -2.1460800000000013  -4.2500800000000005  -0.042079999999999895 
40 23  -0.04208000000000034  -4.2500800000000005  -2.14608 
41 0  -5.30208  -3.1139200000000002  -1.0940800000000002 
41 1  -3.198079999999999  3.19808  5.21792 
41 2  -5.302079999999999  1.09408  3.1139200000000002 
41 3  -3.19808  -1.0099200000000002  1.00992 
41 4  -1.09408  -3.1139200000000002  3.1139200000000002 
41 5  1.0099200000000002  3.19808  1.00992 
41 6  -1.09408  1.09408  -1.0940800000000002 
41 7  1.0099200000000002  -1.0099200000000002  5.21792 
41 8  -4.25008  -2.06192  4.16592 
41 9  -2.1460799999999995  -2.06192  6.269920000000001 
41 10  -4.25008  4.2500800000000005  2.0619199999999998 
41 11  -2.1460799999999995  4.2500800000000005  -0.04208000000000012 
41 12  -4.25008  2.1460799999999995  -0.04208000000000012 
41 13  -2.1460799999999995  2.1460799999999995  2.0619199999999998 
41 14  -4.25008  0.042079999999999895  6.269920000000001 
41 15  -2.1460799999999995  0.042079999999999895  4.16592 
41 16  -0.04208000000000034  -2.06192  -0.04208000000000012 
41 17  2.0619200000000006  -2.06192  2.0619199999999998 
41 18  -0.04207999999999856  4.2500800000000005  6.269920000000001 
41 19  2.0619200000000015  4.2500800000000005  4.16592 
41 20  -0.04208000000000034  2.1460799999999995  4.16592 
41 21  2.0619200000000015  2.1460799999999995  6.269920000000001 
41 22  -0.04208000000000034  0.042079999999999895  2.0619199999999998 
41 23  2.0619200000000006  0.042079999999999895  -0.04208000000000012 
42 0  -5.217920000000001  -7.40608  -1.00992 
42 1  -3.1139200000000002  -1.09408  5.30208 
42 2  -5.21792  -3.19808  3.19808 
42 3  -3.113920000000001  -5.30208  1.0940800000000002 
42 4  -1.009920000000001  -7.40608  3.19808 
42 5  1.094079999999999  -1.09408  1.0940800000000002 
42 6  -1.009920000000001  -3.19808  -1.00992 
42 7  1.094079999999999  -5.30208  5.30208 
42 8  -4.165920000000001  -6.35408  4.25008 
42 9  -2.0619200000000006  -6.35408  6.354080000000001 
42 10  -4.165920000000001  -0.04207999999999945  2.1460800000000004 
42 11  -2.0619200000000006  -0.04207999999999945  0.04208000000000012 
42 12  -4.165920000000001  -2.1460800000000004  0.04208000000000012 
42 13  -2.0619200000000006  -2.1460800000000004  2.1460800000000004 
42 14  -4.165920000000001  -4.2500800000000005  6.354080000000001 
42 15  -2.0619200000000006  -4.2500800000000005  4.25008 
42 16  0.04207999999999856  -6.35408  0.04208000000000012 
42 17  2.1460799999999995  -6.35408  2.1460800000000004 
42 18  0.04208000000000034  -0.04207999999999945  6.354080000000001 
42 19  2.1460800000000004  -0.04207999999999945  4.25008 
42 20  0.04207999999999856  -2.1460800000000004  4.25008 
42 21  2.1460800000000004  -2.1460800000000004  6.354080000000001 
42 22  0.04207999999999856  -4.2500800000000005  2.1460800000000004 
42 23  2.1460799999999995  -4.2500800000000005  0.04208000000000012 
43 0  -7.40608  -1.00992  -5.21792 
43 1  -5.302079999999999  5.30208  1.09408 
43 2  -7.406079999999999  3.19808  -1.0099200000000002 
43 3  -5.30208  1.0940800000000002  -3.1139200000000002 
43 4  -3.19808  -1.00992  -1.0099200000000002 
43 5  -1.09408  5.30208  -3.1139200000000002 
43 6  -3.19808  3.19808  -5.21792 
43 7  -1.09408  1.0940800000000002  1.09408 
43 8  -6.35408  0.04208000000000012  0.04207999999999945 
43 9  -4.25008  0.04208000000000012  2.1460800000000004 
43 10  -6.35408  6.354080000000001  -2.06192 
43 11  -4.25008  6.354080000000001  -4.16592 
43 12  -6.35408  4.25008  -4.16592 
43 13  -4.25008  4.25008  -2.06192 
43 14  -6.35408  2.1460800000000004  2.1460800000000004 
43 15  -4.25008  2.1460800000000004  0.04207999999999945 
43 16  -2.1460800000000004  0.04208000000000012  -4.16592 
43 17  -0.04207999999999945  0.04208000000000012  -2.06192 
43 18  -2.1460799999999987  6.354080000000001  2.1460800000000004 
43 19  -0.04207999999999856  6.354080000000001  0.04207999999999945 
43 20  -2.1460800000000004  4.25008  0.04207999999999945 
43 21  -0.04207999999999856  4.25008  2.1460800000000004 
43 22  -2.1460800000000004  2.1460800000000004  -2.06192 
43 23  -0.04207999999999945  2.1460800000000004  -4.16592 
44 0  -7.32192  -1.0940800000000002  -1.0940800000000002 
44 1  -5.2179199999999994  5.21792  5.21792 
44 2  -7.3219199999999995  3.1139200000000002  3.1139200000000002 
44 3  -5.21792  1.00992  1.00992 
44 4  -3.1139200000000002  -1.0940800000000002  3.1139200000000002 
44 5  -1.0099200000000002  5.21792  1.00992 
44 6  -3.1139200000000002  3.1139200000000002  -1.0940800000000002 
44 7  -1.0099200000000002  1.00992  5.21792 
44 8  -6.26992  -0.04208000000000012  4.16592 
44 9  -4.16592  -0.04208000000000012  6.269920000000001 
44 10  -6.26992  6.269920000000001  2.0619199999999998 
44 11  -4.16592  6.269920000000001  -0.04208000000000012 
44 12  -6.26992  4.16592  -0.04208000000000012 
44 13  -4.16592  4.16592  2.0619199999999998 
44 14  -6.26992  2.0619199999999998  6.269920000000001 
44 15  -4.16592  2.0619199999999998  4.16592 
44 16  -2.0619200000000006  -0.04208000000000012  -0.04208000000000012 
44 17  0.04208000000000034  -0.04208000000000012  2.0619199999999998 
44 18  -2.061919999999999  6.269920000000001  6.269920000000001 
44 19  0.04208000000000123  6.269920000000001  4.16592 
44 20  -2.0619200000000006  4.16592  4.16592 
44 21  0.04208000000000123  4.16592  6.269920000000001 
44 22  -2.0619200000000006  2.0619199999999998  2.0619199999999998 
44 23  0.04208000000000034  2.0619199999999998  -0.04208000000000012 
45 0  -7.32192  -3.1139200000000002  -3.1139200000000002 
45 1  -5.2179199999999994  3.19808  3.19808 
45 2  -7.3219199999999995  1.09408  1.09408 
45 3  -5.21792  -1.0099200000000002  -1.0099200000000002 
45 4  -3.1139200000000002  -3.1139200000000002  1.09408 
45 5  -1.0099200000000002  3.19808  -1.0099200000000002 
45 6  -3.1139200000000002  1.09408  -3.1139200000000002 
45 7  -1.0099200000000002  -1.0099200000000002  3.19808 
45 8  -6.26992  -2.06192  2.1460799999999995 
45 9  -4.16592  -2.06192  4.2500800000000005 
45 10  -6.26992  4.2500800000000005  0.042079999999999895 
45 11  -4.16592  4.2500800000000005  -2.06192 
45 12  -6.26992  2.1460799999999995  -2.06192 
45 13  -4.16592  2.1460799999999995  0.042079999999999895 
45 14  -6.26992  0.042079999999999895  4.2500800000000005 
45 15  -4.16592  0.042079999999999895  2.1460799999999995 
45 16  -2.0619200000000006  -2.06192  -2.06192 
45 17  0.04208000000000034  -2.06192  0.042079999999999895 
45 18  -2.061919999999999  4.2500800000000005  4.2500800000000005 
45 19  0.04208000000000123  4.2500800000000005  2.1460799999999995 
45 20  -2.0619200000000006  2.1460799999999995  2.1460799999999995 
45 21  0.04208000000000123  2.1460799999999995  4.2500800000000005 
45 22  -2.0619200000000006  0.042079999999999895  0.042079999999999895 
45 23  0.04208000000000034  0.042079999999999895  -2.06192 
46 0  -5.30208  -1.0940800000000002  -3.1139200000000002 
46 1  -3.198079999999999  5.21792  3.19808 
46 2  -5.302079999999999  3.1139200000000002  1.09408 
46 3  -3.19808  1.00992  -1.0099200000000002 
46 4  -1.09408  -1.0940800000000002  1.09408 
46 5  1.0099200000000002  5.21792  -1.0099200000000002 
46 6  -1.09408  3.1139200000000002  -3.1139200000000002 
46 7  1.0099200000000002  1.00992  3.19808 
46 8  -4.25008  -0.04208000000000012  2.1460799999999995 
46 9  -2.1460799999999995  -0.04208000000000012  4.2500800000000005 
46 10  -4.25008  6.269920000000001  0.042079999999999895 
46 11  -2.1460799999999995  6.269920000000001  -2.06192 
46 12  -4.25008  4.16592  -2.06192 
46 13  -2.1460799999999995  4.16592  0.042079999999999895 
46 14  -4.25008  2.0619199999999998  4.2500800000000005 
46 15  -2.1460799999999995  2.0619199999999998  2.1460799999999995 
46 16  -0.04208000000000034  -0.04208000000000012  -2.06192 
46 17  2.0619200000000006  -0.04208000000000012  0.042079999999999895 
46 18  -0.04207999999999856  6.269920000000001  4.2500800000000005 
46 19  2.0619200000000015  6.269920000000001  2.1460799999999995 
46 20  -0.04208000000000034  4.16592  2.1460799999999995 
46 21  2.0619200000000015  4.16592  4.2500800000000005 
46 22  -0.04208000000000034  2.0619199999999998  0.042079999999999895 
46 23  2.0619200000000006  2.0619199999999998  -2.06192 
47 0  -5.217920000000001  -1.00992  -7.40608 
47 1  -3.1139200000000002  5.30208  -1.09408 
47 2  -5.21792  3.19808  -3.19808 
47 3  -3.113920000000001  1.0940800000000002  -5.30208 
47 4  -1.009920000000001  -1.00992  -3.19808 
47 5  1.094079999999999  5.30208  -5.30208 
47 6  -1.009920000000001  3.19808  -7.40608 
47 7  1.094079999999999  1.0940800000000002  -1.09408 
47 8  -4.165920000000001  0.04208000000000012  -2.1460800000000004 
47 9  -2.0619200000000006  0.04208000000000012  -0.04207999999999945 
47 10  -4.165920000000001  6.354080000000001  -4.2500800000000005 
47 11  -2.0619200000000006  6.354080000000001  -6.35408 
47 12  -4.165920000000001  4.25008  -6.35408 
47 13  -2.0619200000000006  4.25008  -4.2500800000000005 
47 14  -4.165920000000001  2.1460800000000004  -0.04207999999999945 
47 15  -2.0619200000000006  2.1460800000000004  -2.1460800000000004 
47 16  0.04207999999999856  0.04208000000000012  -6.35408 
47 17  2.1460799999999995  0.04208000000000012  -4.2500800000000005 
47 18  0.04208000000000034  6.354080000000001  -0.04207999999999945 
47 19  2.1460800000000004  6.354080000000001  -2.1460800000000004 
47 20  0.04207999999999856  4.25008  -2.1460800000000004 
47 21  2.1460800000000004  4.25008  -0.04207999999999945 
47 22  0.04207999999999856  2.1460800000000004  -4.2500800000000005 
47 23  2.1460799999999995  2.1460800000000004  -6.35408 
48 0  -7.406080000000001  -3.19808  -7.40608 
48 1  -5.30208  3.1139200000000002  -1.09408 
48 2  -7.40608  1.0099200000000002  -3.19808 
48 3  -5.302080000000001  -1.09408  -5.30208 
48 4  -3.198080000000001  -3.19808  -3.19808 
48 5  -1.0940800000000008  3.1139200000000002  -5.30208 
48 6  -3.198080000000001  1.0099200000000002  -7.40608 
48 7  -1.0940800000000008  -1.09408  -1.09408 
48 8  -6.354080000000001  -2.14608  -2.1460800000000004 
48 9  -4.2500800000000005  -2.14608  -0.04207999999999945 
48 10  -6.354080000000001  4.165920000000001  -4.2500800000000005 
48 11  -4.2500800000000005  4.165920000000001  -6.35408 
48 12  -6.354080000000001  2.0619199999999998  -6.35408 
48 13  -4.2500800000000005  2.0619199999999998  -4.2500800000000005 
48 14  -6.354080000000001  -0.042079999999999895  -0.04207999999999945 
48 15  -4.2500800000000005  -0.042079999999999895  -2.1460800000000004 
48 16  -2.1460800000000013  -2.14608  -6.35408 
48 17  -0.04208000000000034  -2.14608  -4.2500800000000005 
48 18  -2.1460799999999995  4.165920000000001  -0.04207999999999945 
48 19  -0.04207999999999945  4.165920000000001  -2.1460800000000004 
48 20  -2.1460800000000013  2.0619199999999998  -2.1460800000000004 
48 21  -0.04207999999999945  2.0619199999999998  -0.04207999999999945 
48 22  -2.1460800000000013  -0.042079999999999895  -4.2500800000000005 
48 23  -0.04208000000000034  -0.042079999999999895  -6.35408 
49 0  -5.302080000000001  -7.32192  -5.30208 
49 1  -3.19808  -1.0099200000000002  1.0099200000000002 
49 2  -5.30208  -3.1139200000000002  -1.09408 
49 3  -3.198080000000001  -5.21792  -3.19808 
49 4  -1.0940800000000008  -7.32192  -1.09408 
49 5  1.0099199999999993  -1.0099200000000002  -3.19808 
49 6  -1.0940800000000008  -3.1139200000000002  -5.30208 
49 7  1.0099199999999993  -5.21792  1.0099200000000002 
49 8  -4.2500800000000005  -6.269920000000001  -0.04208000000000034 
49 9  -2.1460800000000004  -6.269920000000001  2.0619200000000006 
49 10  -4.2500800000000005  0.04208000000000034  -2.14608 
49 11  -2.1460800000000004  0.04208000000000034  -4.2500800000000005 
49 12  -4.2500800000000005  -2.0619200000000006  -4.2500800000000005 
49 13  -2.1460800000000004  -2.0619200000000006  -2.14608 
49 14  -4.2500800000000005  -4.16592  2.0619200000000006 
49 15  -2.1460800000000004  -4.16592  -0.04208000000000034 
49 16  -0.04208000000000123  -6.269920000000001  -4.2500800000000005 
49 17  2.0619199999999998  -6.269920000000001  -2.14608 
49 18  -0.04207999999999945  0.04208000000000034  2.0619200000000006 
49 19  2.0619200000000006  0.04208000000000034  -0.04208000000000034 
49 20  -0.04208000000000123  -2.0619200000000006  -0.04208000000000034 
49 21  2.0619200000000006  -2.0619200000000006  2.0619200000000006 
49 22  -0.04208000000000123  -4.16592  -2.14608 
49 23  2.0619199999999998  -4.16592  -4.2500800000000005 
50 0  -5.21792  -3.19808  -5.21792 
50 1  -3.1139199999999994  3.1139200000000002  1.09408 
50 2  -5.2179199999999994  1.0099200000000002  -1.0099200000000002 
50 3  -3.1139200000000002  -1.09408  -3.1139200000000002 
50 4  -1.0099200000000002  -3.19808  -1.0099200000000002 
50 5  1.09408  3.1139200000000002  -3.1139200000000002 
50 6  -1.0099200000000002  1.0099200000000002  -5.21792 
50 7  1.09408  -1.09408  1.09408 
50 8  -4.16592  -2.14608  0.04207999999999945 
50 9  -2.0619199999999998  -2.14608  2.1460800000000004 
50 10  -4.16592  4.165920000000001  -2.06192 
50 11  -2.0619199999999998  4.165920000000001  -4.16592 
50 12  -4.16592  2.0619199999999998  -4.16592 
50 13  -2.0619199999999998  2.0619199999999998  -2.06192 
50 14  -4.16592  -0.042079999999999895  2.1460800000000004 
50 15  -2.0619199999999998  -0.042079999999999895  0.04207999999999945 
50 16  0.04207999999999945  -2.14608  -4.16592 
50 17  2.1460800000000004  -2.14608  -2.06192 
50 18  0.04208000000000123  4.165920000000001  2.1460800000000004 
50 19  2.1460800000000013  4.165920000000001  0.04207999999999945 
50 20  0.04207999999999945  2.0619199999999998  0.04207999999999945 
50 21  2.1460800000000013  2.0619199999999998  2.1460800000000004 
50 22  0.04207999999999945  -0.042079999999999895  -2.06192 
50 23  2.1460800000000004  -0.042079999999999895  -4.16592 
51 0  -7.40608  -5.21792  -1.00992 
51 1  -5.302079999999999  1.09408  5.30208 
51 2  -7.406079999999999  -1.0099200000000002  3.19808 
51 3  -5.30208  -3.1139200000000002  1.0940800000000002 
51 4  -3.19808  -5.21792  3.19808 
51 5  -1.09408  1.09408  1.0940800000000002 
51 6  -3.19808  -1.0099200000000002  -1.00992 
51 7  -1.09408  -3.1139200000000002  5.30208 
51 8  -6.35408  -4.16592  4.25008 
51 9  -4.25008  -4.16592  6.354080000000001 
51 10  -6.35408  2.1460800000000004  2.1460800000000004 
51 11  -4.25008  2.1460800000000004  0.04208000000000012 
51 12  -6.35408  0.04207999999999945  0.04208000000000012 
51 13  -4.25008  0.04207999999999945  2.1460800000000004 
51 14  -6.35408  -2.06192  6.354080000000001 
51 15  -4.25008  -2.06192  4.25008 
51 16  -2.1460800000000004  -4.16592  0.04208000000000012 
51 17  -0.04207999999999945  -4.16592  2.1460800000000004 
51 18  -2.1460799999999987  2.1460800000000004  6.354080000000001 
51 19  -0.04207999999999856  2.1460800000000004  4.25008 
51 20  -2.1460800000000004  0.04207999999999945  4.25008 
51 21  -0.04207999999999856  0.04207999999999945  6.354080000000001 
51 22  -2.1460800000000004  -2.06192  2.1460800000000004 
51 23  -0.04207999999999945  -2.06192  0.04208000000000012 
52 0  -7.32192  -5.30208  -5.30208 
52 1  -5.2179199999999994  1.0099200000000002  1.0099200000000002 
52 2  -7.3219199999999995  -1.09408  -1.09408 
52 3  -5.21792  -3.19808  -3.19808 
52 4  -3.1139200000000002  -5.30208  -1.09408 
52 5  -1.0099200000000002  1.0099200000000002  -3.19808 
52 6  -3.1139200000000002  -1.09408  -5.30208 
52 7  -1.0099200000000002  -3.19808  1.0099200000000002 
52 8  -6.26992  -4.2500800000000005  -0.04208000000000034 
52 9  -4.16592  -4.2500800000000005  2.0619200000000006 
52 10  -6.26992  2.0619200000000006  -2.14608 
52 11  -4.16592  2.0619200000000006  -4.2500800000000005 
52 12  -6.26992  -0.04208000000000034  -4.2500800000000005 
52 13  -4.16592  -0.04208000000000034  -2.14608 
52 14  -6.26992  -2.14608  2.0619200000000006 
52 15  -4.16592  -2.14608  -0.04208000000000034 
52 16  -2.0619200000000006  -4.2500800000000005  -4.2500800000000005 
52 17  0.04208000000000034  -4.2500800000000005  -2.14608 
52 18  -2.061919999999999  2.0619200000000006  2.0619200000000006 
52 19  0.04208000000000123  2.0619200000000006  -0.04208000000000034 
52 20  -2.0619200000000006  -0.04208000000000034  -0.04208000000000034 
52 21  0.04208000000000123  -0.04208000000000034  2.0619200000000006 
52 22  -2.0619200000000006  -2.14608  -2.14608 
52 23  0.04208000000000034  -2.14608  -4.2500800000000005 
53 0  -7.321920000000002  -7.32192  -7.32192 
53 1  -5.217920000000001  -1.0099200000000002  -1.0099200000000002 
53 2  -7.321920000000001  -3.1139200000000002  -3.1139200000000002 
53 3  -5.217920000000002  -5.21792  -5.21792 
53 4  -3.113920000000002  -7.32192  -3.1139200000000002 
53 5  -1.009920000000002  -1.0099200000000002  -5.21792 
53 6  -3.113920000000002  -3.1139200000000002  -7.32192 
53 7  -1.009920000000002  -5.21792  -1.0099200000000002 
53 8  -6.269920000000002  -6.269920000000001  -2.0619200000000006 
53 9  -4.165920000000002  -6.269920000000001  0.04208000000000034 
53 10  -6.269920000000002  0.04208000000000034  -4.16592 
53 11  -4.165920000000002  0.04208000000000034  -6.269920000000001 
53 12  -6.269920000000002  -2.0619200000000006  -6.269920000000001 
53 13  -4.165920000000002  -2.0619200000000006  -4.16592 
53 14  -6.269920000000002  -4.16592  0.04208000000000034 
53 15  -4.165920000000002  -4.16592  -2.0619200000000006 
53 16  -2.0619200000000024  -6.269920000000001  -6.269920000000001 
53 17  0.04207999999999856  -6.269920000000001  -4.16592 
53 18  -2.0619200000000006  0.04208000000000034  0.04208000000000034 
53 19  0.04207999999999945  0.04208000000000034  -2.0619200000000006 
53 20  -2.0619200000000024  -2.0619200000000006  -2.0619200000000006 
53 21  0.04207999999999945  -2.0619200000000006  0.04208000000000034 
53 22  -2.0619200000000024  -4.16592  -4.16592 
53 23  0.04207999999999856  -4.16592  -6.269920000000001 
54 0  -5.302080000000001  -5.30208  -7.32192 
54 1  -3.19808  1.0099200000000002  -1.0099200000000002 
54 2  -5.30208  -1.09408  -3.1139200000000002 
54 3  -3.198080000000001  -3.19808  -5.21792 
54 4  -1.0940800000000008  -5.30208  -3.1139200000000002 
54 5  1.0099199999999993  1.0099200000000002  -5.21792 
54 6  -1.0940800000000008  -1.09408  -7.32192 
54 7  1.0099199999999993  -3.19808  -1.0099200000000002 
54 8  -4.2500800000000005  -4.2500800000000005  -2.0619200000000006 
54 9  -2.1460800000000004  -4.2500800000000005  0.04208000000000034 
54 10  -4.2500800000000005  2.0619200000000006  -4.16592 
54 11  -2.1460800000000004  2.0619200000000006  -6.269920000000001 
54 12  -4.2500800000000005  -0.04208000000000034  -6.269920000000001 
54 13  -2.1460800000000004  -0.04208000000000034  -4.16592 
54 14  -4.2500800000000005  -2.14608  0.04208000000000034 
54 15  -2.1460800000000004  -2.14608  -2.0619200000000006 
54 16  -0.04208000000000123  -4.2500800000000005  -6.269920000000001 
54 17  2.0619199999999998  -4.2500800000000005  -4.16592 
54 18  -0.04207999999999945  2.0619200000000006  0.04208000000000034 
54 19  2.0619200000000006  2.0619200000000006  -2.0619200000000006 
54 20  -0.04208000000000123  -0.04208000000000034  -2.0619200000000006 
54 21  2.0619200000000006  -0.04208000000000034  0.04208000000000034 
54 22  -0.04208000000000123  -2.14608  -4.16592 
54 23  2.0619199999999998  -2.14608  -6.269920000000001 
55 0  -5.21792  -5.21792  -3.19808 
55 1  -3.1139199999999994  1.09408  3.1139200000000002 
55 2  -5.2179199999999994  -1.0099200000000002  1.0099200000000002 
55 3  -3.1139200000000002  -3.1139200000000002  -1.09408 
55 4  -1.0099200000000002  -5.21792  1.0099200000000002 
55 5  1.09408  1.09408  -1.09408 
55 6  -1.0099200000000002  -1.0099200000000002  -3.19808 
55 7  1.09408  -3.1139200000000002  3.1139200000000002 
55 8  -4.16592  -4.16592  2.0619199999999998 
55 9  -2.0619199999999998  -4.16592  4.165920000000001 
55 10  -4.16592  2.1460800000000004  -0.042079999999999895 
55 11  -2.0619199999999998  2.1460800000000004  -2.14608 
55 12  -4.16592  0.04207999999999945  -2.14608 
55 13  -2.0619199999999998  0.04207999999999945  -0.042079999999999895 
55 14  -4.16592  -2.06192  4.165920000000001 
55 15  -2.0619199999999998  -2.06192  2.0619199999999998 
55 16  0.04207999999999945  -4.16592  -2.14608 
55 17  2.1460800000000004  -4.16592  -0.042079999999999895 
55 18  0.04208000000000123  2.1460800000000004  4.165920000000001 
55 19  2.1460800000000013  2.1460800000000004  2.0619199999999998 
55 20  0.04207999999999945  0.04207999999999945  2.0619199999999998 
55 21  2.1460800000000013  0.04207999999999945  4.165920000000001 
55 22  0.04207999999999945  -2.06192  -0.042079999999999895 
55 23  2.1460800000000004  -2.06192  -2.14608 