 3.021  0  0  6.128744906332929e-16  10.009  0  7.741604740809994e-16  0.0  12.643 
5
0 16  -1.5105  1.7105381000000002  0.0 
0 17  6.661338147750939e-16  2.8916001  6.3215 
0 18  2.220446049250313e-16  1.2391142000000002  2.5083712 
0 19  -1.5104999999999993  3.3630240000000002  8.829871200000001 
0 20  -2.220446049250313e-16  1.2391142000000002  -2.5083712 
0 21  -1.5104999999999995  3.3630240000000002  3.8131288000000003 
0 22  0.0  3.8504623000000002  -1.453945 
0 23  -1.5104999999999997  0.7516759000000001  4.867555000000001 
0 24  2.220446049250313e-16  3.8504623000000002  1.453945 
0 25  -1.5104999999999995  0.7516759000000001  7.7754449999999995 
0 26  4.440892098500626e-16  6.7150381  0.0 
0 27  -1.510499999999999  7.896100100000001  6.3215 
0 28  -1.5104999999999995  6.243614200000001  2.5083712 
0 29  8.881784197001252e-16  8.367524  8.829871200000001 
0 30  -1.5104999999999997  6.243614200000001  -2.5083712 
0 31  6.661338147750939e-16  8.367524  3.8131288000000003 
0 32  -1.5104999999999995  8.8549623  -1.453945 
0 33  6.661338147750939e-16  5.7561759  4.867555000000001 
0 34  -1.5104999999999993  8.8549623  1.453945 
0 35  8.881784197001252e-16  5.7561759  7.7754449999999995 
1 16  -5.641396773844579e-16  -2.8916001000000002  -6.3215 
1 17  1.5105  -1.7105381000000004  0.0 
1 18  1.5104999999999995  -3.3630240000000002  -3.8131288000000003 
1 19  7.771957611726872e-17  -1.2391142  2.508371200000001 
1 20  1.510499999999999  -3.3630240000000002  -8.829871200000001 
1 21  -2.294672999980719e-16  -1.2391142  -2.5083712 
1 22  1.5104999999999993  -0.7516759000000004  -7.775445 
1 23  -3.248012710659426e-16  -3.8504623000000002  -1.4539449999999992 
1 24  1.5104999999999995  -0.7516759000000004  -4.867555 
1 25  -1.4674436202731287e-16  -3.8504623000000002  1.4539449999999992 
1 26  1.5104999999999997  2.1128998999999995  -6.3215 
1 27  2.016969948674168e-16  3.2939619  0.0 
1 28  -1.3297538251896923e-16  1.641476  -3.8131288000000003 
1 29  1.5105000000000002  3.7653858  2.508371200000001 
1 30  -4.4016225863430988e-16  1.641476  -8.829871200000001 
1 31  1.5105  3.7653858  -2.5083712 
1 32  -2.1569832048972844e-16  4.252824100000001  -7.775445 
1 33  1.5105  1.154037699999999  -1.4539449999999992 
1 34  -3.764141145109849e-17  4.252824100000001  -4.867555 
1 35  1.5105000000000002  1.154037699999999  1.4539449999999992 
2 16  -2.0169699486741664e-16  -3.2939618999999998  0.0 
2 17  1.5105000000000004  -2.1128999  6.3215 
2 18  1.5105  -3.7653858  2.5083712 
2 19  4.4016225863431e-16  -1.6414759999999995  8.829871200000001 
2 20  1.5104999999999995  -3.7653858  -2.5083712 
2 21  1.3297538251896943e-16  -1.6414759999999995  3.8131288000000003 
2 22  1.5104999999999997  -1.1540377  -1.453945 
2 23  3.764141145109869e-17  -4.2528241  4.867555000000001 
2 24  1.5105  -1.1540377  1.453945 
2 25  2.1569832048972844e-16  -4.2528241  7.7754449999999995 
2 26  1.5105000000000002  1.7105381  0.0 
2 27  5.641396773844581e-16  2.8916001000000007  6.3215 
2 28  2.294672999980721e-16  1.2391142000000004  2.5083712 
2 29  1.5105000000000006  3.3630240000000002  8.829871200000001 
2 30  -7.771957611726857e-17  1.2391142000000004  -2.5083712 
2 31  1.5105000000000004  3.3630240000000002  3.8131288000000003 
2 32  1.4674436202731287e-16  3.850462300000001  -1.453945 
2 33  1.5105000000000004  0.7516758999999995  4.867555000000001 
2 34  3.248012710659428e-16  3.850462300000001  1.453945 
2 35  1.5105000000000006  0.7516758999999995  7.7754449999999995 
3 16  -1.510500000000001  -7.8961001  -6.3215 
3 17  -4.440892098500626e-16  -6.715038099999999  0.0 
3 18  -8.881784197001252e-16  -8.367524  -3.8131288000000003 
3 19  -1.5105000000000004  -6.2436142  2.508371200000001 
3 20  -1.3322676295501878e-15  -8.367524  -8.829871200000001 
3 21  -1.5105000000000006  -6.2436142  -2.5083712 
3 22  -1.1102230246251565e-15  -5.7561759  -7.775445 
3 23  -1.5105000000000008  -8.8549623  -1.4539449999999992 
3 24  -8.881784197001252e-16  -5.7561759  -4.867555 
3 25  -1.5105000000000006  -8.8549623  1.4539449999999992 
3 26  -6.661338147750939e-16  -2.8916001  -6.3215 
3 27  -1.5105000000000002  -1.710538099999999  0.0 
3 28  -1.5105000000000006  -3.3630239999999993  -3.8131288000000003 
3 29  -2.220446049250313e-16  -1.2391141999999995  2.508371200000001 
3 30  -1.5105000000000008  -3.3630239999999993  -8.829871200000001 
3 31  -4.440892098500626e-16  -1.2391141999999995  -2.5083712 
3 32  -1.5105000000000006  -0.7516758999999986  -7.775445 
3 33  -4.440892098500626e-16  -3.8504623000000002  -1.4539449999999992 
3 34  -1.5105000000000004  -0.7516758999999986  -4.867555 
3 35  -2.220446049250313e-16  -3.8504623000000002  1.4539449999999992 
4 16  3.105991462312088e-16  1.9117190000000002  3.16075 
4 17  1.5105000000000008  3.092781  9.48225 
4 18  1.5105000000000004  1.4402951000000002  5.6691212 
4 19  9.524583997329355e-16  3.5642049000000005  11.990621200000001 
4 20  1.5105  1.4402951000000002  0.6523788 
4 21  6.452715236175949e-16  3.5642049000000005  6.9738788000000005 
4 22  1.5105000000000002  4.0516432  1.7068050000000001 
4 23  5.499375525497241e-16  0.9528568000000001  8.028305000000001 
4 24  1.5105000000000004  4.0516432  4.614695 
4 25  7.279944615883539e-16  0.9528568000000001  10.936195 
4 26  1.5105000000000006  6.916219  3.16075 
4 27  1.0764358184830835e-15  8.097281  9.48225 
4 28  7.417634410966975e-16  6.4447951  5.6691212 
4 29  1.510500000000001  8.5687049  11.990621200000001 
4 30  4.345765649813569e-16  6.4447951  0.6523788 
4 31  1.5105000000000008  8.5687049  6.9738788000000005 
4 32  6.590405031259383e-16  9.056143200000001  1.7068050000000001 
4 33  1.5105000000000008  5.9573567999999995  8.028305000000001 
4 34  8.370974121645683e-16  9.056143200000001  4.614695 
4 35  1.510500000000001  5.9573567999999995  10.936195 
5 16  -7.648109080929089e-17  1.9117190000000002  -3.16075 
5 17  1.5105000000000004  3.092781  3.16075 
5 18  1.5105  1.4402951000000002  -0.6523788000000001 
5 19  5.653781626924358e-16  3.5642049000000005  5.669121200000001 
5 20  1.5104999999999995  1.4402951000000002  -5.6691212 
5 21  2.581912865770952e-16  3.5642049000000005  0.6523788000000001 
5 22  1.5104999999999997  4.0516432  -4.614695 
5 23  1.6285731550922444e-16  0.9528568000000001  1.706805000000001 
5 24  1.5105  4.0516432  -1.7068050000000001 
5 25  3.409142245478542e-16  0.9528568000000001  4.614694999999999 
5 26  1.5105000000000002  6.916219  -3.16075 
5 27  6.893555814425839e-16  8.097281  3.16075 
5 28  3.5468320405619783e-16  6.4447951  -0.6523788000000001 
5 29  1.5105000000000006  8.5687049  5.669121200000001 
5 30  4.749632794085719e-17  6.4447951  -5.6691212 
5 31  1.5105000000000004  8.5687049  0.6523788000000001 
5 32  2.719602660854386e-16  9.056143200000001  -4.614695 
5 33  1.5105000000000004  5.9573567999999995  1.706805000000001 
5 34  4.500171751240686e-16  9.056143200000001  -1.7068050000000001 
5 35  1.5105000000000006  5.9573567999999995  4.614694999999999 
6 16  6.124273720869244e-17  -0.7546786000000001  1.7548484000000002 
6 17  1.5105000000000006  0.42638339999999975  8.0763484 
6 18  1.5105000000000002  -1.2261025  4.2632196 
6 19  7.031019907104191e-16  0.8978073000000002  10.584719600000001 
6 20  1.5104999999999997  -1.2261025  -0.7535227999999999 
6 21  3.959151145950785e-16  0.8978073000000002  5.5679772000000005 
6 22  1.5105  1.3852455999999997  0.30090340000000015 
6 23  3.0058114352720777e-16  -1.7135408  6.622403400000001 
6 24  1.5105000000000002  1.3852455999999997  3.2087934000000002 
6 25  4.786380525658375e-16  -1.7135408  9.5302934 
6 26  1.5105000000000004  4.2498214  1.7548484000000002 
6 27  8.270794094605672e-16  5.430883400000001  8.0763484 
6 28  4.924070320741812e-16  3.7783975  4.2632196 
6 29  1.5105000000000008  5.9023073  10.584719600000001 
6 30  1.8522015595884051e-16  3.7783975  -0.7535227999999999 
6 31  1.5105000000000006  5.9023073  5.5679772000000005 
6 32  4.0968409410342195e-16  6.389745600000001  0.30090340000000015 
6 33  1.5105000000000006  3.290959199999999  6.622403400000001 
6 34  5.877410031420519e-16  6.389745600000001  3.2087934000000002 
6 35  1.5105000000000008  3.290959199999999  9.5302934 
7 16  -1.5105000000000004  -0.42638339999999975  -4.5666516 
7 17  2.220446049250313e-16  0.7546786000000001  1.7548484000000002 
7 18  -2.220446049250313e-16  -0.8978072999999998  -2.0582804 
7 19  -1.5104999999999997  1.2261025000000005  4.263219600000001 
7 20  -6.661338147750939e-16  -0.8978072999999998  -7.0750228 
7 21  -1.5105  1.2261025000000005  -0.7535227999999998 
7 22  -4.440892098500626e-16  1.7135408  -6.0205966 
7 23  -1.5105000000000002  -1.3852455999999997  0.30090340000000104 
7 24  -2.220446049250313e-16  1.7135408  -3.1127066 
7 25  -1.5105  -1.3852455999999997  3.2087933999999994 
7 26  0.0  4.5781165999999995  -4.5666516 
7 27  -1.5104999999999995  5.7591786  1.7548484000000002 
7 28  -1.5105  4.1066927  -2.0582804 
7 29  4.440892098500626e-16  6.2306025  4.263219600000001 
7 30  -1.5105000000000002  4.1066927  -7.0750228 
7 31  2.220446049250313e-16  6.2306025  -0.7535227999999998 
7 32  -1.5105  6.718040800000001  -6.0205966 
7 33  2.220446049250313e-16  3.6192543999999995  0.30090340000000104 
7 34  -1.5104999999999997  6.718040800000001  -3.1127066 
7 35  4.440892098500626e-16  3.6192543999999995  3.2087933999999994 
8 16  -1.5366421039619296e-16  -0.7546786000000001  -1.7548484000000002 
8 17  1.5105000000000004  0.42638339999999975  4.5666516 
8 18  1.5105  -1.2261025  0.7535227999999998 
8 19  4.881950431055337e-16  0.8978073000000002  7.075022800000001 
8 20  1.5104999999999995  -1.2261025  -4.2632196 
8 21  1.810081669901931e-16  0.8978073000000002  2.0582804 
8 22  1.5104999999999997  1.3852455999999997  -3.2087934000000002 
8 23  8.567419592232237e-17  -1.7135408  3.112706600000001 
8 24  1.5105  1.3852455999999997  -0.30090340000000015 
8 25  2.637311049609521e-16  -1.7135408  6.020596599999999 
8 26  1.5105000000000002  4.2498214  -1.7548484000000002 
8 27  6.121724618556818e-16  5.430883400000001  4.5666516 
8 28  2.7750008446929576e-16  3.7783975  0.7535227999999998 
8 29  1.5105000000000006  5.9023073  7.075022800000001 
8 30  -2.968679164604489e-17  3.7783975  -4.2632196 
8 31  1.5105000000000004  5.9023073  2.0582804 
8 32  1.9477714649853655e-16  6.389745600000001  -3.2087934000000002 
8 33  1.5105000000000004  3.290959199999999  3.112706600000001 
8 34  3.728340555371665e-16  6.389745600000001  -0.30090340000000015 
8 35  1.5105000000000006  3.290959199999999  6.020596599999999 
9 16  -1.5105000000000006  -0.42638339999999975  -8.0763484 
9 17  0.0  0.7546786000000001  -1.7548484000000002 
9 18  -4.440892098500626e-16  -0.8978072999999998  -5.5679772000000005 
9 19  -1.5105  1.2261025000000005  0.7535228000000007 
9 20  -8.881784197001252e-16  -0.8978072999999998  -10.584719600000001 
9 21  -1.5105000000000002  1.2261025000000005  -4.2632196 
9 22  -6.661338147750939e-16  1.7135408  -9.530293400000001 
9 23  -1.5105000000000004  -1.3852455999999997  -3.2087933999999994 
9 24  -4.440892098500626e-16  1.7135408  -6.6224034000000005 
9 25  -1.5105000000000002  -1.3852455999999997  -0.30090340000000104 
9 26  -2.220446049250313e-16  4.5781165999999995  -8.0763484 
9 27  -1.5104999999999997  5.7591786  -1.7548484000000002 
9 28  -1.5105000000000002  4.1066927  -5.5679772000000005 
9 29  2.220446049250313e-16  6.2306025  0.7535228000000007 
9 30  -1.5105000000000004  4.1066927  -10.584719600000001 
9 31  0.0  6.2306025  -4.2632196 
9 32  -1.5105000000000002  6.718040800000001  -9.530293400000001 
9 33  0.0  3.6192543999999995  -3.2087933999999994 
9 34  -1.5105  6.718040800000001  -6.6224034000000005 
9 35  2.220446049250313e-16  3.6192543999999995  -0.30090340000000104 
10 16  -1.5105  -3.092781  3.16075 
10 17  6.661338147750939e-16  -1.9117190000000002  9.48225 
10 18  2.220446049250313e-16  -3.5642049  5.6691212 
10 19  -1.5104999999999993  -1.4402950999999997  11.990621200000001 
10 20  -2.220446049250313e-16  -3.5642049  0.6523788 
10 21  -1.5104999999999995  -1.4402950999999997  6.9738788000000005 
10 22  0.0  -0.9528568000000002  1.7068050000000001 
10 23  -1.5104999999999997  -4.0516432  8.028305000000001 
10 24  2.220446049250313e-16  -0.9528568000000002  4.614695 
10 25  -1.5104999999999995  -4.0516432  10.936195 
10 26  4.440892098500626e-16  1.9117189999999997  3.16075 
10 27  -1.510499999999999  3.0927810000000004  9.48225 
10 28  -1.5104999999999995  1.4402951000000002  5.6691212 
10 29  8.881784197001252e-16  3.5642049  11.990621200000001 
10 30  -1.5104999999999997  1.4402951000000002  0.6523788 
10 31  6.661338147750939e-16  3.5642049  6.9738788000000005 
10 32  -1.5104999999999995  4.051643200000001  1.7068050000000001 
10 33  6.661338147750939e-16  0.9528567999999993  8.028305000000001 
10 34  -1.5104999999999993  4.051643200000001  4.614695 
10 35  8.881784197001252e-16  0.9528567999999993  10.936195 
11 16  -1.5105000000000004  -3.092781  -3.16075 
11 17  2.220446049250313e-16  -1.9117190000000002  3.16075 
11 18  -2.220446049250313e-16  -3.5642049  -0.6523788000000001 
11 19  -1.5104999999999997  -1.4402950999999997  5.669121200000001 
11 20  -6.661338147750939e-16  -3.5642049  -5.6691212 
11 21  -1.5105  -1.4402950999999997  0.6523788000000001 
11 22  -4.440892098500626e-16  -0.9528568000000002  -4.614695 
11 23  -1.5105000000000002  -4.0516432  1.706805000000001 
11 24  -2.220446049250313e-16  -0.9528568000000002  -1.7068050000000001 
11 25  -1.5105  -4.0516432  4.614694999999999 
11 26  0.0  1.9117189999999997  -3.16075 
11 27  -1.5104999999999995  3.0927810000000004  3.16075 
11 28  -1.5105  1.4402951000000002  -0.6523788000000001 
11 29  4.440892098500626e-16  3.5642049  5.669121200000001 
11 30  -1.5105000000000002  1.4402951000000002  -5.6691212 
11 31  2.220446049250313e-16  3.5642049  0.6523788000000001 
11 32  -1.5105  4.051643200000001  -4.614695 
11 33  2.220446049250313e-16  0.9528567999999993  1.706805000000001 
11 34  -1.5104999999999997  4.051643200000001  -1.7068050000000001 
11 35  4.440892098500626e-16  0.9528567999999993  4.614694999999999 
12 16  -1.5105000000000002  -5.7591786  1.7548484000000002 
12 17  4.440892098500626e-16  -4.5781165999999995  8.0763484 
12 18  0.0  -6.2306025  4.2632196 
12 19  -1.5104999999999995  -4.1066927  10.584719600000001 
12 20  -4.440892098500626e-16  -6.2306025  -0.7535227999999999 
12 21  -1.5104999999999997  -4.1066927  5.5679772000000005 
12 22  -2.220446049250313e-16  -3.6192544  0.30090340000000015 
12 23  -1.5105  -6.7180408  6.622403400000001 
12 24  0.0  -3.6192544  3.2087934000000002 
12 25  -1.5104999999999997  -6.7180408  9.5302934 
12 26  2.220446049250313e-16  -0.7546786000000001  1.7548484000000002 
12 27  -1.5104999999999993  0.42638340000000063  8.0763484 
12 28  -1.5104999999999997  -1.2261024999999997  4.2632196 
12 29  6.661338147750939e-16  0.8978073000000002  10.584719600000001 
12 30  -1.5105  -1.2261024999999997  -0.7535227999999999 
12 31  4.440892098500626e-16  0.8978073000000002  5.5679772000000005 
12 32  -1.5104999999999997  1.385245600000001  0.30090340000000015 
12 33  4.440892098500626e-16  -1.7135408000000005  6.622403400000001 
12 34  -1.5104999999999995  1.385245600000001  3.2087934000000002 
12 35  6.661338147750939e-16  -1.7135408000000005  9.5302934 
13 16  -6.121724618556817e-16  -5.430883400000001  -4.5666516 
13 17  1.5105  -4.2498214  1.7548484000000002 
13 18  1.5104999999999995  -5.9023073  -2.0582804 
13 19  2.9686791646044936e-17  -3.7783975  4.263219600000001 
13 20  1.510499999999999  -5.9023073  -7.0750228 
13 21  -2.7750008446929566e-16  -3.7783975  -0.7535227999999998 
13 22  1.5104999999999993  -3.2909592000000005  -6.0205966 
13 23  -3.728340555371664e-16  -6.3897456  0.30090340000000104 
13 24  1.5104999999999995  -3.2909592000000005  -3.1127066 
13 25  -1.9477714649853665e-16  -6.3897456  3.2087933999999994 
13 26  1.5104999999999997  -0.42638340000000063  -4.5666516 
13 27  1.53664210396193e-16  0.7546786000000001  1.7548484000000002 
13 28  -1.81008166990193e-16  -0.8978073000000002  -2.0582804 
13 29  1.5105000000000002  1.2261024999999997  4.263219600000001 
13 30  -4.881950431055336e-16  -0.8978073000000002  -7.0750228 
13 31  1.5105  1.2261024999999997  -0.7535227999999998 
13 32  -2.637311049609522e-16  1.7135408000000005  -6.0205966 
13 33  1.5105  -1.385245600000001  0.30090340000000104 
13 34  -8.567419592232227e-17  1.7135408000000005  -3.1127066 
13 35  1.5105000000000002  -1.385245600000001  3.2087933999999994 
14 16  -1.5105000000000004  -5.7591786  -1.7548484000000002 
14 17  2.220446049250313e-16  -4.5781165999999995  4.5666516 
14 18  -2.220446049250313e-16  -6.2306025  0.7535227999999998 
14 19  -1.5104999999999997  -4.1066927  7.075022800000001 
14 20  -6.661338147750939e-16  -6.2306025  -4.2632196 
14 21  -1.5105  -4.1066927  2.0582804 
14 22  -4.440892098500626e-16  -3.6192544  -3.2087934000000002 
14 23  -1.5105000000000002  -6.7180408  3.112706600000001 
14 24  -2.220446049250313e-16  -3.6192544  -0.30090340000000015 
14 25  -1.5105  -6.7180408  6.020596599999999 
14 26  0.0  -0.7546786000000001  -1.7548484000000002 
14 27  -1.5104999999999995  0.42638340000000063  4.5666516 
14 28  -1.5105  -1.2261024999999997  0.7535227999999998 
14 29  4.440892098500626e-16  0.8978073000000002  7.075022800000001 
14 30  -1.5105000000000002  -1.2261024999999997  -4.2632196 
14 31  2.220446049250313e-16  0.8978073000000002  2.0582804 
14 32  -1.5105  1.385245600000001  -3.2087934000000002 
14 33  2.220446049250313e-16  -1.7135408000000005  3.112706600000001 
14 34  -1.5104999999999997  1.385245600000001  -0.30090340000000015 
14 35  4.440892098500626e-16  -1.7135408000000005  6.020596599999999 
15 16  -8.270794094605672e-16  -5.430883400000001  -8.0763484 
15 17  1.5104999999999997  -4.2498214  -1.7548484000000002 
15 18  1.5104999999999993  -5.9023073  -5.5679772000000005 
15 19  -1.8522015595884056e-16  -3.7783975  0.7535228000000007 
15 20  1.5104999999999988  -5.9023073  -10.584719600000001 
15 21  -4.924070320741812e-16  -3.7783975  -4.2632196 
15 22  1.510499999999999  -3.2909592000000005  -9.530293400000001 
15 23  -5.877410031420519e-16  -6.3897456  -3.2087933999999994 
15 24  1.5104999999999993  -3.2909592000000005  -6.6224034000000005 
15 25  -4.0968409410342215e-16  -6.3897456  -0.30090340000000104 
15 26  1.5104999999999995  -0.42638340000000063  -8.0763484 
15 27  -6.124273720869249e-17  0.7546786000000001  -1.7548484000000002 
15 28  -3.959151145950785e-16  -0.8978073000000002  -5.5679772000000005 
15 29  1.5105  1.2261024999999997  0.7535228000000007 
15 30  -7.031019907104191e-16  -0.8978073000000002  -10.584719600000001 
15 31  1.5104999999999997  1.2261024999999997  -4.2632196 
15 32  -4.786380525658377e-16  1.7135408000000005  -9.530293400000001 
15 33  1.5104999999999997  -1.385245600000001  -3.2087933999999994 
15 34  -3.0058114352720777e-16  1.7135408000000005  -6.6224034000000005 
15 35  1.5105  -1.385245600000001  -0.30090340000000104 
16 0  1.5105  -1.7105381000000002  0.0 
16 1  5.641396773844579e-16  2.8916001000000002  6.3215 
16 2  2.0169699486741664e-16  3.2939618999999998  0.0 
16 3  1.510500000000001  7.8961001  6.3215 
16 4  -3.105991462312088e-16  -1.9117190000000002  -3.16075 
16 5  7.648109080929089e-17  -1.9117190000000002  3.16075 
16 6  -6.124273720869244e-17  0.7546786000000001  -1.7548484000000002 
16 7  1.5105000000000004  0.42638339999999975  4.5666516 
16 8  1.5366421039619296e-16  0.7546786000000001  1.7548484000000002 
16 9  1.5105000000000006  0.42638339999999975  8.0763484 
16 10  1.5105  3.092781  -3.16075 
16 11  1.5105000000000004  3.092781  3.16075 
16 12  1.5105000000000002  5.7591786  -1.7548484000000002 
16 13  6.121724618556817e-16  5.430883400000001  4.5666516 
16 14  1.5105000000000004  5.7591786  1.7548484000000002 
16 15  8.270794094605672e-16  5.430883400000001  8.0763484 
17 0  -6.661338147750939e-16  -2.8916001  -6.3215 
17 1  -1.5105  1.7105381000000004  0.0 
17 2  -1.5105000000000004  2.1128999  -6.3215 
17 3  4.440892098500626e-16  6.715038099999999  0.0 
17 4  -1.5105000000000008  -3.092781  -9.48225 
17 5  -1.5105000000000004  -3.092781  -3.16075 
17 6  -1.5105000000000006  -0.42638339999999975  -8.0763484 
17 7  -2.220446049250313e-16  -0.7546786000000001  -1.7548484000000002 
17 8  -1.5105000000000004  -0.42638339999999975  -4.5666516 
17 9  0.0  -0.7546786000000001  1.7548484000000002 
17 10  -6.661338147750939e-16  1.9117190000000002  -9.48225 
17 11  -2.220446049250313e-16  1.9117190000000002  -3.16075 
17 12  -4.440892098500626e-16  4.5781165999999995  -8.0763484 
17 13  -1.5105  4.2498214  -1.7548484000000002 
17 14  -2.220446049250313e-16  4.5781165999999995  -4.5666516 
17 15  -1.5104999999999997  4.2498214  1.7548484000000002 
18 0  -2.220446049250313e-16  -1.2391142000000002  -2.5083712 
18 1  -1.5104999999999995  3.3630240000000002  3.8131288000000003 
18 2  -1.5105  3.7653858  -2.5083712 
18 3  8.881784197001252e-16  8.367524  3.8131288000000003 
18 4  -1.5105000000000004  -1.4402951000000002  -5.6691212 
18 5  -1.5105  -1.4402951000000002  0.6523788000000001 
18 6  -1.5105000000000002  1.2261025  -4.2632196 
18 7  2.220446049250313e-16  0.8978072999999998  2.0582804 
18 8  -1.5105  1.2261025  -0.7535227999999998 
18 9  4.440892098500626e-16  0.8978072999999998  5.5679772000000005 
18 10  -2.220446049250313e-16  3.5642049  -5.6691212 
18 11  2.220446049250313e-16  3.5642049  0.6523788000000001 
18 12  0.0  6.2306025  -4.2632196 
18 13  -1.5104999999999995  5.9023073  2.0582804 
18 14  2.220446049250313e-16  6.2306025  -0.7535227999999998 
18 15  -1.5104999999999993  5.9023073  5.5679772000000005 
19 0  1.5104999999999993  -3.3630240000000002  -8.829871200000001 
19 1  -7.771957611726872e-17  1.2391142  -2.508371200000001 
19 2  -4.4016225863431e-16  1.6414759999999995  -8.829871200000001 
19 3  1.5105000000000004  6.2436142  -2.508371200000001 
19 4  -9.524583997329355e-16  -3.5642049000000005  -11.990621200000001 
19 5  -5.653781626924358e-16  -3.5642049000000005  -5.669121200000001 
19 6  -7.031019907104191e-16  -0.8978073000000002  -10.584719600000001 
19 7  1.5104999999999997  -1.2261025000000005  -4.263219600000001 
19 8  -4.881950431055337e-16  -0.8978073000000002  -7.075022800000001 
19 9  1.5105  -1.2261025000000005  -0.7535228000000007 
19 10  1.5104999999999993  1.4402950999999997  -11.990621200000001 
19 11  1.5104999999999997  1.4402950999999997  -5.669121200000001 
19 12  1.5104999999999995  4.1066927  -10.584719600000001 
19 13  -2.9686791646044936e-17  3.7783975  -4.263219600000001 
19 14  1.5104999999999997  4.1066927  -7.075022800000001 
19 15  1.8522015595884056e-16  3.7783975  -0.7535228000000007 
20 0  2.220446049250313e-16  -1.2391142000000002  2.5083712 
20 1  -1.510499999999999  3.3630240000000002  8.829871200000001 
20 2  -1.5104999999999995  3.7653858  2.5083712 
20 3  1.3322676295501878e-15  8.367524  8.829871200000001 
20 4  -1.5105  -1.4402951000000002  -0.6523788 
20 5  -1.5104999999999995  -1.4402951000000002  5.6691212 
20 6  -1.5104999999999997  1.2261025  0.7535227999999999 
20 7  6.661338147750939e-16  0.8978072999999998  7.0750228 
20 8  -1.5104999999999995  1.2261025  4.2632196 
20 9  8.881784197001252e-16  0.8978072999999998  10.584719600000001 
20 10  2.220446049250313e-16  3.5642049  -0.6523788 
20 11  6.661338147750939e-16  3.5642049  5.6691212 
20 12  4.440892098500626e-16  6.2306025  0.7535227999999999 
20 13  -1.510499999999999  5.9023073  7.0750228 
20 14  6.661338147750939e-16  6.2306025  4.2632196 
20 15  -1.5104999999999988  5.9023073  10.584719600000001 
21 0  1.5104999999999995  -3.3630240000000002  -3.8131288000000003 
21 1  2.294672999980719e-16  1.2391142  2.5083712 
21 2  -1.3297538251896943e-16  1.6414759999999995  -3.8131288000000003 
21 3  1.5105000000000006  6.2436142  2.5083712 
21 4  -6.452715236175949e-16  -3.5642049000000005  -6.9738788000000005 
21 5  -2.581912865770952e-16  -3.5642049000000005  -0.6523788000000001 
21 6  -3.959151145950785e-16  -0.8978073000000002  -5.5679772000000005 
21 7  1.5105  -1.2261025000000005  0.7535227999999998 
21 8  -1.810081669901931e-16  -0.8978073000000002  -2.0582804 
21 9  1.5105000000000002  -1.2261025000000005  4.2632196 
21 10  1.5104999999999995  1.4402950999999997  -6.9738788000000005 
21 11  1.5105  1.4402950999999997  -0.6523788000000001 
21 12  1.5104999999999997  4.1066927  -5.5679772000000005 
21 13  2.7750008446929566e-16  3.7783975  0.7535227999999998 
21 14  1.5105  4.1066927  -2.0582804 
21 15  4.924070320741812e-16  3.7783975  4.2632196 
22 0  0.0  -3.8504623000000002  1.453945 
22 1  -1.5104999999999993  0.7516759000000004  7.775445 
22 2  -1.5104999999999997  1.1540377  1.453945 
22 3  1.1102230246251565e-15  5.7561759  7.775445 
22 4  -1.5105000000000002  -4.0516432  -1.7068050000000001 
22 5  -1.5104999999999997  -4.0516432  4.614695 
22 6  -1.5105  -1.3852455999999997  -0.30090340000000015 
22 7  4.440892098500626e-16  -1.7135408  6.0205966 
22 8  -1.5104999999999997  -1.3852455999999997  3.2087934000000002 
22 9  6.661338147750939e-16  -1.7135408  9.530293400000001 
22 10  0.0  0.9528568000000002  -1.7068050000000001 
22 11  4.440892098500626e-16  0.9528568000000002  4.614695 
22 12  2.220446049250313e-16  3.6192544  -0.30090340000000015 
22 13  -1.5104999999999993  3.2909592000000005  6.0205966 
22 14  4.440892098500626e-16  3.6192544  3.2087934000000002 
22 15  -1.510499999999999  3.2909592000000005  9.530293400000001 
23 0  1.5104999999999997  -0.7516759000000001  -4.867555000000001 
23 1  3.248012710659426e-16  3.8504623000000002  1.4539449999999992 
23 2  -3.764141145109869e-17  4.2528241  -4.867555000000001 
23 3  1.5105000000000008  8.8549623  1.4539449999999992 
23 4  -5.499375525497241e-16  -0.9528568000000001  -8.028305000000001 
23 5  -1.6285731550922444e-16  -0.9528568000000001  -1.706805000000001 
23 6  -3.0058114352720777e-16  1.7135408  -6.622403400000001 
23 7  1.5105000000000002  1.3852455999999997  -0.30090340000000104 
23 8  -8.567419592232237e-17  1.7135408  -3.112706600000001 
23 9  1.5105000000000004  1.3852455999999997  3.2087933999999994 
23 10  1.5104999999999997  4.0516432  -8.028305000000001 
23 11  1.5105000000000002  4.0516432  -1.706805000000001 
23 12  1.5105  6.7180408  -6.622403400000001 
23 13  3.728340555371664e-16  6.3897456  -0.30090340000000104 
23 14  1.5105000000000002  6.7180408  -3.112706600000001 
23 15  5.877410031420519e-16  6.3897456  3.2087933999999994 
24 0  -2.220446049250313e-16  -3.8504623000000002  -1.453945 
24 1  -1.5104999999999995  0.7516759000000004  4.867555 
24 2  -1.5105  1.1540377  -1.453945 
24 3  8.881784197001252e-16  5.7561759  4.867555 
24 4  -1.5105000000000004  -4.0516432  -4.614695 
24 5  -1.5105  -4.0516432  1.7068050000000001 
24 6  -1.5105000000000002  -1.3852455999999997  -3.2087934000000002 
24 7  2.220446049250313e-16  -1.7135408  3.1127066 
24 8  -1.5105  -1.3852455999999997  0.30090340000000015 
24 9  4.440892098500626e-16  -1.7135408  6.6224034000000005 
24 10  -2.220446049250313e-16  0.9528568000000002  -4.614695 
24 11  2.220446049250313e-16  0.9528568000000002  1.7068050000000001 
24 12  0.0  3.6192544  -3.2087934000000002 
24 13  -1.5104999999999995  3.2909592000000005  3.1127066 
24 14  2.220446049250313e-16  3.6192544  0.30090340000000015 
24 15  -1.5104999999999993  3.2909592000000005  6.6224034000000005 
25 0  1.5104999999999995  -0.7516759000000001  -7.7754449999999995 
25 1  1.4674436202731287e-16  3.8504623000000002  -1.4539449999999992 
25 2  -2.1569832048972844e-16  4.2528241  -7.7754449999999995 
25 3  1.5105000000000006  8.8549623  -1.4539449999999992 
25 4  -7.279944615883539e-16  -0.9528568000000001  -10.936195 
25 5  -3.409142245478542e-16  -0.9528568000000001  -4.614694999999999 
25 6  -4.786380525658375e-16  1.7135408  -9.5302934 
25 7  1.5105  1.3852455999999997  -3.2087933999999994 
25 8  -2.637311049609521e-16  1.7135408  -6.020596599999999 
25 9  1.5105000000000002  1.3852455999999997  0.30090340000000104 
25 10  1.5104999999999995  4.0516432  -10.936195 
25 11  1.5105  4.0516432  -4.614694999999999 
25 12  1.5104999999999997  6.7180408  -9.5302934 
25 13  1.9477714649853665e-16  6.3897456  -3.2087933999999994 
25 14  1.5105  6.7180408  -6.020596599999999 
25 15  4.0968409410342215e-16  6.3897456  0.30090340000000104 
26 0  -4.440892098500626e-16  -6.7150381  0.0 
26 1  -1.5104999999999997  -2.1128998999999995  6.3215 
26 2  -1.5105000000000002  -1.7105381  0.0 
26 3  6.661338147750939e-16  2.8916001  6.3215 
26 4  -1.5105000000000006  -6.916219  -3.16075 
26 5  -1.5105000000000002  -6.916219  3.16075 
26 6  -1.5105000000000004  -4.2498214  -1.7548484000000002 
26 7  0.0  -4.5781165999999995  4.5666516 
26 8  -1.5105000000000002  -4.2498214  1.7548484000000002 
26 9  2.220446049250313e-16  -4.5781165999999995  8.0763484 
26 10  -4.440892098500626e-16  -1.9117189999999997  -3.16075 
26 11  0.0  -1.9117189999999997  3.16075 
26 12  -2.220446049250313e-16  0.7546786000000001  -1.7548484000000002 
26 13  -1.5104999999999997  0.42638340000000063  4.5666516 
26 14  0.0  0.7546786000000001  1.7548484000000002 
26 15  -1.5104999999999995  0.42638340000000063  8.0763484 
27 0  1.510499999999999  -7.896100100000001  -6.3215 
27 1  -2.016969948674168e-16  -3.2939619  0.0 
27 2  -5.641396773844581e-16  -2.8916001000000007  -6.3215 
27 3  1.5105000000000002  1.710538099999999  0.0 
27 4  -1.0764358184830835e-15  -8.097281  -9.48225 
27 5  -6.893555814425839e-16  -8.097281  -3.16075 
27 6  -8.270794094605672e-16  -5.430883400000001  -8.0763484 
27 7  1.5104999999999995  -5.7591786  -1.7548484000000002 
27 8  -6.121724618556818e-16  -5.430883400000001  -4.5666516 
27 9  1.5104999999999997  -5.7591786  1.7548484000000002 
27 10  1.510499999999999  -3.0927810000000004  -9.48225 
27 11  1.5104999999999995  -3.0927810000000004  -3.16075 
27 12  1.5104999999999993  -0.42638340000000063  -8.0763484 
27 13  -1.53664210396193e-16  -0.7546786000000001  -1.7548484000000002 
27 14  1.5104999999999995  -0.42638340000000063  -4.5666516 
27 15  6.124273720869249e-17  -0.7546786000000001  1.7548484000000002 
28 0  1.5104999999999995  -6.243614200000001  -2.5083712 
28 1  1.3297538251896923e-16  -1.641476  3.8131288000000003 
28 2  -2.294672999980721e-16  -1.2391142000000004  -2.5083712 
28 3  1.5105000000000006  3.3630239999999993  3.8131288000000003 
28 4  -7.417634410966975e-16  -6.4447951  -5.6691212 
28 5  -3.5468320405619783e-16  -6.4447951  0.6523788000000001 
28 6  -4.924070320741812e-16  -3.7783975  -4.2632196 
28 7  1.5105  -4.1066927  2.0582804 
28 8  -2.7750008446929576e-16  -3.7783975  -0.7535227999999998 
28 9  1.5105000000000002  -4.1066927  5.5679772000000005 
28 10  1.5104999999999995  -1.4402951000000002  -5.6691212 
28 11  1.5105  -1.4402951000000002  0.6523788000000001 
28 12  1.5104999999999997  1.2261024999999997  -4.2632196 
28 13  1.81008166990193e-16  0.8978073000000002  2.0582804 
28 14  1.5105  1.2261024999999997  -0.7535227999999998 
28 15  3.959151145950785e-16  0.8978073000000002  5.5679772000000005 
29 0  -8.881784197001252e-16  -8.367524  -8.829871200000001 
29 1  -1.5105000000000002  -3.7653858  -2.508371200000001 
29 2  -1.5105000000000006  -3.3630240000000002  -8.829871200000001 
29 3  2.220446049250313e-16  1.2391141999999995  -2.508371200000001 
29 4  -1.510500000000001  -8.5687049  -11.990621200000001 
29 5  -1.5105000000000006  -8.5687049  -5.669121200000001 
29 6  -1.5105000000000008  -5.9023073  -10.584719600000001 
29 7  -4.440892098500626e-16  -6.2306025  -4.263219600000001 
29 8  -1.5105000000000006  -5.9023073  -7.075022800000001 
29 9  -2.220446049250313e-16  -6.2306025  -0.7535228000000007 
29 10  -8.881784197001252e-16  -3.5642049  -11.990621200000001 
29 11  -4.440892098500626e-16  -3.5642049  -5.669121200000001 
29 12  -6.661338147750939e-16  -0.8978073000000002  -10.584719600000001 
29 13  -1.5105000000000002  -1.2261024999999997  -4.263219600000001 
29 14  -4.440892098500626e-16  -0.8978073000000002  -7.075022800000001 
29 15  -1.5105  -1.2261024999999997  -0.7535228000000007 
30 0  1.5104999999999997  -6.243614200000001  2.5083712 
30 1  4.4016225863430988e-16  -1.641476  8.829871200000001 
30 2  7.771957611726857e-17  -1.2391142000000004  2.5083712 
30 3  1.5105000000000008  3.3630239999999993  8.829871200000001 
30 4  -4.345765649813569e-16  -6.4447951  -0.6523788 
30 5  -4.749632794085719e-17  -6.4447951  5.6691212 
30 6  -1.8522015595884051e-16  -3.7783975  0.7535227999999999 
30 7  1.5105000000000002  -4.1066927  7.0750228 
30 8  2.968679164604489e-17  -3.7783975  4.2632196 
30 9  1.5105000000000004  -4.1066927  10.584719600000001 
30 10  1.5104999999999997  -1.4402951000000002  -0.6523788 
30 11  1.5105000000000002  -1.4402951000000002  5.6691212 
30 12  1.5105  1.2261024999999997  0.7535227999999999 
30 13  4.881950431055336e-16  0.8978073000000002  7.0750228 
30 14  1.5105000000000002  1.2261024999999997  4.2632196 
30 15  7.031019907104191e-16  0.8978073000000002  10.584719600000001 
31 0  -6.661338147750939e-16  -8.367524  -3.8131288000000003 
31 1  -1.5105  -3.7653858  2.5083712 
31 2  -1.5105000000000004  -3.3630240000000002  -3.8131288000000003 
31 3  4.440892098500626e-16  1.2391141999999995  2.5083712 
31 4  -1.5105000000000008  -8.5687049  -6.9738788000000005 
31 5  -1.5105000000000004  -8.5687049  -0.6523788000000001 
31 6  -1.5105000000000006  -5.9023073  -5.5679772000000005 
31 7  -2.220446049250313e-16  -6.2306025  0.7535227999999998 
31 8  -1.5105000000000004  -5.9023073  -2.0582804 
31 9  0.0  -6.2306025  4.2632196 
31 10  -6.661338147750939e-16  -3.5642049  -6.9738788000000005 
31 11  -2.220446049250313e-16  -3.5642049  -0.6523788000000001 
31 12  -4.440892098500626e-16  -0.8978073000000002  -5.5679772000000005 
31 13  -1.5105  -1.2261024999999997  0.7535227999999998 
31 14  -2.220446049250313e-16  -0.8978073000000002  -2.0582804 
31 15  -1.5104999999999997  -1.2261024999999997  4.2632196 
32 0  1.5104999999999995  -8.8549623  1.453945 
32 1  2.1569832048972844e-16  -4.252824100000001  7.775445 
32 2  -1.4674436202731287e-16  -3.850462300000001  1.453945 
32 3  1.5105000000000006  0.7516758999999986  7.775445 
32 4  -6.590405031259383e-16  -9.056143200000001  -1.7068050000000001 
32 5  -2.719602660854386e-16  -9.056143200000001  4.614695 
32 6  -4.0968409410342195e-16  -6.389745600000001  -0.30090340000000015 
32 7  1.5105  -6.718040800000001  6.0205966 
32 8  -1.9477714649853655e-16  -6.389745600000001  3.2087934000000002 
32 9  1.5105000000000002  -6.718040800000001  9.530293400000001 
32 10  1.5104999999999995  -4.051643200000001  -1.7068050000000001 
32 11  1.5105  -4.051643200000001  4.614695 
32 12  1.5104999999999997  -1.385245600000001  -0.30090340000000015 
32 13  2.637311049609522e-16  -1.7135408000000005  6.0205966 
32 14  1.5105  -1.385245600000001  3.2087934000000002 
32 15  4.786380525658377e-16  -1.7135408000000005  9.530293400000001 
33 0  -6.661338147750939e-16  -5.7561759  -4.867555000000001 
33 1  -1.5105  -1.154037699999999  1.4539449999999992 
33 2  -1.5105000000000004  -0.7516758999999995  -4.867555000000001 
33 3  4.440892098500626e-16  3.8504623000000002  1.4539449999999992 
33 4  -1.5105000000000008  -5.9573567999999995  -8.028305000000001 
33 5  -1.5105000000000004  -5.9573567999999995  -1.706805000000001 
33 6  -1.5105000000000006  -3.290959199999999  -6.622403400000001 
33 7  -2.220446049250313e-16  -3.6192543999999995  -0.30090340000000104 
33 8  -1.5105000000000004  -3.290959199999999  -3.112706600000001 
33 9  0.0  -3.6192543999999995  3.2087933999999994 
33 10  -6.661338147750939e-16  -0.9528567999999993  -8.028305000000001 
33 11  -2.220446049250313e-16  -0.9528567999999993  -1.706805000000001 
33 12  -4.440892098500626e-16  1.7135408000000005  -6.622403400000001 
33 13  -1.5105  1.385245600000001  -0.30090340000000104 
33 14  -2.220446049250313e-16  1.7135408000000005  -3.112706600000001 
33 15  -1.5104999999999997  1.385245600000001  3.2087933999999994 
34 0  1.5104999999999993  -8.8549623  -1.453945 
34 1  3.764141145109849e-17  -4.252824100000001  4.867555 
34 2  -3.248012710659428e-16  -3.850462300000001  -1.453945 
34 3  1.5105000000000004  0.7516758999999986  4.867555 
34 4  -8.370974121645683e-16  -9.056143200000001  -4.614695 
34 5  -4.500171751240686e-16  -9.056143200000001  1.7068050000000001 
34 6  -5.877410031420519e-16  -6.389745600000001  -3.2087934000000002 
34 7  1.5104999999999997  -6.718040800000001  3.1127066 
34 8  -3.728340555371665e-16  -6.389745600000001  0.30090340000000015 
34 9  1.5105  -6.718040800000001  6.6224034000000005 
34 10  1.5104999999999993  -4.051643200000001  -4.614695 
34 11  1.5104999999999997  -4.051643200000001  1.7068050000000001 
34 12  1.5104999999999995  -1.385245600000001  -3.2087934000000002 
34 13  8.567419592232227e-17  -1.7135408000000005  3.1127066 
34 14  1.5104999999999997  -1.385245600000001  0.30090340000000015 
34 15  3.0058114352720777e-16  -1.7135408000000005  6.6224034000000005 
35 0  -8.881784197001252e-16  -5.7561759  -7.7754449999999995 
35 1  -1.5105000000000002  -1.154037699999999  -1.4539449999999992 
35 2  -1.5105000000000006  -0.7516758999999995  -7.7754449999999995 
35 3  2.220446049250313e-16  3.8504623000000002  -1.4539449999999992 
35 4  -1.510500000000001  -5.9573567999999995  -10.936195 
35 5  -1.5105000000000006  -5.9573567999999995  -4.614694999999999 
35 6  -1.5105000000000008  -3.290959199999999  -9.5302934 
35 7  -4.440892098500626e-16  -3.6192543999999995  -3.2087933999999994 
35 8  -1.5105000000000006  -3.290959199999999  -6.020596599999999 
35 9  -2.220446049250313e-16  -3.6192543999999995  0.30090340000000104 
35 10  -8.881784197001252e-16  -0.9528567999999993  -10.936195 
35 11  -4.440892098500626e-16  -0.9528567999999993  -4.614694999999999 
35 12  -6.661338147750939e-16  1.7135408000000005  -9.5302934 
35 13  -1.5105000000000002  1.385245600000001  -3.2087933999999994 
35 14  -4.440892098500626e-16  1.7135408000000005  -6.020596599999999 
35 15  -1.5105  1.385245600000001  0.30090340000000104 