 2.87366  0  0  5.935863035467221e-16  9.694  0  7.599913106148644e-16  0.0  12.4116 
5
0 16  2.8793956773892524e-16  1.5995100000000002  3.1029 
0 17  1.436830000000001  3.2474900000000004  9.3087 
0 18  6.291810546509156e-16  3.4675438000000005  6.8077626 
0 19  1.43683  1.3794562000000001  0.6019626 
0 20  9.354575528287062e-16  3.4675438000000005  11.8096374 
0 21  1.4368300000000005  1.3794562000000001  5.6038374 
0 22  5.456614337267924e-16  0.9083278000000001  8.00299968 
0 23  1.4368300000000003  3.9386722  1.79719968 
0 24  7.055636054801598e-16  0.9083278000000001  10.61440032 
0 25  1.4368300000000005  3.9386722  4.408600320000001 
0 26  1.4368300000000007  6.446510000000001  3.1029 
0 27  1.0656380464226614e-15  8.09449  9.3087 
0 28  1.436830000000001  8.314543800000001  6.8077626 
0 29  4.181200613328805e-16  6.2264562  0.6019626 
0 30  1.4368300000000012  8.314543800000001  11.8096374 
0 31  7.243965595106709e-16  6.2264562  5.6038374 
0 32  1.436830000000001  5.755327800000001  8.00299968 
0 33  6.480140086814266e-16  8.7856722  1.79719968 
0 34  1.4368300000000012  5.755327800000001  10.61440032 
0 35  8.079161804347941e-16  8.7856722  4.408600320000001 
1 16  -9.205608756850697e-17  1.5995100000000002  -3.1029 
1 17  1.4368300000000005  3.2474900000000004  3.1029 
1 18  2.4918539934348343e-16  3.4675438000000005  0.6019626000000002 
1 19  1.4368299999999996  1.3794562000000001  -5.6038374 
1 20  5.55461897521274e-16  3.4675438000000005  5.6038374 
1 21  1.43683  1.3794562000000001  -0.6019626000000002 
1 22  1.656657784193602e-16  0.9083278000000001  1.7971996800000003 
1 23  1.4368299999999998  3.9386722  -4.40860032 
1 24  3.255679501727276e-16  0.9083278000000001  4.40860032 
1 25  1.43683  3.9386722  -1.7971996799999994 
1 26  1.4368300000000003  6.446510000000001  -3.1029 
1 27  6.856423911152292e-16  8.09449  3.1029 
1 28  1.4368300000000005  8.314543800000001  0.6019626000000002 
1 29  3.812440602544829e-17  6.2264562  -5.6038374 
1 30  1.4368300000000007  8.314543800000001  5.6038374 
1 31  3.4440090420323867e-16  6.2264562  -0.6019626000000002 
1 32  1.4368300000000005  5.755327800000001  1.7971996800000003 
1 33  2.680183533739944e-16  8.7856722  -4.40860032 
1 34  1.4368300000000007  5.755327800000001  4.40860032 
1 35  4.279205251273619e-16  8.7856722  -1.7971996799999994 
2 16  4.310433671173065e-17  -0.9393486000000004  1.64329584 
2 17  1.4368300000000007  0.7086313999999998  7.84909584 
2 18  3.8434582362372106e-16  0.9286851999999999  5.348158440000001 
2 19  1.4368299999999998  -1.1594024000000005  -0.85764156 
2 20  6.906223218015115e-16  0.9286851999999999  10.35003324 
2 21  1.4368300000000003  -1.1594024000000005  4.14423324 
2 22  3.0082620269959783e-16  -1.6305308000000005  6.543395520000001 
2 23  1.43683  1.3998135999999994  0.33759552000000004 
2 24  4.607283744529652e-16  -1.6305308000000005  9.15479616 
2 25  1.4368300000000003  1.3998135999999994  2.9489961600000005 
2 26  1.4368300000000005  3.9076514  1.64329584 
2 27  8.208028153954668e-16  5.555631399999999  7.84909584 
2 28  1.4368300000000007  5.7756852  5.348158440000001 
2 29  1.7328483030568591e-16  3.6875975999999997  -0.85764156 
2 30  1.436830000000001  5.7756852  10.35003324 
2 31  4.795613284834762e-16  3.6875975999999997  4.14423324 
2 32  1.4368300000000007  3.2164692  6.543395520000001 
2 33  4.03178777654232e-16  6.246813599999999  0.33759552000000004 
2 34  1.436830000000001  3.2164692  9.15479616 
2 35  5.630809494075995e-16  6.246813599999999  2.9489961600000005 
3 16  -1.4368300000000005  -0.7086314  -4.5625041600000005 
3 17  2.220446049250313e-16  0.9393486000000002  1.6432958399999995 
3 18  -1.43683  1.1594024000000003  -0.8576415600000002 
3 19  -6.661338147750939e-16  -0.9286852000000001  -7.06344156 
3 20  -1.4368299999999998  1.1594024000000003  4.144233239999999 
3 21  -2.220446049250313e-16  -0.9286852000000001  -2.0615667600000007 
3 22  -1.4368300000000003  -1.3998136  0.3375955199999998 
3 23  -4.440892098500626e-16  1.6305307999999998  -5.86820448 
3 24  -1.43683  -1.3998136  2.948996159999999 
3 25  -2.220446049250313e-16  1.6305307999999998  -3.25680384 
3 26  0.0  4.138368600000001  -4.5625041600000005 
3 27  -1.4368299999999996  5.7863486  1.6432958399999995 
3 28  2.220446049250313e-16  6.006402400000001  -0.8576415600000002 
3 29  -1.4368300000000003  3.9183148  -7.06344156 
3 30  4.440892098500626e-16  6.006402400000001  4.144233239999999 
3 31  -1.43683  3.9183148  -2.0615667600000007 
3 32  2.220446049250313e-16  3.4471864000000005  0.3375955199999998 
3 33  -1.43683  6.4775308  -5.86820448 
3 34  4.440892098500626e-16  3.4471864000000005  2.948996159999999 
3 35  -1.4368299999999998  6.4775308  -3.25680384 
4 16  -1.5814136233908548e-16  -0.9393486000000004  -1.6432958400000004 
4 17  1.4368300000000005  0.7086313999999998  4.56250416 
4 18  1.8310012457290492e-16  0.9286851999999999  2.06156676 
4 19  1.4368299999999996  -1.1594024000000005  -4.14423324 
4 20  4.893766227506955e-16  0.9286851999999999  7.063441559999999 
4 21  1.43683  -1.1594024000000005  0.8576415599999994 
4 22  9.958050364878169e-17  -1.6305308000000005  3.25680384 
4 23  1.4368299999999998  1.3998135999999994  -2.94899616 
4 24  2.594826754021491e-16  -1.6305308000000005  5.868204479999999 
4 25  1.43683  1.3998135999999994  -0.3375955199999998 
4 26  1.4368300000000003  3.9076514  -1.6432958400000004 
4 27  6.195571163446507e-16  5.555631399999999  4.56250416 
4 28  1.4368300000000005  5.7756852  2.06156676 
4 29  -2.796086874513022e-17  3.6875975999999997  -4.14423324 
4 30  1.4368300000000007  5.7756852  7.063441559999999 
4 31  2.7831562943266016e-16  3.6875975999999997  0.8576415599999994 
4 32  1.4368300000000005  3.2164692  3.25680384 
4 33  2.0193307860341589e-16  6.246813599999999  -2.94899616 
4 34  1.4368300000000007  3.2164692  5.868204479999999 
4 35  3.618352503567834e-16  6.246813599999999  -0.3375955199999998 
5 16  -1.4368300000000007  -0.7086314  -7.84909584 
5 17  0.0  0.9393486000000002  -1.6432958400000004 
5 18  -1.4368300000000003  1.1594024000000003  -4.14423324 
5 19  -8.881784197001252e-16  -0.9286852000000001  -10.35003324 
5 20  -1.43683  1.1594024000000003  0.8576415599999994 
5 21  -4.440892098500626e-16  -0.9286852000000001  -5.348158440000001 
5 22  -1.4368300000000005  -1.3998136  -2.94899616 
5 23  -6.661338147750939e-16  1.6305307999999998  -9.15479616 
5 24  -1.4368300000000003  -1.3998136  -0.3375955200000007 
5 25  -4.440892098500626e-16  1.6305307999999998  -6.54339552 
5 26  -2.220446049250313e-16  4.138368600000001  -7.84909584 
5 27  -1.4368299999999998  5.7863486  -1.6432958400000004 
5 28  0.0  6.006402400000001  -4.14423324 
5 29  -1.4368300000000005  3.9183148  -10.35003324 
5 30  2.220446049250313e-16  6.006402400000001  0.8576415599999994 
5 31  -1.4368300000000003  3.9183148  -5.348158440000001 
5 32  0.0  3.4471864000000005  -2.94899616 
5 33  -1.4368300000000003  6.4775308  -9.15479616 
5 34  2.220446049250313e-16  3.4471864000000005  -0.3375955200000007 
5 35  -1.43683  6.4775308  -6.54339552 
6 16  -1.43683  1.5229274000000002  0.0 
6 17  6.661338147750939e-16  3.1709074000000004  6.2058 
6 18  -1.4368299999999996  3.3909612000000005  3.7048626000000002 
6 19  -2.220446049250313e-16  1.3028736  -2.5009373999999998 
6 20  -1.4368299999999994  3.3909612000000005  8.7067374 
6 21  2.220446049250313e-16  1.3028736  2.5009373999999998 
6 22  -1.4368299999999998  0.8317452000000001  4.90009968 
6 23  0.0  3.8620896  -1.30570032 
6 24  -1.4368299999999996  0.8317452000000001  7.51150032 
6 25  2.220446049250313e-16  3.8620896  1.3057003200000006 
6 26  4.440892098500626e-16  6.369927400000001  0.0 
6 27  -1.4368299999999992  8.0179074  6.2058 
6 28  6.661338147750939e-16  8.2379612  3.7048626000000002 
6 29  -1.4368299999999998  6.1498736  -2.5009373999999998 
6 30  8.881784197001252e-16  8.2379612  8.7067374 
6 31  -1.4368299999999996  6.1498736  2.5009373999999998 
6 32  6.661338147750939e-16  5.678745200000001  4.90009968 
6 33  -1.4368299999999996  8.7090896  -1.30570032 
6 34  8.881784197001252e-16  5.678745200000001  7.51150032 
6 35  -1.4368299999999994  8.7090896  1.3057003200000006 
7 16  -5.74157735197565e-16  -3.1709074  -6.2058 
7 17  1.43683  -1.5229274  0.0 
7 18  -2.3291624828557464e-16  -1.3028735999999999  -2.5009373999999998 
7 19  1.4368299999999992  -3.3909612000000005  -8.7067374 
7 20  7.336024989221589e-17  -1.3028735999999999  2.5009373999999998 
7 21  1.4368299999999996  -3.3909612000000005  -3.7048626000000002 
7 22  -3.1643586920969787e-16  -3.8620896  -1.3057003199999997 
7 23  1.4368299999999994  -0.8317452000000003  -7.51150032 
7 24  -1.5653369745633046e-16  -3.8620896  1.3057003199999997 
7 25  1.4368299999999996  -0.8317452000000003  -4.900099679999999 
7 26  1.4368299999999998  1.6760926000000005  -6.2058 
7 27  2.035407434861711e-16  3.3240726  0.0 
7 28  1.43683  3.5441264000000006  -2.5009373999999998 
7 29  -4.439772416036098e-16  1.4560388  -8.7067374 
7 30  1.4368300000000003  3.5441264000000006  2.5009373999999998 
7 31  -1.377007434258194e-16  1.4560388  -3.7048626000000002 
7 32  1.43683  0.9849104000000004  -1.3057003199999997 
7 33  -2.1408329425506368e-16  4.0152548  -7.51150032 
7 34  1.4368300000000003  0.9849104000000004  1.3057003199999997 
7 35  -5.418112250169617e-17  4.0152548  -4.900099679999999 
8 16  -1.43683  -3.24749  3.1029 
8 17  6.661338147750939e-16  -1.59951  9.3087 
8 18  -1.4368299999999996  -1.3794562  6.8077626 
8 19  -2.220446049250313e-16  -3.4675438000000005  0.6019626 
8 20  -1.4368299999999994  -1.3794562  11.8096374 
8 21  2.220446049250313e-16  -3.4675438000000005  5.6038374 
8 22  -1.4368299999999998  -3.9386722  8.00299968 
8 23  0.0  -0.9083278000000004  1.79719968 
8 24  -1.4368299999999996  -3.9386722  10.61440032 
8 25  2.220446049250313e-16  -0.9083278000000004  4.408600320000001 
8 26  4.440892098500626e-16  1.5995100000000004  3.1029 
8 27  -1.4368299999999992  3.24749  9.3087 
8 28  6.661338147750939e-16  3.4675438000000005  6.8077626 
8 29  -1.4368299999999998  1.3794562  0.6019626 
8 30  8.881784197001252e-16  3.4675438000000005  11.8096374 
8 31  -1.4368299999999996  1.3794562  5.6038374 
8 32  6.661338147750939e-16  0.9083278000000004  8.00299968 
8 33  -1.4368299999999996  3.9386722  1.79719968 
8 34  8.881784197001252e-16  0.9083278000000004  10.61440032 
8 35  -1.4368299999999994  3.9386722  4.408600320000001 
9 16  -1.4368300000000005  -3.24749  -3.1029 
9 17  2.220446049250313e-16  -1.59951  3.1029 
9 18  -1.43683  -1.3794562  0.6019626000000002 
9 19  -6.661338147750939e-16  -3.4675438000000005  -5.6038374 
9 20  -1.4368299999999998  -1.3794562  5.6038374 
9 21  -2.220446049250313e-16  -3.4675438000000005  -0.6019626000000002 
9 22  -1.4368300000000003  -3.9386722  1.7971996800000003 
9 23  -4.440892098500626e-16  -0.9083278000000004  -4.40860032 
9 24  -1.43683  -3.9386722  4.40860032 
9 25  -2.220446049250313e-16  -0.9083278000000004  -1.7971996799999994 
9 26  0.0  1.5995100000000004  -3.1029 
9 27  -1.4368299999999996  3.24749  3.1029 
9 28  2.220446049250313e-16  3.4675438000000005  0.6019626000000002 
9 29  -1.4368300000000003  1.3794562  -5.6038374 
9 30  4.440892098500626e-16  3.4675438000000005  5.6038374 
9 31  -1.43683  1.3794562  -0.6019626000000002 
9 32  2.220446049250313e-16  0.9083278000000004  1.7971996800000003 
9 33  -1.43683  3.9386722  -4.40860032 
9 34  4.440892098500626e-16  0.9083278000000004  4.40860032 
9 35  -1.4368299999999998  3.9386722  -1.7971996799999994 
10 16  -1.4368300000000003  -5.7863486  1.64329584 
10 17  4.440892098500626e-16  -4.1383686  7.84909584 
10 18  -1.4368299999999998  -3.9183148  5.348158440000001 
10 19  -4.440892098500626e-16  -6.006402400000001  -0.85764156 
10 20  -1.4368299999999996  -3.9183148  10.35003324 
10 21  0.0  -6.006402400000001  4.14423324 
10 22  -1.43683  -6.4775308  6.543395520000001 
10 23  -2.220446049250313e-16  -3.4471864000000005  0.33759552000000004 
10 24  -1.4368299999999998  -6.4775308  9.15479616 
10 25  0.0  -3.4471864000000005  2.9489961600000005 
10 26  2.220446049250313e-16  -0.9393485999999998  1.64329584 
10 27  -1.4368299999999994  0.7086313999999998  7.84909584 
10 28  4.440892098500626e-16  0.9286852000000003  5.348158440000001 
10 29  -1.43683  -1.1594024000000003  -0.85764156 
10 30  6.661338147750939e-16  0.9286852000000003  10.35003324 
10 31  -1.4368299999999998  -1.1594024000000003  4.14423324 
10 32  4.440892098500626e-16  -1.6305307999999998  6.543395520000001 
10 33  -1.4368299999999998  1.3998135999999999  0.33759552000000004 
10 34  6.661338147750939e-16  -1.6305307999999998  9.15479616 
10 35  -1.4368299999999996  1.3998135999999999  2.9489961600000005 
11 16  -6.195571163446506e-16  -5.5556314  -4.5625041600000005 
11 17  1.43683  -3.9076514  1.6432958399999995 
11 18  -2.7831562943266016e-16  -3.6875976  -0.8576415600000002 
11 19  1.4368299999999992  -5.775685200000001  -7.06344156 
11 20  2.796086874513037e-17  -3.6875976  4.144233239999999 
11 21  1.4368299999999996  -5.775685200000001  -2.0615667600000007 
11 22  -3.618352503567834e-16  -6.2468136  0.3375955199999998 
11 23  1.4368299999999994  -3.2164692000000006  -5.86820448 
11 24  -2.0193307860341598e-16  -6.2468136  2.948996159999999 
11 25  1.4368299999999996  -3.2164692000000006  -3.25680384 
11 26  1.4368299999999998  -0.7086313999999998  -4.5625041600000005 
11 27  1.5814136233908558e-16  0.9393485999999998  1.6432958399999995 
11 28  1.43683  1.1594024000000003  -0.8576415600000002 
11 29  -4.893766227506954e-16  -0.9286852000000003  -7.06344156 
11 30  1.4368300000000003  1.1594024000000003  4.144233239999999 
11 31  -1.8310012457290492e-16  -0.9286852000000003  -2.0615667600000007 
11 32  1.43683  -1.3998135999999999  0.3375955199999998 
11 33  -2.594826754021492e-16  1.6305307999999998  -5.86820448 
11 34  1.4368300000000003  -1.3998135999999999  2.948996159999999 
11 35  -9.958050364878169e-17  1.6305307999999998  -3.25680384 
12 16  -1.4368300000000005  -5.7863486  -1.6432958400000004 
12 17  2.220446049250313e-16  -4.1383686  4.56250416 
12 18  -1.43683  -3.9183148  2.06156676 
12 19  -6.661338147750939e-16  -6.006402400000001  -4.14423324 
12 20  -1.4368299999999998  -3.9183148  7.063441559999999 
12 21  -2.220446049250313e-16  -6.006402400000001  0.8576415599999994 
12 22  -1.4368300000000003  -6.4775308  3.25680384 
12 23  -4.440892098500626e-16  -3.4471864000000005  -2.94899616 
12 24  -1.43683  -6.4775308  5.868204479999999 
12 25  -2.220446049250313e-16  -3.4471864000000005  -0.3375955199999998 
12 26  0.0  -0.9393485999999998  -1.6432958400000004 
12 27  -1.4368299999999996  0.7086313999999998  4.56250416 
12 28  2.220446049250313e-16  0.9286852000000003  2.06156676 
12 29  -1.4368300000000003  -1.1594024000000003  -4.14423324 
12 30  4.440892098500626e-16  0.9286852000000003  7.063441559999999 
12 31  -1.43683  -1.1594024000000003  0.8576415599999994 
12 32  2.220446049250313e-16  -1.6305307999999998  3.25680384 
12 33  -1.43683  1.3998135999999999  -2.94899616 
12 34  4.440892098500626e-16  -1.6305307999999998  5.868204479999999 
12 35  -1.4368299999999998  1.3998135999999999  -0.3375955199999998 
13 16  -8.208028153954668e-16  -5.5556314  -7.84909584 
13 17  1.4368299999999998  -3.9076514  -1.6432958400000004 
13 18  -4.795613284834763e-16  -3.6875976  -4.14423324 
13 19  1.436829999999999  -5.775685200000001  -10.35003324 
13 20  -1.7328483030568582e-16  -3.6875976  0.8576415599999994 
13 21  1.4368299999999994  -5.775685200000001  -5.348158440000001 
13 22  -5.630809494075996e-16  -6.2468136  -2.94899616 
13 23  1.4368299999999992  -3.2164692000000006  -9.15479616 
13 24  -4.0317877765423217e-16  -6.2468136  -0.3375955200000007 
13 25  1.4368299999999994  -3.2164692000000006  -6.54339552 
13 26  1.4368299999999996  -0.7086313999999998  -7.84909584 
13 27  -4.31043367117306e-17  0.9393485999999998  -1.6432958400000004 
13 28  1.4368299999999998  1.1594024000000003  -4.14423324 
13 29  -6.906223218015115e-16  -0.9286852000000003  -10.35003324 
13 30  1.43683  1.1594024000000003  0.8576415599999994 
13 31  -3.843458236237211e-16  -0.9286852000000003  -5.348158440000001 
13 32  1.4368299999999998  -1.3998135999999999  -2.94899616 
13 33  -4.607283744529654e-16  1.6305307999999998  -9.15479616 
13 34  1.43683  -1.3998135999999999  -0.3375955200000007 
13 35  -3.0082620269959787e-16  1.6305307999999998  -6.54339552 
14 16  -2.03540743486171e-16  -3.3240726  0.0 
14 17  1.4368300000000005  -1.6760926  6.2058 
14 18  1.377007434258194e-16  -1.4560388  3.7048626000000002 
14 19  1.4368299999999996  -3.5441264000000006  -2.5009373999999998 
14 20  4.4397724160360993e-16  -1.4560388  8.7067374 
14 21  1.43683  -3.5441264000000006  2.5009373999999998 
14 22  5.418112250169617e-17  -4.0152548  4.90009968 
14 23  1.4368299999999998  -0.9849104000000004  -1.30570032 
14 24  2.1408329425506358e-16  -4.0152548  7.51150032 
14 25  1.43683  -0.9849104000000004  1.3057003200000006 
14 26  1.4368300000000003  1.5229274000000004  0.0 
14 27  5.741577351975651e-16  3.1709074  6.2058 
14 28  1.4368300000000005  3.3909612000000005  3.7048626000000002 
14 29  -7.336024989221574e-17  1.3028735999999999  -2.5009373999999998 
14 30  1.4368300000000007  3.3909612000000005  8.7067374 
14 31  2.3291624828557464e-16  1.3028735999999999  2.5009373999999998 
14 32  1.4368300000000005  0.8317452000000003  4.90009968 
14 33  1.5653369745633036e-16  3.8620896  -1.30570032 
14 34  1.4368300000000007  0.8317452000000003  7.51150032 
14 35  3.1643586920969787e-16  3.8620896  1.3057003200000006 
15 16  -1.4368300000000012  -8.0179074  -6.2058 
15 17  -4.440892098500626e-16  -6.3699274  0.0 
15 18  -1.4368300000000007  -6.1498736  -2.5009373999999998 
15 19  -1.3322676295501878e-15  -8.2379612  -8.7067374 
15 20  -1.4368300000000005  -6.1498736  2.5009373999999998 
15 21  -8.881784197001252e-16  -8.2379612  -3.7048626000000002 
15 22  -1.436830000000001  -8.7090896  -1.3057003199999997 
15 23  -1.1102230246251565e-15  -5.678745200000001  -7.51150032 
15 24  -1.4368300000000007  -8.7090896  1.3057003199999997 
15 25  -8.881784197001252e-16  -5.678745200000001  -4.900099679999999 
15 26  -6.661338147750939e-16  -3.1709074  -6.2058 
15 27  -1.4368300000000003  -1.5229274000000004  0.0 
15 28  -4.440892098500626e-16  -1.3028735999999999  -2.5009373999999998 
15 29  -1.436830000000001  -3.3909612000000005  -8.7067374 
15 30  -2.220446049250313e-16  -1.3028735999999999  2.5009373999999998 
15 31  -1.4368300000000007  -3.3909612000000005  -3.7048626000000002 
15 32  -4.440892098500626e-16  -3.8620896  -1.3057003199999997 
15 33  -1.4368300000000007  -0.8317452000000003  -7.51150032 
15 34  -2.220446049250313e-16  -3.8620896  1.3057003199999997 
15 35  -1.4368300000000005  -0.8317452000000003  -4.900099679999999 
16 0  -2.8793956773892524e-16  -1.5995100000000002  -3.1029 
16 1  9.205608756850697e-17  -1.5995100000000002  3.1029 
16 2  -4.310433671173065e-17  0.9393486000000004  -1.64329584 
16 3  1.4368300000000005  0.7086314  4.5625041600000005 
16 4  1.5814136233908548e-16  0.9393486000000004  1.6432958400000004 
16 5  1.4368300000000007  0.7086314  7.84909584 
16 6  1.43683  -1.5229274000000002  0.0 
16 7  5.74157735197565e-16  3.1709074  6.2058 
16 8  1.43683  3.24749  -3.1029 
16 9  1.4368300000000005  3.24749  3.1029 
16 10  1.4368300000000003  5.7863486  -1.64329584 
16 11  6.195571163446506e-16  5.5556314  4.5625041600000005 
16 12  1.4368300000000005  5.7863486  1.6432958400000004 
16 13  8.208028153954668e-16  5.5556314  7.84909584 
16 14  2.03540743486171e-16  3.3240726  0.0 
16 15  1.4368300000000012  8.0179074  6.2058 
17 0  -1.436830000000001  -3.2474900000000004  -9.3087 
17 1  -1.4368300000000005  -3.2474900000000004  -3.1029 
17 2  -1.4368300000000007  -0.7086313999999998  -7.84909584 
17 3  -2.220446049250313e-16  -0.9393486000000002  -1.6432958399999995 
17 4  -1.4368300000000005  -0.7086313999999998  -4.56250416 
17 5  0.0  -0.9393486000000002  1.6432958400000004 
17 6  -6.661338147750939e-16  -3.1709074000000004  -6.2058 
17 7  -1.43683  1.5229274  0.0 
17 8  -6.661338147750939e-16  1.59951  -9.3087 
17 9  -2.220446049250313e-16  1.59951  -3.1029 
17 10  -4.440892098500626e-16  4.1383686  -7.84909584 
17 11  -1.43683  3.9076514  -1.6432958399999995 
17 12  -2.220446049250313e-16  4.1383686  -4.56250416 
17 13  -1.4368299999999998  3.9076514  1.6432958400000004 
17 14  -1.4368300000000005  1.6760926  -6.2058 
17 15  4.440892098500626e-16  6.3699274  0.0 
18 0  -6.291810546509156e-16  -3.4675438000000005  -6.8077626 
18 1  -2.4918539934348343e-16  -3.4675438000000005  -0.6019626000000002 
18 2  -3.8434582362372106e-16  -0.9286851999999999  -5.348158440000001 
18 3  1.43683  -1.1594024000000003  0.8576415600000002 
18 4  -1.8310012457290492e-16  -0.9286851999999999  -2.06156676 
18 5  1.4368300000000003  -1.1594024000000003  4.14423324 
18 6  1.4368299999999996  -3.3909612000000005  -3.7048626000000002 
18 7  2.3291624828557464e-16  1.3028735999999999  2.5009373999999998 
18 8  1.4368299999999996  1.3794562  -6.8077626 
18 9  1.43683  1.3794562  -0.6019626000000002 
18 10  1.4368299999999998  3.9183148  -5.348158440000001 
18 11  2.7831562943266016e-16  3.6875976  0.8576415600000002 
18 12  1.43683  3.9183148  -2.06156676 
18 13  4.795613284834763e-16  3.6875976  4.14423324 
18 14  -1.377007434258194e-16  1.4560388  -3.7048626000000002 
18 15  1.4368300000000007  6.1498736  2.5009373999999998 
19 0  -1.43683  -1.3794562000000001  -0.6019626 
19 1  -1.4368299999999996  -1.3794562000000001  5.6038374 
19 2  -1.4368299999999998  1.1594024000000005  0.85764156 
19 3  6.661338147750939e-16  0.9286852000000001  7.06344156 
19 4  -1.4368299999999996  1.1594024000000005  4.14423324 
19 5  8.881784197001252e-16  0.9286852000000001  10.35003324 
19 6  2.220446049250313e-16  -1.3028736  2.5009373999999998 
19 7  -1.4368299999999992  3.3909612000000005  8.7067374 
19 8  2.220446049250313e-16  3.4675438000000005  -0.6019626 
19 9  6.661338147750939e-16  3.4675438000000005  5.6038374 
19 10  4.440892098500626e-16  6.006402400000001  0.85764156 
19 11  -1.4368299999999992  5.775685200000001  7.06344156 
19 12  6.661338147750939e-16  6.006402400000001  4.14423324 
19 13  -1.436829999999999  5.775685200000001  10.35003324 
19 14  -1.4368299999999996  3.5441264000000006  2.5009373999999998 
19 15  1.3322676295501878e-15  8.2379612  8.7067374 
20 0  -9.354575528287062e-16  -3.4675438000000005  -11.8096374 
20 1  -5.55461897521274e-16  -3.4675438000000005  -5.6038374 
20 2  -6.906223218015115e-16  -0.9286851999999999  -10.35003324 
20 3  1.4368299999999998  -1.1594024000000003  -4.144233239999999 
20 4  -4.893766227506955e-16  -0.9286851999999999  -7.063441559999999 
20 5  1.43683  -1.1594024000000003  -0.8576415599999994 
20 6  1.4368299999999994  -3.3909612000000005  -8.7067374 
20 7  -7.336024989221589e-17  1.3028735999999999  -2.5009373999999998 
20 8  1.4368299999999994  1.3794562  -11.8096374 
20 9  1.4368299999999998  1.3794562  -5.6038374 
20 10  1.4368299999999996  3.9183148  -10.35003324 
20 11  -2.796086874513037e-17  3.6875976  -4.144233239999999 
20 12  1.4368299999999998  3.9183148  -7.063441559999999 
20 13  1.7328483030568582e-16  3.6875976  -0.8576415599999994 
20 14  -4.4397724160360993e-16  1.4560388  -8.7067374 
20 15  1.4368300000000005  6.1498736  -2.5009373999999998 
21 0  -1.4368300000000005  -1.3794562000000001  -5.6038374 
21 1  -1.43683  -1.3794562000000001  0.6019626000000002 
21 2  -1.4368300000000003  1.1594024000000005  -4.14423324 
21 3  2.220446049250313e-16  0.9286852000000001  2.0615667600000007 
21 4  -1.43683  1.1594024000000005  -0.8576415599999994 
21 5  4.440892098500626e-16  0.9286852000000001  5.348158440000001 
21 6  -2.220446049250313e-16  -1.3028736  -2.5009373999999998 
21 7  -1.4368299999999996  3.3909612000000005  3.7048626000000002 
21 8  -2.220446049250313e-16  3.4675438000000005  -5.6038374 
21 9  2.220446049250313e-16  3.4675438000000005  0.6019626000000002 
21 10  0.0  6.006402400000001  -4.14423324 
21 11  -1.4368299999999996  5.775685200000001  2.0615667600000007 
21 12  2.220446049250313e-16  6.006402400000001  -0.8576415599999994 
21 13  -1.4368299999999994  5.775685200000001  5.348158440000001 
21 14  -1.43683  3.5441264000000006  -2.5009373999999998 
21 15  8.881784197001252e-16  8.2379612  3.7048626000000002 
22 0  -5.456614337267924e-16  -0.9083278000000001  -8.00299968 
22 1  -1.656657784193602e-16  -0.9083278000000001  -1.7971996800000003 
22 2  -3.0082620269959783e-16  1.6305308000000005  -6.543395520000001 
22 3  1.4368300000000003  1.3998136  -0.3375955199999998 
22 4  -9.958050364878169e-17  1.6305308000000005  -3.25680384 
22 5  1.4368300000000005  1.3998136  2.94899616 
22 6  1.4368299999999998  -0.8317452000000001  -4.90009968 
22 7  3.1643586920969787e-16  3.8620896  1.3057003199999997 
22 8  1.4368299999999998  3.9386722  -8.00299968 
22 9  1.4368300000000003  3.9386722  -1.7971996800000003 
22 10  1.43683  6.4775308  -6.543395520000001 
22 11  3.618352503567834e-16  6.2468136  -0.3375955199999998 
22 12  1.4368300000000003  6.4775308  -3.25680384 
22 13  5.630809494075996e-16  6.2468136  2.94899616 
22 14  -5.418112250169617e-17  4.0152548  -4.90009968 
22 15  1.436830000000001  8.7090896  1.3057003199999997 
23 0  -1.4368300000000003  -3.9386722  -1.79719968 
23 1  -1.4368299999999998  -3.9386722  4.40860032 
23 2  -1.43683  -1.3998135999999994  -0.33759552000000004 
23 3  4.440892098500626e-16  -1.6305307999999998  5.86820448 
23 4  -1.4368299999999998  -1.3998135999999994  2.94899616 
23 5  6.661338147750939e-16  -1.6305307999999998  9.15479616 
23 6  0.0  -3.8620896  1.30570032 
23 7  -1.4368299999999994  0.8317452000000003  7.51150032 
23 8  0.0  0.9083278000000004  -1.79719968 
23 9  4.440892098500626e-16  0.9083278000000004  4.40860032 
23 10  2.220446049250313e-16  3.4471864000000005  -0.33759552000000004 
23 11  -1.4368299999999994  3.2164692000000006  5.86820448 
23 12  4.440892098500626e-16  3.4471864000000005  2.94899616 
23 13  -1.4368299999999992  3.2164692000000006  9.15479616 
23 14  -1.4368299999999998  0.9849104000000004  1.30570032 
23 15  1.1102230246251565e-15  5.678745200000001  7.51150032 
24 0  -7.055636054801598e-16  -0.9083278000000001  -10.61440032 
24 1  -3.255679501727276e-16  -0.9083278000000001  -4.40860032 
24 2  -4.607283744529652e-16  1.6305308000000005  -9.15479616 
24 3  1.43683  1.3998136  -2.948996159999999 
24 4  -2.594826754021491e-16  1.6305308000000005  -5.868204479999999 
24 5  1.4368300000000003  1.3998136  0.3375955200000007 
24 6  1.4368299999999996  -0.8317452000000001  -7.51150032 
24 7  1.5653369745633046e-16  3.8620896  -1.3057003199999997 
24 8  1.4368299999999996  3.9386722  -10.61440032 
24 9  1.43683  3.9386722  -4.40860032 
24 10  1.4368299999999998  6.4775308  -9.15479616 
24 11  2.0193307860341598e-16  6.2468136  -2.948996159999999 
24 12  1.43683  6.4775308  -5.868204479999999 
24 13  4.0317877765423217e-16  6.2468136  0.3375955200000007 
24 14  -2.1408329425506358e-16  4.0152548  -7.51150032 
24 15  1.4368300000000007  8.7090896  -1.3057003199999997 
25 0  -1.4368300000000005  -3.9386722  -4.408600320000001 
25 1  -1.43683  -3.9386722  1.7971996799999994 
25 2  -1.4368300000000003  -1.3998135999999994  -2.9489961600000005 
25 3  2.220446049250313e-16  -1.6305307999999998  3.25680384 
25 4  -1.43683  -1.3998135999999994  0.3375955199999998 
25 5  4.440892098500626e-16  -1.6305307999999998  6.54339552 
25 6  -2.220446049250313e-16  -3.8620896  -1.3057003200000006 
25 7  -1.4368299999999996  0.8317452000000003  4.900099679999999 
25 8  -2.220446049250313e-16  0.9083278000000004  -4.408600320000001 
25 9  2.220446049250313e-16  0.9083278000000004  1.7971996799999994 
25 10  0.0  3.4471864000000005  -2.9489961600000005 
25 11  -1.4368299999999996  3.2164692000000006  3.25680384 
25 12  2.220446049250313e-16  3.4471864000000005  0.3375955199999998 
25 13  -1.4368299999999994  3.2164692000000006  6.54339552 
25 14  -1.43683  0.9849104000000004  -1.3057003200000006 
25 15  8.881784197001252e-16  5.678745200000001  4.900099679999999 
26 0  -1.4368300000000007  -6.446510000000001  -3.1029 
26 1  -1.4368300000000003  -6.446510000000001  3.1029 
26 2  -1.4368300000000005  -3.9076514  -1.64329584 
26 3  0.0  -4.138368600000001  4.5625041600000005 
26 4  -1.4368300000000003  -3.9076514  1.6432958400000004 
26 5  2.220446049250313e-16  -4.138368600000001  7.84909584 
26 6  -4.440892098500626e-16  -6.369927400000001  0.0 
26 7  -1.4368299999999998  -1.6760926000000005  6.2058 
26 8  -4.440892098500626e-16  -1.5995100000000004  -3.1029 
26 9  0.0  -1.5995100000000004  3.1029 
26 10  -2.220446049250313e-16  0.9393485999999998  -1.64329584 
26 11  -1.4368299999999998  0.7086313999999998  4.5625041600000005 
26 12  0.0  0.9393485999999998  1.6432958400000004 
26 13  -1.4368299999999996  0.7086313999999998  7.84909584 
26 14  -1.4368300000000003  -1.5229274000000004  0.0 
26 15  6.661338147750939e-16  3.1709074  6.2058 
27 0  -1.0656380464226614e-15  -8.09449  -9.3087 
27 1  -6.856423911152292e-16  -8.09449  -3.1029 
27 2  -8.208028153954668e-16  -5.555631399999999  -7.84909584 
27 3  1.4368299999999996  -5.7863486  -1.6432958399999995 
27 4  -6.195571163446507e-16  -5.555631399999999  -4.56250416 
27 5  1.4368299999999998  -5.7863486  1.6432958400000004 
27 6  1.4368299999999992  -8.0179074  -6.2058 
27 7  -2.035407434861711e-16  -3.3240726  0.0 
27 8  1.4368299999999992  -3.24749  -9.3087 
27 9  1.4368299999999996  -3.24749  -3.1029 
27 10  1.4368299999999994  -0.7086313999999998  -7.84909584 
27 11  -1.5814136233908558e-16  -0.9393485999999998  -1.6432958399999995 
27 12  1.4368299999999996  -0.7086313999999998  -4.56250416 
27 13  4.31043367117306e-17  -0.9393485999999998  1.6432958400000004 
27 14  -5.741577351975651e-16  -3.1709074  -6.2058 
27 15  1.4368300000000003  1.5229274000000004  0.0 
28 0  -1.436830000000001  -8.314543800000001  -6.8077626 
28 1  -1.4368300000000005  -8.314543800000001  -0.6019626000000002 
28 2  -1.4368300000000007  -5.7756852  -5.348158440000001 
28 3  -2.220446049250313e-16  -6.006402400000001  0.8576415600000002 
28 4  -1.4368300000000005  -5.7756852  -2.06156676 
28 5  0.0  -6.006402400000001  4.14423324 
28 6  -6.661338147750939e-16  -8.2379612  -3.7048626000000002 
28 7  -1.43683  -3.5441264000000006  2.5009373999999998 
28 8  -6.661338147750939e-16  -3.4675438000000005  -6.8077626 
28 9  -2.220446049250313e-16  -3.4675438000000005  -0.6019626000000002 
28 10  -4.440892098500626e-16  -0.9286852000000003  -5.348158440000001 
28 11  -1.43683  -1.1594024000000003  0.8576415600000002 
28 12  -2.220446049250313e-16  -0.9286852000000003  -2.06156676 
28 13  -1.4368299999999998  -1.1594024000000003  4.14423324 
28 14  -1.4368300000000005  -3.3909612000000005  -3.7048626000000002 
28 15  4.440892098500626e-16  1.3028735999999999  2.5009373999999998 
29 0  -4.181200613328805e-16  -6.2264562  -0.6019626 
29 1  -3.812440602544829e-17  -6.2264562  5.6038374 
29 2  -1.7328483030568591e-16  -3.6875975999999997  0.85764156 
29 3  1.4368300000000003  -3.9183148  7.06344156 
29 4  2.796086874513022e-17  -3.6875975999999997  4.14423324 
29 5  1.4368300000000005  -3.9183148  10.35003324 
29 6  1.4368299999999998  -6.1498736  2.5009373999999998 
29 7  4.439772416036098e-16  -1.4560388  8.7067374 
29 8  1.4368299999999998  -1.3794562  -0.6019626 
29 9  1.4368300000000003  -1.3794562  5.6038374 
29 10  1.43683  1.1594024000000003  0.85764156 
29 11  4.893766227506954e-16  0.9286852000000003  7.06344156 
29 12  1.4368300000000003  1.1594024000000003  4.14423324 
29 13  6.906223218015115e-16  0.9286852000000003  10.35003324 
29 14  7.336024989221574e-17  -1.3028735999999999  2.5009373999999998 
29 15  1.436830000000001  3.3909612000000005  8.7067374 
30 0  -1.4368300000000012  -8.314543800000001  -11.8096374 
30 1  -1.4368300000000007  -8.314543800000001  -5.6038374 
30 2  -1.436830000000001  -5.7756852  -10.35003324 
30 3  -4.440892098500626e-16  -6.006402400000001  -4.144233239999999 
30 4  -1.4368300000000007  -5.7756852  -7.063441559999999 
30 5  -2.220446049250313e-16  -6.006402400000001  -0.8576415599999994 
30 6  -8.881784197001252e-16  -8.2379612  -8.7067374 
30 7  -1.4368300000000003  -3.5441264000000006  -2.5009373999999998 
30 8  -8.881784197001252e-16  -3.4675438000000005  -11.8096374 
30 9  -4.440892098500626e-16  -3.4675438000000005  -5.6038374 
30 10  -6.661338147750939e-16  -0.9286852000000003  -10.35003324 
30 11  -1.4368300000000003  -1.1594024000000003  -4.144233239999999 
30 12  -4.440892098500626e-16  -0.9286852000000003  -7.063441559999999 
30 13  -1.43683  -1.1594024000000003  -0.8576415599999994 
30 14  -1.4368300000000007  -3.3909612000000005  -8.7067374 
30 15  2.220446049250313e-16  1.3028735999999999  -2.5009373999999998 
31 0  -7.243965595106709e-16  -6.2264562  -5.6038374 
31 1  -3.4440090420323867e-16  -6.2264562  0.6019626000000002 
31 2  -4.795613284834762e-16  -3.6875975999999997  -4.14423324 
31 3  1.43683  -3.9183148  2.0615667600000007 
31 4  -2.7831562943266016e-16  -3.6875975999999997  -0.8576415599999994 
31 5  1.4368300000000003  -3.9183148  5.348158440000001 
31 6  1.4368299999999996  -6.1498736  -2.5009373999999998 
31 7  1.377007434258194e-16  -1.4560388  3.7048626000000002 
31 8  1.4368299999999996  -1.3794562  -5.6038374 
31 9  1.43683  -1.3794562  0.6019626000000002 
31 10  1.4368299999999998  1.1594024000000003  -4.14423324 
31 11  1.8310012457290492e-16  0.9286852000000003  2.0615667600000007 
31 12  1.43683  1.1594024000000003  -0.8576415599999994 
31 13  3.843458236237211e-16  0.9286852000000003  5.348158440000001 
31 14  -2.3291624828557464e-16  -1.3028735999999999  -2.5009373999999998 
31 15  1.4368300000000007  3.3909612000000005  3.7048626000000002 
32 0  -1.436830000000001  -5.755327800000001  -8.00299968 
32 1  -1.4368300000000005  -5.755327800000001  -1.7971996800000003 
32 2  -1.4368300000000007  -3.2164692  -6.543395520000001 
32 3  -2.220446049250313e-16  -3.4471864000000005  -0.3375955199999998 
32 4  -1.4368300000000005  -3.2164692  -3.25680384 
32 5  0.0  -3.4471864000000005  2.94899616 
32 6  -6.661338147750939e-16  -5.678745200000001  -4.90009968 
32 7  -1.43683  -0.9849104000000004  1.3057003199999997 
32 8  -6.661338147750939e-16  -0.9083278000000004  -8.00299968 
32 9  -2.220446049250313e-16  -0.9083278000000004  -1.7971996800000003 
32 10  -4.440892098500626e-16  1.6305307999999998  -6.543395520000001 
32 11  -1.43683  1.3998135999999999  -0.3375955199999998 
32 12  -2.220446049250313e-16  1.6305307999999998  -3.25680384 
32 13  -1.4368299999999998  1.3998135999999999  2.94899616 
32 14  -1.4368300000000005  -0.8317452000000003  -4.90009968 
32 15  4.440892098500626e-16  3.8620896  1.3057003199999997 
33 0  -6.480140086814266e-16  -8.7856722  -1.79719968 
33 1  -2.680183533739944e-16  -8.7856722  4.40860032 
33 2  -4.03178777654232e-16  -6.246813599999999  -0.33759552000000004 
33 3  1.43683  -6.4775308  5.86820448 
33 4  -2.0193307860341589e-16  -6.246813599999999  2.94899616 
33 5  1.4368300000000003  -6.4775308  9.15479616 
33 6  1.4368299999999996  -8.7090896  1.30570032 
33 7  2.1408329425506368e-16  -4.0152548  7.51150032 
33 8  1.4368299999999996  -3.9386722  -1.79719968 
33 9  1.43683  -3.9386722  4.40860032 
33 10  1.4368299999999998  -1.3998135999999999  -0.33759552000000004 
33 11  2.594826754021492e-16  -1.6305307999999998  5.86820448 
33 12  1.43683  -1.3998135999999999  2.94899616 
33 13  4.607283744529654e-16  -1.6305307999999998  9.15479616 
33 14  -1.5653369745633036e-16  -3.8620896  1.30570032 
33 15  1.4368300000000007  0.8317452000000003  7.51150032 
34 0  -1.4368300000000012  -5.755327800000001  -10.61440032 
34 1  -1.4368300000000007  -5.755327800000001  -4.40860032 
34 2  -1.436830000000001  -3.2164692  -9.15479616 
34 3  -4.440892098500626e-16  -3.4471864000000005  -2.948996159999999 
34 4  -1.4368300000000007  -3.2164692  -5.868204479999999 
34 5  -2.220446049250313e-16  -3.4471864000000005  0.3375955200000007 
34 6  -8.881784197001252e-16  -5.678745200000001  -7.51150032 
34 7  -1.4368300000000003  -0.9849104000000004  -1.3057003199999997 
34 8  -8.881784197001252e-16  -0.9083278000000004  -10.61440032 
34 9  -4.440892098500626e-16  -0.9083278000000004  -4.40860032 
34 10  -6.661338147750939e-16  1.6305307999999998  -9.15479616 
34 11  -1.4368300000000003  1.3998135999999999  -2.948996159999999 
34 12  -4.440892098500626e-16  1.6305307999999998  -5.868204479999999 
34 13  -1.43683  1.3998135999999999  0.3375955200000007 
34 14  -1.4368300000000007  -0.8317452000000003  -7.51150032 
34 15  2.220446049250313e-16  3.8620896  -1.3057003199999997 
35 0  -8.079161804347941e-16  -8.7856722  -4.408600320000001 
35 1  -4.279205251273619e-16  -8.7856722  1.7971996799999994 
35 2  -5.630809494075995e-16  -6.246813599999999  -2.9489961600000005 
35 3  1.4368299999999998  -6.4775308  3.25680384 
35 4  -3.618352503567834e-16  -6.246813599999999  0.3375955199999998 
35 5  1.43683  -6.4775308  6.54339552 
35 6  1.4368299999999994  -8.7090896  -1.3057003200000006 
35 7  5.418112250169617e-17  -4.0152548  4.900099679999999 
35 8  1.4368299999999994  -3.9386722  -4.408600320000001 
35 9  1.4368299999999998  -3.9386722  1.7971996799999994 
35 10  1.4368299999999996  -1.3998135999999999  -2.9489961600000005 
35 11  9.958050364878169e-17  -1.6305307999999998  3.25680384 
35 12  1.4368299999999998  -1.3998135999999999  0.3375955199999998 
35 13  3.0082620269959787e-16  -1.6305307999999998  6.54339552 
35 14  -3.1643586920969787e-16  -3.8620896  -1.3057003200000006 
35 15  1.4368300000000005  0.8317452000000003  4.900099679999999 