         0        16   4.69295   2.46210   4.82644
         0        17
         0        18
         0        19
         0        20
         0        21   2.69960   4.80235   4.43592
         0        22   4.53089   4.36263   2.42776
         0        23   4.50821   2.39324   4.40953
         0        24   2.96263   2.47914
         0        25   4.65200   4.36006
         0        26
         0        27
         0        28   4.24981   4.89913
         0        29   2.27967   3.33729
         0        30   4.73972   4.37728
         0        31   4.50729   4.54986
         0        32   2.27629
         0        33
         0        34
         0        35   4.42418   4.41531   3.64098
         1        16
         1        17   4.69295   2.46210   4.82644
         1        18   4.50821   2.39324   4.40953
         1        19   4.53089   4.36263   2.42776
         1        20   2.69960   4.80235   4.43592
         1        21
         1        22
         1        23
         1        24   4.65200   4.36006
         1        25   2.96263   2.47914
         1        26   4.50729   4.54986
         1        27   4.73972   4.37728
         1        28   2.27967   3.33729
         1        29   4.24981   4.89913
         1        30
         1        31
         1        32   2.27629
         1        33
         1        34
         1        35   4.42418   4.41531   3.64098
         2        16
         2        17   4.40953   2.39324   4.50821
         2        18   4.82644   2.46210   4.69295
         2        19   4.43592   4.80235   2.69960
         2        20   2.42776   4.36263   4.53089
         2        21
         2        22
         2        23
         2        24
         2        25   4.54986   4.50729
         2        26   2.47914   2.96263
         2        27   3.33729   2.27967
         2        28   4.37728   4.73972
         2        29
         2        30   4.89913   4.24981
         2        31   4.36006   4.65200
         2        32
         2        33   2.27629
         2        34   3.64098   4.41531   4.42418
         2        35
         3        16
         3        17   4.36263   2.42776   4.53089
         3        18   4.43592   2.69960   4.80235
         3        19   2.46210   4.82644   4.69295
         3        20   4.40953   4.50821   2.39324
         3        21
         3        22
         3        23
         3        24
         3        25   4.73972   4.37728
         3        26   2.27967   3.33729
         3        27   2.47914   2.96263
         3        28   4.54986   4.50729
         3        29
         3        30   4.36006   4.65200
         3        31   4.24981   4.89913
         3        32
         3        33   4.41531   3.64098   4.42418
         3        34   2.27629
         3        35
         4        16
         4        17   4.80235   2.69960   4.43592
         4        18   4.53089   2.42776   4.36263
         4        19   2.39324   4.50821   4.40953
         4        20   4.69295   4.82644   2.46210
         4        21
         4        22
         4        23
         4        24   4.89913   4.24981
         4        25   3.33729   2.27967
         4        26   4.37728   4.73972
         4        27   4.50729   4.54986
         4        28   2.96263   2.47914
         4        29   4.65200   4.36006
         4        30
         4        31
         4        32   4.42418   3.64098   4.41531
         4        33
         4        34
         4        35   2.27629
         5        16   4.80235   2.69960   4.43592
         5        17
         5        18
         5        19
         5        20
         5        21   4.69295   4.82644   2.46210
         5        22   2.39324   4.50821   4.40953
         5        23   4.53089   2.42776   4.36263
         5        24   3.33729   2.27967
         5        25   4.89913   4.24981
         5        26
         5        27
         5        28   4.65200   4.36006
         5        29   2.96263   2.47914
         5        30   4.50729   4.54986
         5        31   4.37728   4.73972
         5        32   4.42418   3.64098   4.41531
         5        33
         5        34
         5        35   2.27629
         6        16   4.36263   2.42776   4.53089
         6        17
         6        18
         6        19
         6        20
         6        21   4.40953   4.50821   2.39324
         6        22   2.46210   4.82644   4.69295
         6        23   4.43592   2.69960   4.80235
         6        24   4.73972   4.37728
         6        25
         6        26   4.24981   4.89913
         6        27   4.36006   4.65200
         6        28
         6        29   4.54986   4.50729
         6        30   2.47914   2.96263
         6        31   2.27967   3.33729
         6        32
         6        33   4.41531   3.64098   4.42418
         6        34   2.27629
         6        35
         7        16   4.40953   2.39324   4.50821
         7        17
         7        18
         7        19
         7        20
         7        21   2.42776   4.36263   4.53089
         7        22   4.43592   4.80235   2.69960
         7        23   4.82644   2.46210   4.69295
         7        24   4.54986   4.50729
         7        25
         7        26   4.36006   4.65200
         7        27   4.89913   4.24981
         7        28
         7        29   4.37728   4.73972
         7        30   3.33729   2.27967
         7        31   2.47914   2.96263
         7        32
         7        33   2.27629
         7        34   3.64098   4.41531   4.42418
         7        35
         8        16   1.92833   4.43090   4.15099
         8        17
         8        18
         8        19
         8        20
         8        21   4.31165   1.93680   4.26706
         8        22   4.26706   1.93680   4.31165
         8        23   4.15099   4.43090   1.92833
         8        24   2.09504
         8        25
         8        26
         8        27
         8        28
         8        29   4.18482   4.70481   4.00055   4.54169
         8        30   4.54169   4.00055   4.70481   4.18482
         8        31   2.09504
         8        32   4.84774   4.27862
         8        33   4.27862   4.84774
         8        34   4.19885
         8        35   4.19885
         9        16
         9        17   1.92833   4.43090   4.15099
         9        18   4.15099   4.43090   1.92833
         9        19   4.26706   1.93680   4.31165
         9        20   4.31165   1.93680   4.26706
         9        21
         9        22
         9        23
         9        24
         9        25   2.09504
         9        26   2.09504
         9        27   4.54169   4.00055   4.70481   4.18482
         9        28   4.18482   4.70481   4.00055   4.54169
         9        29
         9        30
         9        31
         9        32   4.84774   4.27862
         9        33   4.27862   4.84774
         9        34   4.19885
         9        35   4.19885
        10        16
        10        17   4.31165   4.26706   1.93680
        10        18   1.93680   4.26706   4.31165
        10        19   4.15099   1.92833   4.43090
        10        20   4.43090   1.92833   4.15099
        10        21
        10        22
        10        23
        10        24
        10        25   4.70481   4.18482   4.54169   4.00055
        10        26   4.00055   4.54169   4.18482   4.70481
        10        27   2.09504
        10        28   2.09504
        10        29
        10        30
        10        31
        10        32   4.19885
        10        33   4.19885
        10        34   4.27862   4.84774
        10        35   4.84774   4.27862
        11        16   4.31165   4.26706   1.93680
        11        17
        11        18
        11        19
        11        20
        11        21   4.43090   1.92833   4.15099
        11        22   4.15099   1.92833   4.43090
        11        23   1.93680   4.26706   4.31165
        11        24   4.70481   4.18482   4.54169   4.00055
        11        25
        11        26
        11        27
        11        28
        11        29   2.09504
        11        30   2.09504
        11        31   4.00055   4.54169   4.18482   4.70481
        11        32   4.19885
        11        33   4.19885
        11        34   4.27862   4.84774
        11        35   4.84774   4.27862
        12        16   4.52785
        12        17   4.52785
        12        18   3.68426
        12        19   3.88038
        12        20   4.36845
        12        21   4.36845
        12        22   3.88038
        12        23   3.68426
        12        24   1.80612
        12        25   1.80612
        12        26
        12        27
        12        28   4.39290   4.47102   3.83393   3.92320
        12        29   4.39290   4.47102   3.83393   3.92320
        12        30
        12        31
        12        32   3.45592   1.91288
        12        33
        12        34
        12        35   3.87649   1.88170   4.85880
        13        16   3.68426
        13        17   3.68426
        13        18   4.52785
        13        19   4.36845
        13        20   3.88038
        13        21   3.88038
        13        22   4.36845
        13        23   4.52785
        13        24
        13        25
        13        26   1.80612
        13        27   3.92320   3.83393   4.47102   4.39290
        13        28
        13        29
        13        30   3.92320   3.83393   4.47102   4.39290
        13        31   1.80612
        13        32
        13        33   1.91288   3.45592
        13        34   4.85880   1.88170   3.87649
        13        35
        14        16   3.88038
        14        17   3.88038
        14        18   4.36845
        14        19   4.52785
        14        20   3.68426
        14        21   3.68426
        14        22   4.52785
        14        23   4.36845
        14        24
        14        25
        14        26   3.83393   3.92320   4.39290   4.47102
        14        27   1.80612
        14        28
        14        29
        14        30   1.80612
        14        31   3.83393   3.92320   4.39290   4.47102
        14        32
        14        33   4.85880   3.87649   1.88170
        14        34   1.91288   3.45592
        14        35
        15        16   4.36845
        15        17   4.36845
        15        18   3.88038
        15        19   3.68426
        15        20   4.52785
        15        21   4.52785
        15        22   3.68426
        15        23   3.88038
        15        24   4.47102   4.39290   3.92320   3.83393
        15        25   4.47102   4.39290   3.92320   3.83393
        15        26
        15        27
        15        28   1.80612
        15        29   1.80612
        15        30
        15        31
        15        32   1.88170   3.87649   4.85880
        15        33
        15        34
        15        35   3.45592   1.91288
        16         0   4.82644   2.46210   4.69295
        16         1
        16         2
        16         3
        16         4
        16         5   4.43592   2.69960   4.80235
        16         6   4.53089   2.42776   4.36263
        16         7   4.50821   2.39324   4.40953
        16         8   4.15099   4.43090   1.92833
        16         9
        16        10
        16        11   1.93680   4.26706   4.31165
        16        12   4.52785
        16        13   3.68426
        16        14   3.88038
        16        15   4.36845
        17         0
        17         1   4.82644   2.46210   4.69295
        17         2   4.50821   2.39324   4.40953
        17         3   4.53089   2.42776   4.36263
        17         4   4.43592   2.69960   4.80235
        17         5
        17         6
        17         7
        17         8
        17         9   4.15099   4.43090   1.92833
        17        10   1.93680   4.26706   4.31165
        17        11
        17        12   4.52785
        17        13   3.68426
        17        14   3.88038
        17        15   4.36845
        18         0
        18         1   4.40953   2.39324   4.50821
        18         2   4.69295   2.46210   4.82644
        18         3   4.80235   2.69960   4.43592
        18         4   4.36263   2.42776   4.53089
        18         5
        18         6
        18         7
        18         8
        18         9   1.92833   4.43090   4.15099
        18        10   4.31165   4.26706   1.93680
        18        11
        18        12   3.68426
        18        13   4.52785
        18        14   4.36845
        18        15   3.88038
        19         0
        19         1   2.42776   4.36263   4.53089
        19         2   2.69960   4.80235   4.43592
        19         3   4.69295   4.82644   2.46210
        19         4   4.40953   4.50821   2.39324
        19         5
        19         6
        19         7
        19         8
        19         9   4.31165   1.93680   4.26706
        19        10   4.43090   1.92833   4.15099
        19        11
        19        12   3.88038
        19        13   4.36845
        19        14   4.52785
        19        15   3.68426
        20         0
        20         1   4.43592   4.80235   2.69960
        20         2   4.53089   4.36263   2.42776
        20         3   2.39324   4.50821   4.40953
        20         4   2.46210   4.82644   4.69295
        20         5
        20         6
        20         7
        20         8
        20         9   4.26706   1.93680   4.31165
        20        10   4.15099   1.92833   4.43090
        20        11
        20        12   4.36845
        20        13   3.88038
        20        14   3.68426
        20        15   4.52785
        21         0   4.43592   4.80235   2.69960
        21         1
        21         2
        21         3
        21         4
        21         5   2.46210   4.82644   4.69295
        21         6   2.39324   4.50821   4.40953
        21         7   4.53089   4.36263   2.42776
        21         8   4.26706   1.93680   4.31165
        21         9
        21        10
        21        11   4.15099   1.92833   4.43090
        21        12   4.36845
        21        13   3.88038
        21        14   3.68426
        21        15   4.52785
        22         0   2.42776   4.36263   4.53089
        22         1
        22         2
        22         3
        22         4
        22         5   4.40953   4.50821   2.39324
        22         6   4.69295   4.82644   2.46210
        22         7   2.69960   4.80235   4.43592
        22         8   4.31165   1.93680   4.26706
        22         9
        22        10
        22        11   4.43090   1.92833   4.15099
        22        12   3.88038
        22        13   4.36845
        22        14   4.52785
        22        15   3.68426
        23         0   4.40953   2.39324   4.50821
        23         1
        23         2
        23         3
        23         4
        23         5   4.36263   2.42776   4.53089
        23         6   4.80235   2.69960   4.43592
        23         7   4.69295   2.46210   4.82644
        23         8   1.92833   4.43090   4.15099
        23         9
        23        10
        23        11   4.31165   4.26706   1.93680
        23        12   3.68426
        23        13   4.52785
        23        14   4.36845
        23        15   3.88038
        24         0   2.47914   2.96263
        24         1   4.36006   4.65200
        24         2
        24         3
        24         4   4.24981   4.89913
        24         5   2.27967   3.33729
        24         6   4.37728   4.73972
        24         7   4.50729   4.54986
        24         8   2.09504
        24         9
        24        10
        24        11   4.00055   4.54169   4.18482   4.70481
        24        12   1.80612
        24        13
        24        14
        24        15   3.83393   3.92320   4.39290   4.47102
        25         0   4.36006   4.65200
        25         1   2.47914   2.96263
        25         2   4.50729   4.54986
        25         3   4.37728   4.73972
        25         4   2.27967   3.33729
        25         5   4.24981   4.89913
        25         6
        25         7
        25         8
        25         9   2.09504
        25        10   4.00055   4.54169   4.18482   4.70481
        25        11
        25        12   1.80612
        25        13
        25        14
        25        15   3.83393   3.92320   4.39290   4.47102
        26         0
        26         1   4.54986   4.50729
        26         2   2.96263   2.47914
        26         3   3.33729   2.27967
        26         4   4.73972   4.37728
        26         5
        26         6   4.89913   4.24981
        26         7   4.65200   4.36006
        26         8
        26         9   2.09504
        26        10   4.70481   4.18482   4.54169   4.00055
        26        11
        26        12
        26        13   1.80612
        26        14   4.47102   4.39290   3.92320   3.83393
        26        15
        27         0
        27         1   4.37728   4.73972
        27         2   2.27967   3.33729
        27         3   2.96263   2.47914
        27         4   4.54986   4.50729
        27         5
        27         6   4.65200   4.36006
        27         7   4.24981   4.89913
        27         8
        27         9   4.18482   4.70481   4.00055   4.54169
        27        10   2.09504
        27        11
        27        12
        27        13   4.39290   4.47102   3.83393   3.92320
        27        14   1.80612
        27        15
        28         0   4.89913   4.24981
        28         1   3.33729   2.27967
        28         2   4.73972   4.37728
        28         3   4.50729   4.54986
        28         4   2.47914   2.96263
        28         5   4.36006   4.65200
        28         6
        28         7
        28         8
        28         9   4.54169   4.00055   4.70481   4.18482
        28        10   2.09504
        28        11
        28        12   3.92320   3.83393   4.47102   4.39290
        28        13
        28        14
        28        15   1.80612
        29         0   3.33729   2.27967
        29         1   4.89913   4.24981
        29         2
        29         3
        29         4   4.36006   4.65200
        29         5   2.47914   2.96263
        29         6   4.50729   4.54986
        29         7   4.73972   4.37728
        29         8   4.54169   4.00055   4.70481   4.18482
        29         9
        29        10
        29        11   2.09504
        29        12   3.92320   3.83393   4.47102   4.39290
        29        13
        29        14
        29        15   1.80612
        30         0   4.37728   4.73972
        30         1
        30         2   4.24981   4.89913
        30         3   4.65200   4.36006
        30         4
        30         5   4.54986   4.50729
        30         6   2.96263   2.47914
        30         7   2.27967   3.33729
        30         8   4.18482   4.70481   4.00055   4.54169
        30         9
        30        10
        30        11   2.09504
        30        12
        30        13   4.39290   4.47102   3.83393   3.92320
        30        14   1.80612
        30        15
        31         0   4.54986   4.50729
        31         1
        31         2   4.65200   4.36006
        31         3   4.89913   4.24981
        31         4
        31         5   4.73972   4.37728
        31         6   3.33729   2.27967
        31         7   2.96263   2.47914
        31         8   2.09504
        31         9
        31        10
        31        11   4.70481   4.18482   4.54169   4.00055
        31        12
        31        13   1.80612
        31        14   4.47102   4.39290   3.92320   3.83393
        31        15
        32         0   2.27629
        32         1   2.27629
        32         2
        32         3
        32         4   4.41531   3.64098   4.42418
        32         5   4.41531   3.64098   4.42418
        32         6
        32         7
        32         8   4.27862   4.84774
        32         9   4.27862   4.84774
        32        10   4.19885
        32        11   4.19885
        32        12   1.91288   3.45592
        32        13
        32        14
        32        15   4.85880   3.87649   1.88170
        33         0
        33         1
        33         2   2.27629
        33         3   4.42418   3.64098   4.41531
        33         4
        33         5
        33         6   4.42418   3.64098   4.41531
        33         7   2.27629
        33         8   4.84774   4.27862
        33         9   4.84774   4.27862
        33        10   4.19885
        33        11   4.19885
        33        12
        33        13   3.45592   1.91288
        33        14   1.88170   3.87649   4.85880
        33        15
        34         0
        34         1
        34         2   4.42418   4.41531   3.64098
        34         3   2.27629
        34         4
        34         5
        34         6   2.27629
        34         7   4.42418   4.41531   3.64098
        34         8   4.19885
        34         9   4.19885
        34        10   4.84774   4.27862
        34        11   4.84774   4.27862
        34        12
        34        13   3.87649   1.88170   4.85880
        34        14   3.45592   1.91288
        34        15
        35         0   3.64098   4.41531   4.42418
        35         1   3.64098   4.41531   4.42418
        35         2
        35         3
        35         4   2.27629
        35         5   2.27629
        35         6
        35         7
        35         8   4.19885
        35         9   4.19885
        35        10   4.27862   4.84774
        35        11   4.27862   4.84774
        35        12   4.85880   1.88170   3.87649
        35        13
        35        14
        35        15   1.91288   3.45592
