         0        16   4.67080
         0        17
         0        18   4.67080
         0        19
         0        20   2.10882   4.68040
         0        21   4.89773   3.79687
         0        22   4.68040   2.10882
         0        23   3.79687   4.89773
         0        24   3.71782
         0        25   4.67526
         0        26   3.71782
         0        27   4.67526
         0        28   4.83306   2.17916
         0        29   2.12324   3.59570
         0        30   2.17916   4.83306
         0        31   3.59570   2.12324
         0        32   4.77418
         0        33   4.65826   4.75664
         0        34   4.77418
         0        35   4.75664   4.65826
         0        36   4.62066   4.47183
         0        37   3.45242
         0        38   4.47183   4.62066
         0        39   3.45242
         1        16
         1        17   4.67080
         1        18
         1        19   4.67080
         1        20   4.89773   3.79687
         1        21   2.10882   4.68040
         1        22   3.79687   4.89773
         1        23   4.68040   2.10882
         1        24   4.67526
         1        25   3.71782
         1        26   4.67526
         1        27   3.71782
         1        28   2.12324   3.59570
         1        29   4.83306   2.17916
         1        30   3.59570   2.12324
         1        31   2.17916   4.83306
         1        32   4.65826   4.75664
         1        33   4.77418
         1        34   4.75664   4.65826
         1        35   4.77418
         1        36   3.45242
         1        37   4.62066   4.47183
         1        38   3.45242
         1        39   4.47183   4.62066
         2        16   4.68677
         2        17   4.77430   4.55160
         2        18   4.68677
         2        19   4.55160   4.77430
         2        20   4.53426
         2        21   3.69284   2.01631
         2        22   4.53426
         2        23   2.01631   3.69284
         2        24   4.80401   3.35076
         2        25   2.32465   4.53692
         2        26   3.35076   4.80401
         2        27   4.53692   2.32465
         2        28   4.82427   2.15959
         2        29   3.92563   4.88175
         2        30   2.15959   4.82427
         2        31   4.88175   3.92563
         2        32   3.69361
         2        33
         2        34   3.69361
         2        35
         2        36   4.77744   4.63365
         2        37   4.61122
         2        38   4.63365   4.77744
         2        39   4.61122
         3        16   4.77430   4.55160
         3        17   4.68677
         3        18   4.55160   4.77430
         3        19   4.68677
         3        20   3.69284   2.01631
         3        21   4.53426
         3        22   2.01631   3.69284
         3        23   4.53426
         3        24   2.32465   4.53692
         3        25   4.80401   3.35076
         3        26   4.53692   2.32465
         3        27   3.35076   4.80401
         3        28   3.92563   4.88175
         3        29   4.82427   2.15959
         3        30   4.88175   3.92563
         3        31   2.15959   4.82427
         3        32
         3        33   3.69361
         3        34
         3        35   3.69361
         3        36   4.61122
         3        37   4.77744   4.63365
         3        38   4.61122
         3        39   4.63365   4.77744
         4        16   4.83306   2.17916
         4        17   2.12324   3.59570
         4        18   2.17916   4.83306
         4        19   3.59570   2.12324
         4        20   4.77418
         4        21   4.65826   4.75664
         4        22   4.77418
         4        23   4.75664   4.65826
         4        24   4.62066   4.47183
         4        25   3.45242
         4        26   4.47183   4.62066
         4        27   3.45242
         4        28   4.67080
         4        29
         4        30   4.67080
         4        31
         4        32   2.10882   4.68040
         4        33   4.89773   3.79687
         4        34   4.68040   2.10882
         4        35   3.79687   4.89773
         4        36   3.71782
         4        37   4.67526
         4        38   3.71782
         4        39   4.67526
         5        16   2.12324   3.59570
         5        17   4.83306   2.17916
         5        18   3.59570   2.12324
         5        19   2.17916   4.83306
         5        20   4.65826   4.75664
         5        21   4.77418
         5        22   4.75664   4.65826
         5        23   4.77418
         5        24   3.45242
         5        25   4.62066   4.47183
         5        26   3.45242
         5        27   4.47183   4.62066
         5        28
         5        29   4.67080
         5        30
         5        31   4.67080
         5        32   4.89773   3.79687
         5        33   2.10882   4.68040
         5        34   3.79687   4.89773
         5        35   4.68040   2.10882
         5        36   4.67526
         5        37   3.71782
         5        38   4.67526
         5        39   3.71782
         6        16   4.82427   2.15959
         6        17   3.92563   4.88175
         6        18   2.15959   4.82427
         6        19   4.88175   3.92563
         6        20   3.69361
         6        21
         6        22   3.69361
         6        23
         6        24   4.77744   4.63365
         6        25   4.61122
         6        26   4.63365   4.77744
         6        27   4.61122
         6        28   4.68677
         6        29   4.77430   4.55160
         6        30   4.68677
         6        31   4.55160   4.77430
         6        32   4.53426
         6        33   3.69284   2.01631
         6        34   4.53426
         6        35   2.01631   3.69284
         6        36   4.80401   3.35076
         6        37   2.32465   4.53692
         6        38   3.35076   4.80401
         6        39   4.53692   2.32465
         7        16   3.92563   4.88175
         7        17   4.82427   2.15959
         7        18   4.88175   3.92563
         7        19   2.15959   4.82427
         7        20
         7        21   3.69361
         7        22
         7        23   3.69361
         7        24   4.61122
         7        25   4.77744   4.63365
         7        26   4.61122
         7        27   4.63365   4.77744
         7        28   4.77430   4.55160
         7        29   4.68677
         7        30   4.55160   4.77430
         7        31   4.68677
         7        32   3.69284   2.01631
         7        33   4.53426
         7        34   2.01631   3.69284
         7        35   4.53426
         7        36   2.32465   4.53692
         7        37   4.80401   3.35076
         7        38   4.53692   2.32465
         7        39   3.35076   4.80401
         8        16   1.73744
         8        17   3.52588   3.56661
         8        18   4.32545
         8        19   4.47109
         8        20   1.71846   4.77262
         8        21   4.55344   3.67804
         8        22   3.50875
         8        23   4.52995
         8        24   3.56520   1.79595
         8        25   1.79334   4.55648
         8        26   3.50200
         8        27   3.82366
         8        28
         8        29   4.49497
         8        30   4.66054   4.69097
         8        31   4.37473   3.61705
         8        32
         8        33   4.36926
         8        34   3.67768
         8        35   3.39576   3.60149
         8        36
         8        37
         8        38
         8        39   3.50618
         9        16   3.52588   3.56661
         9        17   1.73744
         9        18   4.47109
         9        19   4.32545
         9        20   4.55344   3.67804
         9        21   1.71846   4.77262
         9        22   4.52995
         9        23   3.50875
         9        24   1.79334   4.55648
         9        25   3.56520   1.79595
         9        26   3.82366
         9        27   3.50200
         9        28   4.49497
         9        29
         9        30   4.37473   3.61705
         9        31   4.69097   4.66054
         9        32   4.36926
         9        33
         9        34   3.39576   3.60149
         9        35   3.67768
         9        36
         9        37
         9        38   3.50618
         9        39
        10        16   4.32545
        10        17   4.47109
        10        18   1.73744
        10        19   3.56661   3.52588
        10        20   3.50875
        10        21   4.52995
        10        22   4.77262   1.71846
        10        23   3.67804   4.55344
        10        24   3.50200
        10        25   3.82366
        10        26   1.79595   3.56520
        10        27   4.55648   1.79334
        10        28   4.66054   4.69097
        10        29   3.61705   4.37473
        10        30
        10        31   4.49497
        10        32   3.67768
        10        33   3.60149   3.39576
        10        34
        10        35   4.36926
        10        36
        10        37   3.50618
        10        38
        10        39
        11        16   4.47109
        11        17   4.32545
        11        18   3.56661   3.52588
        11        19   1.73744
        11        20   4.52995
        11        21   3.50875
        11        22   3.67804   4.55344
        11        23   4.77262   1.71846
        11        24   3.82366
        11        25   3.50200
        11        26   4.55648   1.79334
        11        27   1.79595   3.56520
        11        28   3.61705   4.37473
        11        29   4.69097   4.66054
        11        30   4.49497
        11        31
        11        32   3.60149   3.39576
        11        33   3.67768
        11        34   4.36926
        11        35
        11        36   3.50618
        11        37
        11        38
        11        39
        12        16
        12        17   4.49497
        12        18   4.66054   4.69097
        12        19   4.37473   3.61705
        12        20
        12        21   4.36926
        12        22   3.67768
        12        23   3.39576   3.60149
        12        24
        12        25
        12        26
        12        27   3.50618
        12        28   1.73744
        12        29   3.52588   3.56661
        12        30   4.32545
        12        31   4.47109
        12        32   1.71846   4.77262
        12        33   4.55344   3.67804
        12        34   3.50875
        12        35   4.52995
        12        36   3.56520   1.79595
        12        37   1.79334   4.55648
        12        38   3.50200
        12        39   3.82366
        13        16   4.49497
        13        17
        13        18   4.37473   3.61705
        13        19   4.69097   4.66054
        13        20   4.36926
        13        21
        13        22   3.39576   3.60149
        13        23   3.67768
        13        24
        13        25
        13        26   3.50618
        13        27
        13        28   3.52588   3.56661
        13        29   1.73744
        13        30   4.47109
        13        31   4.32545
        13        32   4.55344   3.67804
        13        33   1.71846   4.77262
        13        34   4.52995
        13        35   3.50875
        13        36   1.79334   4.55648
        13        37   3.56520   1.79595
        13        38   3.82366
        13        39   3.50200
        14        16   4.66054   4.69097
        14        17   3.61705   4.37473
        14        18
        14        19   4.49497
        14        20   3.67768
        14        21   3.60149   3.39576
        14        22
        14        23   4.36926
        14        24
        14        25   3.50618
        14        26
        14        27
        14        28   4.32545
        14        29   4.47109
        14        30   1.73744
        14        31   3.56661   3.52588
        14        32   3.50875
        14        33   4.52995
        14        34   4.77262   1.71846
        14        35   3.67804   4.55344
        14        36   3.50200
        14        37   3.82366
        14        38   1.79595   3.56520
        14        39   4.55648   1.79334
        15        16   3.61705   4.37473
        15        17   4.69097   4.66054
        15        18   4.49497
        15        19
        15        20   3.60149   3.39576
        15        21   3.67768
        15        22   4.36926
        15        23
        15        24   3.50618
        15        25
        15        26
        15        27
        15        28   4.47109
        15        29   4.32545
        15        30   3.56661   3.52588
        15        31   1.73744
        15        32   4.52995
        15        33   3.50875
        15        34   3.67804   4.55344
        15        35   4.77262   1.71846
        15        36   3.82366
        15        37   3.50200
        15        38   4.55648   1.79334
        15        39   1.79595   3.56520
        16         0   4.67080
        16         1
        16         2   4.68677
        16         3   4.55160   4.77430
        16         4   2.17916   4.83306
        16         5   3.59570   2.12324
        16         6   2.15959   4.82427
        16         7   4.88175   3.92563
        16         8   1.73744
        16         9   3.56661   3.52588
        16        10   4.32545
        16        11   4.47109
        16        12
        16        13   4.49497
        16        14   4.69097   4.66054
        16        15   4.37473   3.61705
        17         0
        17         1   4.67080
        17         2   4.55160   4.77430
        17         3   4.68677
        17         4   3.59570   2.12324
        17         5   2.17916   4.83306
        17         6   4.88175   3.92563
        17         7   2.15959   4.82427
        17         8   3.56661   3.52588
        17         9   1.73744
        17        10   4.47109
        17        11   4.32545
        17        12   4.49497
        17        13
        17        14   4.37473   3.61705
        17        15   4.66054   4.69097
        18         0   4.67080
        18         1
        18         2   4.68677
        18         3   4.77430   4.55160
        18         4   4.83306   2.17916
        18         5   2.12324   3.59570
        18         6   4.82427   2.15959
        18         7   3.92563   4.88175
        18         8   4.32545
        18         9   4.47109
        18        10   1.73744
        18        11   3.52588   3.56661
        18        12   4.69097   4.66054
        18        13   3.61705   4.37473
        18        14
        18        15   4.49497
        19         0
        19         1   4.67080
        19         2   4.77430   4.55160
        19         3   4.68677
        19         4   2.12324   3.59570
        19         5   4.83306   2.17916
        19         6   3.92563   4.88175
        19         7   4.82427   2.15959
        19         8   4.47109
        19         9   4.32545
        19        10   3.52588   3.56661
        19        11   1.73744
        19        12   3.61705   4.37473
        19        13   4.66054   4.69097
        19        14   4.49497
        19        15
        20         0   4.68040   2.10882
        20         1   3.79687   4.89773
        20         2   4.53426
        20         3   2.01631   3.69284
        20         4   4.77418
        20         5   4.75664   4.65826
        20         6   3.69361
        20         7
        20         8   4.77262   1.71846
        20         9   3.67804   4.55344
        20        10   3.50875
        20        11   4.52995
        20        12
        20        13   4.36926
        20        14   3.67768
        20        15   3.39576   3.60149
        21         0   3.79687   4.89773
        21         1   4.68040   2.10882
        21         2   2.01631   3.69284
        21         3   4.53426
        21         4   4.75664   4.65826
        21         5   4.77418
        21         6
        21         7   3.69361
        21         8   3.67804   4.55344
        21         9   4.77262   1.71846
        21        10   4.52995
        21        11   3.50875
        21        12   4.36926
        21        13
        21        14   3.39576   3.60149
        21        15   3.67768
        22         0   2.10882   4.68040
        22         1   4.89773   3.79687
        22         2   4.53426
        22         3   3.69284   2.01631
        22         4   4.77418
        22         5   4.65826   4.75664
        22         6   3.69361
        22         7
        22         8   3.50875
        22         9   4.52995
        22        10   1.71846   4.77262
        22        11   4.55344   3.67804
        22        12   3.67768
        22        13   3.60149   3.39576
        22        14
        22        15   4.36926
        23         0   4.89773   3.79687
        23         1   2.10882   4.68040
        23         2   3.69284   2.01631
        23         3   4.53426
        23         4   4.65826   4.75664
        23         5   4.77418
        23         6
        23         7   3.69361
        23         8   4.52995
        23         9   3.50875
        23        10   4.55344   3.67804
        23        11   1.71846   4.77262
        23        12   3.60149   3.39576
        23        13   3.67768
        23        14   4.36926
        23        15
        24         0   3.71782
        24         1   4.67526
        24         2   3.35076   4.80401
        24         3   4.53692   2.32465
        24         4   4.47183   4.62066
        24         5   3.45242
        24         6   4.63365   4.77744
        24         7   4.61122
        24         8   1.79595   3.56520
        24         9   4.55648   1.79334
        24        10   3.50200
        24        11   3.82366
        24        12
        24        13
        24        14
        24        15   3.50618
        25         0   4.67526
        25         1   3.71782
        25         2   4.53692   2.32465
        25         3   3.35076   4.80401
        25         4   3.45242
        25         5   4.47183   4.62066
        25         6   4.61122
        25         7   4.63365   4.77744
        25         8   4.55648   1.79334
        25         9   1.79595   3.56520
        25        10   3.82366
        25        11   3.50200
        25        12
        25        13
        25        14   3.50618
        25        15
        26         0   3.71782
        26         1   4.67526
        26         2   4.80401   3.35076
        26         3   2.32465   4.53692
        26         4   4.62066   4.47183
        26         5   3.45242
        26         6   4.77744   4.63365
        26         7   4.61122
        26         8   3.50200
        26         9   3.82366
        26        10   3.56520   1.79595
        26        11   1.79334   4.55648
        26        12
        26        13   3.50618
        26        14
        26        15
        27         0   4.67526
        27         1   3.71782
        27         2   2.32465   4.53692
        27         3   4.80401   3.35076
        27         4   3.45242
        27         5   4.62066   4.47183
        27         6   4.61122
        27         7   4.77744   4.63365
        27         8   3.82366
        27         9   3.50200
        27        10   1.79334   4.55648
        27        11   3.56520   1.79595
        27        12   3.50618
        27        13
        27        14
        27        15
        28         0   2.17916   4.83306
        28         1   3.59570   2.12324
        28         2   2.15959   4.82427
        28         3   4.88175   3.92563
        28         4   4.67080
        28         5
        28         6   4.68677
        28         7   4.55160   4.77430
        28         8
        28         9   4.49497
        28        10   4.69097   4.66054
        28        11   4.37473   3.61705
        28        12   1.73744
        28        13   3.56661   3.52588
        28        14   4.32545
        28        15   4.47109
        29         0   3.59570   2.12324
        29         1   2.17916   4.83306
        29         2   4.88175   3.92563
        29         3   2.15959   4.82427
        29         4
        29         5   4.67080
        29         6   4.55160   4.77430
        29         7   4.68677
        29         8   4.49497
        29         9
        29        10   4.37473   3.61705
        29        11   4.66054   4.69097
        29        12   3.56661   3.52588
        29        13   1.73744
        29        14   4.47109
        29        15   4.32545
        30         0   4.83306   2.17916
        30         1   2.12324   3.59570
        30         2   4.82427   2.15959
        30         3   3.92563   4.88175
        30         4   4.67080
        30         5
        30         6   4.68677
        30         7   4.77430   4.55160
        30         8   4.69097   4.66054
        30         9   3.61705   4.37473
        30        10
        30        11   4.49497
        30        12   4.32545
        30        13   4.47109
        30        14   1.73744
        30        15   3.52588   3.56661
        31         0   2.12324   3.59570
        31         1   4.83306   2.17916
        31         2   3.92563   4.88175
        31         3   4.82427   2.15959
        31         4
        31         5   4.67080
        31         6   4.77430   4.55160
        31         7   4.68677
        31         8   3.61705   4.37473
        31         9   4.66054   4.69097
        31        10   4.49497
        31        11
        31        12   4.47109
        31        13   4.32545
        31        14   3.52588   3.56661
        31        15   1.73744
        32         0   4.77418
        32         1   4.75664   4.65826
        32         2   3.69361
        32         3
        32         4   4.68040   2.10882
        32         5   3.79687   4.89773
        32         6   4.53426
        32         7   2.01631   3.69284
        32         8
        32         9   4.36926
        32        10   3.67768
        32        11   3.39576   3.60149
        32        12   4.77262   1.71846
        32        13   3.67804   4.55344
        32        14   3.50875
        32        15   4.52995
        33         0   4.75664   4.65826
        33         1   4.77418
        33         2
        33         3   3.69361
        33         4   3.79687   4.89773
        33         5   4.68040   2.10882
        33         6   2.01631   3.69284
        33         7   4.53426
        33         8   4.36926
        33         9
        33        10   3.39576   3.60149
        33        11   3.67768
        33        12   3.67804   4.55344
        33        13   4.77262   1.71846
        33        14   4.52995
        33        15   3.50875
        34         0   4.77418
        34         1   4.65826   4.75664
        34         2   3.69361
        34         3
        34         4   2.10882   4.68040
        34         5   4.89773   3.79687
        34         6   4.53426
        34         7   3.69284   2.01631
        34         8   3.67768
        34         9   3.60149   3.39576
        34        10
        34        11   4.36926
        34        12   3.50875
        34        13   4.52995
        34        14   1.71846   4.77262
        34        15   4.55344   3.67804
        35         0   4.65826   4.75664
        35         1   4.77418
        35         2
        35         3   3.69361
        35         4   4.89773   3.79687
        35         5   2.10882   4.68040
        35         6   3.69284   2.01631
        35         7   4.53426
        35         8   3.60149   3.39576
        35         9   3.67768
        35        10   4.36926
        35        11
        35        12   4.52995
        35        13   3.50875
        35        14   4.55344   3.67804
        35        15   1.71846   4.77262
        36         0   4.47183   4.62066
        36         1   3.45242
        36         2   4.63365   4.77744
        36         3   4.61122
        36         4   3.71782
        36         5   4.67526
        36         6   3.35076   4.80401
        36         7   4.53692   2.32465
        36         8
        36         9
        36        10
        36        11   3.50618
        36        12   1.79595   3.56520
        36        13   4.55648   1.79334
        36        14   3.50200
        36        15   3.82366
        37         0   3.45242
        37         1   4.47183   4.62066
        37         2   4.61122
        37         3   4.63365   4.77744
        37         4   4.67526
        37         5   3.71782
        37         6   4.53692   2.32465
        37         7   3.35076   4.80401
        37         8
        37         9
        37        10   3.50618
        37        11
        37        12   4.55648   1.79334
        37        13   1.79595   3.56520
        37        14   3.82366
        37        15   3.50200
        38         0   4.62066   4.47183
        38         1   3.45242
        38         2   4.77744   4.63365
        38         3   4.61122
        38         4   3.71782
        38         5   4.67526
        38         6   4.80401   3.35076
        38         7   2.32465   4.53692
        38         8
        38         9   3.50618
        38        10
        38        11
        38        12   3.50200
        38        13   3.82366
        38        14   3.56520   1.79595
        38        15   1.79334   4.55648
        39         0   3.45242
        39         1   4.62066   4.47183
        39         2   4.61122
        39         3   4.77744   4.63365
        39         4   4.67526
        39         5   3.71782
        39         6   2.32465   4.53692
        39         7   4.80401   3.35076
        39         8   3.50618
        39         9
        39        10
        39        11
        39        12   3.82366
        39        13   3.50200
        39        14   1.79334   4.55648
        39        15   3.56520   1.79595
