         0        12   4.22094   3.17019   4.41789
         0        13   4.82983   3.37096   1.89398   4.07962
         0        14   4.93439   2.66543
         0        15   4.87002   3.77485   1.51183   4.22352
         0        16   3.60357   4.55653   3.60497
         0        17   2.27415   4.06651   4.73451   2.95979
         0        18
         0        19   4.71825
         0        20
         0        21   4.65602
         0        22
         0        23   4.79292
         0        24   3.81400   2.11421   3.73329
         0        25   4.50708   3.54085   4.82526
         0        26   4.41431   1.49745   4.34477
         0        27   4.97920   3.24314
         0        28   2.99965   4.89298   4.09562   2.58794
         0        29   3.87254   4.90415   4.03417
         1        12   3.77485   4.22351   4.87002   1.51184
         1        13   1.49745   4.41431   4.34477
         1        14   4.82983   1.89398   3.37096   4.07962
         1        15   3.81400   3.73329   2.11421
         1        16   4.73450   2.27415   2.95979   4.06652
         1        17   4.09562   2.99965   2.58794   4.89298
         1        18   4.65602
         1        19   2.66542   4.93439
         1        20   4.71825
         1        21   4.22092   4.41788   3.17019
         1        22   4.79292
         1        23   4.55652   3.60356   3.60497
         1        24   4.97920   3.24315
         1        25
         1        26   3.54086   4.50709   4.82528
         1        27
         1        28   3.87254   4.03418   4.90416
         1        29
         2        12   2.11421   3.73329   3.81400
         2        13   4.06652   2.95979   2.27415   4.73450
         2        14   4.89298   2.58794   2.99965   4.09562
         2        15   1.51184   4.87002   4.22351   3.77485
         2        16   4.34477   4.41431   1.49745
         2        17   4.07962   3.37096   1.89398   4.82983
         2        18
         2        19   4.90416   4.03417   3.87254
         2        20
         2        21   3.24314   4.97920
         2        22
         2        23   4.82526   4.50709   3.54085
         2        24   3.17020   4.41788   4.22094
         2        25   4.79292
         2        26   3.60497   3.60358   4.55653
         2        27   4.65602
         2        28   4.93440   2.66543
         2        29   4.71825
         3        12   4.22351   1.51184   3.77484   4.87001
         3        13   3.60497   4.55652   3.60356
         3        14   2.95979   4.73450   4.06653   2.27414
         3        15   4.41788   3.17019   4.22092
         3        16   4.07963   1.89397   3.37096   4.82982
         3        17   2.66542   4.93439
         3        18   3.24315   4.97920
         3        19   2.58794   4.09562   4.89298   2.99965
         3        20   4.03418   4.90417   3.87254
         3        21   3.73329   2.11421   3.81400
         3        22   4.82528   3.54086   4.50709
         3        23   4.34477   1.49745   4.41431
         3        24   4.65602
         3        25
         3        26   4.79292
         3        27
         3        28   4.71825
         3        29
         4        12   3.81400   2.11421   3.73329
         4        13   4.50709   3.54086   4.82528
         4        14   4.41431   1.49745   4.34477
         4        15   4.97920   3.24315
         4        16   2.99965   4.89298   4.09562   2.58794
         4        17   3.87254   4.90417   4.03418
         4        18   4.22092   3.17019   4.41788
         4        19   4.82982   3.37096   1.89397   4.07963
         4        20   4.93439   2.66542
         4        21   4.87001   3.77484   1.51184   4.22351
         4        22   3.60356   4.55652   3.60497
         4        23   2.27414   4.06653   4.73450   2.95979
         4        24
         4        25   4.71825
         4        26
         4        27   4.65602
         4        28
         4        29   4.79292
         5        12   4.97920   3.24314
         5        13
         5        14   3.54085   4.50709   4.82526
         5        15
         5        16   3.87254   4.03417   4.90416
         5        17
         5        18   3.77485   4.22351   4.87002   1.51184
         5        19   1.49745   4.41431   4.34477
         5        20   4.82983   1.89398   3.37096   4.07962
         5        21   3.81400   3.73329   2.11421
         5        22   4.73450   2.27415   2.95979   4.06652
         5        23   4.09562   2.99965   2.58794   4.89298
         5        24   4.65602
         5        25   2.66543   4.93440
         5        26   4.71825
         5        27   4.22094   4.41788   3.17020
         5        28   4.79292
         5        29   4.55653   3.60358   3.60497
         6        12   3.17019   4.41788   4.22092
         6        13   4.79292
         6        14   3.60497   3.60356   4.55652
         6        15   4.65602
         6        16   4.93439   2.66542
         6        17   4.71825
         6        18   2.11421   3.73329   3.81400
         6        19   4.06652   2.95979   2.27415   4.73450
         6        20   4.89298   2.58794   2.99965   4.09562
         6        21   1.51184   4.87002   4.22351   3.77485
         6        22   4.34477   4.41431   1.49745
         6        23   4.07962   3.37096   1.89398   4.82983
         6        24
         6        25   4.90416   4.03418   3.87254
         6        26
         6        27   3.24315   4.97920
         6        28
         6        29   4.82528   4.50709   3.54086
         7        12   4.65602
         7        13
         7        14   4.79292
         7        15
         7        16   4.71825
         7        17
         7        18   4.22352   1.51183   3.77485   4.87002
         7        19   3.60497   4.55653   3.60357
         7        20   2.95979   4.73451   4.06651   2.27415
         7        21   4.41789   3.17019   4.22094
         7        22   4.07962   1.89398   3.37096   4.82983
         7        23   2.66543   4.93439
         7        24   3.24314   4.97920
         7        25   2.58794   4.09562   4.89298   2.99965
         7        26   4.03417   4.90415   3.87254
         7        27   3.73329   2.11421   3.81400
         7        28   4.82526   3.54085   4.50708
         7        29   4.34477   1.49745   4.41431
         8        12
         8        13   4.71825
         8        14
         8        15   4.65602
         8        16
         8        17   4.79292
         8        18   3.81400   2.11421   3.73329
         8        19   4.50709   3.54086   4.82528
         8        20   4.41431   1.49745   4.34477
         8        21   4.97920   3.24315
         8        22   2.99965   4.89298   4.09562   2.58794
         8        23   3.87254   4.90417   4.03418
         8        24   4.22092   3.17019   4.41788
         8        25   4.82983   3.37096   1.89398   4.07962
         8        26   4.93439   2.66542
         8        27   4.87002   3.77485   1.51183   4.22352
         8        28   3.60356   4.55652   3.60497
         8        29   2.27415   4.06651   4.73451   2.95979
         9        12   4.65602
         9        13   2.66542   4.93439
         9        14   4.71825
         9        15   4.22092   4.41788   3.17019
         9        16   4.79292
         9        17   4.55652   3.60356   3.60497
         9        18   4.97920   3.24315
         9        19
         9        20   3.54086   4.50709   4.82528
         9        21
         9        22   3.87254   4.03418   4.90416
         9        23
         9        24   3.77484   4.22352   4.87000   1.51183
         9        25   1.49745   4.41431   4.34477
         9        26   4.82981   1.89398   3.37095   4.07963
         9        27   3.81400   3.73329   2.11421
         9        28   4.73450   2.27414   2.95980   4.06652
         9        29   4.09562   2.99965   2.58794   4.89298
        10        12
        10        13   4.90416   4.03418   3.87254
        10        14
        10        15   3.24315   4.97920
        10        16
        10        17   4.82528   4.50709   3.54086
        10        18   3.17019   4.41788   4.22092
        10        19   4.79292
        10        20   3.60497   3.60356   4.55652
        10        21   4.65602
        10        22   4.93439   2.66542
        10        23   4.71825
        10        24   2.11421   3.73329   3.81400
        10        25   4.06652   2.95980   2.27414   4.73450
        10        26   4.89298   2.58794   2.99965   4.09562
        10        27   1.51183   4.87000   4.22352   3.77484
        10        28   4.34477   4.41431   1.49745
        10        29   4.07963   3.37095   1.89398   4.82981
        11        12   3.24315   4.97920
        11        13   2.58794   4.09562   4.89298   2.99965
        11        14   4.03418   4.90417   3.87254
        11        15   3.73329   2.11421   3.81400
        11        16   4.82528   3.54086   4.50709
        11        17   4.34477   1.49745   4.41431
        11        18   4.65602
        11        19
        11        20   4.79292
        11        21
        11        22   4.71825
        11        23
        11        24   4.22352   1.51183   3.77485   4.87002
        11        25   3.60497   4.55652   3.60356
        11        26   2.95979   4.73451   4.06651   2.27415
        11        27   4.41788   3.17019   4.22092
        11        28   4.07962   1.89398   3.37096   4.82983
        11        29   2.66542   4.93439
        12         0   4.41789   3.17019   4.22094
        12         1   1.51184   4.87002   4.22351   3.77485
        12         2   3.81400   3.73329   2.11421
        12         3   4.87001   3.77484   1.51184   4.22351
        12         4   3.73329   2.11421   3.81400
        12         5   3.24314   4.97920
        12         6   4.22092   4.41788   3.17019
        12         7   4.65602
        12         8
        12         9   4.65602
        12        10
        12        11   4.97920   3.24315
        13         0   4.07962   1.89398   3.37096   4.82983
        13         1   4.34477   4.41431   1.49745
        13         2   4.73450   2.27415   2.95979   4.06652
        13         3   3.60356   4.55652   3.60497
        13         4   4.82528   3.54086   4.50709
        13         5
        13         6   4.79292
        13         7
        13         8   4.71825
        13         9   4.93439   2.66542
        13        10   3.87254   4.03418   4.90416
        13        11   2.99965   4.89298   4.09562   2.58794
        14         0   2.66543   4.93439
        14         1   4.07962   3.37096   1.89398   4.82983
        14         2   4.09562   2.99965   2.58794   4.89298
        14         3   2.27414   4.06653   4.73450   2.95979
        14         4   4.34477   1.49745   4.41431
        14         5   4.82526   4.50709   3.54085
        14         6   4.55652   3.60356   3.60497
        14         7   4.79292
        14         8
        14         9   4.71825
        14        10
        14        11   3.87254   4.90417   4.03418
        15         0   4.22352   1.51183   3.77485   4.87002
        15         1   2.11421   3.73329   3.81400
        15         2   3.77485   4.22351   4.87002   1.51184
        15         3   4.22092   3.17019   4.41788
        15         4   3.24315   4.97920
        15         5
        15         6   4.65602
        15         7
        15         8   4.65602
        15         9   3.17019   4.41788   4.22092
        15        10   4.97920   3.24315
        15        11   3.81400   2.11421   3.73329
        16         0   3.60497   4.55653   3.60357
        16         1   4.06652   2.95979   2.27415   4.73450
        16         2   1.49745   4.41431   4.34477
        16         3   4.82982   3.37096   1.89397   4.07963
        16         4   2.58794   4.09562   4.89298   2.99965
        16         5   4.90416   4.03417   3.87254
        16         6   2.66542   4.93439
        16         7   4.71825
        16         8
        16         9   4.79292
        16        10
        16        11   4.50709   3.54086   4.82528
        17         0   2.95979   4.73451   4.06651   2.27415
        17         1   4.89298   2.58794   2.99965   4.09562
        17         2   4.82983   1.89398   3.37096   4.07962
        17         3   4.93439   2.66542
        17         4   4.03418   4.90417   3.87254
        17         5
        17         6   4.71825
        17         7
        17         8   4.79292
        17         9   3.60497   3.60356   4.55652
        17        10   3.54086   4.50709   4.82528
        17        11   4.41431   1.49745   4.34477
        18         0
        18         1   4.65602
        18         2
        18         3   4.97920   3.24315
        18         4   4.41788   3.17019   4.22092
        18         5   1.51184   4.87002   4.22351   3.77485
        18         6   3.81400   3.73329   2.11421
        18         7   4.87002   3.77485   1.51183   4.22352
        18         8   3.73329   2.11421   3.81400
        18         9   3.24315   4.97920
        18        10   4.22092   4.41788   3.17019
        18        11   4.65602
        19         0   4.71825
        19         1   4.93439   2.66542
        19         2   3.87254   4.03417   4.90416
        19         3   2.99965   4.89298   4.09562   2.58794
        19         4   4.07963   1.89397   3.37096   4.82982
        19         5   4.34477   4.41431   1.49745
        19         6   4.73450   2.27415   2.95979   4.06652
        19         7   3.60357   4.55653   3.60497
        19         8   4.82528   3.54086   4.50709
        19         9
        19        10   4.79292
        19        11
        20         0
        20         1   4.71825
        20         2
        20         3   3.87254   4.90417   4.03418
        20         4   2.66542   4.93439
        20         5   4.07962   3.37096   1.89398   4.82983
        20         6   4.09562   2.99965   2.58794   4.89298
        20         7   2.27415   4.06651   4.73451   2.95979
        20         8   4.34477   1.49745   4.41431
        20         9   4.82528   4.50709   3.54086
        20        10   4.55652   3.60356   3.60497
        20        11   4.79292
        21         0   4.65602
        21         1   3.17019   4.41788   4.22092
        21         2   4.97920   3.24314
        21         3   3.81400   2.11421   3.73329
        21         4   4.22351   1.51184   3.77484   4.87001
        21         5   2.11421   3.73329   3.81400
        21         6   3.77485   4.22351   4.87002   1.51184
        21         7   4.22094   3.17019   4.41789
        21         8   3.24315   4.97920
        21         9
        21        10   4.65602
        21        11
        22         0
        22         1   4.79292
        22         2
        22         3   4.50709   3.54086   4.82528
        22         4   3.60497   4.55652   3.60356
        22         5   4.06652   2.95979   2.27415   4.73450
        22         6   1.49745   4.41431   4.34477
        22         7   4.82983   3.37096   1.89398   4.07962
        22         8   2.58794   4.09562   4.89298   2.99965
        22         9   4.90416   4.03418   3.87254
        22        10   2.66542   4.93439
        22        11   4.71825
        23         0   4.79292
        23         1   3.60497   3.60356   4.55652
        23         2   3.54085   4.50709   4.82526
        23         3   4.41431   1.49745   4.34477
        23         4   2.95979   4.73450   4.06653   2.27414
        23         5   4.89298   2.58794   2.99965   4.09562
        23         6   4.82983   1.89398   3.37096   4.07962
        23         7   4.93439   2.66543
        23         8   4.03418   4.90417   3.87254
        23         9
        23        10   4.71825
        23        11
        24         0   3.73329   2.11421   3.81400
        24         1   3.24315   4.97920
        24         2   4.22094   4.41788   3.17020
        24         3   4.65602
        24         4
        24         5   4.65602
        24         6
        24         7   4.97920   3.24314
        24         8   4.41788   3.17019   4.22092
        24         9   1.51183   4.87000   4.22352   3.77484
        24        10   3.81400   3.73329   2.11421
        24        11   4.87002   3.77485   1.51183   4.22352
        25         0   4.82526   3.54085   4.50708
        25         1
        25         2   4.79292
        25         3
        25         4   4.71825
        25         5   4.93440   2.66543
        25         6   3.87254   4.03418   4.90416
        25         7   2.99965   4.89298   4.09562   2.58794
        25         8   4.07962   1.89398   3.37096   4.82983
        25         9   4.34477   4.41431   1.49745
        25        10   4.73450   2.27414   2.95980   4.06652
        25        11   3.60356   4.55652   3.60497
        26         0   4.34477   1.49745   4.41431
        26         1   4.82528   4.50709   3.54086
        26         2   4.55653   3.60358   3.60497
        26         3   4.79292
        26         4
        26         5   4.71825
        26         6
        26         7   3.87254   4.90415   4.03417
        26         8   2.66542   4.93439
        26         9   4.07963   3.37095   1.89398   4.82981
        26        10   4.09562   2.99965   2.58794   4.89298
        26        11   2.27415   4.06651   4.73451   2.95979
        27         0   3.24314   4.97920
        27         1
        27         2   4.65602
        27         3
        27         4   4.65602
        27         5   3.17020   4.41788   4.22094
        27         6   4.97920   3.24315
        27         7   3.81400   2.11421   3.73329
        27         8   4.22352   1.51183   3.77485   4.87002
        27         9   2.11421   3.73329   3.81400
        27        10   3.77484   4.22352   4.87000   1.51183
        27        11   4.22092   3.17019   4.41788
        28         0   2.58794   4.09562   4.89298   2.99965
        28         1   4.90416   4.03418   3.87254
        28         2   2.66543   4.93440
        28         3   4.71825
        28         4
        28         5   4.79292
        28         6
        28         7   4.50708   3.54085   4.82526
        28         8   3.60497   4.55652   3.60356
        28         9   4.06652   2.95980   2.27414   4.73450
        28        10   1.49745   4.41431   4.34477
        28        11   4.82983   3.37096   1.89398   4.07962
        29         0   4.03417   4.90415   3.87254
        29         1
        29         2   4.71825
        29         3
        29         4   4.79292
        29         5   3.60497   3.60358   4.55653
        29         6   3.54086   4.50709   4.82528
        29         7   4.41431   1.49745   4.34477
        29         8   2.95979   4.73451   4.06651   2.27415
        29         9   4.89298   2.58794   2.99965   4.09562
        29        10   4.82981   1.89398   3.37095   4.07963
        29        11   4.93439   2.66542
