 5.3522  0  0  8.916714576931836e-16  14.5621  0  3.3894549460001295e-16  0.0  5.5354 
5
0 16  -1.1641035000000002  -1.8246311299999993  1.19177162 
0 17  -1.1641035000000006  -8.60183247  1.19177162 
0 18  1.3760506200000004  5.45641887  4.1022849400000005 
0 19  -1.3000493799999995  5.45641887  3.9594716200000004 
0 20  1.5119965  -8.60183247  1.33458494 
0 21  1.5119965  -1.8246311299999993  1.33458494 
0 22  -1.30004938  -1.3207824700000002  3.9594716200000004 
0 23  1.37605062  -1.3207824700000002  4.1022849400000005 
0 24  -2.42561704  0.47181203999999966  0.28341248 
0 25  -2.4256170399999997  3.6638243599999996  0.28341248 
0 26  2.637564159999999  -6.809237959999999  5.0106440800000005 
0 27  -0.038535840000000654  -6.809237959999999  3.05111248 
0 28  0.25048296000000025  3.6638243599999996  2.24294408 
0 29  0.2504829599999998  0.47181203999999966  2.24294408 
0 30  -0.03853584000000021  -3.61722564  3.05111248 
0 31  2.637564159999999  -3.61722564  5.0106440800000005 
0 32  0.6197847600000004  2.0678181999999996  4.71173248 
0 33  -0.4078376399999999  -5.213231799999999  0.58232408 
0 34  2.268262359999999  -5.213231799999999  1.94403248 
0 35  -2.0563152399999995  2.0678181999999996  3.3500240800000003 
1 16  -1.1641035000000006  -5.96026753  1.19177162 
1 17  -1.164103500000001  -12.73746887  1.19177162 
1 18  1.37605062  1.3207824699999993  4.1022849400000005 
1 19  -1.30004938  1.3207824699999993  3.9594716200000004 
1 20  1.5119964999999995  -12.73746887  1.33458494 
1 21  1.5119964999999995  -5.96026753  1.33458494 
1 22  -1.3000493800000004  -5.456418870000001  3.9594716200000004 
1 23  1.3760506199999996  -5.456418870000001  4.1022849400000005 
1 24  -2.4256170400000006  -3.6638243600000013  0.28341248 
1 25  -2.42561704  -0.47181204000000143  0.28341248 
1 26  2.6375641599999984  -10.94487436  5.0106440800000005 
1 27  -0.0385358400000011  -10.94487436  3.05111248 
1 28  0.2504829599999998  -0.47181204000000143  2.24294408 
1 29  0.25048295999999937  -3.6638243600000013  2.24294408 
1 30  -0.038535840000000654  -7.752862040000001  3.05111248 
1 31  2.6375641599999984  -7.752862040000001  5.0106440800000005 
1 32  0.6197847599999999  -2.0678182000000014  4.71173248 
1 33  -0.40783764000000033  -9.3488682  0.58232408 
1 34  2.2682623599999987  -9.3488682  1.94403248 
1 35  -2.05631524  -2.0678182000000014  3.3500240800000003 
2 16  -1.3760506200000002  5.45641887  -4.1022849400000005 
2 17  -1.3760506200000007  -1.32078247  -4.1022849400000005 
2 18  1.1641035000000004  12.737468869999999  -1.19177162 
2 19  -1.5119964999999995  12.737468869999999  -1.33458494 
2 20  1.30004938  -1.32078247  -3.9594716200000004 
2 21  1.30004938  5.45641887  -3.9594716200000004 
2 22  -1.5119965  5.960267529999999  -1.33458494 
2 23  1.1641035  5.960267529999999  -1.19177162 
2 24  -2.63756416  7.752862039999999  -5.0106440800000005 
2 25  -2.6375641599999997  10.944874359999998  -5.0106440800000005 
2 26  2.425617039999999  0.4718120399999999  -0.28341247999999997 
2 27  -0.2504829600000007  0.4718120399999999  -2.2429440800000005 
2 28  0.03853584000000021  10.944874359999998  -3.0511124800000005 
2 29  0.038535839999999766  7.752862039999999  -3.0511124800000005 
2 30  -0.25048296000000025  3.6638243599999996  -2.2429440800000005 
2 31  2.425617039999999  3.6638243599999996  -0.28341247999999997 
2 32  0.40783764000000033  9.348868199999998  -0.5823240800000002 
2 33  -0.6197847599999999  2.0678181999999996  -4.71173248 
2 34  2.056315239999999  2.0678181999999996  -3.3500240800000003 
2 35  -2.2682623599999996  9.348868199999998  -1.9440324800000002 
3 16  1.3000493800000001  5.45641887  -1.5759283800000004 
3 17  1.3000493799999997  -1.32078247  -1.5759283800000004 
3 18  3.8402035000000008  12.737468869999999  1.33458494 
3 19  1.1641035000000008  12.737468869999999  1.19177162 
3 20  3.9761493800000003  -1.32078247  -1.4331150600000002 
3 21  3.9761493800000003  5.45641887  -1.4331150600000002 
3 22  1.1641035000000004  5.960267529999999  1.19177162 
3 23  3.8402035000000003  5.960267529999999  1.33458494 
3 24  0.03853584000000031  7.752862039999999  -2.4842875200000005 
3 25  0.0385358400000005  10.944874359999998  -2.4842875200000005 
3 26  5.101717039999999  0.4718120399999999  2.24294408 
3 27  2.4256170399999997  0.4718120399999999  0.2834124799999995 
3 28  2.7146358400000006  10.944874359999998  -0.5247559200000005 
3 29  2.71463584  7.752862039999999  -0.5247559200000005 
3 30  2.42561704  3.6638243599999996  0.2834124799999995 
3 31  5.101717039999999  3.6638243599999996  2.24294408 
3 32  3.0839376400000007  9.348868199999998  1.9440324799999997 
3 33  2.0563152400000004  2.0678181999999996  -2.1853759200000002 
3 34  4.732415239999999  2.0678181999999996  -0.8236675200000003 
3 35  0.4078376400000006  9.348868199999998  0.5823240799999998 
4 16  -3.8402035000000003  -5.96026753  -1.3345849400000003 
4 17  -3.840203500000001  -12.73746887  -1.3345849400000003 
4 18  -1.30004938  1.3207824699999993  1.5759283800000001 
4 19  -3.97614938  1.3207824699999993  1.43311506 
4 20  -1.1641035000000004  -12.73746887  -1.1917716200000001 
4 21  -1.1641035000000004  -5.96026753  -1.1917716200000001 
4 22  -3.9761493800000003  -5.456418870000001  1.43311506 
4 23  -1.3000493800000004  -5.456418870000001  1.5759283800000001 
4 24  -5.1017170400000005  -3.6638243600000013  -2.24294408 
4 25  -5.1017170400000005  -0.47181204000000143  -2.24294408 
4 26  -0.03853584000000154  -10.94487436  2.48428752 
4 27  -2.714635840000001  -10.94487436  0.5247559199999996 
4 28  -2.42561704  -0.47181204000000143  -0.2834124800000004 
4 29  -2.4256170400000006  -3.6638243600000013  -0.2834124800000004 
4 30  -2.7146358400000006  -7.752862040000001  0.5247559199999996 
4 31  -0.03853584000000154  -7.752862040000001  2.48428752 
4 32  -2.05631524  -2.0678182000000014  2.18537592 
4 33  -3.0839376400000003  -9.3488682  -1.9440324800000002 
4 34  -0.4078376400000012  -9.3488682  -0.5823240800000002 
4 35  -4.73241524  -2.0678182000000014  0.8236675199999999 
5 16  -3.8402035000000003  -1.8246311299999993  -1.3345849400000003 
5 17  -3.840203500000001  -8.60183247  -1.3345849400000003 
5 18  -1.30004938  5.45641887  1.5759283800000001 
5 19  -3.97614938  5.45641887  1.43311506 
5 20  -1.1641035000000004  -8.60183247  -1.1917716200000001 
5 21  -1.1641035000000004  -1.8246311299999993  -1.1917716200000001 
5 22  -3.9761493800000003  -1.3207824700000002  1.43311506 
5 23  -1.3000493800000004  -1.3207824700000002  1.5759283800000001 
5 24  -5.1017170400000005  0.47181203999999966  -2.24294408 
5 25  -5.1017170400000005  3.6638243599999996  -2.24294408 
5 26  -0.03853584000000154  -6.809237959999999  2.48428752 
5 27  -2.714635840000001  -6.809237959999999  0.5247559199999996 
5 28  -2.42561704  3.6638243599999996  -0.2834124800000004 
5 29  -2.4256170400000006  0.47181203999999966  -0.2834124800000004 
5 30  -2.7146358400000006  -3.61722564  0.5247559199999996 
5 31  -0.03853584000000154  -3.61722564  2.48428752 
5 32  -2.05631524  2.0678181999999996  2.18537592 
5 33  -3.0839376400000003  -5.213231799999999  -1.9440324800000002 
5 34  -0.4078376400000012  -5.213231799999999  -0.5823240800000002 
5 35  -4.73241524  2.0678181999999996  0.8236675199999999 
6 16  1.30004938  1.3207824700000002  -1.5759283800000004 
6 17  1.3000493799999995  -5.45641887  -1.5759283800000004 
6 18  3.8402035000000003  8.60183247  1.33458494 
6 19  1.1641035000000006  8.60183247  1.19177162 
6 20  3.97614938  -5.45641887  -1.4331150600000002 
6 21  3.97614938  1.3207824700000002  -1.4331150600000002 
6 22  1.1641035000000002  1.8246311299999993  1.19177162 
6 23  3.8402035  1.8246311299999993  1.33458494 
6 24  0.03853584000000006  3.617225639999999  -2.4842875200000005 
6 25  0.03853584000000025  6.809237959999999  -2.4842875200000005 
6 26  5.101717039999999  -3.66382436  2.24294408 
6 27  2.4256170399999992  -3.66382436  0.2834124799999995 
6 28  2.71463584  6.809237959999999  -0.5247559200000005 
6 29  2.7146358399999997  3.617225639999999  -0.5247559200000005 
6 30  2.4256170399999997  -0.47181204000000054  0.2834124799999995 
6 31  5.101717039999999  -0.47181204000000054  2.24294408 
6 32  3.0839376400000003  5.213231799999999  1.9440324799999997 
6 33  2.05631524  -2.0678182  -2.1853759200000002 
6 34  4.732415239999999  -2.0678182  -0.8236675200000003 
6 35  0.4078376400000004  5.213231799999999  0.5823240799999998 
7 16  -1.3760506200000007  1.3207824700000002  -4.1022849400000005 
7 17  -1.3760506200000011  -5.45641887  -4.1022849400000005 
7 18  1.1641035  8.60183247  -1.19177162 
7 19  -1.5119965  8.60183247  -1.33458494 
7 20  1.3000493799999995  -5.45641887  -3.9594716200000004 
7 21  1.3000493799999995  1.3207824700000002  -3.9594716200000004 
7 22  -1.5119965000000004  1.8246311299999993  -1.33458494 
7 23  1.1641034999999995  1.8246311299999993  -1.19177162 
7 24  -2.6375641600000006  3.617225639999999  -5.0106440800000005 
7 25  -2.63756416  6.809237959999999  -5.0106440800000005 
7 26  2.4256170399999983  -3.66382436  -0.28341247999999997 
7 27  -0.25048296000000114  -3.66382436  -2.2429440800000005 
7 28  0.038535839999999766  6.809237959999999  -3.0511124800000005 
7 29  0.03853583999999932  3.617225639999999  -3.0511124800000005 
7 30  -0.2504829600000007  -0.47181204000000054  -2.2429440800000005 
7 31  2.4256170399999983  -0.47181204000000054  -0.28341247999999997 
7 32  0.4078376399999999  5.213231799999999  -0.5823240800000002 
7 33  -0.6197847600000004  -2.0678182  -4.71173248 
7 34  2.0563152399999987  -2.0678182  -3.3500240800000003 
7 35  -2.26826236  5.213231799999999  -1.9440324800000002 
8 16  1.40602294  -0.2519243299999996  1.31244334 
8 17  1.4060229399999995  -7.02912567  1.31244334 
8 18  3.9461770600000006  7.02912567  4.22295666 
8 19  1.2700770600000006  7.02912567  4.08014334 
8 20  4.08212294  -7.02912567  1.45525666 
8 21  4.08212294  -0.2519243299999996  1.45525666 
8 22  1.2700770600000002  0.2519243299999996  4.08014334 
8 23  3.94617706  0.2519243299999996  4.22295666 
8 24  0.14450940000000015  2.0445188399999994  0.4040842 
8 25  0.14450940000000034  5.236531159999999  0.4040842 
8 26  5.2076905999999985  -5.23653116  5.1313158 
8 27  2.5315905999999995  -5.23653116  3.1717842 
8 28  2.8206094000000004  5.236531159999999  2.3636158 
8 29  2.8206094  2.0445188399999994  2.3636158 
8 30  2.5315906  -2.0445188400000003  3.1717842 
8 31  5.2076905999999985  -2.0445188400000003  5.1313158 
8 32  3.1899112000000005  3.6405249999999993  4.8324042 
8 33  2.1622888000000002  -3.640525  0.7029958000000001 
8 34  4.838388799999999  -3.640525  2.0647042 
8 35  0.5138112000000005  3.6405249999999993  3.4706958 
9 16  1.4060229400000004  7.02912567  1.31244334 
9 17  1.40602294  0.25192433  1.31244334 
9 18  3.946177060000001  14.31017567  4.22295666 
9 19  1.270077060000001  14.31017567  4.08014334 
9 20  4.0821229400000005  0.25192433  1.45525666 
9 21  4.0821229400000005  7.02912567  1.45525666 
9 22  1.2700770600000006  7.532974329999999  4.08014334 
9 23  3.9461770600000006  7.532974329999999  4.22295666 
9 24  0.1445094000000006  9.325568839999999  0.4040842 
9 25  0.1445094000000008  12.517581159999999  0.4040842 
9 26  5.207690599999999  2.04451884  5.1313158 
9 27  2.5315906  2.04451884  3.1717842 
9 28  2.820609400000001  12.517581159999999  2.3636158 
9 29  2.8206094000000004  9.325568839999999  2.3636158 
9 30  2.5315906000000004  5.236531159999999  3.1717842 
9 31  5.207690599999999  5.236531159999999  5.1313158 
9 32  3.189911200000001  10.921574999999999  4.8324042 
9 33  2.1622888000000007  3.640525  0.7029958000000001 
9 34  4.8383888  3.640525  2.0647042 
9 35  0.5138112000000009  10.921574999999999  3.4706958 
10 16  -1.2700770599999995  7.02912567  -1.45525666 
10 17  -1.27007706  0.25192433  -1.45525666 
10 18  1.270077060000001  14.31017567  1.4552566600000003 
10 19  -1.4060229399999988  14.31017567  1.3124433400000002 
10 20  1.4060229400000006  0.25192433  -1.31244334 
10 21  1.4060229400000006  7.02912567  -1.31244334 
10 22  -1.4060229399999993  7.532974329999999  1.3124433400000002 
10 23  1.2700770600000006  7.532974329999999  1.4552566600000003 
10 24  -2.5315905999999995  9.325568839999999  -2.3636158 
10 25  -2.531590599999999  12.517581159999999  -2.3636158 
10 26  2.5315905999999995  2.04451884  2.3636158000000003 
10 27  -0.1445094  2.04451884  0.4040841999999998 
10 28  0.1445094000000009  12.517581159999999  -0.4040842000000002 
10 29  0.14450940000000045  9.325568839999999  -0.4040842000000002 
10 30  -0.14450939999999957  5.236531159999999  0.4040841999999998 
10 31  2.5315905999999995  5.236531159999999  2.3636158000000003 
10 32  0.513811200000001  10.921574999999999  2.0647042 
10 33  -0.5138111999999992  3.640525  -2.0647042 
10 34  2.1622888  3.640525  -0.7029958000000001 
10 35  -2.162288799999999  10.921574999999999  0.7029958000000001 
11 16  -1.27007706  -0.2519243299999996  -1.45525666 
11 17  -1.2700770600000004  -7.02912567  -1.45525666 
11 18  1.2700770600000006  7.02912567  1.4552566600000003 
11 19  -1.4060229399999993  7.02912567  1.3124433400000002 
11 20  1.4060229400000002  -7.02912567  -1.31244334 
11 21  1.4060229400000002  -0.2519243299999996  -1.31244334 
11 22  -1.4060229399999997  0.2519243299999996  1.3124433400000002 
11 23  1.2700770600000002  0.2519243299999996  1.4552566600000003 
11 24  -2.5315906  2.0445188399999994  -2.3636158 
11 25  -2.5315905999999995  5.236531159999999  -2.3636158 
11 26  2.531590599999999  -5.23653116  2.3636158000000003 
11 27  -0.14450940000000045  -5.23653116  0.4040841999999998 
11 28  0.14450940000000045  5.236531159999999  -0.4040842000000002 
11 29  0.1445094  2.0445188399999994  -0.4040842000000002 
11 30  -0.1445094  -2.0445188400000003  0.4040841999999998 
11 31  2.531590599999999  -2.0445188400000003  2.3636158000000003 
11 32  0.5138112000000006  3.6405249999999993  2.0647042 
11 33  -0.5138111999999997  -3.640525  -2.0647042 
11 34  2.1622887999999993  -3.640525  -0.7029958000000001 
11 35  -2.1622887999999993  3.6405249999999993  0.7029958000000001 
12 16  -3.6496651800000004  -3.892449329999999  -3.8598344200000003 
12 17  -3.6496651800000013  -10.66965067  -3.8598344200000003 
12 18  -1.10951106  3.3886006700000006  -0.9493210999999997 
12 19  -3.78561106  3.3886006700000006  -1.0921344199999998 
12 20  -0.9735651800000005  -10.66965067  -3.7170211 
12 21  -0.9735651800000005  -3.892449329999999  -3.7170211 
12 22  -3.7856110600000004  -3.3886006699999998  -1.0921344199999998 
12 23  -1.1095110600000004  -3.3886006699999998  -0.9493210999999997 
12 24  -4.9111787200000006  -1.59600616  -4.76819356 
12 25  -4.9111787200000006  1.59600616  -4.76819356 
12 26  0.15200247999999839  -8.877056159999999  -0.04096195999999974 
12 27  -2.524097520000001  -8.877056159999999  -2.0004935600000002 
12 28  -2.23507872  1.59600616  -2.8086619600000002 
12 29  -2.2350787200000006  -1.59600616  -2.8086619600000002 
12 30  -2.5240975200000006  -5.68504384  -2.0004935600000002 
12 31  0.15200247999999839  -5.68504384  -0.04096195999999974 
12 32  -1.86577692  0.0  -0.33987356 
12 33  -2.8933993200000003  -7.281049999999999  -4.46928196 
12 34  -0.2172993200000013  -7.281049999999999  -3.10757356 
12 35  -4.54187692  0.0  -1.70158196 
13 16  1.1095110600000002  3.38860067  0.9493210999999999 
13 17  1.1095110599999998  -3.3886006699999998  0.9493210999999999 
13 18  3.649665180000001  10.66965067  3.8598344200000003 
13 19  0.9735651800000009  10.66965067  3.7170211 
13 20  3.7856110600000004  -3.3886006699999998  1.09213442 
13 21  3.7856110600000004  3.38860067  1.09213442 
13 22  0.9735651800000005  3.8924493299999994  3.7170211 
13 23  3.6496651800000004  3.8924493299999994  3.8598344200000003 
13 24  -0.15200247999999963  5.685043839999999  0.040961959999999964 
13 25  -0.15200247999999944  8.877056159999999  0.040961959999999964 
13 26  4.911178719999999  -1.59600616  4.76819356 
13 27  2.2350787199999997  -1.59600616  2.80866196 
13 28  2.5240975200000006  8.877056159999999  2.00049356 
13 29  2.52409752  5.685043839999999  2.00049356 
13 30  2.23507872  1.5960061599999995  2.80866196 
13 31  4.911178719999999  1.5960061599999995  4.76819356 
13 32  2.8933993200000008  7.281049999999999  4.46928196 
13 33  1.8657769200000005  0.0  0.33987356 
13 34  4.541876919999999  0.0  1.70158196 
13 35  0.21729932000000068  7.281049999999999  3.10757356 
14 16  -1.5665889400000002  3.38860067  -1.09213442 
14 17  -1.5665889400000006  -3.3886006699999998  -1.09213442 
14 18  0.9735651800000005  10.66965067  1.8183789000000004 
14 19  -1.7025348199999994  10.66965067  1.6755655800000002 
14 20  1.10951106  -3.3886006699999998  -0.9493210999999999 
14 21  1.10951106  3.38860067  -0.9493210999999999 
14 22  -1.70253482  3.8924493299999994  1.6755655800000002 
14 23  0.97356518  3.8924493299999994  1.8183789000000004 
14 24  -2.82810248  5.685043839999999  -2.00049356 
14 25  -2.8281024799999996  8.877056159999999  -2.00049356 
14 26  2.235078719999999  -1.59600616  2.7267380400000003 
14 27  -0.4410212800000006  -1.59600616  0.7672064399999998 
14 28  -0.15200247999999972  8.877056159999999  -0.040961960000000186 
14 29  -0.15200248000000016  5.685043839999999  -0.040961960000000186 
14 30  -0.4410212800000002  1.5960061599999995  0.7672064399999998 
14 31  2.235078719999999  1.5960061599999995  2.7267380400000003 
14 32  0.2172993200000004  7.281049999999999  2.42782644 
14 33  -0.8103230799999999  0.0  -1.70158196 
14 34  1.8657769199999992  0.0  -0.33987356 
14 35  -2.4588006799999995  7.281049999999999  1.06611804 
15 16  -0.9735651800000003  -3.892449329999999  -1.8183789000000001 
15 17  -0.9735651800000007  -10.66965067  -1.8183789000000001 
15 18  1.5665889400000004  3.3886006700000006  1.0921344200000003 
15 19  -1.1095110599999995  3.3886006700000006  0.9493211000000001 
15 20  1.70253482  -10.66965067  -1.67556558 
15 21  1.70253482  -3.892449329999999  -1.67556558 
15 22  -1.10951106  -3.3886006699999998  0.9493211000000001 
15 23  1.56658894  -3.3886006699999998  1.0921344200000003 
15 24  -2.23507872  -1.59600616  -2.72673804 
15 25  -2.2350787199999997  1.59600616  -2.72673804 
15 26  2.8281024799999988  -8.877056159999999  2.0004935600000002 
15 27  0.15200247999999927  -8.877056159999999  0.04096195999999974 
15 28  0.4410212800000002  1.59600616  -0.7672064400000003 
15 29  0.44102127999999974  -1.59600616  -0.7672064400000003 
15 30  0.15200247999999972  -5.68504384  0.04096195999999974 
15 31  2.8281024799999988  -5.68504384  2.0004935600000002 
15 32  0.8103230800000003  0.0  1.70158196 
15 33  -0.21729931999999996  -7.281049999999999  -2.42782644 
15 34  2.458800679999999  -7.281049999999999  -1.06611804 
15 35  -1.8657769199999996  0.0  0.33987356 
16 0  1.1641035000000002  1.8246311299999993  -1.19177162 
16 1  1.1641035000000006  5.96026753  -1.19177162 
16 2  1.3760506200000002  -5.45641887  4.1022849400000005 
16 3  -1.3000493800000001  -5.45641887  1.5759283800000004 
16 4  3.8402035000000003  5.96026753  1.3345849400000003 
16 5  3.8402035000000003  1.8246311299999993  1.3345849400000003 
16 6  -1.30004938  -1.3207824700000002  1.5759283800000004 
16 7  1.3760506200000007  -1.3207824700000002  4.1022849400000005 
16 8  -1.40602294  0.2519243299999996  -1.31244334 
16 9  -1.4060229400000004  -7.02912567  -1.31244334 
16 10  1.2700770599999995  -7.02912567  1.45525666 
16 11  1.27007706  0.2519243299999996  1.45525666 
16 12  3.6496651800000004  3.892449329999999  3.8598344200000003 
16 13  -1.1095110600000002  -3.38860067  -0.9493210999999999 
16 14  1.5665889400000002  -3.38860067  1.09213442 
16 15  0.9735651800000003  3.892449329999999  1.8183789000000001 
17 0  1.1641035000000006  8.60183247  -1.19177162 
17 1  1.164103500000001  12.73746887  -1.19177162 
17 2  1.3760506200000007  1.32078247  4.1022849400000005 
17 3  -1.3000493799999997  1.32078247  1.5759283800000004 
17 4  3.840203500000001  12.73746887  1.3345849400000003 
17 5  3.840203500000001  8.60183247  1.3345849400000003 
17 6  -1.3000493799999995  5.45641887  1.5759283800000004 
17 7  1.3760506200000011  5.45641887  4.1022849400000005 
17 8  -1.4060229399999995  7.02912567  -1.31244334 
17 9  -1.40602294  -0.25192433  -1.31244334 
17 10  1.27007706  -0.25192433  1.45525666 
17 11  1.2700770600000004  7.02912567  1.45525666 
17 12  3.6496651800000013  10.66965067  3.8598344200000003 
17 13  -1.1095110599999998  3.3886006699999998  -0.9493210999999999 
17 14  1.5665889400000006  3.3886006699999998  1.09213442 
17 15  0.9735651800000007  10.66965067  1.8183789000000001 
18 0  -1.3760506200000004  -5.45641887  -4.1022849400000005 
18 1  -1.37605062  -1.3207824699999993  -4.1022849400000005 
18 2  -1.1641035000000004  -12.737468869999999  1.19177162 
18 3  -3.8402035000000008  -12.737468869999999  -1.33458494 
18 4  1.30004938  -1.3207824699999993  -1.5759283800000001 
18 5  1.30004938  -5.45641887  -1.5759283800000001 
18 6  -3.8402035000000003  -8.60183247  -1.33458494 
18 7  -1.1641035  -8.60183247  1.19177162 
18 8  -3.9461770600000006  -7.02912567  -4.22295666 
18 9  -3.946177060000001  -14.31017567  -4.22295666 
18 10  -1.270077060000001  -14.31017567  -1.4552566600000003 
18 11  -1.2700770600000006  -7.02912567  -1.4552566600000003 
18 12  1.10951106  -3.3886006700000006  0.9493210999999997 
18 13  -3.649665180000001  -10.66965067  -3.8598344200000003 
18 14  -0.9735651800000005  -10.66965067  -1.8183789000000004 
18 15  -1.5665889400000004  -3.3886006700000006  -1.0921344200000003 
19 0  1.3000493799999995  -5.45641887  -3.9594716200000004 
19 1  1.30004938  -1.3207824699999993  -3.9594716200000004 
19 2  1.5119964999999995  -12.737468869999999  1.33458494 
19 3  -1.1641035000000008  -12.737468869999999  -1.19177162 
19 4  3.97614938  -1.3207824699999993  -1.43311506 
19 5  3.97614938  -5.45641887  -1.43311506 
19 6  -1.1641035000000006  -8.60183247  -1.19177162 
19 7  1.5119965  -8.60183247  1.33458494 
19 8  -1.2700770600000006  -7.02912567  -4.08014334 
19 9  -1.270077060000001  -14.31017567  -4.08014334 
19 10  1.4060229399999988  -14.31017567  -1.3124433400000002 
19 11  1.4060229399999993  -7.02912567  -1.3124433400000002 
19 12  3.78561106  -3.3886006700000006  1.0921344199999998 
19 13  -0.9735651800000009  -10.66965067  -3.7170211 
19 14  1.7025348199999994  -10.66965067  -1.6755655800000002 
19 15  1.1095110599999995  -3.3886006700000006  -0.9493211000000001 
20 0  -1.5119965  8.60183247  -1.33458494 
20 1  -1.5119964999999995  12.73746887  -1.33458494 
20 2  -1.30004938  1.32078247  3.9594716200000004 
20 3  -3.9761493800000003  1.32078247  1.4331150600000002 
20 4  1.1641035000000004  12.73746887  1.1917716200000001 
20 5  1.1641035000000004  8.60183247  1.1917716200000001 
20 6  -3.97614938  5.45641887  1.4331150600000002 
20 7  -1.3000493799999995  5.45641887  3.9594716200000004 
20 8  -4.08212294  7.02912567  -1.45525666 
20 9  -4.0821229400000005  -0.25192433  -1.45525666 
20 10  -1.4060229400000006  -0.25192433  1.31244334 
20 11  -1.4060229400000002  7.02912567  1.31244334 
20 12  0.9735651800000005  10.66965067  3.7170211 
20 13  -3.7856110600000004  3.3886006699999998  -1.09213442 
20 14  -1.10951106  3.3886006699999998  0.9493210999999999 
20 15  -1.70253482  10.66965067  1.67556558 
21 0  -1.5119965  1.8246311299999993  -1.33458494 
21 1  -1.5119964999999995  5.96026753  -1.33458494 
21 2  -1.30004938  -5.45641887  3.9594716200000004 
21 3  -3.9761493800000003  -5.45641887  1.4331150600000002 
21 4  1.1641035000000004  5.96026753  1.1917716200000001 
21 5  1.1641035000000004  1.8246311299999993  1.1917716200000001 
21 6  -3.97614938  -1.3207824700000002  1.4331150600000002 
21 7  -1.3000493799999995  -1.3207824700000002  3.9594716200000004 
21 8  -4.08212294  0.2519243299999996  -1.45525666 
21 9  -4.0821229400000005  -7.02912567  -1.45525666 
21 10  -1.4060229400000006  -7.02912567  1.31244334 
21 11  -1.4060229400000002  0.2519243299999996  1.31244334 
21 12  0.9735651800000005  3.892449329999999  3.7170211 
21 13  -3.7856110600000004  -3.38860067  -1.09213442 
21 14  -1.10951106  -3.38860067  0.9493210999999999 
21 15  -1.70253482  3.892449329999999  1.67556558 
22 0  1.30004938  1.3207824700000002  -3.9594716200000004 
22 1  1.3000493800000004  5.456418870000001  -3.9594716200000004 
22 2  1.5119965  -5.960267529999999  1.33458494 
22 3  -1.1641035000000004  -5.960267529999999  -1.19177162 
22 4  3.9761493800000003  5.456418870000001  -1.43311506 
22 5  3.9761493800000003  1.3207824700000002  -1.43311506 
22 6  -1.1641035000000002  -1.8246311299999993  -1.19177162 
22 7  1.5119965000000004  -1.8246311299999993  1.33458494 
22 8  -1.2700770600000002  -0.2519243299999996  -4.08014334 
22 9  -1.2700770600000006  -7.532974329999999  -4.08014334 
22 10  1.4060229399999993  -7.532974329999999  -1.3124433400000002 
22 11  1.4060229399999997  -0.2519243299999996  -1.3124433400000002 
22 12  3.7856110600000004  3.3886006699999998  1.0921344199999998 
22 13  -0.9735651800000005  -3.8924493299999994  -3.7170211 
22 14  1.70253482  -3.8924493299999994  -1.6755655800000002 
22 15  1.10951106  3.3886006699999998  -0.9493211000000001 
23 0  -1.37605062  1.3207824700000002  -4.1022849400000005 
23 1  -1.3760506199999996  5.456418870000001  -4.1022849400000005 
23 2  -1.1641035  -5.960267529999999  1.19177162 
23 3  -3.8402035000000003  -5.960267529999999  -1.33458494 
23 4  1.3000493800000004  5.456418870000001  -1.5759283800000001 
23 5  1.3000493800000004  1.3207824700000002  -1.5759283800000001 
23 6  -3.8402035  -1.8246311299999993  -1.33458494 
23 7  -1.1641034999999995  -1.8246311299999993  1.19177162 
23 8  -3.94617706  -0.2519243299999996  -4.22295666 
23 9  -3.9461770600000006  -7.532974329999999  -4.22295666 
23 10  -1.2700770600000006  -7.532974329999999  -1.4552566600000003 
23 11  -1.2700770600000002  -0.2519243299999996  -1.4552566600000003 
23 12  1.1095110600000004  3.3886006699999998  0.9493210999999997 
23 13  -3.6496651800000004  -3.8924493299999994  -3.8598344200000003 
23 14  -0.97356518  -3.8924493299999994  -1.8183789000000004 
23 15  -1.56658894  3.3886006699999998  -1.0921344200000003 
24 0  2.42561704  -0.47181203999999966  -0.28341248 
24 1  2.4256170400000006  3.6638243600000013  -0.28341248 
24 2  2.63756416  -7.752862039999999  5.0106440800000005 
24 3  -0.03853584000000031  -7.752862039999999  2.4842875200000005 
24 4  5.1017170400000005  3.6638243600000013  2.24294408 
24 5  5.1017170400000005  -0.47181203999999966  2.24294408 
24 6  -0.03853584000000006  -3.617225639999999  2.4842875200000005 
24 7  2.6375641600000006  -3.617225639999999  5.0106440800000005 
24 8  -0.14450940000000015  -2.0445188399999994  -0.4040842 
24 9  -0.1445094000000006  -9.325568839999999  -0.4040842 
24 10  2.5315905999999995  -9.325568839999999  2.3636158 
24 11  2.5315906  -2.0445188399999994  2.3636158 
24 12  4.9111787200000006  1.59600616  4.76819356 
24 13  0.15200247999999963  -5.685043839999999  -0.040961959999999964 
24 14  2.82810248  -5.685043839999999  2.00049356 
24 15  2.23507872  1.59600616  2.72673804 
25 0  2.4256170399999997  -3.6638243599999996  -0.28341248 
25 1  2.42561704  0.47181204000000143  -0.28341248 
25 2  2.6375641599999997  -10.944874359999998  5.0106440800000005 
25 3  -0.0385358400000005  -10.944874359999998  2.4842875200000005 
25 4  5.1017170400000005  0.47181204000000143  2.24294408 
25 5  5.1017170400000005  -3.6638243599999996  2.24294408 
25 6  -0.03853584000000025  -6.809237959999999  2.4842875200000005 
25 7  2.63756416  -6.809237959999999  5.0106440800000005 
25 8  -0.14450940000000034  -5.236531159999999  -0.4040842 
25 9  -0.1445094000000008  -12.517581159999999  -0.4040842 
25 10  2.531590599999999  -12.517581159999999  2.3636158 
25 11  2.5315905999999995  -5.236531159999999  2.3636158 
25 12  4.9111787200000006  -1.59600616  4.76819356 
25 13  0.15200247999999944  -8.877056159999999  -0.040961959999999964 
25 14  2.8281024799999996  -8.877056159999999  2.00049356 
25 15  2.2350787199999997  -1.59600616  2.72673804 
26 0  -2.637564159999999  6.809237959999999  -5.0106440800000005 
26 1  -2.6375641599999984  10.94487436  -5.0106440800000005 
26 2  -2.425617039999999  -0.4718120399999999  0.28341247999999997 
26 3  -5.101717039999999  -0.4718120399999999  -2.24294408 
26 4  0.03853584000000154  10.94487436  -2.48428752 
26 5  0.03853584000000154  6.809237959999999  -2.48428752 
26 6  -5.101717039999999  3.66382436  -2.24294408 
26 7  -2.4256170399999983  3.66382436  0.28341247999999997 
26 8  -5.2076905999999985  5.23653116  -5.1313158 
26 9  -5.207690599999999  -2.04451884  -5.1313158 
26 10  -2.5315905999999995  -2.04451884  -2.3636158000000003 
26 11  -2.531590599999999  5.23653116  -2.3636158000000003 
26 12  -0.15200247999999839  8.877056159999999  0.04096195999999974 
26 13  -4.911178719999999  1.59600616  -4.76819356 
26 14  -2.235078719999999  1.59600616  -2.7267380400000003 
26 15  -2.8281024799999988  8.877056159999999  -2.0004935600000002 
27 0  0.038535840000000654  6.809237959999999  -3.05111248 
27 1  0.0385358400000011  10.94487436  -3.05111248 
27 2  0.2504829600000007  -0.4718120399999999  2.2429440800000005 
27 3  -2.4256170399999997  -0.4718120399999999  -0.2834124799999995 
27 4  2.714635840000001  10.94487436  -0.5247559199999996 
27 5  2.714635840000001  6.809237959999999  -0.5247559199999996 
27 6  -2.4256170399999992  3.66382436  -0.2834124799999995 
27 7  0.25048296000000114  3.66382436  2.2429440800000005 
27 8  -2.5315905999999995  5.23653116  -3.1717842 
27 9  -2.5315906  -2.04451884  -3.1717842 
27 10  0.1445094  -2.04451884  -0.4040841999999998 
27 11  0.14450940000000045  5.23653116  -0.4040841999999998 
27 12  2.524097520000001  8.877056159999999  2.0004935600000002 
27 13  -2.2350787199999997  1.59600616  -2.80866196 
27 14  0.4410212800000006  1.59600616  -0.7672064399999998 
27 15  -0.15200247999999927  8.877056159999999  -0.04096195999999974 
28 0  -0.25048296000000025  -3.6638243599999996  -2.24294408 
28 1  -0.2504829599999998  0.47181204000000143  -2.24294408 
28 2  -0.03853584000000021  -10.944874359999998  3.0511124800000005 
28 3  -2.7146358400000006  -10.944874359999998  0.5247559200000005 
28 4  2.42561704  0.47181204000000143  0.2834124800000004 
28 5  2.42561704  -3.6638243599999996  0.2834124800000004 
28 6  -2.71463584  -6.809237959999999  0.5247559200000005 
28 7  -0.038535839999999766  -6.809237959999999  3.0511124800000005 
28 8  -2.8206094000000004  -5.236531159999999  -2.3636158 
28 9  -2.820609400000001  -12.517581159999999  -2.3636158 
28 10  -0.1445094000000009  -12.517581159999999  0.4040842000000002 
28 11  -0.14450940000000045  -5.236531159999999  0.4040842000000002 
28 12  2.23507872  -1.59600616  2.8086619600000002 
28 13  -2.5240975200000006  -8.877056159999999  -2.00049356 
28 14  0.15200247999999972  -8.877056159999999  0.040961960000000186 
28 15  -0.4410212800000002  -1.59600616  0.7672064400000003 
29 0  -0.2504829599999998  -0.47181203999999966  -2.24294408 
29 1  -0.25048295999999937  3.6638243600000013  -2.24294408 
29 2  -0.038535839999999766  -7.752862039999999  3.0511124800000005 
29 3  -2.71463584  -7.752862039999999  0.5247559200000005 
29 4  2.4256170400000006  3.6638243600000013  0.2834124800000004 
29 5  2.4256170400000006  -0.47181203999999966  0.2834124800000004 
29 6  -2.7146358399999997  -3.617225639999999  0.5247559200000005 
29 7  -0.03853583999999932  -3.617225639999999  3.0511124800000005 
29 8  -2.8206094  -2.0445188399999994  -2.3636158 
29 9  -2.8206094000000004  -9.325568839999999  -2.3636158 
29 10  -0.14450940000000045  -9.325568839999999  0.4040842000000002 
29 11  -0.1445094  -2.0445188399999994  0.4040842000000002 
29 12  2.2350787200000006  1.59600616  2.8086619600000002 
29 13  -2.52409752  -5.685043839999999  -2.00049356 
29 14  0.15200248000000016  -5.685043839999999  0.040961960000000186 
29 15  -0.44102127999999974  1.59600616  0.7672064400000003 
30 0  0.03853584000000021  3.61722564  -3.05111248 
30 1  0.038535840000000654  7.752862040000001  -3.05111248 
30 2  0.25048296000000025  -3.6638243599999996  2.2429440800000005 
30 3  -2.42561704  -3.6638243599999996  -0.2834124799999995 
30 4  2.7146358400000006  7.752862040000001  -0.5247559199999996 
30 5  2.7146358400000006  3.61722564  -0.5247559199999996 
30 6  -2.4256170399999997  0.47181204000000054  -0.2834124799999995 
30 7  0.2504829600000007  0.47181204000000054  2.2429440800000005 
30 8  -2.5315906  2.0445188400000003  -3.1717842 
30 9  -2.5315906000000004  -5.236531159999999  -3.1717842 
30 10  0.14450939999999957  -5.236531159999999  -0.4040841999999998 
30 11  0.1445094  2.0445188400000003  -0.4040841999999998 
30 12  2.5240975200000006  5.68504384  2.0004935600000002 
30 13  -2.23507872  -1.5960061599999995  -2.80866196 
30 14  0.4410212800000002  -1.5960061599999995  -0.7672064399999998 
30 15  -0.15200247999999972  5.68504384  -0.04096195999999974 
31 0  -2.637564159999999  3.61722564  -5.0106440800000005 
31 1  -2.6375641599999984  7.752862040000001  -5.0106440800000005 
31 2  -2.425617039999999  -3.6638243599999996  0.28341247999999997 
31 3  -5.101717039999999  -3.6638243599999996  -2.24294408 
31 4  0.03853584000000154  7.752862040000001  -2.48428752 
31 5  0.03853584000000154  3.61722564  -2.48428752 
31 6  -5.101717039999999  0.47181204000000054  -2.24294408 
31 7  -2.4256170399999983  0.47181204000000054  0.28341247999999997 
31 8  -5.2076905999999985  2.0445188400000003  -5.1313158 
31 9  -5.207690599999999  -5.236531159999999  -5.1313158 
31 10  -2.5315905999999995  -5.236531159999999  -2.3636158000000003 
31 11  -2.531590599999999  2.0445188400000003  -2.3636158000000003 
31 12  -0.15200247999999839  5.68504384  0.04096195999999974 
31 13  -4.911178719999999  -1.5960061599999995  -4.76819356 
31 14  -2.235078719999999  -1.5960061599999995  -2.7267380400000003 
31 15  -2.8281024799999988  5.68504384  -2.0004935600000002 
32 0  -0.6197847600000004  -2.0678181999999996  -4.71173248 
32 1  -0.6197847599999999  2.0678182000000014  -4.71173248 
32 2  -0.40783764000000033  -9.348868199999998  0.5823240800000002 
32 3  -3.0839376400000007  -9.348868199999998  -1.9440324799999997 
32 4  2.05631524  2.0678182000000014  -2.18537592 
32 5  2.05631524  -2.0678181999999996  -2.18537592 
32 6  -3.0839376400000003  -5.213231799999999  -1.9440324799999997 
32 7  -0.4078376399999999  -5.213231799999999  0.5823240800000002 
32 8  -3.1899112000000005  -3.6405249999999993  -4.8324042 
32 9  -3.189911200000001  -10.921574999999999  -4.8324042 
32 10  -0.513811200000001  -10.921574999999999  -2.0647042 
32 11  -0.5138112000000006  -3.6405249999999993  -2.0647042 
32 12  1.86577692  0.0  0.33987356 
32 13  -2.8933993200000008  -7.281049999999999  -4.46928196 
32 14  -0.2172993200000004  -7.281049999999999  -2.42782644 
32 15  -0.8103230800000003  0.0  -1.70158196 
33 0  0.4078376399999999  5.213231799999999  -0.58232408 
33 1  0.40783764000000033  9.3488682  -0.58232408 
33 2  0.6197847599999999  -2.0678181999999996  4.71173248 
33 3  -2.0563152400000004  -2.0678181999999996  2.1853759200000002 
33 4  3.0839376400000003  9.3488682  1.9440324800000002 
33 5  3.0839376400000003  5.213231799999999  1.9440324800000002 
33 6  -2.05631524  2.0678182  2.1853759200000002 
33 7  0.6197847600000004  2.0678182  4.71173248 
33 8  -2.1622888000000002  3.640525  -0.7029958000000001 
33 9  -2.1622888000000007  -3.640525  -0.7029958000000001 
33 10  0.5138111999999992  -3.640525  2.0647042 
33 11  0.5138111999999997  3.640525  2.0647042 
33 12  2.8933993200000003  7.281049999999999  4.46928196 
33 13  -1.8657769200000005  0.0  -0.33987356 
33 14  0.8103230799999999  0.0  1.70158196 
33 15  0.21729931999999996  7.281049999999999  2.42782644 
34 0  -2.268262359999999  5.213231799999999  -1.94403248 
34 1  -2.2682623599999987  9.3488682  -1.94403248 
34 2  -2.056315239999999  -2.0678181999999996  3.3500240800000003 
34 3  -4.732415239999999  -2.0678181999999996  0.8236675200000003 
34 4  0.4078376400000012  9.3488682  0.5823240800000002 
34 5  0.4078376400000012  5.213231799999999  0.5823240800000002 
34 6  -4.732415239999999  2.0678182  0.8236675200000003 
34 7  -2.0563152399999987  2.0678182  3.3500240800000003 
34 8  -4.838388799999999  3.640525  -2.0647042 
34 9  -4.8383888  -3.640525  -2.0647042 
34 10  -2.1622888  -3.640525  0.7029958000000001 
34 11  -2.1622887999999993  3.640525  0.7029958000000001 
34 12  0.2172993200000013  7.281049999999999  3.10757356 
34 13  -4.541876919999999  0.0  -1.70158196 
34 14  -1.8657769199999992  0.0  0.33987356 
34 15  -2.458800679999999  7.281049999999999  1.06611804 
35 0  2.0563152399999995  -2.0678181999999996  -3.3500240800000003 
35 1  2.05631524  2.0678182000000014  -3.3500240800000003 
35 2  2.2682623599999996  -9.348868199999998  1.9440324800000002 
35 3  -0.4078376400000006  -9.348868199999998  -0.5823240799999998 
35 4  4.73241524  2.0678182000000014  -0.8236675199999999 
35 5  4.73241524  -2.0678181999999996  -0.8236675199999999 
35 6  -0.4078376400000004  -5.213231799999999  -0.5823240799999998 
35 7  2.26826236  -5.213231799999999  1.9440324800000002 
35 8  -0.5138112000000005  -3.6405249999999993  -3.4706958 
35 9  -0.5138112000000009  -10.921574999999999  -3.4706958 
35 10  2.162288799999999  -10.921574999999999  -0.7029958000000001 
35 11  2.1622887999999993  -3.6405249999999993  -0.7029958000000001 
35 12  4.54187692  0.0  1.70158196 
35 13  -0.21729932000000068  -7.281049999999999  -3.10757356 
35 14  2.4588006799999995  -7.281049999999999  -1.06611804 
35 15  1.8657769199999996  0.0  -0.33987356 