 9.541738  0  0  5.36946389086157e-16  8.769  0  -1.2264396079584186  0.0  5.1880060609092205 
5
0 16  -4.972009069963949  -2.8288794  -3.3872491571676298 
0 17  -5.585228873943159  -1.3206113999999998  -0.7932461267130195 
0 18  2.110363666366146  -7.2133794  -4.123946017816739 
0 19  1.4971438623869373  -5.7051114  -1.5299429873621286 
0 20  2.3371822780138967  -4.4423754  -4.155074054182195 
0 21  1.7239624740346873  -8.4761154  -1.561071023727584 
0 22  -5.1988276816117  -0.057875400000000354  -3.3561211208021744 
0 23  -5.8120474855909094  -4.091615399999999  -0.7621180903475642 
0 24  1.8997577647949893  -2.4605814000000006  -2.4217612292324238 
0 25  2.5129775687741986  -1.6889093999999991  -5.015764259687034 
0 26  -5.987842776351211  -6.8450814  0.0985721151572756 
0 27  -5.374622972372001  -6.0734094  -2.495430915297335 
0 28  -0.7565947576587337  -7.1528732999999995  -1.2394146479512127 
0 29  -0.14337495367952524  -5.765617499999999  -3.833417678405823 
0 30  -3.3314902538974867  -2.7683732999999995  -1.083774466123936 
0 31  -2.7182704499182773  -1.3811175000000002  -3.677777496578546 
0 32  -3.287191103857695  0.08242860000000007  -1.1097144964284822 
0 33  -2.6739712998784855  -4.2319194  -3.703717526883092 
0 34  -0.8008939076985264  -4.3020714  -1.2134746176466664 
0 35  -0.18767410371931703  -8.6164194  -3.807477648101277 
0 36  -3.218460746926202  -5.9067984  -0.6739219873121076 
0 37  -2.6052409429469927  -7.011692399999999  -3.267925017766718 
0 38  -0.8696242646300201  -1.5222984000000004  -1.649267126763041 
0 39  -0.2564044606508107  -2.6271923999999993  -4.243270157217651 
1 16  -5.585228873943158  1.3206114000000007  -0.7932461267130195 
1 17  -6.198448677922367  2.828879400000001  1.8007569037415907 
1 18  1.4971438623869373  -3.0638885999999994  -1.529942987362129 
1 19  0.8839240584077288  -1.5556205999999992  1.0640600430924816 
1 20  1.7239624740346882  -0.29288459999999983  -1.5610710237275844 
1 21  1.1107426700554788  -4.3266246  1.0329320067270262 
1 22  -5.812047485590908  4.0916154  -0.7621180903475642 
1 23  -6.425267289570117  0.05787540000000124  1.831884940107046 
1 24  1.2865379608157808  1.6889094  0.17224180122218646 
1 25  1.8997577647949901  2.4605814000000015  -2.4217612292324238 
1 26  -6.601062580330419  -2.695590599999999  2.692575145611886 
1 27  -5.98784277635121  -1.9239185999999995  0.09857211515727515 
1 28  -1.3698145616379422  -3.0033824999999994  1.3545883825033975 
1 29  -0.7565947576587337  -1.6161266999999992  -1.2394146479512127 
1 30  -3.944710057876695  1.381117500000001  1.5102285643306743 
1 31  -3.3314902538974858  2.7683733000000004  -1.083774466123936 
1 32  -3.9004109078369034  4.231919400000001  1.484288534026128 
1 33  -3.287191103857694  -0.08242859999999919  -1.109714496428482 
1 34  -1.414113711677735  -0.1525805999999994  1.3805284128079438 
1 35  -0.8008939076985255  -4.466928599999999  -1.2134746176466666 
1 36  -3.8316805509054106  -1.7573075999999994  1.9200810431425026 
1 37  -3.218460746926201  -2.8622015999999992  -0.6739219873121076 
1 38  -1.4828440686092286  2.6271924  0.9447359036915692 
1 39  -0.8696242646300192  1.5222984000000013  -1.649267126763041 
2 16  -0.8839240584077281  1.5556206000000001  -1.0640600430924811 
2 17  -1.4971438623869375  3.0638886000000003  1.529942987362129 
2 18  6.198448677922366  -2.8288794  -1.8007569037415907 
2 19  5.585228873943159  -1.3206113999999998  0.79324612671302 
2 20  6.425267289570117  -0.057875400000000354  -1.831884940107046 
2 21  5.812047485590908  -4.0916154  0.7621180903475646 
2 22  -1.1107426700554788  4.3266246  -1.0329320067270258 
2 23  -1.7239624740346882  0.2928846000000007  1.5610710237275844 
2 24  5.98784277635121  1.9239185999999995  -0.09857211515727515 
2 25  6.601062580330419  2.695590600000001  -2.6925751456118854 
2 26  -1.8997577647949901  -2.4605813999999997  2.421761229232424 
2 27  -1.2865379608157808  -1.6889094  -0.17224180122218646 
2 28  3.331490253897487  -2.7683733  1.083774466123936 
2 29  3.9447100578766956  -1.3811174999999998  -1.5102285643306743 
2 30  0.7565947576587342  1.6161267000000006  1.2394146479512127 
2 31  1.3698145616379436  3.0033825  -1.3545883825033975 
2 32  0.800893907698526  4.4669286  1.2134746176466664 
2 33  1.4141137116777354  0.1525806000000003  -1.3805284128079436 
2 34  3.2871911038576944  0.08242860000000007  1.1097144964284822 
2 35  3.900410907836904  -4.2319194  -1.4842885340261283 
2 36  0.8696242646300187  -1.5222984  1.649267126763041 
2 37  1.4828440686092281  -2.6271923999999998  -0.9447359036915692 
2 38  3.2184607469262008  2.8622015999999997  0.6739219873121076 
2 39  3.83168055090541  1.7573076000000007  -1.9200810431425026 
3 16  -1.497143862386937  5.7051114  1.5299429873621293 
3 17  -2.1103636663661467  7.2133794  4.123946017816739 
3 18  5.585228873943158  1.3206114000000002  0.7932461267130198 
3 19  4.972009069963949  2.8288794  3.38724915716763 
3 20  5.812047485590909  4.091615399999999  0.7621180903475644 
3 21  5.198827681611699  0.05787540000000001  3.356121120802175 
3 22  -1.7239624740346877  8.4761154  1.5610710237275847 
3 23  -2.337182278013897  4.4423754  4.155074054182195 
3 24  5.374622972372001  6.073409399999999  2.495430915297335 
3 25  5.9878427763512105  6.845081400000001  -0.09857211515727521 
3 26  -2.512977568774199  1.6889094  5.015764259687034 
3 27  -1.8997577647949897  2.4605813999999997  2.4217612292324238 
3 28  2.718270449918278  1.3811175  3.677777496578546 
3 29  3.3314902538974867  2.7683733  1.0837744661239361 
3 30  0.14337495367952524  5.7656175  3.833417678405823 
3 31  0.7565947576587346  7.1528732999999995  1.239414647951213 
3 32  0.18767410371931703  8.6164194  3.8074776481012766 
3 33  0.8008939076985264  4.3020714  1.2134746176466669 
3 34  2.6739712998784855  4.2319194  3.7037175268830924 
3 35  3.287191103857695  -0.08242859999999999  1.1097144964284822 
3 36  0.2564044606508098  2.6271923999999998  4.243270157217651 
3 37  0.8696242646300192  1.5222984000000002  1.6492671267630412 
3 38  2.605240942946992  7.011692399999999  3.267925017766718 
3 39  3.218460746926201  5.9067984000000004  0.6739219873121077 
4 16  -5.047970068192979  2.7604812  -3.3161734741331736 
4 17  -5.661189872172188  4.2687492  -0.7221704436785634 
4 18  2.0344026681371163  -1.6240187999999998  -4.052870334782283 
4 19  1.4211828641579078  -0.11575079999999982  -1.4588673043276725 
4 20  2.261221279784867  1.1469851999999996  -4.083998371147739 
4 21  1.6480014758056578  -2.8867548  -1.489995340693128 
4 22  -5.274788679840729  5.5314852  -3.2850454377677183 
4 23  -5.888008483819938  1.4977452000000007  -0.6910424073131081 
4 24  1.8237967665659598  3.1287791999999994  -2.3506855461979677 
4 25  2.437016570545169  3.900451200000001  -4.944688576652578 
4 26  -6.06380377458024  -1.2557208  0.1696477981917317 
4 27  -5.450583970601031  -0.48404880000000006  -2.424355232262879 
4 28  -0.8325557558877632  -1.5635127  -1.1683389649167566 
4 29  -0.2193359519085547  -0.17625689999999983  -3.762341995371367 
4 30  -3.407451252126516  2.8209873000000005  -1.0126987830894798 
4 31  -2.7942314481473067  4.2082431  -3.60670181354409 
4 32  -3.3631521020867243  5.6717892  -1.038638813394026 
4 33  -2.749932298107515  1.3574412000000002  -3.632641843848636 
4 34  -0.8768549059275559  1.2872892  -1.1423989346122103 
4 35  -0.2636351019483465  -3.0270588  -3.736401965066821 
4 36  -3.2944217451552316  -0.3174378  -0.6028463042776515 
4 37  -2.681201941176022  -1.4223317999999998  -3.1968493347322617 
4 38  -0.9455852628590495  4.0670622  -1.5781914437285849 
4 39  -0.33236545887984015  2.9621682000000007  -4.172194474183195 
5 16  -5.661189872172188  4.5002508  -0.7221704436785634 
5 17  -6.274409676151397  6.0085188  1.8718325867760468 
5 18  1.421182864157907  0.11575080000000026  -1.458867304327673 
5 19  0.8079630601786985  1.6240188000000002  1.1351357261269377 
5 20  1.6480014758056578  2.8867547999999994  -1.4899953406931283 
5 21  1.0347816718264484  -1.1469851999999998  1.1040076897614823 
5 22  -5.888008483819938  7.2712547999999995  -0.6910424073131081 
5 23  -6.501228287799147  3.2375148000000005  1.9029606231415022 
5 24  1.2105769625867504  4.868548799999999  0.24331748425664257 
5 25  1.8237967665659598  5.640220800000001  -2.3506855461979677 
5 26  -6.677023578559449  0.48404880000000006  2.763650828646342 
5 27  -6.06380377458024  1.2557208  0.16964779819173126 
5 28  -1.4457755598669726  0.17625690000000005  1.4256640655378536 
5 29  -0.8325557558877641  1.5635127000000002  -1.1683389649167566 
5 30  -4.0206710561057255  4.5607569  1.5813042473651304 
5 31  -3.407451252126516  5.9480127  -1.0126987830894798 
5 32  -3.9763719060659337  7.4115588  1.5553642170605841 
5 33  -3.3631521020867243  3.0972108  -1.0386388133940259 
5 34  -1.4900747099067653  3.0270588  1.4516040958424 
5 35  -0.8768549059275559  -1.2872891999999998  -1.1423989346122105 
5 36  -3.907641549134441  1.4223318  1.9911567261769587 
5 37  -3.2944217451552316  0.3174378000000002  -0.6028463042776515 
5 38  -1.558805066838259  5.806831799999999  1.0158115867260253 
5 39  -0.9455852628590495  4.7019378000000005  -1.5781914437285849 
6 16  -0.8079630601786982  -1.6240188  -1.1351357261269373 
6 17  -1.4211828641579076  -0.11575079999999982  1.458867304327673 
6 18  6.2744096761513966  -6.0085188  -1.8718325867760468 
6 19  5.661189872172188  -4.5002508  0.7221704436785639 
6 20  6.501228287799147  -3.2375148000000005  -1.9029606231415022 
6 21  5.888008483819938  -7.2712548  0.6910424073131085 
6 22  -1.0347816718264489  1.1469851999999996  -1.104007689761482 
6 23  -1.6480014758056583  -2.8867547999999994  1.4899953406931283 
6 24  6.06380377458024  -1.2557208000000006  -0.16964779819173126 
6 25  6.677023578559449  -0.48404879999999917  -2.7636508286463415 
6 26  -1.8237967665659602  -5.6402208  2.350685546197968 
6 27  -1.2105769625867508  -4.8685488  -0.24331748425664257 
6 28  3.407451252126517  -5.9480127  1.0126987830894798 
6 29  4.0206710561057255  -4.5607568999999994  -1.5813042473651304 
6 30  0.8325557558877641  -1.5635126999999995  1.1683389649167566 
6 31  1.4457755598669735  -0.17625690000000027  -1.4256640655378536 
6 32  0.8768549059275559  1.2872892  1.1423989346122103 
6 33  1.4900747099067653  -3.0270588  -1.4516040958423997 
6 34  3.3631521020867243  -3.0972108  1.038638813394026 
6 35  3.9763719060659337  -7.4115588  -1.5553642170605844 
6 36  0.9455852628590486  -4.7019378  1.5781914437285849 
6 37  1.558805066838258  -5.806831799999999  -1.0158115867260253 
6 38  3.2944217451552307  -0.31743780000000044  0.6028463042776515 
6 39  3.90764154913444  -1.4223317999999994  -1.9911567261769587 
7 16  -1.4211828641579072  0.11575079999999982  1.458867304327673 
7 17  -2.0344026681371163  1.6240188  4.052870334782283 
7 18  5.661189872172187  -4.2687492  0.7221704436785634 
7 19  5.0479700681929796  -2.7604812  3.316173474133174 
7 20  5.888008483819938  -1.4977452000000007  0.6910424073131081 
7 21  5.274788679840729  -5.5314852000000005  3.2850454377677187 
7 22  -1.6480014758056578  2.8867547999999994  1.4899953406931283 
7 23  -2.261221279784867  -1.1469851999999996  4.083998371147739 
7 24  5.450583970601031  0.48404879999999917  2.424355232262879 
7 25  6.06380377458024  1.2557208000000006  -0.16964779819173154 
7 26  -2.437016570545169  -3.9004512  4.944688576652578 
7 27  -1.8237967665659598  -3.1287792000000003  2.3506855461979677 
7 28  2.794231448147308  -4.208243100000001  3.60670181354409 
7 29  3.4074512521265166  -2.8209873  1.0126987830894798 
7 30  0.21933595190855515  0.17625690000000027  3.762341995371367 
7 31  0.8325557558877645  1.5635126999999995  1.1683389649167566 
7 32  0.26363510194834694  3.0270588  3.7364019650668205 
7 33  0.8768549059275563  -1.2872892  1.1423989346122105 
7 34  2.7499322981075154  -1.3574412000000002  3.6326418438486363 
7 35  3.3631521020867248  -5.6717892  1.0386388133940259 
7 36  0.3323654588798397  -2.9621682000000003  4.172194474183195 
7 37  0.9455852628590491  -4.0670622000000005  1.5781914437285849 
7 38  2.6812019411760217  1.4223317999999994  3.1968493347322617 
7 39  3.294421745155231  0.31743780000000044  0.6028463042776514 
8 16  -7.893236784264529  0.05436779999999963  0.43319850608592003 
8 17  -8.506456588243738  1.5626357999999998  3.02720153654053 
8 18  -0.8108640479344338  -4.3301322  -0.3034983545631894 
8 19  -1.4240838519136423  -2.8218642000000003  2.2905046758914214 
8 20  -0.5840454362866829  -1.5591282000000009  -0.33462639092864477 
8 21  -1.1972652402658923  -5.592868200000001  2.259376639525966 
8 22  -8.12005539591228  2.825371799999999  0.4643265424513754 
8 23  -8.733275199891489  -1.2083681999999998  3.0583295729059854 
8 24  -1.0214699495055903  0.422665799999999  1.398686434021126 
8 25  -0.40825014552638095  1.1943378000000004  -1.1953165964334844 
8 26  -8.909070490651791  -3.9618342  3.919019778410825 
8 27  -8.295850686672582  -3.1901622000000005  1.3250167479562147 
8 28  -3.6778224719593133  -4.2696261  2.581033015302337 
8 29  -3.064602667980105  -2.8823703000000003  -0.01297001515227314 
8 30  -6.252717968198066  0.11487390000000008  2.7366731971296137 
8 31  -5.639498164218857  1.5021296999999993  0.14267016667500365 
8 32  -6.2084188181582745  2.9656757999999996  2.710733166825068 
8 33  -5.595199014179065  -1.3486722000000002  0.1167301363704576 
8 34  -3.722121621999106  -1.4188242000000004  2.6069730456068836 
8 35  -3.1089018180198966  -5.7331722  0.012970015152272918 
8 36  -6.139688461226782  -3.0235512000000004  3.146525675941442 
8 37  -5.526468657247572  -4.1284452  0.5525226454868319 
8 38  -3.7908519789305997  1.3609487999999992  2.1711805364905086 
8 39  -3.1776321749513903  0.25605480000000025  -0.42282249396410143 
9 16  -7.280016980285319  -1.5626357999999998  -2.1608045243686904 
9 17  -7.893236784264529  -0.05436779999999963  0.4331985060859198 
9 18  -0.1976442439552244  -5.9471358  -2.8975013850178 
9 19  -0.8108640479344329  -4.4388678  -0.3034983545631893 
9 20  0.02917436769252646  -3.1761318000000003  -2.9286294213832553 
9 21  -0.5840454362866829  -7.2098718  -0.33462639092864466 
9 22  -7.50683559193307  1.2083681999999998  -2.129676488003235 
9 23  -8.12005539591228  -2.825371799999999  0.46432654245137517 
9 24  -0.40825014552638095  -1.1943378000000004  -1.1953165964334844 
9 25  0.20496965845282844  -0.422665799999999  -3.7893196268880946 
9 26  -8.295850686672582  -5.5788378  1.325016747956215 
9 27  -7.682630882693371  -4.8071658  -1.2689862824983957 
9 28  -3.064602667980104  -5.8866297  -0.012970015152273362 
9 29  -2.4513828640008954  -4.4993739  -2.6069730456068836 
9 30  -5.639498164218857  -1.5021296999999993  0.14267016667500343 
9 31  -5.0262783602396475  -0.11487390000000008  -2.451332863779607 
9 32  -5.595199014179065  1.3486722000000002  0.11673013637045715 
9 33  -4.981979210199856  -2.9656757999999996  -2.4772728940841526 
9 34  -3.1089018180198966  -3.0358278  0.012970015152272918 
9 35  -2.4956820140406872  -7.3501758  -2.5810330153023378 
9 36  -5.526468657247572  -4.6405548  0.5525226454868317 
9 37  -4.913248853268363  -5.7454488  -2.0414803849677785 
9 38  -3.1776321749513903  -0.25605480000000025  -0.42282249396410165 
9 39  -2.564412370972181  -1.3609487999999992  -3.016825524418712 
10 16  0.8108640479344331  4.438867800000001  0.3034983545631895 
10 17  0.19764424395522368  5.9471358  2.8975013850178 
10 18  7.893236784264528  0.0543678000000003  -0.4331985060859199 
10 19  7.280016980285319  1.5626358000000002  2.1608045243686904 
10 20  8.120055395912278  2.8253717999999997  -0.4643265424513753 
10 21  7.506835591933069  -1.2083681999999998  2.129676488003235 
10 22  0.5840454362866825  7.2098718  0.3346263909286449 
10 23  -0.02917436769252696  3.1761318000000007  2.9286294213832553 
10 24  7.682630882693371  4.8071658  1.2689862824983955 
10 25  8.29585068667258  5.5788378000000005  -1.325016747956215 
10 26  -0.20496965845282894  0.4226658000000001  3.789319626888095 
10 27  0.40825014552638056  1.1943378  1.1953165964334842 
10 28  5.026278360239648  0.11487390000000008  2.451332863779607 
10 29  5.639498164218857  1.5021297000000002  -0.14267016667500365 
10 30  2.4513828640008954  4.4993739  2.6069730456068836 
10 31  3.064602667980105  5.8866297  0.01297001515227314 
10 32  2.4956820140406872  7.350175800000001  2.581033015302337 
10 33  3.1089018180198966  3.0358278000000003  -0.012970015152272918 
10 34  4.981979210199856  2.9656758  2.4772728940841526 
10 35  5.595199014179065  -1.3486721999999998  -0.1167301363704576 
10 36  2.56441237097218  1.3609488  3.016825524418712 
10 37  3.1776321749513894  0.25605480000000025  0.42282249396410143 
10 38  4.913248853268362  5.7454488  2.0414803849677785 
10 39  5.526468657247571  4.6405548  -0.5525226454868319 
11 16  1.4240838519136423  2.8218642  -2.2905046758914205 
11 17  0.8108640479344329  4.3301321999999995  0.30349835456318974 
11 18  8.506456588243736  -1.5626358  -3.02720153654053 
11 19  7.893236784264529  -0.05436780000000008  -0.43319850608591937 
11 20  8.733275199891487  1.2083681999999993  -3.0583295729059854 
11 21  8.120055395912278  -2.8253718  -0.4643265424513747 
11 22  1.1972652402658917  5.5928682  -2.259376639525965 
11 23  0.5840454362866823  1.5591282000000004  0.3346263909286451 
11 24  8.29585068667258  3.190162199999999  -1.3250167479562145 
11 25  8.90907049065179  3.9618342000000006  -3.9190197784108247 
11 26  0.4082501455263803  -1.1943378000000002  1.1953165964334849 
11 27  1.02146994950559  -0.4226658000000003  -1.3986864340211258 
11 28  5.639498164218858  -1.5021297000000002  -0.14267016667500343 
11 29  6.252717968198066  -0.11487390000000008  -2.7366731971296137 
11 30  3.064602667980105  2.8823703000000003  0.012970015152273362 
11 31  3.677822471959314  4.2696261  -2.581033015302337 
11 32  3.1089018180198966  5.7331722  -0.012970015152272918 
11 33  3.722121621999106  1.4188242  -2.6069730456068827 
11 34  5.595199014179065  1.3486721999999998  -0.11673013637045715 
11 35  6.2084188181582745  -2.9656758  -2.710733166825068 
11 36  3.1776321749513894  -0.25605480000000025  0.42282249396410165 
11 37  3.7908519789305988  -1.3609488  -2.1711805364905086 
11 38  5.526468657247571  4.1284452  -0.5525226454868317 
11 39  6.139688461226781  3.0235512000000004  -3.146525675941442 
12 16  -2.5070406504531695  4.4125608  -1.842779752834955 
12 17  -3.120260454432379  5.920828800000001  0.7512232776196552 
12 18  4.575332085876925  0.02806080000000022  -2.5794766134840645 
12 19  3.9621122818977166  1.5363288000000002  0.01452641697054613 
12 20  4.8021506975246755  2.7990647999999996  -2.61060464984952 
12 21  4.188930893545466  -1.2346751999999999  -0.01660161939490923 
12 22  -2.7338592621009203  7.183564799999999  -1.8116517164694996 
12 23  -3.3470790660801297  3.1498248000000006  0.7823513139851106 
12 24  4.364726184305768  4.780858799999999  -0.877291824899749 
12 25  4.9779459882849775  5.552530800000001  -3.471294855354359 
12 26  -3.5228743568404317  0.3963588  1.6430415194899504 
12 27  -2.9096545528612223  1.1680308  -0.9509615109646603 
12 28  1.7083736618520455  0.0885669  0.30505475638146207 
12 29  2.321593465831254  1.4758227000000002  -2.288948274073148 
12 30  -0.8665218343867074  4.473066900000001  0.46069493820873886 
12 31  -0.253302030407498  5.860322699999999  -2.1333080922458714 
12 32  -0.8222226843469156  7.3238688  0.4347549079041926 
12 33  -0.2090028803677062  3.0095208  -2.1592481225504176 
12 34  1.6640745118122529  2.9393688  0.33099478668600835 
12 35  2.2772943157914622  -1.3749791999999998  -2.263008243768602 
12 36  -0.7534923274154228  1.3346418  0.8705474170205671 
12 37  -0.14027252343621344  0.22974780000000017  -1.723455613434043 
12 38  1.5953441548807592  5.719141799999999  -0.10479772243036622 
12 39  2.2085639588599686  4.614247800000001  -2.6988007528849765 
13 16  -3.120260454432379  2.8481712  0.7512232776196552 
13 17  -3.7334802584115883  4.3564392000000005  3.3452263080742655 
13 18  3.962112281897716  -1.5363288  0.014526416970545797 
13 19  3.3488924779185076  -0.028060799999999997  2.6085294474251564 
13 20  4.188930893545467  1.2346751999999994  -0.01660161939490956 
13 21  3.5757110895662576  -2.7990648  2.577401411059701 
13 22  -3.3470790660801293  5.619175199999999  0.7823513139851106 
13 23  -3.9602988700593387  1.5854352000000005  3.376354344439721 
13 24  3.7515063803265596  3.2164691999999993  1.7167112055548612 
13 25  4.364726184305769  3.9881412000000007  -0.8772918248997492 
13 26  -4.13609416081964  -1.1680308000000001  4.23704454994456 
13 27  -3.5228743568404313  -0.39635880000000023  1.64304151948995 
13 28  1.0951538578728366  -1.4758227000000002  2.8990577868360723 
13 29  1.708373661852045  -0.0885669  0.30505475638146207 
13 30  -1.4797416383659163  2.9086773000000004  3.054697968663349 
13 31  -0.8665218343867069  4.295933099999999  0.46069493820873886 
13 32  -1.4354424883261245  5.7594791999999995  3.028757938358803 
13 33  -0.8222226843469151  1.4451312  0.4347549079041928 
13 34  1.050854707833044  1.3749791999999998  2.9249978171406186 
13 35  1.6640745118122533  -2.9393688  0.3309947866860081 
13 36  -1.3667121313946318  -0.22974780000000017  3.4645504474751774 
13 37  -0.7534923274154224  -1.3346418  0.8705474170205671 
13 38  0.9821243509015503  4.154752199999999  2.489205308024244 
13 39  1.5953441548807596  3.0498582000000005  -0.10479772243036622 
14 16  -3.3488924779185067  0.028060799999999553  -2.6085294474251555 
14 17  -3.962112281897716  1.5363287999999997  -0.014526416970545242 
14 18  3.7334802584115883  -4.3564392000000005  -3.345226308074265 
14 19  3.1202604544323798  -2.8481712000000003  -0.7512232776196544 
14 20  3.960298870059339  -1.585435200000001  -3.3763543444397204 
14 21  3.3470790660801297  -5.619175200000001  -0.7823513139851097 
14 22  -3.575711089566257  2.799064799999999  -2.5774014110597 
14 23  -4.188930893545466  -1.2346751999999999  0.016601619394910117 
14 24  3.5228743568404317  0.3963587999999989  -1.6430415194899495 
14 25  4.136094160819641  1.1680308000000004  -4.23704454994456 
14 26  -4.364726184305768  -3.9881412000000003  0.8772918248997499 
14 27  -3.751506380326559  -3.2164692000000006  -1.7167112055548608 
14 28  0.8665218343867087  -4.295933100000001  -0.4606949382087384 
14 29  1.4797416383659172  -2.9086773000000004  -3.0546979686633486 
14 30  -1.7083736618520442  0.0885669  -0.3050547563814616 
14 31  -1.0951538578728348  1.4758226999999993  -2.899057786836072 
14 32  -1.6640745118122524  2.9393687999999996  -0.3309947866860079 
14 33  -1.050854707833043  -1.3749792000000003  -2.9249978171406177 
14 34  0.822222684346916  -1.4451312000000005  -0.43475490790419213 
14 35  1.4354424883261254  -5.7594792  -3.028757938358803 
14 36  -1.5953441548807596  -3.0498582000000005  0.10479772243036667 
14 37  -0.9821243509015503  -4.154752200000001  -2.4892053080242436 
14 38  0.7534923274154224  1.334641799999999  -0.8705474170205667 
14 39  1.3667121313946318  0.22974780000000017  -3.464550447475177 
15 16  -3.962112281897717  -1.5363287999999997  -0.014526416970545464 
15 17  -4.575332085876926  -0.028060799999999553  2.579476613484065 
15 18  3.120260454432378  -5.9208288  -0.7512232776196549 
15 19  2.5070406504531695  -4.4125608  1.8427797528349557 
15 20  3.347079066080129  -3.1498248  -0.7823513139851103 
15 21  2.7338592621009195  -7.1835648  1.8116517164695003 
15 22  -4.188930893545468  1.2346751999999999  0.016601619394909894 
15 23  -4.802150697524677  -2.799064799999999  2.6106046498495203 
15 24  2.9096545528612214  -1.1680308000000004  0.9509615109646605 
15 25  3.522874356840431  -0.3963587999999989  -1.64304151948995 
15 26  -4.977945988284979  -5.5525307999999995  3.47129485535436 
15 27  -4.364726184305769  -4.7808588  0.8772918248997492 
15 28  0.25330203040749844  -5.860322699999999  2.133308092245872 
15 29  0.8665218343867069  -4.473066899999999  -0.46069493820873864 
15 30  -2.3215934658312545  -1.4758226999999993  2.2889482740731486 
15 31  -1.708373661852045  -0.0885669  -0.30505475638146184 
15 32  -2.2772943157914627  1.3749792000000003  2.263008243768602 
15 33  -1.6640745118122533  -2.9393687999999996  -0.3309947866860079 
15 34  0.20900288036770576  -3.0095207999999998  2.1592481225504176 
15 35  0.8222226843469151  -7.3238688  -0.4347549079041926 
15 36  -2.20856395885997  -4.614247799999999  2.698800752884977 
15 37  -1.5953441548807605  -5.719141799999999  0.10479772243036645 
15 38  0.1402725234362121  -0.22974780000000017  1.7234556134340433 
15 39  0.7534923274154215  -1.334641799999999  -0.8705474170205669 
16 0  4.972009069963949  2.8288794  3.3872491571676298 
16 1  5.585228873943158  -1.3206114000000007  0.7932461267130195 
16 2  0.8839240584077281  -1.5556206000000001  1.0640600430924811 
16 3  1.497143862386937  -5.7051114  -1.5299429873621293 
16 4  5.047970068192979  -2.7604812  3.3161734741331736 
16 5  5.661189872172188  -4.5002508  0.7221704436785634 
16 6  0.8079630601786982  1.6240188  1.1351357261269373 
16 7  1.4211828641579072  -0.11575079999999982  -1.458867304327673 
16 8  7.893236784264529  -0.05436779999999963  -0.43319850608592003 
16 9  7.280016980285319  1.5626357999999998  2.1608045243686904 
16 10  -0.8108640479344331  -4.438867800000001  -0.3034983545631895 
16 11  -1.4240838519136423  -2.8218642  2.2905046758914205 
16 12  2.5070406504531695  -4.4125608  1.842779752834955 
16 13  3.120260454432379  -2.8481712  -0.7512232776196552 
16 14  3.3488924779185067  -0.028060799999999553  2.6085294474251555 
16 15  3.962112281897717  1.5363287999999997  0.014526416970545464 
17 0  5.585228873943159  1.3206113999999998  0.7932461267130195 
17 1  6.198448677922367  -2.828879400000001  -1.8007569037415907 
17 2  1.4971438623869375  -3.0638886000000003  -1.529942987362129 
17 3  2.1103636663661467  -7.2133794  -4.123946017816739 
17 4  5.661189872172188  -4.2687492  0.7221704436785634 
17 5  6.274409676151397  -6.0085188  -1.8718325867760468 
17 6  1.4211828641579076  0.11575079999999982  -1.458867304327673 
17 7  2.0344026681371163  -1.6240188  -4.052870334782283 
17 8  8.506456588243738  -1.5626357999999998  -3.02720153654053 
17 9  7.893236784264529  0.05436779999999963  -0.4331985060859198 
17 10  -0.19764424395522368  -5.9471358  -2.8975013850178 
17 11  -0.8108640479344329  -4.3301321999999995  -0.30349835456318974 
17 12  3.120260454432379  -5.920828800000001  -0.7512232776196552 
17 13  3.7334802584115883  -4.3564392000000005  -3.3452263080742655 
17 14  3.962112281897716  -1.5363287999999997  0.014526416970545242 
17 15  4.575332085876926  0.028060799999999553  -2.579476613484065 
18 0  -2.110363666366146  7.2133794  4.123946017816739 
18 1  -1.4971438623869373  3.0638885999999994  1.529942987362129 
18 2  -6.198448677922366  2.8288794  1.8007569037415907 
18 3  -5.585228873943158  -1.3206114000000002  -0.7932461267130198 
18 4  -2.0344026681371163  1.6240187999999998  4.052870334782283 
18 5  -1.421182864157907  -0.11575080000000026  1.458867304327673 
18 6  -6.2744096761513966  6.0085188  1.8718325867760468 
18 7  -5.661189872172187  4.2687492  -0.7221704436785634 
18 8  0.8108640479344338  4.3301322  0.3034983545631894 
18 9  0.1976442439552244  5.9471358  2.8975013850178 
18 10  -7.893236784264528  -0.0543678000000003  0.4331985060859199 
18 11  -8.506456588243736  1.5626358  3.02720153654053 
18 12  -4.575332085876925  -0.02806080000000022  2.5794766134840645 
18 13  -3.962112281897716  1.5363288  -0.014526416970545797 
18 14  -3.7334802584115883  4.3564392000000005  3.345226308074265 
18 15  -3.120260454432378  5.9208288  0.7512232776196549 
19 0  -1.4971438623869373  5.7051114  1.5299429873621286 
19 1  -0.8839240584077288  1.5556205999999992  -1.0640600430924816 
19 2  -5.585228873943159  1.3206113999999998  -0.79324612671302 
19 3  -4.972009069963949  -2.8288794  -3.38724915716763 
19 4  -1.4211828641579078  0.11575079999999982  1.4588673043276725 
19 5  -0.8079630601786985  -1.6240188000000002  -1.1351357261269377 
19 6  -5.661189872172188  4.5002508  -0.7221704436785639 
19 7  -5.0479700681929796  2.7604812  -3.316173474133174 
19 8  1.4240838519136423  2.8218642000000003  -2.2905046758914214 
19 9  0.8108640479344329  4.4388678  0.3034983545631893 
19 10  -7.280016980285319  -1.5626358000000002  -2.1608045243686904 
19 11  -7.893236784264529  0.05436780000000008  0.43319850608591937 
19 12  -3.9621122818977166  -1.5363288000000002  -0.01452641697054613 
19 13  -3.3488924779185076  0.028060799999999997  -2.6085294474251564 
19 14  -3.1202604544323798  2.8481712000000003  0.7512232776196544 
19 15  -2.5070406504531695  4.4125608  -1.8427797528349557 
20 0  -2.3371822780138967  4.4423754  4.155074054182195 
20 1  -1.7239624740346882  0.29288459999999983  1.5610710237275844 
20 2  -6.425267289570117  0.057875400000000354  1.831884940107046 
20 3  -5.812047485590909  -4.091615399999999  -0.7621180903475644 
20 4  -2.261221279784867  -1.1469851999999996  4.083998371147739 
20 5  -1.6480014758056578  -2.8867547999999994  1.4899953406931283 
20 6  -6.501228287799147  3.2375148000000005  1.9029606231415022 
20 7  -5.888008483819938  1.4977452000000007  -0.6910424073131081 
20 8  0.5840454362866829  1.5591282000000009  0.33462639092864477 
20 9  -0.02917436769252646  3.1761318000000003  2.9286294213832553 
20 10  -8.120055395912278  -2.8253717999999997  0.4643265424513753 
20 11  -8.733275199891487  -1.2083681999999993  3.0583295729059854 
20 12  -4.8021506975246755  -2.7990647999999996  2.61060464984952 
20 13  -4.188930893545467  -1.2346751999999994  0.01660161939490956 
20 14  -3.960298870059339  1.585435200000001  3.3763543444397204 
20 15  -3.347079066080129  3.1498248  0.7823513139851103 
21 0  -1.7239624740346873  8.4761154  1.561071023727584 
21 1  -1.1107426700554788  4.3266246  -1.0329320067270262 
21 2  -5.812047485590908  4.0916154  -0.7621180903475646 
21 3  -5.198827681611699  -0.05787540000000001  -3.356121120802175 
21 4  -1.6480014758056578  2.8867548  1.489995340693128 
21 5  -1.0347816718264484  1.1469851999999998  -1.1040076897614823 
21 6  -5.888008483819938  7.2712548  -0.6910424073131085 
21 7  -5.274788679840729  5.5314852000000005  -3.2850454377677187 
21 8  1.1972652402658923  5.592868200000001  -2.259376639525966 
21 9  0.5840454362866829  7.2098718  0.33462639092864466 
21 10  -7.506835591933069  1.2083681999999998  -2.129676488003235 
21 11  -8.120055395912278  2.8253718  0.4643265424513747 
21 12  -4.188930893545466  1.2346751999999999  0.01660161939490923 
21 13  -3.5757110895662576  2.7990648  -2.577401411059701 
21 14  -3.3470790660801297  5.619175200000001  0.7823513139851097 
21 15  -2.7338592621009195  7.1835648  -1.8116517164695003 
22 0  5.1988276816117  0.057875400000000354  3.3561211208021744 
22 1  5.812047485590908  -4.0916154  0.7621180903475642 
22 2  1.1107426700554788  -4.3266246  1.0329320067270258 
22 3  1.7239624740346877  -8.4761154  -1.5610710237275847 
22 4  5.274788679840729  -5.5314852  3.2850454377677183 
22 5  5.888008483819938  -7.2712547999999995  0.6910424073131081 
22 6  1.0347816718264489  -1.1469851999999996  1.104007689761482 
22 7  1.6480014758056578  -2.8867547999999994  -1.4899953406931283 
22 8  8.12005539591228  -2.825371799999999  -0.4643265424513754 
22 9  7.50683559193307  -1.2083681999999998  2.129676488003235 
22 10  -0.5840454362866825  -7.2098718  -0.3346263909286449 
22 11  -1.1972652402658917  -5.5928682  2.259376639525965 
22 12  2.7338592621009203  -7.183564799999999  1.8116517164694996 
22 13  3.3470790660801293  -5.619175199999999  -0.7823513139851106 
22 14  3.575711089566257  -2.799064799999999  2.5774014110597 
22 15  4.188930893545468  -1.2346751999999999  -0.016601619394909894 
23 0  5.8120474855909094  4.091615399999999  0.7621180903475642 
23 1  6.425267289570117  -0.05787540000000124  -1.831884940107046 
23 2  1.7239624740346882  -0.2928846000000007  -1.5610710237275844 
23 3  2.337182278013897  -4.4423754  -4.155074054182195 
23 4  5.888008483819938  -1.4977452000000007  0.6910424073131081 
23 5  6.501228287799147  -3.2375148000000005  -1.9029606231415022 
23 6  1.6480014758056583  2.8867547999999994  -1.4899953406931283 
23 7  2.261221279784867  1.1469851999999996  -4.083998371147739 
23 8  8.733275199891489  1.2083681999999998  -3.0583295729059854 
23 9  8.12005539591228  2.825371799999999  -0.46432654245137517 
23 10  0.02917436769252696  -3.1761318000000007  -2.9286294213832553 
23 11  -0.5840454362866823  -1.5591282000000004  -0.3346263909286451 
23 12  3.3470790660801297  -3.1498248000000006  -0.7823513139851106 
23 13  3.9602988700593387  -1.5854352000000005  -3.376354344439721 
23 14  4.188930893545466  1.2346751999999999  -0.016601619394910117 
23 15  4.802150697524677  2.799064799999999  -2.6106046498495203 
24 0  -1.8997577647949893  2.4605814000000006  2.4217612292324238 
24 1  -1.2865379608157808  -1.6889094  -0.17224180122218646 
24 2  -5.98784277635121  -1.9239185999999995  0.09857211515727515 
24 3  -5.374622972372001  -6.073409399999999  -2.495430915297335 
24 4  -1.8237967665659598  -3.1287791999999994  2.3506855461979677 
24 5  -1.2105769625867504  -4.868548799999999  -0.24331748425664257 
24 6  -6.06380377458024  1.2557208000000006  0.16964779819173126 
24 7  -5.450583970601031  -0.48404879999999917  -2.424355232262879 
24 8  1.0214699495055903  -0.422665799999999  -1.398686434021126 
24 9  0.40825014552638095  1.1943378000000004  1.1953165964334844 
24 10  -7.682630882693371  -4.8071658  -1.2689862824983955 
24 11  -8.29585068667258  -3.190162199999999  1.3250167479562145 
24 12  -4.364726184305768  -4.780858799999999  0.877291824899749 
24 13  -3.7515063803265596  -3.2164691999999993  -1.7167112055548612 
24 14  -3.5228743568404317  -0.3963587999999989  1.6430415194899495 
24 15  -2.9096545528612214  1.1680308000000004  -0.9509615109646605 
25 0  -2.5129775687741986  1.6889093999999991  5.015764259687034 
25 1  -1.8997577647949901  -2.4605814000000015  2.4217612292324238 
25 2  -6.601062580330419  -2.695590600000001  2.6925751456118854 
25 3  -5.9878427763512105  -6.845081400000001  0.09857211515727521 
25 4  -2.437016570545169  -3.900451200000001  4.944688576652578 
25 5  -1.8237967665659598  -5.640220800000001  2.3506855461979677 
25 6  -6.677023578559449  0.48404879999999917  2.7636508286463415 
25 7  -6.06380377458024  -1.2557208000000006  0.16964779819173154 
25 8  0.40825014552638095  -1.1943378000000004  1.1953165964334844 
25 9  -0.20496965845282844  0.422665799999999  3.7893196268880946 
25 10  -8.29585068667258  -5.5788378000000005  1.325016747956215 
25 11  -8.90907049065179  -3.9618342000000006  3.9190197784108247 
25 12  -4.9779459882849775  -5.552530800000001  3.471294855354359 
25 13  -4.364726184305769  -3.9881412000000007  0.8772918248997492 
25 14  -4.136094160819641  -1.1680308000000004  4.23704454994456 
25 15  -3.522874356840431  0.3963587999999989  1.64304151948995 
26 0  5.987842776351211  6.8450814  -0.0985721151572756 
26 1  6.601062580330419  2.695590599999999  -2.692575145611886 
26 2  1.8997577647949901  2.4605813999999997  -2.421761229232424 
26 3  2.512977568774199  -1.6889094  -5.015764259687034 
26 4  6.06380377458024  1.2557208  -0.1696477981917317 
26 5  6.677023578559449  -0.48404880000000006  -2.763650828646342 
26 6  1.8237967665659602  5.6402208  -2.350685546197968 
26 7  2.437016570545169  3.9004512  -4.944688576652578 
26 8  8.909070490651791  3.9618342  -3.919019778410825 
26 9  8.295850686672582  5.5788378  -1.325016747956215 
26 10  0.20496965845282894  -0.4226658000000001  -3.789319626888095 
26 11  -0.4082501455263803  1.1943378000000002  -1.1953165964334849 
26 12  3.5228743568404317  -0.3963588  -1.6430415194899504 
26 13  4.13609416081964  1.1680308000000001  -4.23704454994456 
26 14  4.364726184305768  3.9881412000000003  -0.8772918248997499 
26 15  4.977945988284979  5.5525307999999995  -3.47129485535436 
27 0  5.374622972372001  6.0734094  2.495430915297335 
27 1  5.98784277635121  1.9239185999999995  -0.09857211515727515 
27 2  1.2865379608157808  1.6889094  0.17224180122218646 
27 3  1.8997577647949897  -2.4605813999999997  -2.4217612292324238 
27 4  5.450583970601031  0.48404880000000006  2.424355232262879 
27 5  6.06380377458024  -1.2557208  -0.16964779819173126 
27 6  1.2105769625867508  4.8685488  0.24331748425664257 
27 7  1.8237967665659598  3.1287792000000003  -2.3506855461979677 
27 8  8.295850686672582  3.1901622000000005  -1.3250167479562147 
27 9  7.682630882693371  4.8071658  1.2689862824983957 
27 10  -0.40825014552638056  -1.1943378  -1.1953165964334842 
27 11  -1.02146994950559  0.4226658000000003  1.3986864340211258 
27 12  2.9096545528612223  -1.1680308  0.9509615109646603 
27 13  3.5228743568404313  0.39635880000000023  -1.64304151948995 
27 14  3.751506380326559  3.2164692000000006  1.7167112055548608 
27 15  4.364726184305769  4.7808588  -0.8772918248997492 
28 0  0.7565947576587337  7.1528732999999995  1.2394146479512127 
28 1  1.3698145616379422  3.0033824999999994  -1.3545883825033975 
28 2  -3.331490253897487  2.7683733  -1.083774466123936 
28 3  -2.718270449918278  -1.3811175  -3.677777496578546 
28 4  0.8325557558877632  1.5635127  1.1683389649167566 
28 5  1.4457755598669726  -0.17625690000000005  -1.4256640655378536 
28 6  -3.407451252126517  5.9480127  -1.0126987830894798 
28 7  -2.794231448147308  4.208243100000001  -3.60670181354409 
28 8  3.6778224719593133  4.2696261  -2.581033015302337 
28 9  3.064602667980104  5.8866297  0.012970015152273362 
28 10  -5.026278360239648  -0.11487390000000008  -2.451332863779607 
28 11  -5.639498164218858  1.5021297000000002  0.14267016667500343 
28 12  -1.7083736618520455  -0.0885669  -0.30505475638146207 
28 13  -1.0951538578728366  1.4758227000000002  -2.8990577868360723 
28 14  -0.8665218343867087  4.295933100000001  0.4606949382087384 
28 15  -0.25330203040749844  5.860322699999999  -2.133308092245872 
29 0  0.14337495367952524  5.765617499999999  3.833417678405823 
29 1  0.7565947576587337  1.6161266999999992  1.2394146479512127 
29 2  -3.9447100578766956  1.3811174999999998  1.5102285643306743 
29 3  -3.3314902538974867  -2.7683733  -1.0837744661239361 
29 4  0.2193359519085547  0.17625689999999983  3.762341995371367 
29 5  0.8325557558877641  -1.5635127000000002  1.1683389649167566 
29 6  -4.0206710561057255  4.5607568999999994  1.5813042473651304 
29 7  -3.4074512521265166  2.8209873  -1.0126987830894798 
29 8  3.064602667980105  2.8823703000000003  0.01297001515227314 
29 9  2.4513828640008954  4.4993739  2.6069730456068836 
29 10  -5.639498164218857  -1.5021297000000002  0.14267016667500365 
29 11  -6.252717968198066  0.11487390000000008  2.7366731971296137 
29 12  -2.321593465831254  -1.4758227000000002  2.288948274073148 
29 13  -1.708373661852045  0.0885669  -0.30505475638146207 
29 14  -1.4797416383659172  2.9086773000000004  3.0546979686633486 
29 15  -0.8665218343867069  4.473066899999999  0.46069493820873864 
30 0  3.3314902538974867  2.7683732999999995  1.083774466123936 
30 1  3.944710057876695  -1.381117500000001  -1.5102285643306743 
30 2  -0.7565947576587342  -1.6161267000000006  -1.2394146479512127 
30 3  -0.14337495367952524  -5.7656175  -3.833417678405823 
30 4  3.407451252126516  -2.8209873000000005  1.0126987830894798 
30 5  4.0206710561057255  -4.5607569  -1.5813042473651304 
30 6  -0.8325557558877641  1.5635126999999995  -1.1683389649167566 
30 7  -0.21933595190855515  -0.17625690000000027  -3.762341995371367 
30 8  6.252717968198066  -0.11487390000000008  -2.7366731971296137 
30 9  5.639498164218857  1.5021296999999993  -0.14267016667500343 
30 10  -2.4513828640008954  -4.4993739  -2.6069730456068836 
30 11  -3.064602667980105  -2.8823703000000003  -0.012970015152273362 
30 12  0.8665218343867074  -4.473066900000001  -0.46069493820873886 
30 13  1.4797416383659163  -2.9086773000000004  -3.054697968663349 
30 14  1.7083736618520442  -0.0885669  0.3050547563814616 
30 15  2.3215934658312545  1.4758226999999993  -2.2889482740731486 
31 0  2.7182704499182773  1.3811175000000002  3.677777496578546 
31 1  3.3314902538974858  -2.7683733000000004  1.083774466123936 
31 2  -1.3698145616379436  -3.0033825  1.3545883825033975 
31 3  -0.7565947576587346  -7.1528732999999995  -1.239414647951213 
31 4  2.7942314481473067  -4.2082431  3.60670181354409 
31 5  3.407451252126516  -5.9480127  1.0126987830894798 
31 6  -1.4457755598669735  0.17625690000000027  1.4256640655378536 
31 7  -0.8325557558877645  -1.5635126999999995  -1.1683389649167566 
31 8  5.639498164218857  -1.5021296999999993  -0.14267016667500365 
31 9  5.0262783602396475  0.11487390000000008  2.451332863779607 
31 10  -3.064602667980105  -5.8866297  -0.01297001515227314 
31 11  -3.677822471959314  -4.2696261  2.581033015302337 
31 12  0.253302030407498  -5.860322699999999  2.1333080922458714 
31 13  0.8665218343867069  -4.295933099999999  -0.46069493820873886 
31 14  1.0951538578728348  -1.4758226999999993  2.899057786836072 
31 15  1.708373661852045  0.0885669  0.30505475638146184 
32 0  3.287191103857695  -0.08242860000000007  1.1097144964284822 
32 1  3.9004109078369034  -4.231919400000001  -1.484288534026128 
32 2  -0.800893907698526  -4.4669286  -1.2134746176466664 
32 3  -0.18767410371931703  -8.6164194  -3.8074776481012766 
32 4  3.3631521020867243  -5.6717892  1.038638813394026 
32 5  3.9763719060659337  -7.4115588  -1.5553642170605841 
32 6  -0.8768549059275559  -1.2872892  -1.1423989346122103 
32 7  -0.26363510194834694  -3.0270588  -3.7364019650668205 
32 8  6.2084188181582745  -2.9656757999999996  -2.710733166825068 
32 9  5.595199014179065  -1.3486722000000002  -0.11673013637045715 
32 10  -2.4956820140406872  -7.350175800000001  -2.581033015302337 
32 11  -3.1089018180198966  -5.7331722  0.012970015152272918 
32 12  0.8222226843469156  -7.3238688  -0.4347549079041926 
32 13  1.4354424883261245  -5.7594791999999995  -3.028757938358803 
32 14  1.6640745118122524  -2.9393687999999996  0.3309947866860079 
32 15  2.2772943157914627  -1.3749792000000003  -2.263008243768602 
33 0  2.6739712998784855  4.2319194  3.703717526883092 
33 1  3.287191103857694  0.08242859999999919  1.109714496428482 
33 2  -1.4141137116777354  -0.1525806000000003  1.3805284128079436 
33 3  -0.8008939076985264  -4.3020714  -1.2134746176466669 
33 4  2.749932298107515  -1.3574412000000002  3.632641843848636 
33 5  3.3631521020867243  -3.0972108  1.0386388133940259 
33 6  -1.4900747099067653  3.0270588  1.4516040958423997 
33 7  -0.8768549059275563  1.2872892  -1.1423989346122105 
33 8  5.595199014179065  1.3486722000000002  -0.1167301363704576 
33 9  4.981979210199856  2.9656757999999996  2.4772728940841526 
33 10  -3.1089018180198966  -3.0358278000000003  0.012970015152272918 
33 11  -3.722121621999106  -1.4188242  2.6069730456068827 
33 12  0.2090028803677062  -3.0095208  2.1592481225504176 
33 13  0.8222226843469151  -1.4451312  -0.4347549079041928 
33 14  1.050854707833043  1.3749792000000003  2.9249978171406177 
33 15  1.6640745118122533  2.9393687999999996  0.3309947866860079 
34 0  0.8008939076985264  4.3020714  1.2134746176466664 
34 1  1.414113711677735  0.1525805999999994  -1.3805284128079438 
34 2  -3.2871911038576944  -0.08242860000000007  -1.1097144964284822 
34 3  -2.6739712998784855  -4.2319194  -3.7037175268830924 
34 4  0.8768549059275559  -1.2872892  1.1423989346122103 
34 5  1.4900747099067653  -3.0270588  -1.4516040958424 
34 6  -3.3631521020867243  3.0972108  -1.038638813394026 
34 7  -2.7499322981075154  1.3574412000000002  -3.6326418438486363 
34 8  3.722121621999106  1.4188242000000004  -2.6069730456068836 
34 9  3.1089018180198966  3.0358278  -0.012970015152272918 
34 10  -4.981979210199856  -2.9656758  -2.4772728940841526 
34 11  -5.595199014179065  -1.3486721999999998  0.11673013637045715 
34 12  -1.6640745118122529  -2.9393688  -0.33099478668600835 
34 13  -1.050854707833044  -1.3749791999999998  -2.9249978171406186 
34 14  -0.822222684346916  1.4451312000000005  0.43475490790419213 
34 15  -0.20900288036770576  3.0095207999999998  -2.1592481225504176 
35 0  0.18767410371931703  8.6164194  3.807477648101277 
35 1  0.8008939076985255  4.466928599999999  1.2134746176466666 
35 2  -3.900410907836904  4.2319194  1.4842885340261283 
35 3  -3.287191103857695  0.08242859999999999  -1.1097144964284822 
35 4  0.2636351019483465  3.0270588  3.736401965066821 
35 5  0.8768549059275559  1.2872891999999998  1.1423989346122105 
35 6  -3.9763719060659337  7.4115588  1.5553642170605844 
35 7  -3.3631521020867248  5.6717892  -1.0386388133940259 
35 8  3.1089018180198966  5.7331722  -0.012970015152272918 
35 9  2.4956820140406872  7.3501758  2.5810330153023378 
35 10  -5.595199014179065  1.3486721999999998  0.1167301363704576 
35 11  -6.2084188181582745  2.9656758  2.710733166825068 
35 12  -2.2772943157914622  1.3749791999999998  2.263008243768602 
35 13  -1.6640745118122533  2.9393688  -0.3309947866860081 
35 14  -1.4354424883261254  5.7594792  3.028757938358803 
35 15  -0.8222226843469151  7.3238688  0.4347549079041926 
36 0  3.218460746926202  5.9067984  0.6739219873121076 
36 1  3.8316805509054106  1.7573075999999994  -1.9200810431425026 
36 2  -0.8696242646300187  1.5222984  -1.649267126763041 
36 3  -0.2564044606508098  -2.6271923999999998  -4.243270157217651 
36 4  3.2944217451552316  0.3174378  0.6028463042776515 
36 5  3.907641549134441  -1.4223318  -1.9911567261769587 
36 6  -0.9455852628590486  4.7019378  -1.5781914437285849 
36 7  -0.3323654588798397  2.9621682000000003  -4.172194474183195 
36 8  6.139688461226782  3.0235512000000004  -3.146525675941442 
36 9  5.526468657247572  4.6405548  -0.5525226454868317 
36 10  -2.56441237097218  -1.3609488  -3.016825524418712 
36 11  -3.1776321749513894  0.25605480000000025  -0.42282249396410165 
36 12  0.7534923274154228  -1.3346418  -0.8705474170205671 
36 13  1.3667121313946318  0.22974780000000017  -3.4645504474751774 
36 14  1.5953441548807596  3.0498582000000005  -0.10479772243036667 
36 15  2.20856395885997  4.614247799999999  -2.698800752884977 
37 0  2.6052409429469927  7.011692399999999  3.267925017766718 
37 1  3.218460746926201  2.8622015999999992  0.6739219873121076 
37 2  -1.4828440686092281  2.6271923999999998  0.9447359036915692 
37 3  -0.8696242646300192  -1.5222984000000002  -1.6492671267630412 
37 4  2.681201941176022  1.4223317999999998  3.1968493347322617 
37 5  3.2944217451552316  -0.3174378000000002  0.6028463042776515 
37 6  -1.558805066838258  5.806831799999999  1.0158115867260253 
37 7  -0.9455852628590491  4.0670622000000005  -1.5781914437285849 
37 8  5.526468657247572  4.1284452  -0.5525226454868319 
37 9  4.913248853268363  5.7454488  2.0414803849677785 
37 10  -3.1776321749513894  -0.25605480000000025  -0.42282249396410143 
37 11  -3.7908519789305988  1.3609488  2.1711805364905086 
37 12  0.14027252343621344  -0.22974780000000017  1.723455613434043 
37 13  0.7534923274154224  1.3346418  -0.8705474170205671 
37 14  0.9821243509015503  4.154752200000001  2.4892053080242436 
37 15  1.5953441548807605  5.719141799999999  -0.10479772243036645 
38 0  0.8696242646300201  1.5222984000000004  1.649267126763041 
38 1  1.4828440686092286  -2.6271924  -0.9447359036915692 
38 2  -3.2184607469262008  -2.8622015999999997  -0.6739219873121076 
38 3  -2.605240942946992  -7.011692399999999  -3.267925017766718 
38 4  0.9455852628590495  -4.0670622  1.5781914437285849 
38 5  1.558805066838259  -5.806831799999999  -1.0158115867260253 
38 6  -3.2944217451552307  0.31743780000000044  -0.6028463042776515 
38 7  -2.6812019411760217  -1.4223317999999994  -3.1968493347322617 
38 8  3.7908519789305997  -1.3609487999999992  -2.1711805364905086 
38 9  3.1776321749513903  0.25605480000000025  0.42282249396410165 
38 10  -4.913248853268362  -5.7454488  -2.0414803849677785 
38 11  -5.526468657247571  -4.1284452  0.5525226454868317 
38 12  -1.5953441548807592  -5.719141799999999  0.10479772243036622 
38 13  -0.9821243509015503  -4.154752199999999  -2.489205308024244 
38 14  -0.7534923274154224  -1.334641799999999  0.8705474170205667 
38 15  -0.1402725234362121  0.22974780000000017  -1.7234556134340433 
39 0  0.2564044606508107  2.6271923999999993  4.243270157217651 
39 1  0.8696242646300192  -1.5222984000000013  1.649267126763041 
39 2  -3.83168055090541  -1.7573076000000007  1.9200810431425026 
39 3  -3.218460746926201  -5.9067984000000004  -0.6739219873121077 
39 4  0.33236545887984015  -2.9621682000000007  4.172194474183195 
39 5  0.9455852628590495  -4.7019378000000005  1.5781914437285849 
39 6  -3.90764154913444  1.4223317999999994  1.9911567261769587 
39 7  -3.294421745155231  -0.31743780000000044  -0.6028463042776514 
39 8  3.1776321749513903  -0.25605480000000025  0.42282249396410143 
39 9  2.564412370972181  1.3609487999999992  3.016825524418712 
39 10  -5.526468657247571  -4.6405548  0.5525226454868319 
39 11  -6.139688461226781  -3.0235512000000004  3.146525675941442 
39 12  -2.2085639588599686  -4.614247800000001  2.6988007528849765 
39 13  -1.5953441548807596  -3.0498582000000005  0.10479772243036622 
39 14  -1.3667121313946318  -0.22974780000000017  3.464550447475177 
39 15  -0.7534923274154215  1.334641799999999  0.8705474170205669 