 9.448  0  0  5.308843874303777e-16  8.67  0  -0.9899160735169142  0.0  5.0040250965990225 
5
0 16  5.898176644895546  2.6651580000000004  -0.6054870366884817 
0 17  6.393134681654003  1.2172679999999998  -3.107499584987993 
0 18  3.5498233551044542  2.6651580000000004  0.6054870366884817 
0 19  4.0447813918629105  1.2172679999999998  -1.8965255116110296 
0 20  8.16116657473687  4.132989  0.6305071621714768 
0 21  8.656124611495327  -0.2505630000000001  -1.8715053861280344 
0 22  1.2868334252631315  4.132989  -0.6305071621714768 
0 23  1.7817914620215884  -0.2505630000000001  -3.132519710470988 
0 24  8.465314852481132  2.529905999999999  -1.6663403571674746 
0 25  7.970356815722675  1.3525199999999997  0.8356721911320371 
0 26  1.9726012210357817  2.529905999999999  -3.337684739431548 
0 27  1.4776431842773246  1.3525199999999997  -0.8356721911320371 
0 28  1.1741766448955466  -1.669842  -0.6054870366884817 
0 29  1.6691346816540042  5.552268  -3.107499584987993 
0 30  8.273823355104453  -1.669842  0.6054870366884817 
0 31  8.768781391862909  5.552268  -1.8965255116110296 
0 32  3.4371665747368683  -0.20201099999999972  0.6305071621714768 
0 33  3.9321246114953263  4.084436999999999  -1.8715053861280344 
0 34  6.010833425263131  -0.20201099999999972  -0.6305071621714768 
0 35  6.505791462021588  4.084436999999999  -3.132519710470988 
0 36  3.741314852481132  -1.805094  -1.6663403571674746 
0 37  3.2463568157226756  5.687520000000001  0.8356721911320371 
0 38  6.696601221035782  -1.805094  -3.337684739431548 
0 39  6.201643184277326  5.687520000000001  -0.8356721911320371 
1 16  5.403218608137089  -1.2172679999999998  1.8965255116110296 
1 17  5.898176644895546  -2.6651580000000004  -0.6054870366884817 
1 18  3.054865318345997  -1.2172679999999998  3.107499584987993 
1 19  3.5498233551044533  -2.6651580000000004  0.6054870366884817 
1 20  7.666208537978412  0.25056299999999965  3.132519710470988 
1 21  8.16116657473687  -4.132989  0.6305071621714768 
1 22  0.7918753885046741  0.25056299999999965  1.8715053861280344 
1 23  1.286833425263131  -4.132989  -0.6305071621714768 
1 24  7.970356815722675  -1.352520000000001  0.8356721911320366 
1 25  7.475398778964218  -2.5299060000000004  3.3376847394315483 
1 26  1.4776431842773243  -1.352520000000001  -0.8356721911320367 
1 27  0.9826851475188673  -2.5299060000000004  1.6663403571674742 
1 28  0.6792186081370892  -5.552268  1.8965255116110296 
1 29  1.1741766448955469  1.6698419999999992  -0.6054870366884817 
1 30  7.7788653183459955  -5.552268  3.107499584987993 
1 31  8.273823355104453  1.6698419999999992  0.6054870366884817 
1 32  2.942208537978411  -4.084436999999999  3.132519710470988 
1 33  3.4371665747368687  0.20201099999999972  0.6305071621714768 
1 34  5.515875388504674  -4.084436999999999  1.8715053861280344 
1 35  6.010833425263131  0.20201099999999972  -0.6305071621714768 
1 36  3.2463568157226748  -5.68752  0.8356721911320366 
1 37  2.751398778964218  1.8050940000000004  3.3376847394315483 
1 38  6.201643184277325  -5.68752  -0.8356721911320367 
1 39  5.7066851475188685  1.8050940000000004  1.6663403571674742 
2 16  1.1741766448955464  -1.6698419999999992  -0.6054870366884817 
2 17  1.6691346816540036  -3.1177319999999997  -3.107499584987993 
2 18  -1.1741766448955455  -1.6698419999999992  0.6054870366884817 
2 19  -0.6792186081370892  -3.1177319999999997  -1.8965255116110296 
2 20  3.4371665747368696  -0.20201099999999972  0.6305071621714768 
2 21  3.9321246114953268  -4.585563  -1.8715053861280344 
2 22  -3.4371665747368683  -0.20201099999999972  -0.6305071621714768 
2 23  -2.9422085379784115  -4.585563  -3.132519710470988 
2 24  3.7413148524811324  -1.8050940000000004  -1.6663403571674746 
2 25  3.246356815722675  -2.98248  0.8356721911320371 
2 26  -2.7513987789642185  -1.8050940000000004  -3.337684739431548 
2 27  -3.246356815722675  -2.98248  -0.8356721911320371 
2 28  -3.5498233551044533  -6.004842  -0.6054870366884817 
2 29  -3.0548653183459957  1.2172679999999998  -3.107499584987993 
2 30  3.549823355104453  -6.004842  0.6054870366884817 
2 31  4.044781391862909  1.2172679999999998  -1.8965255116110296 
2 32  -1.2868334252631315  -4.537011  0.6305071621714768 
2 33  -0.7918753885046739  -0.25056299999999965  -1.8715053861280344 
2 34  1.2868334252631315  -4.537011  -0.6305071621714768 
2 35  1.7817914620215887  -0.25056299999999965  -3.132519710470988 
2 36  -0.9826851475188678  -6.1400939999999995  -1.6663403571674746 
2 37  -1.4776431842773246  1.352520000000001  0.8356721911320371 
2 38  1.9726012210357822  -6.1400939999999995  -3.337684739431548 
2 39  1.4776431842773259  1.352520000000001  -0.8356721911320371 
3 16  0.6792186081370888  3.1177320000000006  1.8965255116110296 
3 17  1.174176644895546  1.669842  -0.6054870366884817 
3 18  -1.6691346816540031  3.1177320000000006  3.107499584987993 
3 19  -1.1741766448955469  1.669842  0.6054870366884817 
3 20  2.942208537978412  4.5855630000000005  3.132519710470988 
3 21  3.437166574736869  0.20201100000000016  0.6305071621714768 
3 22  -3.9321246114953263  4.5855630000000005  1.8715053861280344 
3 23  -3.437166574736869  0.20201100000000016  -0.6305071621714768 
3 24  3.2463568157226748  2.9824799999999994  0.8356721911320366 
3 25  2.7513987789642176  1.805094  3.3376847394315483 
3 26  -3.2463568157226756  2.9824799999999994  -0.8356721911320367 
3 27  -3.741314852481133  1.805094  1.6663403571674742 
3 28  -4.0447813918629105  -1.2172679999999998  1.8965255116110296 
3 29  -3.5498233551044533  6.004842  -0.6054870366884817 
3 30  3.0548653183459953  -1.2172679999999998  3.107499584987993 
3 31  3.5498233551044516  6.004842  0.6054870366884817 
3 32  -1.7817914620215891  0.25056300000000054  3.132519710470988 
3 33  -1.2868334252631315  4.537011  0.6305071621714768 
3 34  0.7918753885046739  0.25056300000000054  1.8715053861280344 
3 35  1.286833425263131  4.537011  -0.6305071621714768 
3 36  -1.4776431842773254  -1.3525199999999997  0.8356721911320366 
3 37  -1.9726012210357822  6.140094000000001  3.3376847394315483 
3 38  1.4776431842773246  -1.3525199999999997  -0.8356721911320367 
3 39  0.9826851475188683  6.140094000000001  1.6663403571674742 
4 16  5.898176644895546  -2.7518579999999995  -0.6054870366884817 
4 17  6.393134681654003  -4.199748  -3.107499584987993 
4 18  3.5498233551044542  -2.7518579999999995  0.6054870366884817 
4 19  4.0447813918629105  -4.199748  -1.8965255116110296 
4 20  8.16116657473687  -1.284027  0.6305071621714768 
4 21  8.656124611495326  -5.667579  -1.8715053861280344 
4 22  1.286833425263131  -1.284027  -0.6305071621714768 
4 23  1.7817914620215882  -5.667579  -3.132519710470988 
4 24  8.465314852481132  -2.8871100000000007  -1.6663403571674746 
4 25  7.970356815722675  -4.064496  0.8356721911320371 
4 26  1.9726012210357813  -2.8871100000000007  -3.337684739431548 
4 27  1.4776431842773243  -4.064496  -0.8356721911320371 
4 28  1.1741766448955464  -7.086857999999999  -0.6054870366884817 
4 29  1.669134681654004  0.13525199999999948  -3.107499584987993 
4 30  8.273823355104453  -7.086857999999999  0.6054870366884817 
4 31  8.768781391862909  0.13525199999999948  -1.8965255116110296 
4 32  3.4371665747368683  -5.619026999999999  0.6305071621714768 
4 33  3.932124611495326  -1.332579  -1.8715053861280344 
4 34  6.010833425263131  -5.619026999999999  -0.6305071621714768 
4 35  6.505791462021588  -1.332579  -3.132519710470988 
4 36  3.741314852481132  -7.22211  -1.6663403571674746 
4 37  3.246356815722675  0.27050400000000074  0.8356721911320371 
4 38  6.696601221035782  -7.22211  -3.337684739431548 
4 39  6.201643184277326  0.27050400000000074  -0.8356721911320371 
5 16  5.403218608137089  4.1997480000000005  1.8965255116110296 
5 17  5.898176644895546  2.751858  -0.6054870366884817 
5 18  3.0548653183459975  4.1997480000000005  3.107499584987993 
5 19  3.549823355104454  2.751858  0.6054870366884817 
5 20  7.666208537978412  5.667579  3.132519710470988 
5 21  8.16116657473687  1.284027  0.6305071621714768 
5 22  0.7918753885046744  5.667579  1.8715053861280344 
5 23  1.2868334252631315  1.284027  -0.6305071621714768 
5 24  7.970356815722675  4.064495999999999  0.8356721911320366 
5 25  7.475398778964218  2.88711  3.3376847394315483 
5 26  1.4776431842773248  4.064495999999999  -0.8356721911320367 
5 27  0.9826851475188676  2.88711  1.6663403571674742 
5 28  0.6792186081370896  -0.13525199999999993  1.8965255116110296 
5 29  1.1741766448955473  7.086857999999999  -0.6054870366884817 
5 30  7.7788653183459955  -0.13525199999999993  3.107499584987993 
5 31  8.273823355104453  7.086857999999999  0.6054870366884817 
5 32  2.9422085379784115  1.3325790000000004  3.132519710470988 
5 33  3.437166574736869  5.619027  0.6305071621714768 
5 34  5.515875388504674  1.3325790000000004  1.8715053861280344 
5 35  6.010833425263131  5.619027  -0.6305071621714768 
5 36  3.246356815722675  -0.27050399999999997  0.8356721911320366 
5 37  2.7513987789642185  7.222110000000001  3.3376847394315483 
5 38  6.201643184277325  -0.27050399999999997  -0.8356721911320367 
5 39  5.7066851475188685  7.222110000000001  1.6663403571674742 
6 16  1.1741766448955464  1.5831420000000005  -0.6054870366884817 
6 17  1.6691346816540036  0.13525199999999993  -3.107499584987993 
6 18  -1.1741766448955455  1.5831420000000005  0.6054870366884817 
6 19  -0.6792186081370892  0.13525199999999993  -1.8965255116110296 
6 20  3.4371665747368696  3.050973  0.6305071621714768 
6 21  3.9321246114953268  -1.332579  -1.8715053861280344 
6 22  -3.4371665747368683  3.050973  -0.6305071621714768 
6 23  -2.9422085379784115  -1.332579  -3.132519710470988 
6 24  3.7413148524811324  1.4478899999999992  -1.6663403571674746 
6 25  3.246356815722675  0.27050399999999986  0.8356721911320371 
6 26  -2.7513987789642185  1.4478899999999992  -3.337684739431548 
6 27  -3.246356815722675  0.27050399999999986  -0.8356721911320371 
6 28  -3.5498233551044533  -2.751858  -0.6054870366884817 
6 29  -3.0548653183459957  4.4702519999999994  -3.107499584987993 
6 30  3.549823355104453  -2.751858  0.6054870366884817 
6 31  4.044781391862909  4.4702519999999994  -1.8965255116110296 
6 32  -1.2868334252631315  -1.2840269999999996  0.6305071621714768 
6 33  -0.7918753885046739  3.002421  -1.8715053861280344 
6 34  1.2868334252631315  -1.2840269999999996  -0.6305071621714768 
6 35  1.7817914620215887  3.002421  -3.132519710470988 
6 36  -0.9826851475188678  -2.88711  -1.6663403571674746 
6 37  -1.4776431842773246  4.605504000000001  0.8356721911320371 
6 38  1.9726012210357822  -2.88711  -3.337684739431548 
6 39  1.4776431842773259  4.605504000000001  -0.8356721911320371 
7 16  0.6792186081370888  -0.13525199999999948  1.8965255116110296 
7 17  1.174176644895546  -1.583142  -0.6054870366884817 
7 18  -1.6691346816540031  -0.13525199999999948  3.107499584987993 
7 19  -1.1741766448955469  -1.583142  0.6054870366884817 
7 20  2.942208537978412  1.332579  3.132519710470988 
7 21  3.437166574736869  -3.050973  0.6305071621714768 
7 22  -3.9321246114953263  1.332579  1.8715053861280344 
7 23  -3.437166574736869  -3.050973  -0.6305071621714768 
7 24  3.2463568157226748  -0.27050400000000074  0.8356721911320366 
7 25  2.7513987789642176  -1.4478900000000001  3.3376847394315483 
7 26  -3.2463568157226756  -0.27050400000000074  -0.8356721911320367 
7 27  -3.741314852481133  -1.4478900000000001  1.6663403571674742 
7 28  -4.0447813918629105  -4.470252  1.8965255116110296 
7 29  -3.5498233551044533  2.7518579999999995  -0.6054870366884817 
7 30  3.0548653183459953  -4.470252  3.107499584987993 
7 31  3.5498233551044516  2.7518579999999995  0.6054870366884817 
7 32  -1.7817914620215891  -3.0024209999999996  3.132519710470988 
7 33  -1.2868334252631315  1.284027  0.6305071621714768 
7 34  0.7918753885046739  -3.0024209999999996  1.8715053861280344 
7 35  1.286833425263131  1.284027  -0.6305071621714768 
7 36  -1.4776431842773254  -4.605504  0.8356721911320366 
7 37  -1.9726012210357822  2.8871100000000007  3.3376847394315483 
7 38  1.4776431842773246  -4.605504  -0.8356721911320367 
7 39  0.9826851475188683  2.8871100000000007  1.6663403571674742 
8 16  -1.7115347267819727  -0.08583300000000005  -0.43685139093309466 
8 17  -1.2165766900235155  -1.5337230000000006  -2.938863939232606 
8 18  -4.059888016573065  -0.08583300000000005  0.7741226824438687 
8 19  -3.5649299798146084  -1.5337230000000006  -1.7278898658556425 
8 20  0.5514552030593505  1.3819979999999994  0.7991428079268639 
8 21  1.0464132398178076  -3.0015540000000005  -1.7028697403726474 
8 22  -6.322877946414388  1.3819979999999994  -0.4618715164160898 
8 23  -5.827919909655931  -3.0015540000000005  -2.963884064715601 
8 24  0.8556034808036133  -0.2210850000000013  -1.4977047114120876 
8 25  0.3606454440451561  -1.3984710000000007  1.004307836887424 
8 26  -5.637110150641737  -0.2210850000000013  -3.169049093676161 
8 27  -6.132068187400194  -1.3984710000000007  -0.66703654537665 
8 28  -6.435534726781972  -4.420833  -0.43685139093309466 
8 29  -5.940576690023515  2.801276999999999  -2.938863939232606 
8 30  0.6641119834269338  -4.420833  0.7741226824438687 
8 31  1.15907002018539  2.801276999999999  -1.7278898658556425 
8 32  -4.172544796940651  -2.953002  0.7991428079268639 
8 33  -3.677586760182193  1.3334459999999995  -1.7028697403726474 
8 34  -1.5988779464143876  -2.953002  -0.4618715164160898 
8 35  -1.1039199096559305  1.3334459999999995  -2.963884064715601 
8 36  -3.868396519196387  -4.556085  -1.4977047114120876 
8 37  -4.363354555954844  2.936529  1.004307836887424 
8 38  -0.913110150641737  -4.556085  -3.169049093676161 
8 39  -1.4080681874001932  2.936529  -0.66703654537665 
9 16  -2.20649276354043  1.5337230000000002  2.0651611573664166 
9 17  -1.7115347267819727  0.0858329999999996  -0.43685139093309466 
9 18  -4.554846053331522  1.5337230000000002  3.27613523074338 
9 19  -4.0598880165730655  0.0858329999999996  0.7741226824438687 
9 20  0.0564971663008933  3.0015539999999996  3.301155356226375 
9 21  0.5514552030593505  -1.3819980000000003  0.7991428079268639 
9 22  -6.817835983172845  3.0015539999999996  2.0401410318834214 
9 23  -6.322877946414388  -1.3819980000000003  -0.4618715164160898 
9 24  0.3606454440451561  1.398470999999999  1.0043078368874236 
9 25  -0.1343125927133011  0.22108499999999953  3.5063203851869353 
9 26  -6.132068187400194  1.398470999999999  -0.6670365453766497 
9 27  -6.6270262241586515  0.22108499999999953  1.8349760029228612 
9 28  -6.93049276354043  -2.8012770000000002  2.0651611573664166 
9 29  -6.435534726781972  4.420832999999999  -0.43685139093309466 
9 30  0.1691539466684766  -2.8012770000000002  3.27613523074338 
9 31  0.6641119834269329  4.420832999999999  0.7741226824438687 
9 32  -4.667502833699108  -1.333446  3.301155356226375 
9 33  -4.172544796940651  2.9530019999999997  0.7991428079268639 
9 34  -2.093835983172845  -1.333446  2.0401410318834214 
9 35  -1.5988779464143876  2.9530019999999997  -0.4618715164160898 
9 36  -4.363354555954844  -2.936529  1.0043078368874236 
9 37  -4.8583125927133  4.556085  3.5063203851869353 
9 38  -1.4080681874001941  -2.936529  -0.6670365453766497 
9 39  -1.9030262241586504  4.556085  1.8349760029228612 
10 16  4.059888016573066  -0.08583300000000005  -0.7741226824438687 
10 17  4.554846053331524  -1.5337230000000006  -3.27613523074338 
10 18  1.7115347267819745  -0.08583300000000005  0.43685139093309466 
10 19  2.206492763540431  -1.5337230000000006  -2.0651611573664166 
10 20  6.32287794641439  1.3819979999999994  0.4618715164160898 
10 21  6.817835983172847  -3.0015540000000005  -2.0401410318834214 
10 22  -0.5514552030593485  1.3819979999999994  -0.7991428079268639 
10 23  -0.05649716630089152  -3.0015540000000005  -3.301155356226375 
10 24  6.627026224158652  -0.2210850000000013  -1.8349760029228617 
10 25  6.132068187400195  -1.3984710000000007  0.66703654537665 
10 26  0.13431259271330176  -0.2210850000000013  -3.506320385186935 
10 27  -0.3606454440451553  -1.3984710000000007  -1.004307836887424 
10 28  -0.6641119834269333  -4.420833  -0.7741226824438687 
10 29  -0.16915394666847572  2.801276999999999  -3.27613523074338 
10 30  6.435534726781973  -4.420833  0.43685139093309466 
10 31  6.930492763540429  2.801276999999999  -2.0651611573664166 
10 32  1.5988779464143885  -2.953002  0.4618715164160898 
10 33  2.093835983172846  1.3334459999999995  -2.0401410318834214 
10 34  4.1725447969406515  -2.953002  -0.7991428079268639 
10 35  4.667502833699109  1.3334459999999995  -3.301155356226375 
10 36  1.9030262241586522  -4.556085  -1.8349760029228617 
10 37  1.4080681874001955  2.936529  0.66703654537665 
10 38  4.858312592713302  -4.556085  -3.506320385186935 
10 39  4.363354555954846  2.936529  -1.004307836887424 
11 16  3.5649299798146092  1.5337230000000002  1.7278898658556425 
11 17  4.059888016573066  0.0858329999999996  -0.7741226824438687 
11 18  1.2165766900235173  1.5337230000000002  2.938863939232606 
11 19  1.7115347267819736  0.0858329999999996  0.43685139093309466 
11 20  5.827919909655932  3.0015539999999996  2.963884064715601 
11 21  6.32287794641439  -1.3819980000000003  0.4618715164160898 
11 22  -1.0464132398178057  3.0015539999999996  1.7028697403726474 
11 23  -0.5514552030593487  -1.3819980000000003  -0.7991428079268639 
11 24  6.132068187400195  1.398470999999999  0.6670365453766496 
11 25  5.637110150641738  0.22108499999999953  3.1690490936761613 
11 26  -0.3606454440451554  1.398470999999999  -1.0043078368874236 
11 27  -0.8556034808036125  0.22108499999999953  1.4977047114120872 
11 28  -1.1590700201853905  -2.8012770000000002  1.7278898658556425 
11 29  -0.6641119834269329  4.420832999999999  -0.7741226824438687 
11 30  5.940576690023516  -2.8012770000000002  2.938863939232606 
11 31  6.435534726781972  4.420832999999999  0.43685139093309466 
11 32  1.1039199096559313  -1.333446  2.963884064715601 
11 33  1.598877946414389  2.9530019999999997  0.4618715164160898 
11 34  3.6775867601821943  -1.333446  1.7028697403726474 
11 35  4.1725447969406515  2.9530019999999997  -0.7991428079268639 
11 36  1.408068187400195  -2.936529  0.6670365453766496 
11 37  0.9131101506417383  4.556085  3.1690490936761613 
11 38  4.363354555954845  -2.936529  -1.0043078368874236 
11 39  3.8683965191963887  4.556085  1.4977047114120872 
12 16  3.0124652732180266  4.249167000000001  -0.43685139093309466 
12 17  3.5074233099764838  2.801277  -2.938863939232606 
12 18  0.6641119834269347  4.249167000000001  0.7741226824438687 
12 19  1.159070020185391  2.801277  -1.7278898658556425 
12 20  5.27545520305935  5.716998  0.7991428079268639 
12 21  5.770413239817807  1.333446  -1.7028697403726474 
12 22  -1.5988779464143883  5.716998  -0.4618715164160898 
12 23  -1.1039199096559313  1.333446  -2.963884064715601 
12 24  5.579603480803613  4.1139149999999995  -1.4977047114120876 
12 25  5.084645444045155  2.9365289999999997  1.004307836887424 
12 26  -0.9131101506417381  4.1139149999999995  -3.169049093676161 
12 27  -1.408068187400195  2.9365289999999997  -0.66703654537665 
12 28  -1.7115347267819732  -0.08583299999999994  -0.43685139093309466 
12 29  -1.2165766900235155  7.136277  -2.938863939232606 
12 30  5.388111983426933  -0.08583299999999994  0.7741226824438687 
12 31  5.883070020185389  7.136277  -1.7278898658556425 
12 32  0.5514552030593487  1.3819980000000003  0.7991428079268639 
12 33  1.0464132398178063  5.668446  -1.7028697403726474 
12 34  3.1251220535856117  1.3819980000000003  -0.4618715164160898 
12 35  3.620080090344069  5.668446  -2.963884064715601 
12 36  0.8556034808036124  -0.22108499999999998  -1.4977047114120876 
12 37  0.36064544404515564  7.271529000000001  1.004307836887424 
12 38  3.8108898493582624  -0.22108499999999998  -3.169049093676161 
12 39  3.315931812599806  7.271529000000001  -0.66703654537665 
13 16  2.5175072364595685  -2.801276999999999  2.0651611573664166 
13 17  3.0124652732180257  -4.249167  -0.43685139093309466 
13 18  0.1691539466684766  -2.801276999999999  3.27613523074338 
13 19  0.6641119834269329  -4.249167  0.7741226824438687 
13 20  4.780497166300892  -1.3334459999999995  3.301155356226375 
13 21  5.275455203059349  -5.716997999999999  0.7991428079268639 
13 22  -2.0938359831728466  -1.3334459999999995  2.0401410318834214 
13 23  -1.5988779464143894  -5.716997999999999  -0.4618715164160898 
13 24  5.0846454440451545  -2.936529  1.0043078368874236 
13 25  4.589687407286697  -4.1139149999999995  3.5063203851869353 
13 26  -1.4080681874001961  -2.936529  -0.6670365453766497 
13 27  -1.903026224158653  -4.1139149999999995  1.8349760029228612 
13 28  -2.2064927635404312  -7.136277  2.0651611573664166 
13 29  -1.7115347267819736  0.08583300000000005  -0.43685139093309466 
13 30  4.893153946668475  -7.136277  3.27613523074338 
13 31  5.388111983426931  0.08583300000000005  0.7741226824438687 
13 32  0.05649716630089063  -5.668445999999999  3.301155356226375 
13 33  0.5514552030593483  -1.3819979999999994  0.7991428079268639 
13 34  2.6301640168271536  -5.668445999999999  2.0401410318834214 
13 35  3.125122053585611  -1.3819979999999994  -0.4618715164160898 
13 36  0.3606454440451543  -7.271528999999999  1.0043078368874236 
13 37  -0.13431259271330243  0.2210850000000013  3.5063203851869353 
13 38  3.3159318125998043  -7.271528999999999  -0.6670365453766497 
13 39  2.820973775841348  0.2210850000000013  1.8349760029228612 
14 16  -0.6641119834269347  4.249167000000001  -0.7741226824438687 
14 17  -0.1691539466684775  2.801277  -3.27613523074338 
14 18  -3.0124652732180266  4.249167000000001  0.43685139093309466 
14 19  -2.5175072364595703  2.801277  -2.0651611573664166 
14 20  1.5988779464143885  5.716998  0.4618715164160898 
14 21  2.0938359831728457  1.333446  -2.0401410318834214 
14 22  -5.27545520305935  5.716998  -0.7991428079268639 
14 23  -4.780497166300893  1.333446  -3.301155356226375 
14 24  1.9030262241586513  4.1139149999999995  -1.8349760029228617 
14 25  1.4080681874001941  2.9365289999999997  0.66703654537665 
14 26  -4.589687407286699  4.1139149999999995  -3.506320385186935 
14 27  -5.084645444045156  2.9365289999999997  -1.004307836887424 
14 28  -5.388111983426935  -0.08583299999999994  -0.7741226824438687 
14 29  -4.893153946668477  7.136277  -3.27613523074338 
14 30  1.7115347267819718  -0.08583299999999994  0.43685139093309466 
14 31  2.206492763540428  7.136277  -2.0651611573664166 
14 32  -3.1251220535856126  1.3819980000000003  0.4618715164160898 
14 33  -2.630164016827155  5.668446  -2.0401410318834214 
14 34  -0.5514552030593496  1.3819980000000003  -0.7991428079268639 
14 35  -0.05649716630089241  5.668446  -3.301155356226375 
14 36  -2.820973775841349  -0.22108499999999998  -1.8349760029228617 
14 37  -3.3159318125998056  7.271529000000001  0.66703654537665 
14 38  0.1343125927133011  -0.22108499999999998  -3.506320385186935 
14 39  -0.3606454440451552  7.271529000000001  -1.004307836887424 
15 16  -1.1590700201853927  -2.801276999999999  1.7278898658556425 
15 17  -0.6641119834269356  -4.249167  -0.7741226824438687 
15 18  -3.5074233099764847  -2.801276999999999  2.938863939232606 
15 19  -3.0124652732180284  -4.249167  0.43685139093309466 
15 20  1.1039199096559305  -1.3334459999999995  2.963884064715601 
15 21  1.5988779464143876  -5.716997999999999  0.4618715164160898 
15 22  -5.770413239817808  -1.3334459999999995  1.7028697403726474 
15 23  -5.275455203059351  -5.716997999999999  -0.7991428079268639 
15 24  1.4080681874001932  -2.936529  0.6670365453766496 
15 25  0.9131101506417361  -4.1139149999999995  3.1690490936761613 
15 26  -5.084645444045157  -2.936529  -1.0043078368874236 
15 27  -5.579603480803614  -4.1139149999999995  1.4977047114120872 
15 28  -5.883070020185393  -7.136277  1.7278898658556425 
15 29  -5.388111983426935  0.08583300000000005  -0.7741226824438687 
15 30  1.2165766900235138  -7.136277  2.938863939232606 
15 31  1.71153472678197  0.08583300000000005  0.43685139093309466 
15 32  -3.6200800903440706  -5.668445999999999  2.963884064715601 
15 33  -3.125122053585613  -1.3819979999999994  0.4618715164160898 
15 34  -1.0464132398178076  -5.668445999999999  1.7028697403726474 
15 35  -0.5514552030593505  -1.3819979999999994  -0.7991428079268639 
15 36  -3.315931812599807  -7.271528999999999  0.6670365453766496 
15 37  -3.8108898493582637  0.2210850000000013  3.1690490936761613 
15 38  -0.36064544404515697  -7.271528999999999  -1.0043078368874236 
15 39  -0.8556034808036133  0.2210850000000013  1.4977047114120872 
16 0  -5.898176644895546  -2.6651580000000004  0.6054870366884817 
16 1  -5.403218608137089  1.2172679999999998  -1.8965255116110296 
16 2  -1.1741766448955464  1.6698419999999992  0.6054870366884817 
16 3  -0.6792186081370888  -3.1177320000000006  -1.8965255116110296 
16 4  -5.898176644895546  2.7518579999999995  0.6054870366884817 
16 5  -5.403218608137089  -4.1997480000000005  -1.8965255116110296 
16 6  -1.1741766448955464  -1.5831420000000005  0.6054870366884817 
16 7  -0.6792186081370888  0.13525199999999948  -1.8965255116110296 
16 8  1.7115347267819727  0.08583300000000005  0.43685139093309466 
16 9  2.20649276354043  -1.5337230000000002  -2.0651611573664166 
16 10  -4.059888016573066  0.08583300000000005  0.7741226824438687 
16 11  -3.5649299798146092  -1.5337230000000002  -1.7278898658556425 
16 12  -3.0124652732180266  -4.249167000000001  0.43685139093309466 
16 13  -2.5175072364595685  2.801276999999999  -2.0651611573664166 
16 14  0.6641119834269347  -4.249167000000001  0.7741226824438687 
16 15  1.1590700201853927  2.801276999999999  -1.7278898658556425 
17 0  -6.393134681654003  -1.2172679999999998  3.107499584987993 
17 1  -5.898176644895546  2.6651580000000004  0.6054870366884817 
17 2  -1.6691346816540036  3.1177319999999997  3.107499584987993 
17 3  -1.174176644895546  -1.669842  0.6054870366884817 
17 4  -6.393134681654003  4.199748  3.107499584987993 
17 5  -5.898176644895546  -2.751858  0.6054870366884817 
17 6  -1.6691346816540036  -0.13525199999999993  3.107499584987993 
17 7  -1.174176644895546  1.583142  0.6054870366884817 
17 8  1.2165766900235155  1.5337230000000006  2.938863939232606 
17 9  1.7115347267819727  -0.0858329999999996  0.43685139093309466 
17 10  -4.554846053331524  1.5337230000000006  3.27613523074338 
17 11  -4.059888016573066  -0.0858329999999996  0.7741226824438687 
17 12  -3.5074233099764838  -2.801277  2.938863939232606 
17 13  -3.0124652732180257  4.249167  0.43685139093309466 
17 14  0.1691539466684775  -2.801277  3.27613523074338 
17 15  0.6641119834269356  4.249167  0.7741226824438687 
18 0  -3.5498233551044542  -2.6651580000000004  -0.6054870366884817 
18 1  -3.054865318345997  1.2172679999999998  -3.107499584987993 
18 2  1.1741766448955455  1.6698419999999992  -0.6054870366884817 
18 3  1.6691346816540031  -3.1177320000000006  -3.107499584987993 
18 4  -3.5498233551044542  2.7518579999999995  -0.6054870366884817 
18 5  -3.0548653183459975  -4.1997480000000005  -3.107499584987993 
18 6  1.1741766448955455  -1.5831420000000005  -0.6054870366884817 
18 7  1.6691346816540031  0.13525199999999948  -3.107499584987993 
18 8  4.059888016573065  0.08583300000000005  -0.7741226824438687 
18 9  4.554846053331522  -1.5337230000000002  -3.27613523074338 
18 10  -1.7115347267819745  0.08583300000000005  -0.43685139093309466 
18 11  -1.2165766900235173  -1.5337230000000002  -2.938863939232606 
18 12  -0.6641119834269347  -4.249167000000001  -0.7741226824438687 
18 13  -0.1691539466684766  2.801276999999999  -3.27613523074338 
18 14  3.0124652732180266  -4.249167000000001  -0.43685139093309466 
18 15  3.5074233099764847  2.801276999999999  -2.938863939232606 
19 0  -4.0447813918629105  -1.2172679999999998  1.8965255116110296 
19 1  -3.5498233551044533  2.6651580000000004  -0.6054870366884817 
19 2  0.6792186081370892  3.1177319999999997  1.8965255116110296 
19 3  1.1741766448955469  -1.669842  -0.6054870366884817 
19 4  -4.0447813918629105  4.199748  1.8965255116110296 
19 5  -3.549823355104454  -2.751858  -0.6054870366884817 
19 6  0.6792186081370892  -0.13525199999999993  1.8965255116110296 
19 7  1.1741766448955469  1.583142  -0.6054870366884817 
19 8  3.5649299798146084  1.5337230000000006  1.7278898658556425 
19 9  4.0598880165730655  -0.0858329999999996  -0.7741226824438687 
19 10  -2.206492763540431  1.5337230000000006  2.0651611573664166 
19 11  -1.7115347267819736  -0.0858329999999996  -0.43685139093309466 
19 12  -1.159070020185391  -2.801277  1.7278898658556425 
19 13  -0.6641119834269329  4.249167  -0.7741226824438687 
19 14  2.5175072364595703  -2.801277  2.0651611573664166 
19 15  3.0124652732180284  4.249167  -0.43685139093309466 
20 0  -8.16116657473687  -4.132989  -0.6305071621714768 
20 1  -7.666208537978412  -0.25056299999999965  -3.132519710470988 
20 2  -3.4371665747368696  0.20201099999999972  -0.6305071621714768 
20 3  -2.942208537978412  -4.5855630000000005  -3.132519710470988 
20 4  -8.16116657473687  1.284027  -0.6305071621714768 
20 5  -7.666208537978412  -5.667579  -3.132519710470988 
20 6  -3.4371665747368696  -3.050973  -0.6305071621714768 
20 7  -2.942208537978412  -1.332579  -3.132519710470988 
20 8  -0.5514552030593505  -1.3819979999999994  -0.7991428079268639 
20 9  -0.0564971663008933  -3.0015539999999996  -3.301155356226375 
20 10  -6.32287794641439  -1.3819979999999994  -0.4618715164160898 
20 11  -5.827919909655932  -3.0015539999999996  -2.963884064715601 
20 12  -5.27545520305935  -5.716998  -0.7991428079268639 
20 13  -4.780497166300892  1.3334459999999995  -3.301155356226375 
20 14  -1.5988779464143885  -5.716998  -0.4618715164160898 
20 15  -1.1039199096559305  1.3334459999999995  -2.963884064715601 
21 0  -8.656124611495327  0.2505630000000001  1.8715053861280344 
21 1  -8.16116657473687  4.132989  -0.6305071621714768 
21 2  -3.9321246114953268  4.585563  1.8715053861280344 
21 3  -3.437166574736869  -0.20201100000000016  -0.6305071621714768 
21 4  -8.656124611495326  5.667579  1.8715053861280344 
21 5  -8.16116657473687  -1.284027  -0.6305071621714768 
21 6  -3.9321246114953268  1.332579  1.8715053861280344 
21 7  -3.437166574736869  3.050973  -0.6305071621714768 
21 8  -1.0464132398178076  3.0015540000000005  1.7028697403726474 
21 9  -0.5514552030593505  1.3819980000000003  -0.7991428079268639 
21 10  -6.817835983172847  3.0015540000000005  2.0401410318834214 
21 11  -6.32287794641439  1.3819980000000003  -0.4618715164160898 
21 12  -5.770413239817807  -1.333446  1.7028697403726474 
21 13  -5.275455203059349  5.716997999999999  -0.7991428079268639 
21 14  -2.0938359831728457  -1.333446  2.0401410318834214 
21 15  -1.5988779464143876  5.716997999999999  -0.4618715164160898 
22 0  -1.2868334252631315  -4.132989  0.6305071621714768 
22 1  -0.7918753885046741  -0.25056299999999965  -1.8715053861280344 
22 2  3.4371665747368683  0.20201099999999972  0.6305071621714768 
22 3  3.9321246114953263  -4.5855630000000005  -1.8715053861280344 
22 4  -1.286833425263131  1.284027  0.6305071621714768 
22 5  -0.7918753885046744  -5.667579  -1.8715053861280344 
22 6  3.4371665747368683  -3.050973  0.6305071621714768 
22 7  3.9321246114953263  -1.332579  -1.8715053861280344 
22 8  6.322877946414388  -1.3819979999999994  0.4618715164160898 
22 9  6.817835983172845  -3.0015539999999996  -2.0401410318834214 
22 10  0.5514552030593485  -1.3819979999999994  0.7991428079268639 
22 11  1.0464132398178057  -3.0015539999999996  -1.7028697403726474 
22 12  1.5988779464143883  -5.716998  0.4618715164160898 
22 13  2.0938359831728466  1.3334459999999995  -2.0401410318834214 
22 14  5.27545520305935  -5.716998  0.7991428079268639 
22 15  5.770413239817808  1.3334459999999995  -1.7028697403726474 
23 0  -1.7817914620215884  0.2505630000000001  3.132519710470988 
23 1  -1.286833425263131  4.132989  0.6305071621714768 
23 2  2.9422085379784115  4.585563  3.132519710470988 
23 3  3.437166574736869  -0.20201100000000016  0.6305071621714768 
23 4  -1.7817914620215882  5.667579  3.132519710470988 
23 5  -1.2868334252631315  -1.284027  0.6305071621714768 
23 6  2.9422085379784115  1.332579  3.132519710470988 
23 7  3.437166574736869  3.050973  0.6305071621714768 
23 8  5.827919909655931  3.0015540000000005  2.963884064715601 
23 9  6.322877946414388  1.3819980000000003  0.4618715164160898 
23 10  0.05649716630089152  3.0015540000000005  3.301155356226375 
23 11  0.5514552030593487  1.3819980000000003  0.7991428079268639 
23 12  1.1039199096559313  -1.333446  2.963884064715601 
23 13  1.5988779464143894  5.716997999999999  0.4618715164160898 
23 14  4.780497166300893  -1.333446  3.301155356226375 
23 15  5.275455203059351  5.716997999999999  0.7991428079268639 
24 0  -8.465314852481132  -2.529905999999999  1.6663403571674746 
24 1  -7.970356815722675  1.352520000000001  -0.8356721911320366 
24 2  -3.7413148524811324  1.8050940000000004  1.6663403571674746 
24 3  -3.2463568157226748  -2.9824799999999994  -0.8356721911320366 
24 4  -8.465314852481132  2.8871100000000007  1.6663403571674746 
24 5  -7.970356815722675  -4.064495999999999  -0.8356721911320366 
24 6  -3.7413148524811324  -1.4478899999999992  1.6663403571674746 
24 7  -3.2463568157226748  0.27050400000000074  -0.8356721911320366 
24 8  -0.8556034808036133  0.2210850000000013  1.4977047114120876 
24 9  -0.3606454440451561  -1.398470999999999  -1.0043078368874236 
24 10  -6.627026224158652  0.2210850000000013  1.8349760029228617 
24 11  -6.132068187400195  -1.398470999999999  -0.6670365453766496 
24 12  -5.579603480803613  -4.1139149999999995  1.4977047114120876 
24 13  -5.0846454440451545  2.936529  -1.0043078368874236 
24 14  -1.9030262241586513  -4.1139149999999995  1.8349760029228617 
24 15  -1.4080681874001932  2.936529  -0.6670365453766496 
25 0  -7.970356815722675  -1.3525199999999997  -0.8356721911320371 
25 1  -7.475398778964218  2.5299060000000004  -3.3376847394315483 
25 2  -3.246356815722675  2.98248  -0.8356721911320371 
25 3  -2.7513987789642176  -1.805094  -3.3376847394315483 
25 4  -7.970356815722675  4.064496  -0.8356721911320371 
25 5  -7.475398778964218  -2.88711  -3.3376847394315483 
25 6  -3.246356815722675  -0.27050399999999986  -0.8356721911320371 
25 7  -2.7513987789642176  1.4478900000000001  -3.3376847394315483 
25 8  -0.3606454440451561  1.3984710000000007  -1.004307836887424 
25 9  0.1343125927133011  -0.22108499999999953  -3.5063203851869353 
25 10  -6.132068187400195  1.3984710000000007  -0.66703654537665 
25 11  -5.637110150641738  -0.22108499999999953  -3.1690490936761613 
25 12  -5.084645444045155  -2.9365289999999997  -1.004307836887424 
25 13  -4.589687407286697  4.1139149999999995  -3.5063203851869353 
25 14  -1.4080681874001941  -2.9365289999999997  -0.66703654537665 
25 15  -0.9131101506417361  4.1139149999999995  -3.1690490936761613 
26 0  -1.9726012210357817  -2.529905999999999  3.337684739431548 
26 1  -1.4776431842773243  1.352520000000001  0.8356721911320367 
26 2  2.7513987789642185  1.8050940000000004  3.337684739431548 
26 3  3.2463568157226756  -2.9824799999999994  0.8356721911320367 
26 4  -1.9726012210357813  2.8871100000000007  3.337684739431548 
26 5  -1.4776431842773248  -4.064495999999999  0.8356721911320367 
26 6  2.7513987789642185  -1.4478899999999992  3.337684739431548 
26 7  3.2463568157226756  0.27050400000000074  0.8356721911320367 
26 8  5.637110150641737  0.2210850000000013  3.169049093676161 
26 9  6.132068187400194  -1.398470999999999  0.6670365453766497 
26 10  -0.13431259271330176  0.2210850000000013  3.506320385186935 
26 11  0.3606454440451554  -1.398470999999999  1.0043078368874236 
26 12  0.9131101506417381  -4.1139149999999995  3.169049093676161 
26 13  1.4080681874001961  2.936529  0.6670365453766497 
26 14  4.589687407286699  -4.1139149999999995  3.506320385186935 
26 15  5.084645444045157  2.936529  1.0043078368874236 
27 0  -1.4776431842773246  -1.3525199999999997  0.8356721911320371 
27 1  -0.9826851475188673  2.5299060000000004  -1.6663403571674742 
27 2  3.246356815722675  2.98248  0.8356721911320371 
27 3  3.741314852481133  -1.805094  -1.6663403571674742 
27 4  -1.4776431842773243  4.064496  0.8356721911320371 
27 5  -0.9826851475188676  -2.88711  -1.6663403571674742 
27 6  3.246356815722675  -0.27050399999999986  0.8356721911320371 
27 7  3.741314852481133  1.4478900000000001  -1.6663403571674742 
27 8  6.132068187400194  1.3984710000000007  0.66703654537665 
27 9  6.6270262241586515  -0.22108499999999953  -1.8349760029228612 
27 10  0.3606454440451553  1.3984710000000007  1.004307836887424 
27 11  0.8556034808036125  -0.22108499999999953  -1.4977047114120872 
27 12  1.408068187400195  -2.9365289999999997  0.66703654537665 
27 13  1.903026224158653  4.1139149999999995  -1.8349760029228612 
27 14  5.084645444045156  -2.9365289999999997  1.004307836887424 
27 15  5.579603480803614  4.1139149999999995  -1.4977047114120872 
28 0  -1.1741766448955466  1.669842  0.6054870366884817 
28 1  -0.6792186081370892  5.552268  -1.8965255116110296 
28 2  3.5498233551044533  6.004842  0.6054870366884817 
28 3  4.0447813918629105  1.2172679999999998  -1.8965255116110296 
28 4  -1.1741766448955464  7.086857999999999  0.6054870366884817 
28 5  -0.6792186081370896  0.13525199999999993  -1.8965255116110296 
28 6  3.5498233551044533  2.751858  0.6054870366884817 
28 7  4.0447813918629105  4.470252  -1.8965255116110296 
28 8  6.435534726781972  4.420833  0.43685139093309466 
28 9  6.93049276354043  2.8012770000000002  -2.0651611573664166 
28 10  0.6641119834269333  4.420833  0.7741226824438687 
28 11  1.1590700201853905  2.8012770000000002  -1.7278898658556425 
28 12  1.7115347267819732  0.08583299999999994  0.43685139093309466 
28 13  2.2064927635404312  7.136277  -2.0651611573664166 
28 14  5.388111983426935  0.08583299999999994  0.7741226824438687 
28 15  5.883070020185393  7.136277  -1.7278898658556425 
29 0  -1.6691346816540042  -5.552268  3.107499584987993 
29 1  -1.1741766448955469  -1.6698419999999992  0.6054870366884817 
29 2  3.0548653183459957  -1.2172679999999998  3.107499584987993 
29 3  3.5498233551044533  -6.004842  0.6054870366884817 
29 4  -1.669134681654004  -0.13525199999999948  3.107499584987993 
29 5  -1.1741766448955473  -7.086857999999999  0.6054870366884817 
29 6  3.0548653183459957  -4.4702519999999994  3.107499584987993 
29 7  3.5498233551044533  -2.7518579999999995  0.6054870366884817 
29 8  5.940576690023515  -2.801276999999999  2.938863939232606 
29 9  6.435534726781972  -4.420832999999999  0.43685139093309466 
29 10  0.16915394666847572  -2.801276999999999  3.27613523074338 
29 11  0.6641119834269329  -4.420832999999999  0.7741226824438687 
29 12  1.2165766900235155  -7.136277  2.938863939232606 
29 13  1.7115347267819736  -0.08583300000000005  0.43685139093309466 
29 14  4.893153946668477  -7.136277  3.27613523074338 
29 15  5.388111983426935  -0.08583300000000005  0.7741226824438687 
30 0  -8.273823355104453  1.669842  -0.6054870366884817 
30 1  -7.7788653183459955  5.552268  -3.107499584987993 
30 2  -3.549823355104453  6.004842  -0.6054870366884817 
30 3  -3.0548653183459953  1.2172679999999998  -3.107499584987993 
30 4  -8.273823355104453  7.086857999999999  -0.6054870366884817 
30 5  -7.7788653183459955  0.13525199999999993  -3.107499584987993 
30 6  -3.549823355104453  2.751858  -0.6054870366884817 
30 7  -3.0548653183459953  4.470252  -3.107499584987993 
30 8  -0.6641119834269338  4.420833  -0.7741226824438687 
30 9  -0.1691539466684766  2.8012770000000002  -3.27613523074338 
30 10  -6.435534726781973  4.420833  -0.43685139093309466 
30 11  -5.940576690023516  2.8012770000000002  -2.938863939232606 
30 12  -5.388111983426933  0.08583299999999994  -0.7741226824438687 
30 13  -4.893153946668475  7.136277  -3.27613523074338 
30 14  -1.7115347267819718  0.08583299999999994  -0.43685139093309466 
30 15  -1.2165766900235138  7.136277  -2.938863939232606 
31 0  -8.768781391862909  -5.552268  1.8965255116110296 
31 1  -8.273823355104453  -1.6698419999999992  -0.6054870366884817 
31 2  -4.044781391862909  -1.2172679999999998  1.8965255116110296 
31 3  -3.5498233551044516  -6.004842  -0.6054870366884817 
31 4  -8.768781391862909  -0.13525199999999948  1.8965255116110296 
31 5  -8.273823355104453  -7.086857999999999  -0.6054870366884817 
31 6  -4.044781391862909  -4.4702519999999994  1.8965255116110296 
31 7  -3.5498233551044516  -2.7518579999999995  -0.6054870366884817 
31 8  -1.15907002018539  -2.801276999999999  1.7278898658556425 
31 9  -0.6641119834269329  -4.420832999999999  -0.7741226824438687 
31 10  -6.930492763540429  -2.801276999999999  2.0651611573664166 
31 11  -6.435534726781972  -4.420832999999999  -0.43685139093309466 
31 12  -5.883070020185389  -7.136277  1.7278898658556425 
31 13  -5.388111983426931  -0.08583300000000005  -0.7741226824438687 
31 14  -2.206492763540428  -7.136277  2.0651611573664166 
31 15  -1.71153472678197  -0.08583300000000005  -0.43685139093309466 
32 0  -3.4371665747368683  0.20201099999999972  -0.6305071621714768 
32 1  -2.942208537978411  4.084436999999999  -3.132519710470988 
32 2  1.2868334252631315  4.537011  -0.6305071621714768 
32 3  1.7817914620215891  -0.25056300000000054  -3.132519710470988 
32 4  -3.4371665747368683  5.619026999999999  -0.6305071621714768 
32 5  -2.9422085379784115  -1.3325790000000004  -3.132519710470988 
32 6  1.2868334252631315  1.2840269999999996  -0.6305071621714768 
32 7  1.7817914620215891  3.0024209999999996  -3.132519710470988 
32 8  4.172544796940651  2.953002  -0.7991428079268639 
32 9  4.667502833699108  1.333446  -3.301155356226375 
32 10  -1.5988779464143885  2.953002  -0.4618715164160898 
32 11  -1.1039199096559313  1.333446  -2.963884064715601 
32 12  -0.5514552030593487  -1.3819980000000003  -0.7991428079268639 
32 13  -0.05649716630089063  5.668445999999999  -3.301155356226375 
32 14  3.1251220535856126  -1.3819980000000003  -0.4618715164160898 
32 15  3.6200800903440706  5.668445999999999  -2.963884064715601 
33 0  -3.9321246114953263  -4.084436999999999  1.8715053861280344 
33 1  -3.4371665747368687  -0.20201099999999972  -0.6305071621714768 
33 2  0.7918753885046739  0.25056299999999965  1.8715053861280344 
33 3  1.2868334252631315  -4.537011  -0.6305071621714768 
33 4  -3.932124611495326  1.332579  1.8715053861280344 
33 5  -3.437166574736869  -5.619027  -0.6305071621714768 
33 6  0.7918753885046739  -3.002421  1.8715053861280344 
33 7  1.2868334252631315  -1.284027  -0.6305071621714768 
33 8  3.677586760182193  -1.3334459999999995  1.7028697403726474 
33 9  4.172544796940651  -2.9530019999999997  -0.7991428079268639 
33 10  -2.093835983172846  -1.3334459999999995  2.0401410318834214 
33 11  -1.598877946414389  -2.9530019999999997  -0.4618715164160898 
33 12  -1.0464132398178063  -5.668446  1.7028697403726474 
33 13  -0.5514552030593483  1.3819979999999994  -0.7991428079268639 
33 14  2.630164016827155  -5.668446  2.0401410318834214 
33 15  3.125122053585613  1.3819979999999994  -0.4618715164160898 
34 0  -6.010833425263131  0.20201099999999972  0.6305071621714768 
34 1  -5.515875388504674  4.084436999999999  -1.8715053861280344 
34 2  -1.2868334252631315  4.537011  0.6305071621714768 
34 3  -0.7918753885046739  -0.25056300000000054  -1.8715053861280344 
34 4  -6.010833425263131  5.619026999999999  0.6305071621714768 
34 5  -5.515875388504674  -1.3325790000000004  -1.8715053861280344 
34 6  -1.2868334252631315  1.2840269999999996  0.6305071621714768 
34 7  -0.7918753885046739  3.0024209999999996  -1.8715053861280344 
34 8  1.5988779464143876  2.953002  0.4618715164160898 
34 9  2.093835983172845  1.333446  -2.0401410318834214 
34 10  -4.1725447969406515  2.953002  0.7991428079268639 
34 11  -3.6775867601821943  1.333446  -1.7028697403726474 
34 12  -3.1251220535856117  -1.3819980000000003  0.4618715164160898 
34 13  -2.6301640168271536  5.668445999999999  -2.0401410318834214 
34 14  0.5514552030593496  -1.3819980000000003  0.7991428079268639 
34 15  1.0464132398178076  5.668445999999999  -1.7028697403726474 
35 0  -6.505791462021588  -4.084436999999999  3.132519710470988 
35 1  -6.010833425263131  -0.20201099999999972  0.6305071621714768 
35 2  -1.7817914620215887  0.25056299999999965  3.132519710470988 
35 3  -1.286833425263131  -4.537011  0.6305071621714768 
35 4  -6.505791462021588  1.332579  3.132519710470988 
35 5  -6.010833425263131  -5.619027  0.6305071621714768 
35 6  -1.7817914620215887  -3.002421  3.132519710470988 
35 7  -1.286833425263131  -1.284027  0.6305071621714768 
35 8  1.1039199096559305  -1.3334459999999995  2.963884064715601 
35 9  1.5988779464143876  -2.9530019999999997  0.4618715164160898 
35 10  -4.667502833699109  -1.3334459999999995  3.301155356226375 
35 11  -4.1725447969406515  -2.9530019999999997  0.7991428079268639 
35 12  -3.620080090344069  -5.668446  2.963884064715601 
35 13  -3.125122053585611  1.3819979999999994  0.4618715164160898 
35 14  0.05649716630089241  -5.668446  3.301155356226375 
35 15  0.5514552030593505  1.3819979999999994  0.7991428079268639 
36 0  -3.741314852481132  1.805094  1.6663403571674746 
36 1  -3.2463568157226748  5.68752  -0.8356721911320366 
36 2  0.9826851475188678  6.1400939999999995  1.6663403571674746 
36 3  1.4776431842773254  1.3525199999999997  -0.8356721911320366 
36 4  -3.741314852481132  7.22211  1.6663403571674746 
36 5  -3.246356815722675  0.27050399999999997  -0.8356721911320366 
36 6  0.9826851475188678  2.88711  1.6663403571674746 
36 7  1.4776431842773254  4.605504  -0.8356721911320366 
36 8  3.868396519196387  4.556085  1.4977047114120876 
36 9  4.363354555954844  2.936529  -1.0043078368874236 
36 10  -1.9030262241586522  4.556085  1.8349760029228617 
36 11  -1.408068187400195  2.936529  -0.6670365453766496 
36 12  -0.8556034808036124  0.22108499999999998  1.4977047114120876 
36 13  -0.3606454440451543  7.271528999999999  -1.0043078368874236 
36 14  2.820973775841349  0.22108499999999998  1.8349760029228617 
36 15  3.315931812599807  7.271528999999999  -0.6670365453766496 
37 0  -3.2463568157226756  -5.687520000000001  -0.8356721911320371 
37 1  -2.751398778964218  -1.8050940000000004  -3.3376847394315483 
37 2  1.4776431842773246  -1.352520000000001  -0.8356721911320371 
37 3  1.9726012210357822  -6.140094000000001  -3.3376847394315483 
37 4  -3.246356815722675  -0.27050400000000074  -0.8356721911320371 
37 5  -2.7513987789642185  -7.222110000000001  -3.3376847394315483 
37 6  1.4776431842773246  -4.605504000000001  -0.8356721911320371 
37 7  1.9726012210357822  -2.8871100000000007  -3.3376847394315483 
37 8  4.363354555954844  -2.936529  -1.004307836887424 
37 9  4.8583125927133  -4.556085  -3.5063203851869353 
37 10  -1.4080681874001955  -2.936529  -0.66703654537665 
37 11  -0.9131101506417383  -4.556085  -3.1690490936761613 
37 12  -0.36064544404515564  -7.271529000000001  -1.004307836887424 
37 13  0.13431259271330243  -0.2210850000000013  -3.5063203851869353 
37 14  3.3159318125998056  -7.271529000000001  -0.66703654537665 
37 15  3.8108898493582637  -0.2210850000000013  -3.1690490936761613 
38 0  -6.696601221035782  1.805094  3.337684739431548 
38 1  -6.201643184277325  5.68752  0.8356721911320367 
38 2  -1.9726012210357822  6.1400939999999995  3.337684739431548 
38 3  -1.4776431842773246  1.3525199999999997  0.8356721911320367 
38 4  -6.696601221035782  7.22211  3.337684739431548 
38 5  -6.201643184277325  0.27050399999999997  0.8356721911320367 
38 6  -1.9726012210357822  2.88711  3.337684739431548 
38 7  -1.4776431842773246  4.605504  0.8356721911320367 
38 8  0.913110150641737  4.556085  3.169049093676161 
38 9  1.4080681874001941  2.936529  0.6670365453766497 
38 10  -4.858312592713302  4.556085  3.506320385186935 
38 11  -4.363354555954845  2.936529  1.0043078368874236 
38 12  -3.8108898493582624  0.22108499999999998  3.169049093676161 
38 13  -3.3159318125998043  7.271528999999999  0.6670365453766497 
38 14  -0.1343125927133011  0.22108499999999998  3.506320385186935 
38 15  0.36064544404515697  7.271528999999999  1.0043078368874236 
39 0  -6.201643184277326  -5.687520000000001  0.8356721911320371 
39 1  -5.7066851475188685  -1.8050940000000004  -1.6663403571674742 
39 2  -1.4776431842773259  -1.352520000000001  0.8356721911320371 
39 3  -0.9826851475188683  -6.140094000000001  -1.6663403571674742 
39 4  -6.201643184277326  -0.27050400000000074  0.8356721911320371 
39 5  -5.7066851475188685  -7.222110000000001  -1.6663403571674742 
39 6  -1.4776431842773259  -4.605504000000001  0.8356721911320371 
39 7  -0.9826851475188683  -2.8871100000000007  -1.6663403571674742 
39 8  1.4080681874001932  -2.936529  0.66703654537665 
39 9  1.9030262241586504  -4.556085  -1.8349760029228612 
39 10  -4.363354555954846  -2.936529  1.004307836887424 
39 11  -3.8683965191963887  -4.556085  -1.4977047114120872 
39 12  -3.315931812599806  -7.271529000000001  0.66703654537665 
39 13  -2.820973775841348  -0.2210850000000013  -1.8349760029228612 
39 14  0.3606454440451552  -7.271529000000001  1.004307836887424 
39 15  0.8556034808036133  -0.2210850000000013  -1.4977047114120872 