         0        16   4.67041
         0        17
         0        18   4.67041
         0        19
         0        20   2.10122   4.68338
         0        21   4.87792   3.78772
         0        22   4.68338   2.10122
         0        23   3.78772   4.87792
         0        24   3.71430
         0        25   4.67657
         0        26   3.71430
         0        27   4.67657
         0        28   4.82677   2.16938
         0        29   2.12119   3.58805
         0        30   2.16938   4.82677
         0        31   3.58805   2.12119
         0        32   4.76885
         0        33   4.65765   4.75318
         0        34   4.76885
         0        35   4.75318   4.65765
         0        36   4.61727   4.46707
         0        37   3.44834
         0        38   4.46707   4.61727
         0        39   3.44834
         1        16
         1        17   4.67041
         1        18
         1        19   4.67041
         1        20   4.87792   3.78772
         1        21   2.10122   4.68338
         1        22   3.78772   4.87792
         1        23   4.68338   2.10122
         1        24   4.67657
         1        25   3.71430
         1        26   4.67657
         1        27   3.71430
         1        28   2.12119   3.58805
         1        29   4.82677   2.16938
         1        30   3.58805   2.12119
         1        31   2.16938   4.82677
         1        32   4.65765   4.75318
         1        33   4.76885
         1        34   4.75318   4.65765
         1        35   4.76885
         1        36   3.44834
         1        37   4.61727   4.46707
         1        38   3.44834
         1        39   4.46707   4.61727
         2        16   4.68066
         2        17   4.76511   4.55354
         2        18   4.68066
         2        19   4.55354   4.76511
         2        20   4.52695
         2        21   3.67907   2.02196
         2        22   4.52695
         2        23   2.02196   3.67907
         2        24   4.79186   3.35428
         2        25   2.30961   4.53760
         2        26   3.35428   4.79186
         2        27   4.53760   2.30961
         2        28   4.82114   2.15681
         2        29   3.92176   4.87390
         2        30   2.15681   4.82114
         2        31   4.87390   3.92176
         2        32   3.69042
         2        33
         2        34   3.69042
         2        35
         2        36   4.77107   4.62587
         2        37   4.61232
         2        38   4.62587   4.77107
         2        39   4.61232
         3        16   4.76511   4.55354
         3        17   4.68066
         3        18   4.55354   4.76511
         3        19   4.68066
         3        20   3.67907   2.02196
         3        21   4.52695
         3        22   2.02196   3.67907
         3        23   4.52695
         3        24   2.30961   4.53760
         3        25   4.79186   3.35428
         3        26   4.53760   2.30961
         3        27   3.35428   4.79186
         3        28   3.92176   4.87390
         3        29   4.82114   2.15681
         3        30   4.87390   3.92176
         3        31   2.15681   4.82114
         3        32
         3        33   3.69042
         3        34
         3        35   3.69042
         3        36   4.61232
         3        37   4.77107   4.62587
         3        38   4.61232
         3        39   4.62587   4.77107
         4        16   4.82677   2.16938
         4        17   2.12119   3.58805
         4        18   2.16938   4.82677
         4        19   3.58805   2.12119
         4        20   4.76885
         4        21   4.65765   4.75318
         4        22   4.76885
         4        23   4.75318   4.65765
         4        24   4.61727   4.46707
         4        25   3.44834
         4        26   4.46707   4.61727
         4        27   3.44834
         4        28   4.67041
         4        29
         4        30   4.67041
         4        31
         4        32   2.10122   4.68338
         4        33   4.87792   3.78772
         4        34   4.68338   2.10122
         4        35   3.78772   4.87792
         4        36   3.71430
         4        37   4.67657
         4        38   3.71430
         4        39   4.67657
         5        16   2.12119   3.58805
         5        17   4.82677   2.16938
         5        18   3.58805   2.12119
         5        19   2.16938   4.82677
         5        20   4.65765   4.75318
         5        21   4.76885
         5        22   4.75318   4.65765
         5        23   4.76885
         5        24   3.44834
         5        25   4.61727   4.46707
         5        26   3.44834
         5        27   4.46707   4.61727
         5        28
         5        29   4.67041
         5        30
         5        31   4.67041
         5        32   4.87792   3.78772
         5        33   2.10122   4.68338
         5        34   3.78772   4.87792
         5        35   4.68338   2.10122
         5        36   4.67657
         5        37   3.71430
         5        38   4.67657
         5        39   3.71430
         6        16   4.82114   2.15681
         6        17   3.92176   4.87390
         6        18   2.15681   4.82114
         6        19   4.87390   3.92176
         6        20   3.69042
         6        21
         6        22   3.69042
         6        23
         6        24   4.77107   4.62587
         6        25   4.61232
         6        26   4.62587   4.77107
         6        27   4.61232
         6        28   4.68066
         6        29   4.76511   4.55354
         6        30   4.68066
         6        31   4.55354   4.76511
         6        32   4.52695
         6        33   3.67907   2.02196
         6        34   4.52695
         6        35   2.02196   3.67907
         6        36   4.79186   3.35428
         6        37   2.30961   4.53760
         6        38   3.35428   4.79186
         6        39   4.53760   2.30961
         7        16   3.92176   4.87390
         7        17   4.82114   2.15681
         7        18   4.87390   3.92176
         7        19   2.15681   4.82114
         7        20
         7        21   3.69042
         7        22
         7        23   3.69042
         7        24   4.61232
         7        25   4.77107   4.62587
         7        26   4.61232
         7        27   4.62587   4.77107
         7        28   4.76511   4.55354
         7        29   4.68066
         7        30   4.55354   4.76511
         7        31   4.68066
         7        32   3.67907   2.02196
         7        33   4.52695
         7        34   2.02196   3.67907
         7        35   4.52695
         7        36   2.30961   4.53760
         7        37   4.79186   3.35428
         7        38   4.53760   2.30961
         7        39   3.35428   4.79186
         8        16   1.73910
         8        17   3.52088   3.56620
         8        18   4.31507
         8        19   4.46526
         8        20   1.71794   4.77107
         8        21   4.54869   3.67916
         8        22   3.49976
         8        23   4.53215
         8        24   3.55628   1.79701
         8        25   1.79526   4.55755
         8        26   3.50324
         8        27   3.81565
         8        28
         8        29   4.48999
         8        30   4.65258   4.68653
         8        31   4.37223   3.61033
         8        32
         8        33   4.36498
         8        34   3.66963
         8        35   3.39271   3.59225
         8        36
         8        37
         8        38
         8        39   3.49350
         9        16   3.52088   3.56620
         9        17   1.73910
         9        18   4.46526
         9        19   4.31507
         9        20   4.54869   3.67916
         9        21   1.71794   4.77107
         9        22   4.53215
         9        23   3.49976
         9        24   1.79526   4.55755
         9        25   3.55628   1.79701
         9        26   3.81565
         9        27   3.50324
         9        28   4.48999
         9        29
         9        30   4.37223   3.61033
         9        31   4.68653   4.65258
         9        32   4.36498
         9        33
         9        34   3.39271   3.59225
         9        35   3.66963
         9        36
         9        37
         9        38   3.49350
         9        39
        10        16   4.31507
        10        17   4.46526
        10        18   1.73910
        10        19   3.56620   3.52088
        10        20   3.49976
        10        21   4.53215
        10        22   4.77107   1.71794
        10        23   3.67916   4.54869
        10        24   3.50324
        10        25   3.81565
        10        26   1.79701   3.55628
        10        27   4.55755   1.79526
        10        28   4.65258   4.68653
        10        29   3.61033   4.37223
        10        30
        10        31   4.48999
        10        32   3.66963
        10        33   3.59225   3.39271
        10        34
        10        35   4.36498
        10        36
        10        37   3.49350
        10        38
        10        39
        11        16   4.46526
        11        17   4.31507
        11        18   3.56620   3.52088
        11        19   1.73910
        11        20   4.53215
        11        21   3.49976
        11        22   3.67916   4.54869
        11        23   4.77107   1.71794
        11        24   3.81565
        11        25   3.50324
        11        26   4.55755   1.79526
        11        27   1.79701   3.55628
        11        28   3.61033   4.37223
        11        29   4.68653   4.65258
        11        30   4.48999
        11        31
        11        32   3.59225   3.39271
        11        33   3.66963
        11        34   4.36498
        11        35
        11        36   3.49350
        11        37
        11        38
        11        39
        12        16
        12        17   4.48999
        12        18   4.65258   4.68653
        12        19   4.37223   3.61033
        12        20
        12        21   4.36498
        12        22   3.66963
        12        23   3.39271   3.59225
        12        24
        12        25
        12        26
        12        27   3.49350
        12        28   1.73910
        12        29   3.52088   3.56620
        12        30   4.31507
        12        31   4.46526
        12        32   1.71794   4.77107
        12        33   4.54869   3.67916
        12        34   3.49976
        12        35   4.53215
        12        36   3.55628   1.79701
        12        37   1.79526   4.55755
        12        38   3.50324
        12        39   3.81565
        13        16   4.48999
        13        17
        13        18   4.37223   3.61033
        13        19   4.68653   4.65258
        13        20   4.36498
        13        21
        13        22   3.39271   3.59225
        13        23   3.66963
        13        24
        13        25
        13        26   3.49350
        13        27
        13        28   3.52088   3.56620
        13        29   1.73910
        13        30   4.46526
        13        31   4.31507
        13        32   4.54869   3.67916
        13        33   1.71794   4.77107
        13        34   4.53215
        13        35   3.49976
        13        36   1.79526   4.55755
        13        37   3.55628   1.79701
        13        38   3.81565
        13        39   3.50324
        14        16   4.65258   4.68653
        14        17   3.61033   4.37223
        14        18
        14        19   4.48999
        14        20   3.66963
        14        21   3.59225   3.39271
        14        22
        14        23   4.36498
        14        24
        14        25   3.49350
        14        26
        14        27
        14        28   4.31507
        14        29   4.46526
        14        30   1.73910
        14        31   3.56620   3.52088
        14        32   3.49976
        14        33   4.53215
        14        34   4.77107   1.71794
        14        35   3.67916   4.54869
        14        36   3.50324
        14        37   3.81565
        14        38   1.79701   3.55628
        14        39   4.55755   1.79526
        15        16   3.61033   4.37223
        15        17   4.68653   4.65258
        15        18   4.48999
        15        19
        15        20   3.59225   3.39271
        15        21   3.66963
        15        22   4.36498
        15        23
        15        24   3.49350
        15        25
        15        26
        15        27
        15        28   4.46526
        15        29   4.31507
        15        30   3.56620   3.52088
        15        31   1.73910
        15        32   4.53215
        15        33   3.49976
        15        34   3.67916   4.54869
        15        35   4.77107   1.71794
        15        36   3.81565
        15        37   3.50324
        15        38   4.55755   1.79526
        15        39   1.79701   3.55628
        16         0   4.67041
        16         1
        16         2   4.68066
        16         3   4.55354   4.76511
        16         4   2.16938   4.82677
        16         5   3.58805   2.12119
        16         6   2.15681   4.82114
        16         7   4.87390   3.92176
        16         8   1.73910
        16         9   3.56620   3.52088
        16        10   4.31507
        16        11   4.46526
        16        12
        16        13   4.48999
        16        14   4.68653   4.65258
        16        15   4.37223   3.61033
        17         0
        17         1   4.67041
        17         2   4.55354   4.76511
        17         3   4.68066
        17         4   3.58805   2.12119
        17         5   2.16938   4.82677
        17         6   4.87390   3.92176
        17         7   2.15681   4.82114
        17         8   3.56620   3.52088
        17         9   1.73910
        17        10   4.46526
        17        11   4.31507
        17        12   4.48999
        17        13
        17        14   4.37223   3.61033
        17        15   4.65258   4.68653
        18         0   4.67041
        18         1
        18         2   4.68066
        18         3   4.76511   4.55354
        18         4   4.82677   2.16938
        18         5   2.12119   3.58805
        18         6   4.82114   2.15681
        18         7   3.92176   4.87390
        18         8   4.31507
        18         9   4.46526
        18        10   1.73910
        18        11   3.52088   3.56620
        18        12   4.68653   4.65258
        18        13   3.61033   4.37223
        18        14
        18        15   4.48999
        19         0
        19         1   4.67041
        19         2   4.76511   4.55354
        19         3   4.68066
        19         4   2.12119   3.58805
        19         5   4.82677   2.16938
        19         6   3.92176   4.87390
        19         7   4.82114   2.15681
        19         8   4.46526
        19         9   4.31507
        19        10   3.52088   3.56620
        19        11   1.73910
        19        12   3.61033   4.37223
        19        13   4.65258   4.68653
        19        14   4.48999
        19        15
        20         0   4.68338   2.10122
        20         1   3.78772   4.87792
        20         2   4.52695
        20         3   2.02196   3.67907
        20         4   4.76885
        20         5   4.75318   4.65765
        20         6   3.69042
        20         7
        20         8   4.77107   1.71794
        20         9   3.67916   4.54869
        20        10   3.49976
        20        11   4.53215
        20        12
        20        13   4.36498
        20        14   3.66963
        20        15   3.39271   3.59225
        21         0   3.78772   4.87792
        21         1   4.68338   2.10122
        21         2   2.02196   3.67907
        21         3   4.52695
        21         4   4.75318   4.65765
        21         5   4.76885
        21         6
        21         7   3.69042
        21         8   3.67916   4.54869
        21         9   4.77107   1.71794
        21        10   4.53215
        21        11   3.49976
        21        12   4.36498
        21        13
        21        14   3.39271   3.59225
        21        15   3.66963
        22         0   2.10122   4.68338
        22         1   4.87792   3.78772
        22         2   4.52695
        22         3   3.67907   2.02196
        22         4   4.76885
        22         5   4.65765   4.75318
        22         6   3.69042
        22         7
        22         8   3.49976
        22         9   4.53215
        22        10   1.71794   4.77107
        22        11   4.54869   3.67916
        22        12   3.66963
        22        13   3.59225   3.39271
        22        14
        22        15   4.36498
        23         0   4.87792   3.78772
        23         1   2.10122   4.68338
        23         2   3.67907   2.02196
        23         3   4.52695
        23         4   4.65765   4.75318
        23         5   4.76885
        23         6
        23         7   3.69042
        23         8   4.53215
        23         9   3.49976
        23        10   4.54869   3.67916
        23        11   1.71794   4.77107
        23        12   3.59225   3.39271
        23        13   3.66963
        23        14   4.36498
        23        15
        24         0   3.71430
        24         1   4.67657
        24         2   3.35428   4.79186
        24         3   4.53760   2.30961
        24         4   4.46707   4.61727
        24         5   3.44834
        24         6   4.62587   4.77107
        24         7   4.61232
        24         8   1.79701   3.55628
        24         9   4.55755   1.79526
        24        10   3.50324
        24        11   3.81565
        24        12
        24        13
        24        14
        24        15   3.49350
        25         0   4.67657
        25         1   3.71430
        25         2   4.53760   2.30961
        25         3   3.35428   4.79186
        25         4   3.44834
        25         5   4.46707   4.61727
        25         6   4.61232
        25         7   4.62587   4.77107
        25         8   4.55755   1.79526
        25         9   1.79701   3.55628
        25        10   3.81565
        25        11   3.50324
        25        12
        25        13
        25        14   3.49350
        25        15
        26         0   3.71430
        26         1   4.67657
        26         2   4.79186   3.35428
        26         3   2.30961   4.53760
        26         4   4.61727   4.46707
        26         5   3.44834
        26         6   4.77107   4.62587
        26         7   4.61232
        26         8   3.50324
        26         9   3.81565
        26        10   3.55628   1.79701
        26        11   1.79526   4.55755
        26        12
        26        13   3.49350
        26        14
        26        15
        27         0   4.67657
        27         1   3.71430
        27         2   2.30961   4.53760
        27         3   4.79186   3.35428
        27         4   3.44834
        27         5   4.61727   4.46707
        27         6   4.61232
        27         7   4.77107   4.62587
        27         8   3.81565
        27         9   3.50324
        27        10   1.79526   4.55755
        27        11   3.55628   1.79701
        27        12   3.49350
        27        13
        27        14
        27        15
        28         0   2.16938   4.82677
        28         1   3.58805   2.12119
        28         2   2.15681   4.82114
        28         3   4.87390   3.92176
        28         4   4.67041
        28         5
        28         6   4.68066
        28         7   4.55354   4.76511
        28         8
        28         9   4.48999
        28        10   4.68653   4.65258
        28        11   4.37223   3.61033
        28        12   1.73910
        28        13   3.56620   3.52088
        28        14   4.31507
        28        15   4.46526
        29         0   3.58805   2.12119
        29         1   2.16938   4.82677
        29         2   4.87390   3.92176
        29         3   2.15681   4.82114
        29         4
        29         5   4.67041
        29         6   4.55354   4.76511
        29         7   4.68066
        29         8   4.48999
        29         9
        29        10   4.37223   3.61033
        29        11   4.65258   4.68653
        29        12   3.56620   3.52088
        29        13   1.73910
        29        14   4.46526
        29        15   4.31507
        30         0   4.82677   2.16938
        30         1   2.12119   3.58805
        30         2   4.82114   2.15681
        30         3   3.92176   4.87390
        30         4   4.67041
        30         5
        30         6   4.68066
        30         7   4.76511   4.55354
        30         8   4.68653   4.65258
        30         9   3.61033   4.37223
        30        10
        30        11   4.48999
        30        12   4.31507
        30        13   4.46526
        30        14   1.73910
        30        15   3.52088   3.56620
        31         0   2.12119   3.58805
        31         1   4.82677   2.16938
        31         2   3.92176   4.87390
        31         3   4.82114   2.15681
        31         4
        31         5   4.67041
        31         6   4.76511   4.55354
        31         7   4.68066
        31         8   3.61033   4.37223
        31         9   4.65258   4.68653
        31        10   4.48999
        31        11
        31        12   4.46526
        31        13   4.31507
        31        14   3.52088   3.56620
        31        15   1.73910
        32         0   4.76885
        32         1   4.75318   4.65765
        32         2   3.69042
        32         3
        32         4   4.68338   2.10122
        32         5   3.78772   4.87792
        32         6   4.52695
        32         7   2.02196   3.67907
        32         8
        32         9   4.36498
        32        10   3.66963
        32        11   3.39271   3.59225
        32        12   4.77107   1.71794
        32        13   3.67916   4.54869
        32        14   3.49976
        32        15   4.53215
        33         0   4.75318   4.65765
        33         1   4.76885
        33         2
        33         3   3.69042
        33         4   3.78772   4.87792
        33         5   4.68338   2.10122
        33         6   2.02196   3.67907
        33         7   4.52695
        33         8   4.36498
        33         9
        33        10   3.39271   3.59225
        33        11   3.66963
        33        12   3.67916   4.54869
        33        13   4.77107   1.71794
        33        14   4.53215
        33        15   3.49976
        34         0   4.76885
        34         1   4.65765   4.75318
        34         2   3.69042
        34         3
        34         4   2.10122   4.68338
        34         5   4.87792   3.78772
        34         6   4.52695
        34         7   3.67907   2.02196
        34         8   3.66963
        34         9   3.59225   3.39271
        34        10
        34        11   4.36498
        34        12   3.49976
        34        13   4.53215
        34        14   1.71794   4.77107
        34        15   4.54869   3.67916
        35         0   4.65765   4.75318
        35         1   4.76885
        35         2
        35         3   3.69042
        35         4   4.87792   3.78772
        35         5   2.10122   4.68338
        35         6   3.67907   2.02196
        35         7   4.52695
        35         8   3.59225   3.39271
        35         9   3.66963
        35        10   4.36498
        35        11
        35        12   4.53215
        35        13   3.49976
        35        14   4.54869   3.67916
        35        15   1.71794   4.77107
        36         0   4.46707   4.61727
        36         1   3.44834
        36         2   4.62587   4.77107
        36         3   4.61232
        36         4   3.71430
        36         5   4.67657
        36         6   3.35428   4.79186
        36         7   4.53760   2.30961
        36         8
        36         9
        36        10
        36        11   3.49350
        36        12   1.79701   3.55628
        36        13   4.55755   1.79526
        36        14   3.50324
        36        15   3.81565
        37         0   3.44834
        37         1   4.46707   4.61727
        37         2   4.61232
        37         3   4.62587   4.77107
        37         4   4.67657
        37         5   3.71430
        37         6   4.53760   2.30961
        37         7   3.35428   4.79186
        37         8
        37         9
        37        10   3.49350
        37        11
        37        12   4.55755   1.79526
        37        13   1.79701   3.55628
        37        14   3.81565
        37        15   3.50324
        38         0   4.61727   4.46707
        38         1   3.44834
        38         2   4.77107   4.62587
        38         3   4.61232
        38         4   3.71430
        38         5   4.67657
        38         6   4.79186   3.35428
        38         7   2.30961   4.53760
        38         8
        38         9   3.49350
        38        10
        38        11
        38        12   3.50324
        38        13   3.81565
        38        14   3.55628   1.79701
        38        15   1.79526   4.55755
        39         0   3.44834
        39         1   4.61727   4.46707
        39         2   4.61232
        39         3   4.77107   4.62587
        39         4   4.67657
        39         5   3.71430
        39         6   2.30961   4.53760
        39         7   4.79186   3.35428
        39         8   3.49350
        39         9
        39        10
        39        11
        39        12   3.81565
        39        13   3.50324
        39        14   1.79526   4.55755
        39        15   3.55628   1.79701
