 5.3035  0  0  8.84127633410436e-16  14.4389  0  3.3664928185161164e-16  0.0  5.4979 
5
0 16  -1.1572237  -1.8250769600000014  1.18589703 
0 17  -1.1572237000000005  -8.539165460000001  1.18589703 
0 18  1.3651209000000009  5.39437304  4.07119495 
0 19  -1.2866290999999994  5.39437304  3.93484703 
0 20  1.494526299999999  -8.539165460000001  1.3222449500000002 
0 21  1.494526299999999  -1.8250769600000014  1.3222449500000002 
0 22  -1.2866290999999999  -1.3197154600000012  3.93484703 
0 23  1.3651209000000004  -1.3197154600000012  4.07119495 
0 24  -2.4014248  0.4735959199999993  0.29523722999999996 
0 25  -2.4014247999999996  3.601061659999999  0.29523722999999996 
0 26  2.6093219999999993  -6.745854080000001  4.96185475 
0 27  -0.042428000000000576  -6.745854080000001  3.0441872299999995 
0 28  0.25032520000000025  3.601061659999999  2.21290475 
0 29  0.2503251999999998  0.4735959199999993  2.21290475 
0 30  -0.04242800000000013  -3.618388340000001  3.0441872299999995 
0 31  2.6093219999999993  -3.618388340000001  4.96185475 
0 32  0.6051293500000003  2.0373287899999983  4.693557230000001 
0 33  -0.39723215000000023  -5.182121210000001  0.56353475 
0 34  2.2545178499999987  -5.182121210000001  1.9446072299999997 
0 35  -2.0466206499999995  2.0373287899999983  3.3124847499999994 
1 16  -1.1572237000000005  -5.89973454  1.18589703 
1 17  -1.157223700000001  -12.61382304  1.18589703 
1 18  1.3651209000000004  1.3197154600000012  4.07119495 
1 19  -1.2866290999999999  1.3197154600000012  3.93484703 
1 20  1.4945262999999986  -12.61382304  1.3222449500000002 
1 21  1.4945262999999986  -5.89973454  1.3222449500000002 
1 22  -1.2866291000000003  -5.39437304  3.93484703 
1 23  1.3651209  -5.39437304  4.07119495 
1 24  -2.4014248000000005  -3.601061659999999  0.29523722999999996 
1 25  -2.4014248  -0.4735959199999993  0.29523722999999996 
1 26  2.609321999999999  -10.82051166  4.96185475 
1 27  -0.04242800000000102  -10.82051166  3.0441872299999995 
1 28  0.2503251999999998  -0.4735959199999993  2.21290475 
1 29  0.25032519999999936  -3.601061659999999  2.21290475 
1 30  -0.042428000000000576  -7.693045919999999  3.0441872299999995 
1 31  2.609321999999999  -7.693045919999999  4.96185475 
1 32  0.6051293499999999  -2.03732879  4.693557230000001 
1 33  -0.39723215000000067  -9.256778789999998  0.56353475 
1 34  2.2545178499999983  -9.256778789999998  1.9446072299999997 
1 35  -2.04662065  -2.03732879  3.3124847499999994 
2 16  -1.3651208999999997  5.39437304  -4.071194949999999 
2 17  -1.3651209000000002  -1.3197154599999998  -4.071194949999999 
2 18  1.1572237000000012  12.61382304  -1.1858970299999996 
2 19  -1.494526299999999  12.61382304  -1.322244949999999 
2 20  1.2866290999999994  -1.3197154599999998  -3.934847029999999 
2 21  1.2866290999999994  5.39437304  -3.934847029999999 
2 22  -1.4945262999999995  5.89973454  -1.322244949999999 
2 23  1.1572237000000007  5.89973454  -1.1858970299999996 
2 24  -2.6093219999999997  7.69304592  -4.961854749999999 
2 25  -2.6093219999999993  10.820511660000001  -4.961854749999999 
2 26  2.4014247999999996  0.47359592000000017  -0.2952372299999997 
2 27  -0.25032520000000025  0.47359592000000017  -2.2129047499999994 
2 28  0.042428000000000576  10.820511660000001  -3.044187229999999 
2 29  0.04242800000000013  7.69304592  -3.044187229999999 
2 30  -0.2503251999999998  3.60106166  -2.2129047499999994 
2 31  2.4014247999999996  3.60106166  -0.2952372299999997 
2 32  0.39723215000000067  9.256778789999998  -0.5635347499999988 
2 33  -0.6051293499999999  2.03732879  -4.693557229999999 
2 34  2.046620649999999  2.03732879  -3.3124847499999994 
2 35  -2.254517849999999  9.256778789999998  -1.9446072299999995 
3 16  1.2866291  5.39437304  -1.56305297 
3 17  1.2866290999999996  -1.3197154599999998  -1.56305297 
3 18  3.808973700000001  12.61382304  1.3222449499999995 
3 19  1.1572237000000007  12.61382304  1.18589703 
3 20  3.9383790999999992  -1.3197154599999998  -1.4267050499999998 
3 21  3.9383790999999992  5.39437304  -1.4267050499999998 
3 22  1.1572237000000003  5.89973454  1.18589703 
3 23  3.8089737000000006  5.89973454  1.3222449499999995 
3 24  0.04242800000000031  7.69304592  -2.45371277 
3 25  0.04242800000000051  10.820511660000001  -2.45371277 
3 26  5.0531748  0.47359592000000017  2.2129047499999994 
3 27  2.4014247999999996  0.47359592000000017  0.2952372299999997 
3 28  2.6941780000000004  10.820511660000001  -0.5360452499999999 
3 29  2.694178  7.69304592  -0.5360452499999999 
3 30  2.4014248  3.60106166  0.2952372299999997 
3 31  5.0531748  3.60106166  2.2129047499999994 
3 32  3.0489821500000005  9.256778789999998  1.9446072300000004 
3 33  2.04662065  2.03732879  -2.18541525 
3 34  4.698370649999999  2.03732879  -0.8043427700000003 
3 35  0.39723215000000056  9.256778789999998  0.5635347499999996 
4 16  -3.8089737  -5.89973454  -1.3222449500000002 
4 17  -3.808973700000001  -12.61382304  -1.3222449500000002 
4 18  -1.2866290999999994  1.3197154600000012  1.5630529699999993 
4 19  -3.9383790999999997  1.3197154600000012  1.4267050499999998 
4 20  -1.1572237000000012  -12.61382304  -1.18589703 
4 21  -1.1572237000000012  -5.89973454  -1.18589703 
4 22  -3.9383791  -5.39437304  1.4267050499999998 
4 23  -1.2866290999999999  -5.39437304  1.5630529699999993 
4 24  -5.0531748  -3.601061659999999  -2.2129047500000003 
4 25  -5.0531748  -0.4735959199999993  -2.2129047500000003 
4 26  -0.04242800000000102  -10.82051166  2.453712769999999 
4 27  -2.694178000000001  -10.82051166  0.5360452499999995 
4 28  -2.4014248  -0.4735959199999993  -0.29523723000000013 
4 29  -2.4014248000000005  -3.601061659999999  -0.29523723000000013 
4 30  -2.6941780000000004  -7.693045919999999  0.5360452499999995 
4 31  -0.04242800000000102  -7.693045919999999  2.453712769999999 
4 32  -2.04662065  -2.03732879  2.18541525 
4 33  -3.0489821500000005  -9.256778789999998  -1.9446072300000001 
4 34  -0.39723215000000156  -9.256778789999998  -0.5635347500000005 
4 35  -4.69837065  -2.03732879  0.8043427699999994 
5 16  -3.8089737  -1.8250769600000014  -1.3222449500000002 
5 17  -3.808973700000001  -8.539165460000001  -1.3222449500000002 
5 18  -1.2866290999999994  5.39437304  1.5630529699999993 
5 19  -3.9383790999999997  5.39437304  1.4267050499999998 
5 20  -1.1572237000000012  -8.539165460000001  -1.18589703 
5 21  -1.1572237000000012  -1.8250769600000014  -1.18589703 
5 22  -3.9383791  -1.3197154600000012  1.4267050499999998 
5 23  -1.2866290999999999  -1.3197154600000012  1.5630529699999993 
5 24  -5.0531748  0.4735959199999993  -2.2129047500000003 
5 25  -5.0531748  3.601061659999999  -2.2129047500000003 
5 26  -0.04242800000000102  -6.745854080000001  2.453712769999999 
5 27  -2.694178000000001  -6.745854080000001  0.5360452499999995 
5 28  -2.4014248  3.601061659999999  -0.29523723000000013 
5 29  -2.4014248000000005  0.4735959199999993  -0.29523723000000013 
5 30  -2.6941780000000004  -3.618388340000001  0.5360452499999995 
5 31  -0.04242800000000102  -3.618388340000001  2.453712769999999 
5 32  -2.04662065  2.0373287899999983  2.18541525 
5 33  -3.0489821500000005  -5.182121210000001  -1.9446072300000001 
5 34  -0.39723215000000156  -5.182121210000001  -0.5635347500000005 
5 35  -4.69837065  2.0373287899999983  0.8043427699999994 
6 16  1.2866290999999999  1.3197154599999994  -1.56305297 
6 17  1.2866290999999994  -5.3943730400000005  -1.56305297 
6 18  3.8089737000000006  8.53916546  1.3222449499999995 
6 19  1.1572237000000005  8.53916546  1.18589703 
6 20  3.938379099999999  -5.3943730400000005  -1.4267050499999998 
6 21  3.938379099999999  1.3197154599999994  -1.4267050499999998 
6 22  1.1572237  1.8250769599999996  1.18589703 
6 23  3.8089737  1.8250769599999996  1.3222449499999995 
6 24  0.04242800000000006  3.61838834  -2.45371277 
6 25  0.04242800000000026  6.74585408  -2.45371277 
6 26  5.053174799999999  -3.60106166  2.2129047499999994 
6 27  2.401424799999999  -3.60106166  0.2952372299999997 
6 28  2.694178  6.74585408  -0.5360452499999999 
6 29  2.6941779999999995  3.61838834  -0.5360452499999999 
6 30  2.4014247999999996  -0.47359592000000017  0.2952372299999997 
6 31  5.053174799999999  -0.47359592000000017  2.2129047499999994 
6 32  3.04898215  5.182121209999999  1.9446072300000004 
6 33  2.0466206499999995  -2.03732879  -2.18541525 
6 34  4.698370649999998  -2.03732879  -0.8043427700000003 
6 35  0.39723215000000034  5.182121209999999  0.5635347499999996 
7 16  -1.3651209000000002  1.3197154599999994  -4.071194949999999 
7 17  -1.3651209000000006  -5.3943730400000005  -4.071194949999999 
7 18  1.1572237000000007  8.53916546  -1.1858970299999996 
7 19  -1.4945262999999995  8.53916546  -1.322244949999999 
7 20  1.286629099999999  -5.3943730400000005  -3.934847029999999 
7 21  1.286629099999999  1.3197154599999994  -3.934847029999999 
7 22  -1.4945263  1.8250769599999996  -1.322244949999999 
7 23  1.1572237000000003  1.8250769599999996  -1.1858970299999996 
7 24  -2.609322  3.61838834  -4.961854749999999 
7 25  -2.6093219999999997  6.74585408  -4.961854749999999 
7 26  2.401424799999999  -3.60106166  -0.2952372299999997 
7 27  -0.2503252000000007  -3.60106166  -2.2129047499999994 
7 28  0.04242800000000013  6.74585408  -3.044187229999999 
7 29  0.04242799999999969  3.61838834  -3.044187229999999 
7 30  -0.25032520000000025  -0.47359592000000017  -2.2129047499999994 
7 31  2.401424799999999  -0.47359592000000017  -0.2952372299999997 
7 32  0.39723215000000023  5.182121209999999  -0.5635347499999988 
7 33  -0.6051293500000003  -2.03732879  -4.693557229999999 
7 34  2.0466206499999986  -2.03732879  -3.3124847499999994 
7 35  -2.2545178499999996  5.182121209999999  -1.9446072299999995 
8 16  1.3905777  -0.25268075000000056  1.30630104 
8 17  1.3905776999999995  -6.9667692500000005  1.30630104 
8 18  3.912922300000001  6.9667692500000005  4.191598959999999 
8 19  1.2611723000000006  6.9667692500000005  4.05525104 
8 20  4.0423276999999995  -6.9667692500000005  1.44264896 
8 21  4.0423276999999995  -0.25268075000000056  1.44264896 
8 22  1.2611723000000001  0.2526807499999997  4.05525104 
8 23  3.9129223000000004  0.2526807499999997  4.191598959999999 
8 24  0.14637660000000013  2.04599213  0.41564123999999997 
8 25  0.14637660000000033  5.17345787  0.41564123999999997 
8 26  5.1571234  -5.17345787  5.082258759999999 
8 27  2.5053733999999994  -5.17345787  3.1645912399999996 
8 28  2.7981266000000002  5.17345787  2.33330876 
8 29  2.7981266  2.04599213  2.33330876 
8 30  2.5053734  -2.04599213  3.1645912399999996 
8 31  5.1571234  -2.04599213  5.082258759999999 
8 32  3.1529307500000003  3.609724999999999  4.81396124 
8 33  2.1505692499999998  -3.609725  0.68393876 
8 34  4.802319249999999  -3.609725  2.0650112399999996 
8 35  0.5011807500000004  3.609724999999999  3.4328887599999995 
9 16  1.3905777000000004  6.96676925  1.30630104 
9 17  1.3905777  0.25268075  1.30630104 
9 18  3.9129223000000013  14.18621925  4.191598959999999 
9 19  1.261172300000001  14.18621925  4.05525104 
9 20  4.0423276999999995  0.25268075  1.44264896 
9 21  4.0423276999999995  6.96676925  1.44264896 
9 22  1.2611723000000006  7.47213075  4.05525104 
9 23  3.912922300000001  7.47213075  4.191598959999999 
9 24  0.14637660000000058  9.26544213  0.41564123999999997 
9 25  0.14637660000000077  12.39290787  0.41564123999999997 
9 26  5.1571234  2.04599213  5.082258759999999 
9 27  2.5053734  2.04599213  3.1645912399999996 
9 28  2.7981266000000007  12.39290787  2.33330876 
9 29  2.7981266000000002  9.26544213  2.33330876 
9 30  2.5053734000000003  5.17345787  3.1645912399999996 
9 31  5.1571234  5.17345787  5.082258759999999 
9 32  3.152930750000001  10.829175  4.81396124 
9 33  2.15056925  3.609725  0.68393876 
9 34  4.802319249999999  3.609725  2.0650112399999996 
9 35  0.5011807500000008  10.829175  3.4328887599999995 
10 16  -1.2611722999999995  6.96676925  -1.4426489599999999 
10 17  -1.2611723  0.25268075  -1.4426489599999999 
10 18  1.2611723000000015  14.18621925  1.4426489599999996 
10 19  -1.3905776999999988  14.18621925  1.3063010400000001 
10 20  1.3905776999999997  0.25268075  -1.3063010399999997 
10 21  1.3905776999999997  6.96676925  -1.3063010399999997 
10 22  -1.3905776999999993  7.47213075  1.3063010400000001 
10 23  1.261172300000001  7.47213075  1.4426489599999996 
10 24  -2.5053733999999994  9.26544213  -2.33330876 
10 25  -2.505373399999999  12.39290787  -2.33330876 
10 26  2.5053734  2.04599213  2.3333087599999995 
10 27  -0.14637659999999997  2.04599213  0.4156412399999998 
10 28  0.14637660000000086  12.39290787  -0.4156412399999998 
10 29  0.1463766000000004  9.26544213  -0.4156412399999998 
10 30  -0.14637659999999952  5.17345787  0.4156412399999998 
10 31  2.5053734  5.17345787  2.3333087599999995 
10 32  0.501180750000001  10.829175  2.0650112400000005 
10 33  -0.5011807499999996  3.609725  -2.0650112399999996 
10 34  2.1505692499999993  3.609725  -0.6839387600000002 
10 35  -2.150569249999999  10.829175  0.6839387599999998 
11 16  -1.2611723  -0.25268075000000056  -1.4426489599999999 
11 17  -1.2611723000000004  -6.9667692500000005  -1.4426489599999999 
11 18  1.261172300000001  6.9667692500000005  1.4426489599999996 
11 19  -1.3905776999999993  6.9667692500000005  1.3063010400000001 
11 20  1.3905776999999993  -6.9667692500000005  -1.3063010399999997 
11 21  1.3905776999999993  -0.25268075000000056  -1.3063010399999997 
11 22  -1.3905776999999997  0.2526807499999997  1.3063010400000001 
11 23  1.2611723000000006  0.2526807499999997  1.4426489599999996 
11 24  -2.5053734  2.04599213  -2.33330876 
11 25  -2.5053733999999994  5.17345787  -2.33330876 
11 26  2.5053733999999994  -5.17345787  2.3333087599999995 
11 27  -0.1463766000000004  -5.17345787  0.4156412399999998 
11 28  0.1463766000000004  5.17345787  -0.4156412399999998 
11 29  0.14637659999999997  2.04599213  -0.4156412399999998 
11 30  -0.14637659999999997  -2.04599213  0.4156412399999998 
11 31  2.5053733999999994  -2.04599213  2.3333087599999995 
11 32  0.5011807500000005  3.609724999999999  2.0650112400000005 
11 33  -0.5011807500000001  -3.609725  -2.0650112399999996 
11 34  2.150569249999999  -3.609725  -0.6839387600000002 
11 35  -2.1505692499999993  3.609724999999999  0.6839387599999998 
12 16  -3.62069945  -3.8624057499999997  -3.8353350399999995 
12 17  -3.620699450000001  -10.57649425  -3.8353350399999995 
12 18  -1.0983548499999993  3.3570442500000013  -0.9500371200000002 
12 19  -3.7501048499999996  3.3570442500000013  -1.0863850399999997 
12 20  -0.9689494500000011  -10.57649425  -3.6989871199999995 
12 21  -0.9689494500000011  -3.8624057499999997  -3.6989871199999995 
12 22  -3.75010485  -3.3570442499999995  -1.0863850399999997 
12 23  -1.0983548499999998  -3.3570442499999995  -0.9500371200000002 
12 24  -4.86490055  -1.563732869999999  -4.725994839999999 
12 25  -4.86490055  1.5637328700000008  -4.725994839999999 
12 26  0.14584624999999907  -8.78318287  -0.05937732000000029 
12 27  -2.5059037500000008  -8.78318287  -1.97704484 
12 28  -2.21315055  1.5637328700000008  -2.8083273199999996 
12 29  -2.2131505500000004  -1.563732869999999  -2.8083273199999996 
12 30  -2.5059037500000003  -5.655717129999999  -1.97704484 
12 31  0.14584624999999907  -5.655717129999999  -0.05937732000000029 
12 32  -1.8583463999999998  0.0  -0.32767483999999936 
12 33  -2.8607079000000004  -7.219449999999999  -4.457697319999999 
12 34  -0.20895790000000147  -7.219449999999999  -3.07662484 
12 35  -4.5100964  0.0  -1.70874732 
13 16  1.0983548500000002  3.3570442499999995  0.95003712 
13 17  1.0983548499999998  -3.35704425  0.95003712 
13 18  3.620699450000001  10.57649425  3.8353350399999995 
13 19  0.9689494500000009  10.57649425  3.69898712 
13 20  3.750104849999999  -3.35704425  1.0863850400000001 
13 21  3.750104849999999  3.3570442499999995  1.0863850400000001 
13 22  0.9689494500000004  3.8624057499999997  3.69898712 
13 23  3.6206994500000005  3.8624057499999997  3.8353350399999995 
13 24  -0.14584624999999962  5.65571713  0.05937732000000001 
13 25  -0.14584624999999943  8.783182870000001  0.05937732000000001 
13 26  4.86490055  -1.56373287  4.725994839999999 
13 27  2.2131505499999995  -1.56373287  2.8083273199999996 
13 28  2.5059037500000003  8.783182870000001  1.97704484 
13 29  2.50590375  5.65571713  1.97704484 
13 30  2.21315055  1.56373287  2.8083273199999996 
13 31  4.86490055  1.56373287  4.725994839999999 
13 32  2.8607079000000004  7.219449999999999  4.45769732 
13 33  1.8583464  0.0  0.32767484 
13 34  4.510096399999999  0.0  1.7087473199999996 
13 35  0.20895790000000064  7.219449999999999  3.0766248399999996 
14 16  -1.5533951499999998  3.3570442499999995  -1.08638504 
14 17  -1.5533951500000003  -3.35704425  -1.08638504 
14 18  0.9689494500000011  10.57649425  1.7989128799999996 
14 19  -1.6828005499999992  10.57649425  1.66256496 
14 20  1.0983548499999993  -3.35704425  -0.9500371199999997 
14 21  1.0983548499999993  3.3570442499999995  -0.9500371199999997 
14 22  -1.6828005499999996  3.8624057499999997  1.66256496 
14 23  0.9689494500000007  3.8624057499999997  1.7989128799999996 
14 24  -2.79759625  5.65571713  -1.9770448399999998 
14 25  -2.7975962499999993  8.783182870000001  -1.9770448399999998 
14 26  2.2131505499999995  -1.56373287  2.6895726799999995 
14 27  -0.43859945000000033  -1.56373287  0.7719051599999998 
14 28  -0.1458462499999995  8.783182870000001  -0.059377319999999845 
14 29  -0.14584624999999996  5.65571713  -0.059377319999999845 
14 30  -0.4385994499999999  1.56373287  0.7719051599999998 
14 31  2.2131505499999995  1.56373287  2.6895726799999995 
14 32  0.20895790000000058  7.219449999999999  2.4212751600000004 
14 33  -0.7934036  0.0  -1.7087473199999998 
14 34  1.858346399999999  0.0  -0.32767484000000024 
14 35  -2.4427920999999992  7.219449999999999  1.0402026799999997 
15 16  -0.96894945  -3.8624057499999997  -1.7989128799999998 
15 17  -0.9689494500000004  -10.57649425  -1.7989128799999998 
15 18  1.553395150000001  3.3570442500000013  1.0863850399999997 
15 19  -1.0983548499999993  3.3570442500000013  0.9500371200000002 
15 20  1.6828005499999992  -10.57649425  -1.6625649599999996 
15 21  1.6828005499999992  -3.8624057499999997  -1.6625649599999996 
15 22  -1.0983548499999998  -3.3570442499999995  0.9500371200000002 
15 23  1.5533951500000005  -3.3570442499999995  1.0863850399999997 
15 24  -2.21315055  -1.563732869999999  -2.68957268 
15 25  -2.2131505499999995  1.5637328700000008  -2.68957268 
15 26  2.7975962499999993  -8.78318287  1.9770448399999996 
15 27  0.1458462499999995  -8.78318287  0.059377319999999845 
15 28  0.43859945000000033  1.5637328700000008  -0.7719051599999998 
15 29  0.4385994499999999  -1.563732869999999  -0.7719051599999998 
15 30  0.14584624999999996  -5.655717129999999  0.059377319999999845 
15 31  2.7975962499999993  -5.655717129999999  1.9770448399999996 
15 32  0.7934036000000004  0.0  1.7087473200000005 
15 33  -0.20895790000000014  -7.219449999999999  -2.4212751599999995 
15 34  2.442792099999999  -7.219449999999999  -1.0402026800000002 
15 35  -1.8583463999999994  0.0  0.3276748399999998 
16 0  1.1572237  1.8250769600000014  -1.18589703 
16 1  1.1572237000000005  5.89973454  -1.18589703 
16 2  1.3651208999999997  -5.39437304  4.071194949999999 
16 3  -1.2866291  -5.39437304  1.56305297 
16 4  3.8089737  5.89973454  1.3222449500000002 
16 5  3.8089737  1.8250769600000014  1.3222449500000002 
16 6  -1.2866290999999999  -1.3197154599999994  1.56305297 
16 7  1.3651209000000002  -1.3197154599999994  4.071194949999999 
16 8  -1.3905777  0.25268075000000056  -1.30630104 
16 9  -1.3905777000000004  -6.96676925  -1.30630104 
16 10  1.2611722999999995  -6.96676925  1.4426489599999999 
16 11  1.2611723  0.25268075000000056  1.4426489599999999 
16 12  3.62069945  3.8624057499999997  3.8353350399999995 
16 13  -1.0983548500000002  -3.3570442499999995  -0.95003712 
16 14  1.5533951499999998  -3.3570442499999995  1.08638504 
16 15  0.96894945  3.8624057499999997  1.7989128799999998 
17 0  1.1572237000000005  8.539165460000001  -1.18589703 
17 1  1.157223700000001  12.61382304  -1.18589703 
17 2  1.3651209000000002  1.3197154599999998  4.071194949999999 
17 3  -1.2866290999999996  1.3197154599999998  1.56305297 
17 4  3.808973700000001  12.61382304  1.3222449500000002 
17 5  3.808973700000001  8.539165460000001  1.3222449500000002 
17 6  -1.2866290999999994  5.3943730400000005  1.56305297 
17 7  1.3651209000000006  5.3943730400000005  4.071194949999999 
17 8  -1.3905776999999995  6.9667692500000005  -1.30630104 
17 9  -1.3905777  -0.25268075  -1.30630104 
17 10  1.2611723  -0.25268075  1.4426489599999999 
17 11  1.2611723000000004  6.9667692500000005  1.4426489599999999 
17 12  3.620699450000001  10.57649425  3.8353350399999995 
17 13  -1.0983548499999998  3.35704425  -0.95003712 
17 14  1.5533951500000003  3.35704425  1.08638504 
17 15  0.9689494500000004  10.57649425  1.7989128799999998 
18 0  -1.3651209000000009  -5.39437304  -4.07119495 
18 1  -1.3651209000000004  -1.3197154600000012  -4.07119495 
18 2  -1.1572237000000012  -12.61382304  1.1858970299999996 
18 3  -3.808973700000001  -12.61382304  -1.3222449499999995 
18 4  1.2866290999999994  -1.3197154600000012  -1.5630529699999993 
18 5  1.2866290999999994  -5.39437304  -1.5630529699999993 
18 6  -3.8089737000000006  -8.53916546  -1.3222449499999995 
18 7  -1.1572237000000007  -8.53916546  1.1858970299999996 
18 8  -3.912922300000001  -6.9667692500000005  -4.191598959999999 
18 9  -3.9129223000000013  -14.18621925  -4.191598959999999 
18 10  -1.2611723000000015  -14.18621925  -1.4426489599999996 
18 11  -1.261172300000001  -6.9667692500000005  -1.4426489599999996 
18 12  1.0983548499999993  -3.3570442500000013  0.9500371200000002 
18 13  -3.620699450000001  -10.57649425  -3.8353350399999995 
18 14  -0.9689494500000011  -10.57649425  -1.7989128799999996 
18 15  -1.553395150000001  -3.3570442500000013  -1.0863850399999997 
19 0  1.2866290999999994  -5.39437304  -3.93484703 
19 1  1.2866290999999999  -1.3197154600000012  -3.93484703 
19 2  1.494526299999999  -12.61382304  1.322244949999999 
19 3  -1.1572237000000007  -12.61382304  -1.18589703 
19 4  3.9383790999999997  -1.3197154600000012  -1.4267050499999998 
19 5  3.9383790999999997  -5.39437304  -1.4267050499999998 
19 6  -1.1572237000000005  -8.53916546  -1.18589703 
19 7  1.4945262999999995  -8.53916546  1.322244949999999 
19 8  -1.2611723000000006  -6.9667692500000005  -4.05525104 
19 9  -1.261172300000001  -14.18621925  -4.05525104 
19 10  1.3905776999999988  -14.18621925  -1.3063010400000001 
19 11  1.3905776999999993  -6.9667692500000005  -1.3063010400000001 
19 12  3.7501048499999996  -3.3570442500000013  1.0863850399999997 
19 13  -0.9689494500000009  -10.57649425  -3.69898712 
19 14  1.6828005499999992  -10.57649425  -1.66256496 
19 15  1.0983548499999993  -3.3570442500000013  -0.9500371200000002 
20 0  -1.494526299999999  8.539165460000001  -1.3222449500000002 
20 1  -1.4945262999999986  12.61382304  -1.3222449500000002 
20 2  -1.2866290999999994  1.3197154599999998  3.934847029999999 
20 3  -3.9383790999999992  1.3197154599999998  1.4267050499999998 
20 4  1.1572237000000012  12.61382304  1.18589703 
20 5  1.1572237000000012  8.539165460000001  1.18589703 
20 6  -3.938379099999999  5.3943730400000005  1.4267050499999998 
20 7  -1.286629099999999  5.3943730400000005  3.934847029999999 
20 8  -4.0423276999999995  6.9667692500000005  -1.44264896 
20 9  -4.0423276999999995  -0.25268075  -1.44264896 
20 10  -1.3905776999999997  -0.25268075  1.3063010399999997 
20 11  -1.3905776999999993  6.9667692500000005  1.3063010399999997 
20 12  0.9689494500000011  10.57649425  3.6989871199999995 
20 13  -3.750104849999999  3.35704425  -1.0863850400000001 
20 14  -1.0983548499999993  3.35704425  0.9500371199999997 
20 15  -1.6828005499999992  10.57649425  1.6625649599999996 
21 0  -1.494526299999999  1.8250769600000014  -1.3222449500000002 
21 1  -1.4945262999999986  5.89973454  -1.3222449500000002 
21 2  -1.2866290999999994  -5.39437304  3.934847029999999 
21 3  -3.9383790999999992  -5.39437304  1.4267050499999998 
21 4  1.1572237000000012  5.89973454  1.18589703 
21 5  1.1572237000000012  1.8250769600000014  1.18589703 
21 6  -3.938379099999999  -1.3197154599999994  1.4267050499999998 
21 7  -1.286629099999999  -1.3197154599999994  3.934847029999999 
21 8  -4.0423276999999995  0.25268075000000056  -1.44264896 
21 9  -4.0423276999999995  -6.96676925  -1.44264896 
21 10  -1.3905776999999997  -6.96676925  1.3063010399999997 
21 11  -1.3905776999999993  0.25268075000000056  1.3063010399999997 
21 12  0.9689494500000011  3.8624057499999997  3.6989871199999995 
21 13  -3.750104849999999  -3.3570442499999995  -1.0863850400000001 
21 14  -1.0983548499999993  -3.3570442499999995  0.9500371199999997 
21 15  -1.6828005499999992  3.8624057499999997  1.6625649599999996 
22 0  1.2866290999999999  1.3197154600000012  -3.93484703 
22 1  1.2866291000000003  5.39437304  -3.93484703 
22 2  1.4945262999999995  -5.89973454  1.322244949999999 
22 3  -1.1572237000000003  -5.89973454  -1.18589703 
22 4  3.9383791  5.39437304  -1.4267050499999998 
22 5  3.9383791  1.3197154600000012  -1.4267050499999998 
22 6  -1.1572237  -1.8250769599999996  -1.18589703 
22 7  1.4945263  -1.8250769599999996  1.322244949999999 
22 8  -1.2611723000000001  -0.2526807499999997  -4.05525104 
22 9  -1.2611723000000006  -7.47213075  -4.05525104 
22 10  1.3905776999999993  -7.47213075  -1.3063010400000001 
22 11  1.3905776999999997  -0.2526807499999997  -1.3063010400000001 
22 12  3.75010485  3.3570442499999995  1.0863850399999997 
22 13  -0.9689494500000004  -3.8624057499999997  -3.69898712 
22 14  1.6828005499999996  -3.8624057499999997  -1.66256496 
22 15  1.0983548499999998  3.3570442499999995  -0.9500371200000002 
23 0  -1.3651209000000004  1.3197154600000012  -4.07119495 
23 1  -1.3651209  5.39437304  -4.07119495 
23 2  -1.1572237000000007  -5.89973454  1.1858970299999996 
23 3  -3.8089737000000006  -5.89973454  -1.3222449499999995 
23 4  1.2866290999999999  5.39437304  -1.5630529699999993 
23 5  1.2866290999999999  1.3197154600000012  -1.5630529699999993 
23 6  -3.8089737  -1.8250769599999996  -1.3222449499999995 
23 7  -1.1572237000000003  -1.8250769599999996  1.1858970299999996 
23 8  -3.9129223000000004  -0.2526807499999997  -4.191598959999999 
23 9  -3.912922300000001  -7.47213075  -4.191598959999999 
23 10  -1.261172300000001  -7.47213075  -1.4426489599999996 
23 11  -1.2611723000000006  -0.2526807499999997  -1.4426489599999996 
23 12  1.0983548499999998  3.3570442499999995  0.9500371200000002 
23 13  -3.6206994500000005  -3.8624057499999997  -3.8353350399999995 
23 14  -0.9689494500000007  -3.8624057499999997  -1.7989128799999996 
23 15  -1.5533951500000005  3.3570442499999995  -1.0863850399999997 
24 0  2.4014248  -0.4735959199999993  -0.29523722999999996 
24 1  2.4014248000000005  3.601061659999999  -0.29523722999999996 
24 2  2.6093219999999997  -7.69304592  4.961854749999999 
24 3  -0.04242800000000031  -7.69304592  2.45371277 
24 4  5.0531748  3.601061659999999  2.2129047500000003 
24 5  5.0531748  -0.4735959199999993  2.2129047500000003 
24 6  -0.04242800000000006  -3.61838834  2.45371277 
24 7  2.609322  -3.61838834  4.961854749999999 
24 8  -0.14637660000000013  -2.04599213  -0.41564123999999997 
24 9  -0.14637660000000058  -9.26544213  -0.41564123999999997 
24 10  2.5053733999999994  -9.26544213  2.33330876 
24 11  2.5053734  -2.04599213  2.33330876 
24 12  4.86490055  1.563732869999999  4.725994839999999 
24 13  0.14584624999999962  -5.65571713  -0.05937732000000001 
24 14  2.79759625  -5.65571713  1.9770448399999998 
24 15  2.21315055  1.563732869999999  2.68957268 
25 0  2.4014247999999996  -3.601061659999999  -0.29523722999999996 
25 1  2.4014248  0.4735959199999993  -0.29523722999999996 
25 2  2.6093219999999993  -10.820511660000001  4.961854749999999 
25 3  -0.04242800000000051  -10.820511660000001  2.45371277 
25 4  5.0531748  0.4735959199999993  2.2129047500000003 
25 5  5.0531748  -3.601061659999999  2.2129047500000003 
25 6  -0.04242800000000026  -6.74585408  2.45371277 
25 7  2.6093219999999997  -6.74585408  4.961854749999999 
25 8  -0.14637660000000033  -5.17345787  -0.41564123999999997 
25 9  -0.14637660000000077  -12.39290787  -0.41564123999999997 
25 10  2.505373399999999  -12.39290787  2.33330876 
25 11  2.5053733999999994  -5.17345787  2.33330876 
25 12  4.86490055  -1.5637328700000008  4.725994839999999 
25 13  0.14584624999999943  -8.783182870000001  -0.05937732000000001 
25 14  2.7975962499999993  -8.783182870000001  1.9770448399999998 
25 15  2.2131505499999995  -1.5637328700000008  2.68957268 
26 0  -2.6093219999999993  6.745854080000001  -4.96185475 
26 1  -2.609321999999999  10.82051166  -4.96185475 
26 2  -2.4014247999999996  -0.47359592000000017  0.2952372299999997 
26 3  -5.0531748  -0.47359592000000017  -2.2129047499999994 
26 4  0.04242800000000102  10.82051166  -2.453712769999999 
26 5  0.04242800000000102  6.745854080000001  -2.453712769999999 
26 6  -5.053174799999999  3.60106166  -2.2129047499999994 
26 7  -2.401424799999999  3.60106166  0.2952372299999997 
26 8  -5.1571234  5.17345787  -5.082258759999999 
26 9  -5.1571234  -2.04599213  -5.082258759999999 
26 10  -2.5053734  -2.04599213  -2.3333087599999995 
26 11  -2.5053733999999994  5.17345787  -2.3333087599999995 
26 12  -0.14584624999999907  8.78318287  0.05937732000000029 
26 13  -4.86490055  1.56373287  -4.725994839999999 
26 14  -2.2131505499999995  1.56373287  -2.6895726799999995 
26 15  -2.7975962499999993  8.78318287  -1.9770448399999996 
27 0  0.042428000000000576  6.745854080000001  -3.0441872299999995 
27 1  0.04242800000000102  10.82051166  -3.0441872299999995 
27 2  0.25032520000000025  -0.47359592000000017  2.2129047499999994 
27 3  -2.4014247999999996  -0.47359592000000017  -0.2952372299999997 
27 4  2.694178000000001  10.82051166  -0.5360452499999995 
27 5  2.694178000000001  6.745854080000001  -0.5360452499999995 
27 6  -2.401424799999999  3.60106166  -0.2952372299999997 
27 7  0.2503252000000007  3.60106166  2.2129047499999994 
27 8  -2.5053733999999994  5.17345787  -3.1645912399999996 
27 9  -2.5053734  -2.04599213  -3.1645912399999996 
27 10  0.14637659999999997  -2.04599213  -0.4156412399999998 
27 11  0.1463766000000004  5.17345787  -0.4156412399999998 
27 12  2.5059037500000008  8.78318287  1.97704484 
27 13  -2.2131505499999995  1.56373287  -2.8083273199999996 
27 14  0.43859945000000033  1.56373287  -0.7719051599999998 
27 15  -0.1458462499999995  8.78318287  -0.059377319999999845 
28 0  -0.25032520000000025  -3.601061659999999  -2.21290475 
28 1  -0.2503251999999998  0.4735959199999993  -2.21290475 
28 2  -0.042428000000000576  -10.820511660000001  3.044187229999999 
28 3  -2.6941780000000004  -10.820511660000001  0.5360452499999999 
28 4  2.4014248  0.4735959199999993  0.29523723000000013 
28 5  2.4014248  -3.601061659999999  0.29523723000000013 
28 6  -2.694178  -6.74585408  0.5360452499999999 
28 7  -0.04242800000000013  -6.74585408  3.044187229999999 
28 8  -2.7981266000000002  -5.17345787  -2.33330876 
28 9  -2.7981266000000007  -12.39290787  -2.33330876 
28 10  -0.14637660000000086  -12.39290787  0.4156412399999998 
28 11  -0.1463766000000004  -5.17345787  0.4156412399999998 
28 12  2.21315055  -1.5637328700000008  2.8083273199999996 
28 13  -2.5059037500000003  -8.783182870000001  -1.97704484 
28 14  0.1458462499999995  -8.783182870000001  0.059377319999999845 
28 15  -0.43859945000000033  -1.5637328700000008  0.7719051599999998 
29 0  -0.2503251999999998  -0.4735959199999993  -2.21290475 
29 1  -0.25032519999999936  3.601061659999999  -2.21290475 
29 2  -0.04242800000000013  -7.69304592  3.044187229999999 
29 3  -2.694178  -7.69304592  0.5360452499999999 
29 4  2.4014248000000005  3.601061659999999  0.29523723000000013 
29 5  2.4014248000000005  -0.4735959199999993  0.29523723000000013 
29 6  -2.6941779999999995  -3.61838834  0.5360452499999999 
29 7  -0.04242799999999969  -3.61838834  3.044187229999999 
29 8  -2.7981266  -2.04599213  -2.33330876 
29 9  -2.7981266000000002  -9.26544213  -2.33330876 
29 10  -0.1463766000000004  -9.26544213  0.4156412399999998 
29 11  -0.14637659999999997  -2.04599213  0.4156412399999998 
29 12  2.2131505500000004  1.563732869999999  2.8083273199999996 
29 13  -2.50590375  -5.65571713  -1.97704484 
29 14  0.14584624999999996  -5.65571713  0.059377319999999845 
29 15  -0.4385994499999999  1.563732869999999  0.7719051599999998 
30 0  0.04242800000000013  3.618388340000001  -3.0441872299999995 
30 1  0.042428000000000576  7.693045919999999  -3.0441872299999995 
30 2  0.2503251999999998  -3.60106166  2.2129047499999994 
30 3  -2.4014248  -3.60106166  -0.2952372299999997 
30 4  2.6941780000000004  7.693045919999999  -0.5360452499999995 
30 5  2.6941780000000004  3.618388340000001  -0.5360452499999995 
30 6  -2.4014247999999996  0.47359592000000017  -0.2952372299999997 
30 7  0.25032520000000025  0.47359592000000017  2.2129047499999994 
30 8  -2.5053734  2.04599213  -3.1645912399999996 
30 9  -2.5053734000000003  -5.17345787  -3.1645912399999996 
30 10  0.14637659999999952  -5.17345787  -0.4156412399999998 
30 11  0.14637659999999997  2.04599213  -0.4156412399999998 
30 12  2.5059037500000003  5.655717129999999  1.97704484 
30 13  -2.21315055  -1.56373287  -2.8083273199999996 
30 14  0.4385994499999999  -1.56373287  -0.7719051599999998 
30 15  -0.14584624999999996  5.655717129999999  -0.059377319999999845 
31 0  -2.6093219999999993  3.618388340000001  -4.96185475 
31 1  -2.609321999999999  7.693045919999999  -4.96185475 
31 2  -2.4014247999999996  -3.60106166  0.2952372299999997 
31 3  -5.0531748  -3.60106166  -2.2129047499999994 
31 4  0.04242800000000102  7.693045919999999  -2.453712769999999 
31 5  0.04242800000000102  3.618388340000001  -2.453712769999999 
31 6  -5.053174799999999  0.47359592000000017  -2.2129047499999994 
31 7  -2.401424799999999  0.47359592000000017  0.2952372299999997 
31 8  -5.1571234  2.04599213  -5.082258759999999 
31 9  -5.1571234  -5.17345787  -5.082258759999999 
31 10  -2.5053734  -5.17345787  -2.3333087599999995 
31 11  -2.5053733999999994  2.04599213  -2.3333087599999995 
31 12  -0.14584624999999907  5.655717129999999  0.05937732000000029 
31 13  -4.86490055  -1.56373287  -4.725994839999999 
31 14  -2.2131505499999995  -1.56373287  -2.6895726799999995 
31 15  -2.7975962499999993  5.655717129999999  -1.9770448399999996 
32 0  -0.6051293500000003  -2.0373287899999983  -4.693557230000001 
32 1  -0.6051293499999999  2.03732879  -4.693557230000001 
32 2  -0.39723215000000067  -9.256778789999998  0.5635347499999988 
32 3  -3.0489821500000005  -9.256778789999998  -1.9446072300000004 
32 4  2.04662065  2.03732879  -2.18541525 
32 5  2.04662065  -2.0373287899999983  -2.18541525 
32 6  -3.04898215  -5.182121209999999  -1.9446072300000004 
32 7  -0.39723215000000023  -5.182121209999999  0.5635347499999988 
32 8  -3.1529307500000003  -3.609724999999999  -4.81396124 
32 9  -3.152930750000001  -10.829175  -4.81396124 
32 10  -0.501180750000001  -10.829175  -2.0650112400000005 
32 11  -0.5011807500000005  -3.609724999999999  -2.0650112400000005 
32 12  1.8583463999999998  0.0  0.32767483999999936 
32 13  -2.8607079000000004  -7.219449999999999  -4.45769732 
32 14  -0.20895790000000058  -7.219449999999999  -2.4212751600000004 
32 15  -0.7934036000000004  0.0  -1.7087473200000005 
33 0  0.39723215000000023  5.182121210000001  -0.56353475 
33 1  0.39723215000000067  9.256778789999998  -0.56353475 
33 2  0.6051293499999999  -2.03732879  4.693557229999999 
33 3  -2.04662065  -2.03732879  2.18541525 
33 4  3.0489821500000005  9.256778789999998  1.9446072300000001 
33 5  3.0489821500000005  5.182121210000001  1.9446072300000001 
33 6  -2.0466206499999995  2.03732879  2.18541525 
33 7  0.6051293500000003  2.03732879  4.693557229999999 
33 8  -2.1505692499999998  3.609725  -0.68393876 
33 9  -2.15056925  -3.609725  -0.68393876 
33 10  0.5011807499999996  -3.609725  2.0650112399999996 
33 11  0.5011807500000001  3.609725  2.0650112399999996 
33 12  2.8607079000000004  7.219449999999999  4.457697319999999 
33 13  -1.8583464  0.0  -0.32767484 
33 14  0.7934036  0.0  1.7087473199999998 
33 15  0.20895790000000014  7.219449999999999  2.4212751599999995 
34 0  -2.2545178499999987  5.182121210000001  -1.9446072299999997 
34 1  -2.2545178499999983  9.256778789999998  -1.9446072299999997 
34 2  -2.046620649999999  -2.03732879  3.3124847499999994 
34 3  -4.698370649999999  -2.03732879  0.8043427700000003 
34 4  0.39723215000000156  9.256778789999998  0.5635347500000005 
34 5  0.39723215000000156  5.182121210000001  0.5635347500000005 
34 6  -4.698370649999998  2.03732879  0.8043427700000003 
34 7  -2.0466206499999986  2.03732879  3.3124847499999994 
34 8  -4.802319249999999  3.609725  -2.0650112399999996 
34 9  -4.802319249999999  -3.609725  -2.0650112399999996 
34 10  -2.1505692499999993  -3.609725  0.6839387600000002 
34 11  -2.150569249999999  3.609725  0.6839387600000002 
34 12  0.20895790000000147  7.219449999999999  3.07662484 
34 13  -4.510096399999999  0.0  -1.7087473199999996 
34 14  -1.858346399999999  0.0  0.32767484000000024 
34 15  -2.442792099999999  7.219449999999999  1.0402026800000002 
35 0  2.0466206499999995  -2.0373287899999983  -3.3124847499999994 
35 1  2.04662065  2.03732879  -3.3124847499999994 
35 2  2.254517849999999  -9.256778789999998  1.9446072299999995 
35 3  -0.39723215000000056  -9.256778789999998  -0.5635347499999996 
35 4  4.69837065  2.03732879  -0.8043427699999994 
35 5  4.69837065  -2.0373287899999983  -0.8043427699999994 
35 6  -0.39723215000000034  -5.182121209999999  -0.5635347499999996 
35 7  2.2545178499999996  -5.182121209999999  1.9446072299999995 
35 8  -0.5011807500000004  -3.609724999999999  -3.4328887599999995 
35 9  -0.5011807500000008  -10.829175  -3.4328887599999995 
35 10  2.150569249999999  -10.829175  -0.6839387599999998 
35 11  2.1505692499999993  -3.609724999999999  -0.6839387599999998 
35 12  4.5100964  0.0  1.70874732 
35 13  -0.20895790000000064  -7.219449999999999  -3.0766248399999996 
35 14  2.4427920999999992  -7.219449999999999  -1.0402026799999997 
35 15  1.8583463999999994  0.0  -0.3276748399999998 